Date,Rarea,NDWI,MNDWI
2000-01-14,2847.21687064,940.166260158,562.66478658
2000-01-30,2847.25120628,683.407436594,473.11084271
2000-02-15,2847.06773489,2638.75510921,2703.65873274
2000-03-02,2846.95981591,1839.62533407,1546.94819855
2000-03-18,2847.13739019,2460.67219512,1931.69562351
2000-04-03,2847.07950691,494.882448047,587.919924639
2000-05-05,2847.21687064,1030.29715048,1763.04706857
2000-05-21,2847.01279861,853.005488351,1992.88952297
2000-06-06,2847.07950691,473.298466298,529.362166958
2000-06-22,2847.07950691,474.94345968,544.812036178
2000-07-08,2847.14426446,1456.5200394,1497.36474117
2000-07-24,2847.13739019,490.975978641,497.83236342
2000-08-09,2847.06773489,2310.49012749,2400.25907318
2000-08-25,2847.01279861,639.115655608,489.214860411
2000-09-10,2847.01279861,2793.47482718,605.826433233
2000-09-26,2847.20312896,1949.17570084,581.634998161
2000-10-28,2847.01279861,2065.03032542,640.310663191
2000-11-29,2847.16878802,2723.58140536,2258.07651562
2000-12-31,2847.16683137,2257.16195978,2254.70043641
2001-01-16,2847.25120628,606.248516569,571.106229965
2001-02-01,2846.97747529,1349.75037597,1415.90443116
2001-03-05,2847.02652565,1178.17185523,705.033920336
2001-03-21,2846.95981591,1770.17493891,641.208689551
2001-04-06,2847.28063909,2843.75821464,2455.24735495
2001-04-22,2847.13739019,2177.37503408,2847.13739019
2001-05-08,2847.13052424,984.587675522,2533.13026761
2001-05-24,2847.01279861,506.610180556,641.124088475
2001-06-09,2847.01279861,591.526585218,910.286109486
2001-07-11,2847.00395862,532.516914068,687.138191295
2001-08-12,2846.96176984,564.061418236,598.123466199
2001-08-28,2847.16683137,1316.60847117,2683.71157017
2001-09-13,2847.0795152,2696.15102549,629.952458292
2001-10-31,2847.01082653,2089.43071999,590.390014884
2001-11-16,2847.16878802,2563.37568056,1423.79145693
2001-12-02,2847.06773489,1501.13898699,574.9532482
2001-12-18,2847.17958648,827.733960184,576.508457234
2002-01-03,2846.96176984,608.691596132,597.759598755
2002-01-19,2847.13052424,605.385071458,610.265468775
2002-02-04,2847.14426446,563.440184204,593.550395395
2002-03-08,2847.06773489,802.249552483,621.602933522
2002-04-09,2846.96176984,1815.04224012,587.912561036
2002-05-11,2847.16878802,1531.98376479,583.037040574
2002-05-27,2846.96176984,1230.40065836,678.787024607
2002-06-12,2847.00395862,1107.92447809,685.065889367
2002-06-28,2846.97747529,1005.61753148,652.459590418
2002-07-14,2847.17958648,1104.09854939,1218.87386867
2002-07-30,2847.02652565,970.218026582,1199.00787141
2002-08-15,2847.00395862,2222.9248332,661.998443267
2002-09-16,2847.17958648,2796.22764574,2350.18776447
2002-10-02,2847.00395862,2287.67570748,645.506960337
2002-10-18,2847.12856505,2406.26301688,2037.33250155
2002-11-03,2847.0795152,1943.50769138,537.983002569
2002-12-05,2847.02652565,2818.80447185,2763.01486812
2002-12-21,2847.01279861,2078.10986484,1687.39887273
2003-01-06,2847.19430387,1753.99766046,1662.67550246
2003-02-07,2846.95981591,1103.33158642,1070.33826193
2003-02-23,2847.16878802,842.829583076,761.681588076
2003-03-27,2847.17958648,1709.99224276,629.57191598
2003-04-12,2847.13052424,1502.74392684,589.472635298
2003-04-28,2847.13052424,1226.48851567,626.845265112
2003-05-14,2847.02652565,523.662840205,633.820392864
2003-05-30,2847.16683137,1612.52111365,1774.98322906
2003-08-02,2516.2165721,510.803847189,592.562263121
2003-08-18,2528.55566438,485.215172883,504.002451409
2003-09-19,2541.22128902,2160.91220453,474.914567725
2003-10-21,2485.59498849,2479.44216207,2105.43757574
2003-11-06,2525.69729678,1709.97140879,461.755248489
2003-11-22,2516.84499585,2500.68926415,2393.5565751
2003-12-24,2500.75615415,558.313690562,500.958824882
2004-01-25,2522.30938295,1611.18968504,2521.08981868
2004-02-10,2515.74648896,549.905622513,534.167994954
2004-02-26,2537.41170939,585.23804943,503.041951671
2004-03-13,2528.66729273,2400.83418307,1826.17155269
2004-03-29,2510.63347882,1646.90383592,496.536720874
2004-04-30,2560.63477177,2168.38942558,1392.0305759
2004-05-16,2520.06636302,594.023375859,877.019507574
2004-06-17,2531.09210635,741.100798202,653.778574258
2004-07-03,2525.60905564,750.764187429,612.775594025
2004-08-04,2537.33435798,989.688701919,581.079114458
2004-08-20,2532.99830479,1632.23462697,546.345743488
2004-09-05,2522.13203571,2156.94929007,519.641132638
2004-09-21,2531.29488617,2514.27863861,556.673962619
2004-10-07,2528.35143417,2108.59127666,437.904072927
2004-11-08,2517.87726735,1770.26701327,533.361808562
2004-11-24,2523.41998125,1795.74505261,669.628512628
2005-02-12,2522.4644622,523.948469905,559.370747428
2005-02-28,2517.96968655,1709.73387373,1005.06883576
2005-03-16,2522.1592236,2512.60457039,2290.38745962
2005-04-01,2531.46076561,1838.46077793,563.15198594
2005-04-17,2530.72720028,1396.68347912,530.791141019
2005-05-03,2531.10669859,1093.67794167,538.635750652
2005-05-19,2525.34430516,1342.140277,545.185739182
2005-06-04,2527.49588037,1069.6733404,561.910820866
2005-07-06,2528.94733585,514.982239445,777.116396399
2005-07-22,2522.96400619,1660.35677891,1011.68098974
2005-08-07,2522.35562298,1255.12895036,494.538096829
2005-08-23,2530.57770453,1700.11797627,457.435244085
2005-09-08,2530.67998454,2529.67918704,881.997129535
2005-10-10,2522.24173505,2512.90113998,1783.03861263
2005-11-11,2518.43654072,1570.76138959,565.209526256
2005-11-27,2516.92558133,1116.21693927,544.027174924
2005-12-13,2522.88246551,829.291606729,581.231952512
2005-12-29,2522.43124873,549.100681034,546.138695019
2006-01-14,2516.60396975,537.618175459,594.848760015
2006-01-30,2519.54340611,1059.4030903,929.250860014
2006-02-15,2519.49146432,881.630351209,572.283710048
2006-03-03,2516.39488286,1118.50082269,561.657844472
2006-03-19,2519.47292195,2257.20084377,1552.35700325
2006-04-04,2527.04459038,1278.40335925,546.009224393
2006-04-20,2526.92694328,467.931933914,554.761212547
2006-06-07,2515.43135439,881.075886745,961.690526712
2006-06-23,2514.94082284,1518.48165914,516.637825757
2006-07-09,2516.80423177,1915.06783176,595.010794084
2006-07-25,2524.44562143,2159.6515545,609.849525867
2006-08-10,2525.30795666,2494.66161382,1673.58548278
2006-08-26,2520.24119972,2518.99021194,2172.46650668
2006-09-11,2522.53989207,2348.8505186,414.077218641
2006-09-27,2514.49929731,2006.98337304,413.033418123
2006-10-13,2515.23115086,2486.40410245,2309.56547257
2006-10-29,2510.52627835,1428.67856646,407.176672557
2006-11-14,2504.8363526,1387.61285629,421.816667233
2006-11-30,2501.7034741,1372.25394221,472.705636677
2006-12-16,2501.53978031,1124.13008306,698.741827707
2007-02-02,2513.688912,636.435089235,671.775960578
2007-02-18,2511.88152816,2449.73820066,2482.25004819
2007-03-06,2514.63060624,1078.33025559,549.578664921
2007-03-22,2514.82195836,2140.66855081,1274.60641246
2007-04-07,2551.28030394,2532.4655136,2538.3289515
2007-04-23,2554.46806292,1073.06326495,556.485951354
2007-05-09,2554.64773342,2121.2099999,2499.53543349
2007-05-25,2556.7535558,703.632238369,566.788434588
2007-06-10,2559.53212001,759.708671778,589.895713348
2007-06-26,2554.21697999,1105.29884239,607.157179024
2007-07-28,2555.00981227,474.957108215,546.191781278
2007-08-13,2556.19610182,2545.97357643,2319.07814828
2007-09-14,2559.22112808,2130.63185472,478.342939552
2007-09-30,2552.69916381,2465.7270384,545.122057668
2007-10-16,2553.70570493,2476.81330859,491.269554435
2007-11-01,2541.15170164,1948.53010338,1941.45961369
2007-11-17,2538.75046939,1811.27887113,549.925937352
2007-12-03,2532.65558222,1561.39157648,454.847764374
2008-02-05,2548.67235054,1174.92655043,1001.25733492
2008-03-08,2558.18010694,1100.20925061,564.252134399
2008-03-24,2559.72242946,1526.74586497,503.659115728
2008-04-09,2553.54197285,1550.69659919,511.622317333
2008-04-25,2552.84421907,941.34021737,534.972957221
2008-05-11,2552.188848,778.709132082,615.554186084
2008-05-27,2550.77983282,697.087644433,600.775923539
2008-06-28,2557.021217,2338.03199791,2483.23225795
2008-07-14,2563.13407578,735.699547879,576.180133655
2008-07-30,2561.87725846,1348.66215278,652.790781869
2008-08-15,2562.88283796,2559.63025745,2077.78412898
2008-08-31,2561.09996873,1530.55474995,512.815343965
2008-09-16,2557.60692793,2091.03816446,517.279614341
2008-10-18,2550.91826814,2482.29519548,1375.30433923
2008-11-03,2546.74147702,2463.55555308,2433.93252003
2008-11-19,2547.70181296,1453.7588222,520.219093875
2008-12-05,2549.38856507,1754.11419955,582.11382245
2008-12-21,2553.34363801,918.590912661,500.648724446
2009-01-06,2555.76043554,705.869765534,504.812878367
2009-01-22,2567.63553513,710.599079714,589.58601076
2009-02-23,2557.51293493,667.518913967,562.624205241
2009-03-27,2552.46454744,1802.13703423,662.805046965
2009-04-12,2544.9477436,1354.91329961,543.608136397
2009-04-28,2545.27827587,956.41652476,525.58621231
2009-05-30,2544.63559202,2541.13281461,2526.73525578
2009-06-15,2542.28676671,1009.26572058,550.759933899
2009-07-01,2548.1179401,2488.67870158,2351.63686122
2009-09-03,2560.44452447,2508.81591144,2481.73178714
2009-10-05,2553.13563434,1668.28367933,556.689067491
2009-10-21,2555.30801207,2113.86460477,723.216772391
2009-11-22,2554.08259598,1469.52287239,585.037622495
2009-12-24,2551.91324277,1501.83721615,1399.31480361
2010-02-26,2532.33946467,1904.16974867,1106.23064804
2010-03-14,2533.25686063,2018.06889159,950.536232825
2010-03-30,2538.2823535,2417.75099335,2134.55844618
2010-04-15,2539.8681314,1378.84439175,800.208889594
2010-05-01,2553.30729573,969.722264828,626.49701216
2010-06-02,2567.76605127,500.701227359,886.342060489
2010-06-18,2568.91207215,742.908583378,623.305607277
2010-07-04,2560.61443915,814.969405625,605.472763827
2010-07-20,2562.91615594,1722.30432381,948.003215449
2010-08-05,2559.46263087,501.513182859,549.155687928
2010-08-21,2562.91715861,2500.82934522,646.011863505
2010-09-06,2558.55573714,2550.16688471,1369.64251351
2010-09-22,2553.72637121,2517.22223277,519.569243822
2010-10-08,2554.51247848,2132.25224939,481.172577091
2010-10-24,2559.7949937,2424.53830678,1712.26464637
2010-11-09,2562.4696734,1905.12447773,501.73076483
2010-12-11,2558.868901,1018.00822483,731.760630321
2010-12-27,2564.30935371,1706.29537087,1340.81401988
2011-01-28,2558.94054639,1149.80171446,1585.14715594
2011-02-13,2559.96983173,2522.03072082,2559.96983173
2011-03-01,2560.03359632,2559.783405,2559.78339652
2011-03-17,2562.25695026,1679.46888576,577.137462789
2011-04-18,2569.19079302,776.684870779,580.954510766
2011-05-04,2563.55102165,589.974024099,584.336531459
2011-05-20,2567.96041071,591.253434536,591.047964475
2011-06-05,2561.28838502,610.057063872,568.432711069
2011-06-21,2559.15159488,858.388376441,691.686285244
2011-07-07,2559.66573248,1275.3178844,561.854095477
2011-07-23,2567.1558408,2521.50515629,2061.02361511
2011-08-08,2566.26598469,527.282576254,539.256817517
2011-08-24,2563.30378297,2209.42658869,539.855402076
2011-09-25,2562.6090558,2049.71124667,487.122421749
2011-10-11,2562.45592206,2400.8465258,535.823575574
2011-10-27,2557.8857581,2053.62312303,546.7469367
2011-11-12,2560.12661932,2008.18962748,549.416923987
2011-11-28,2558.44580365,1267.81681519,547.856688538
2011-12-14,2562.89744687,1686.28229377,1402.99390893
2011-12-30,2550.24610467,1415.83357124,1035.13783104
2012-01-31,2556.32954489,521.722172799,540.524506173
2012-02-16,2552.28131972,625.42859324,539.929913959
2012-03-03,2559.65471234,1376.19716067,503.252850994
2012-03-19,2560.15995904,1882.57722382,743.544599101
2012-04-04,2565.76255211,1217.33166144,493.403804188
2012-04-20,2553.34676864,954.615093667,746.712007539
2012-05-06,2507.79677024,549.897959155,513.01313901
2012-05-22,2500.21714277,1312.94075616,1440.76794707
2012-06-07,2560.34725005,2490.02060415,2560.34725005
2012-06-23,2561.95467852,707.524421581,868.723436683
2012-07-09,2564.42707267,756.75926581,633.011082137
2012-07-25,2565.58879772,1425.74236832,672.934268243
2012-08-10,2563.63727883,1755.98295685,546.273965584
2012-08-26,2563.92097523,1978.06774337,527.133220231
2012-09-11,2563.09080464,2554.61555355,607.75433112
2012-09-27,2559.44780831,2438.26179017,1129.26824994
2012-10-13,2556.29429344,2192.95353637,546.981135355
2012-10-29,2561.64754229,1927.45592644,475.824053318
2012-11-14,2563.50188356,2119.0003739,364.525086134
2013-01-01,2559.25042933,769.49135456,736.164449245
2013-02-02,2556.57487549,597.693173044,529.973142735
2013-02-18,2561.78688724,859.822859427,494.655885696
2013-03-06,2563.96310782,1952.68031566,876.010438103
2013-03-22,2568.41376338,2427.14263128,2031.9944341
2013-05-09,2561.80464798,628.63415995,581.049798033
2013-07-12,2573.26959326,799.882218129,625.863745293
2013-07-28,2574.18499708,1094.12522314,577.350786895
2013-08-13,2564.64121411,2383.54216879,854.637471428
2013-08-29,2565.24550632,1451.69993837,513.546333893
2013-09-14,2565.66639943,2031.42466541,500.137617508
2013-11-01,2563.54112205,2547.6639227,868.906576461
2013-12-03,2559.56142016,1440.48396431,991.717662078
2013-12-19,2558.25967298,593.690669922,518.744589171
2014-01-04,2559.80392044,618.918599421,535.923586599
2014-01-20,2541.99135699,503.974606187,504.433001059
2014-03-09,2561.53183087,1624.14297208,530.78100624
2014-03-25,2566.91937014,1217.47191519,475.057953666
2014-04-10,2569.61565354,2515.31470799,2560.0492051
2014-04-26,2559.13773452,484.449466554,465.679967243
2014-05-12,2559.4976622,500.191316961,457.75899164
2014-06-13,2566.77510695,902.235332508,600.665373914
2014-07-15,2571.57109677,1118.50831113,554.328618034
2014-07-31,2558.8865693,1539.26212938,558.111921379
2014-08-16,2566.00387803,2112.56109428,589.501392481
2014-09-01,2566.04521983,2526.85666458,1578.12931256
2014-09-17,2568.26171154,2125.15382328,470.434757522
2014-10-03,2564.73035115,1864.5775279,494.508838013
2014-10-19,2564.7048817,2418.24956357,521.840978579
2014-11-20,2570.38385566,2261.21903603,1115.64691923
2014-12-06,2563.03993256,875.218031275,419.284391393
2015-01-07,2565.77038465,580.170406587,440.03322923
2015-01-23,2571.71038789,490.741392565,427.419218964
2015-02-08,2561.18342133,494.066577535,423.291485966
2015-02-24,2562.97604617,1227.11511267,878.11198974
2015-03-12,2567.01458186,1710.59200305,497.8962539
2015-04-13,2560.24847413,872.059815281,432.939307832
2015-04-29,2567.81320558,768.156510794,495.249619109
2015-05-15,2563.76089354,371.009722815,1337.79847047
2015-06-16,2566.20799051,711.318513506,526.862085486
2015-07-18,2564.48605488,943.62844476,564.734767251
2015-08-19,2568.34890122,1733.36397069,565.807906081
2015-09-04,2564.849273,2547.68397772,1864.91332851
2015-09-20,2563.01037892,2119.17876845,526.991084302
2015-10-06,2566.57889623,1873.20452884,529.088910263
2015-10-22,2559.09738186,2547.1526259,2219.86959711
2015-11-07,2565.60647164,1797.58042813,561.938347597
2016-01-26,2552.98649527,653.196947906,731.481884564
2016-03-14,2560.28269604,1535.45292124,597.572508502
2016-03-30,2568.41758787,2313.79024373,2041.8960474
2016-04-15,2563.7267049,2300.69706381,2047.08287203
2016-05-01,2567.22053637,635.081151682,576.082922196
2016-05-17,2571.60835726,525.44521807,792.719499659
2016-06-02,2566.83592267,681.385190363,626.977013786
2016-06-18,2564.29867971,845.866733264,643.694255787
2016-07-04,2571.37974391,1755.72141897,747.629100871
2016-07-20,2567.04808338,2556.79101162,2031.90481152
2016-08-05,2571.23062143,1792.13634163,567.580059871
2016-09-22,2562.63552386,1830.94289166,521.781196226
2016-10-08,2560.86057299,1993.68958382,517.64546331
2016-10-24,2560.89094753,2517.02452656,2206.00921969
2016-11-09,2563.535344,2354.68265053,1242.1877001
2016-11-25,2563.93663719,2493.753287,1778.81386236
2016-12-27,2561.26677052,518.430338392,491.265885386
2017-01-12,2569.763782,1079.65160237,1098.76993155
2017-03-01,2563.28217223,1670.3266764,604.531108029
2017-04-02,2566.3209747,1041.58080198,523.76124596
2017-04-18,2565.35831509,928.230083232,593.869179645
2017-06-21,2559.56234516,697.616401978,612.689323043
2017-07-07,2561.1518514,851.331164989,598.210213469
2017-07-23,2558.43023335,1256.03841475,580.630555903
2017-08-08,2562.7896371,2462.92440745,1679.0886238
2017-08-24,2564.68425451,2283.79741673,529.417664544
2017-09-09,2564.97071918,2470.449507,780.865245398
2017-09-25,2566.3659309,2446.49494951,653.423609631
2017-10-11,2559.42887245,2104.73306436,467.149664186
2017-11-12,2543.54742452,1428.87888375,500.41416547
2017-12-14,2547.18766677,639.296122918,545.155392655
2018-01-31,2570.95888573,733.732418474,663.009131819
2018-02-16,2569.59522165,1275.083919,1168.23520457
2018-03-04,2568.78956584,1705.19567342,625.67793626
2018-03-20,2568.22928684,1555.4372873,547.4289549
2018-04-05,2566.05902771,1763.64992596,1520.45286564
2018-04-21,2573.8632158,601.71547654,574.416999877
2018-05-07,2575.67641668,676.113167595,585.822313696
2018-05-23,2575.67350659,657.325695061,578.487909381
2018-06-08,2573.65417095,1975.90706378,2162.98906178
2018-06-24,2575.5998669,1352.07808631,978.247819436
2018-07-10,2578.66702549,1046.61036734,492.900574287
2018-07-26,2574.32831455,2319.80638008,489.883331993
2018-08-11,2571.09636189,2161.45258665,479.327020189
2018-08-27,2571.7969158,2040.49760778,459.574156777
2018-09-12,2576.61339759,2223.72120315,471.738695207
2018-09-28,2579.11150479,2142.48161683,500.87728165
2018-10-14,2574.40398631,2341.71897296,630.412188207
2018-10-30,2577.06971037,1904.32715928,627.009055399
2018-11-15,2569.39699781,1823.34773091,577.956978815
2018-12-17,2571.90873427,538.830705533,475.500480396
2019-01-18,2572.0824953,826.087518536,733.80954472
2019-02-03,2575.40081669,639.134167228,468.19773585
2019-02-19,2578.38848082,2081.21589786,1397.88551487
2019-03-23,2575.62251367,922.71478135,437.424399911
2019-04-24,2581.02880055,564.674143453,458.252632859
2019-05-10,2581.47331098,2533.67692484,2498.19196286
2019-05-26,2577.60940828,548.404342516,450.906563987
2019-06-11,2574.54034056,717.622196884,537.084504277
2019-07-13,2576.15624486,1548.53796061,540.379418194
2019-07-29,2574.91015509,2481.8297685,363.722980706
2019-08-14,2578.14608839,2298.96294555,646.744584786
2019-08-30,2572.98321796,2250.61392791,440.882876505
2019-09-15,2579.12642224,2451.98232461,420.504080688
2019-10-01,2578.04608461,1999.8034893,374.859195858
2019-10-17,2572.29834697,2552.20506131,2085.78496643