Date,Rarea,NDWI,MNDWI
2000-01-04,147.251298747,45.3735152198,61.363428085
2000-01-20,147.251298747,37.8475078215,49.7813431673
2000-02-05,147.251298747,38.5094306885,52.5218863193
2000-02-21,147.251298747,29.3899210685,35.8505347811
2000-03-08,147.251298747,146.580726355,33.3937846676
2000-03-24,147.251298747,144.671591156,36.821372337
2000-04-25,147.251298747,142.884907889,20.9372788063
2000-05-11,147.251298747,142.161667243,22.5930678896
2000-05-27,147.251298747,142.778156998,22.8967421921
2000-06-28,147.251298747,145.01764393,20.0937275632
2000-07-14,147.251298747,144.020055487,20.5614817376
2000-07-30,147.251298747,144.759801989,20.8711706751
2000-08-15,147.251298747,144.478263395,21.022771747
2000-08-31,147.251298747,144.971872637,22.5368504361
2000-09-16,147.251298747,144.160156848,23.6052489268
2000-10-02,147.251298747,144.854947987,39.923205602
2000-10-18,147.251298747,31.0473358012,37.40038851
2000-11-19,147.251298747,34.6957486435,45.9437008632
2000-12-05,147.251298747,147.251298747,147.251298747
2000-12-21,147.251298747,63.582311355,64.0552794156
2001-01-06,147.251298747,147.251298747,147.251298747
2001-01-22,147.251298747,112.713959464,146.979867572
2001-02-07,147.251298747,52.0030772914,71.8422721375
2001-02-23,147.251298747,82.9257069569,124.706523316
2001-03-11,147.251298747,136.950855251,134.342111721
2001-03-27,147.251298747,121.299967338,31.5115419399
2001-04-12,147.251298747,126.529911455,23.2403645427
2001-04-28,147.251298747,21.3989083572,22.638993243
2001-05-14,147.251298747,24.124000488,25.8760709741
2001-05-30,147.251298747,23.647766262,23.1098972149
2001-06-15,147.251298747,26.3140372403,23.3705852876
2001-07-01,147.251298747,26.0078247172,23.1243311934
2001-07-17,147.251298747,25.2931572506,22.6229124549
2001-08-02,147.251298747,25.2881272328,22.2022158433
2001-08-18,147.251298747,140.907276991,146.858485161
2001-09-03,147.251298747,29.12876617,24.7672686625
2001-09-19,147.251298747,147.251298747,147.251298747
2001-10-05,147.251298747,71.4706401136,84.1453948578
2001-10-21,147.251298747,18.752851547,64.3224857534
2001-11-06,147.251298747,0.0536310675762,1.29298350895
2001-12-08,147.251298747,4.05574001611,12.6660786572
2001-12-24,147.251298747,147.251298747,147.251298747
2002-01-09,147.251298747,48.7571339609,59.4518619183
2002-01-25,147.251298747,21.0162651528,25.5483219354
2002-02-10,147.251298747,9.13977128589,17.9217767332
2002-02-26,147.251298747,18.7474338665,32.1589313202
2002-03-30,147.251298747,117.029856393,104.231233155
2002-04-15,147.251298747,117.717259633,114.13223149
2002-05-01,147.251298747,22.4736283704,24.0601649544
2002-05-17,147.251298747,23.3440959454,23.2759806995
2002-06-02,147.251298747,25.8232514768,22.8191872982
2002-06-18,147.251298747,26.9368085058,21.9817369557
2002-07-04,147.251298747,25.0759959275,21.8951472479
2002-07-20,147.251298747,25.7363641901,21.6473536198
2002-08-05,147.251298747,122.318275704,128.449948791
2002-08-21,147.251298747,27.4154013951,23.1169937551
2002-09-06,147.251298747,28.4299514523,24.3584426883
2002-09-22,147.251298747,147.251298747,147.251298747
2002-10-24,147.251298747,0.0,147.229300774
2002-11-09,147.251298747,146.790116489,147.251298747
2002-11-25,147.251298747,1.88461543469,54.4368770241
2003-01-12,147.251298747,15.0308982119,116.819812629
2003-01-28,147.251298747,19.1851186616,22.6519825481
2003-02-13,147.251298747,0.105083604736,26.7500533767
2003-03-01,147.251298747,18.672374115,36.0858718067
2003-04-02,147.251298747,36.5140482278,116.309318015
2003-04-18,147.251298747,147.238788745,147.251298747
2003-05-04,147.251298747,21.2700631779,23.896887953
2003-05-20,147.251298747,21.4867639608,22.7578532162
2003-09-25,126.323073969,24.6004008715,24.2292300878
2003-11-28,127.175811806,33.8444505551,46.3249706911
2003-12-14,127.686865741,3.25215051289,90.5328150559
2003-12-30,127.559813195,3.03666246861,127.559813195
2004-03-03,127.750573224,15.4548134319,31.0122174762
2004-03-19,126.449782618,124.874156912,29.1963112241
2004-06-23,127.323488086,21.4478295629,19.488917594
2004-07-09,126.961228404,19.9920044342,18.7670183398
2004-08-26,126.861875535,32.160799245,30.3075580016
2004-09-27,126.228429762,23.0353891856,24.0380660924
2004-10-13,128.655833487,24.6942204862,28.5144737844
2004-11-14,127.933464025,29.027138664,36.1200908336
2005-01-01,127.786228976,19.1953433355,50.0277454894
2005-02-02,128.650269622,34.776958657,36.988947857
2005-02-18,127.35777946,28.9542271566,32.7283584678
2005-03-06,126.903721766,56.8149438988,72.3694396731
2005-05-25,127.360124262,21.6532116628,18.6350906842
2005-06-10,128.300579489,127.326392767,68.6314531113
2005-06-26,128.650917591,127.620551254,19.5230016418
2005-09-14,128.072701605,124.834805753,23.2707996303
2005-09-30,125.866072281,122.418176519,25.2243546218
2005-11-17,127.302284872,14.288296061,17.6310818378
2006-01-04,128.471608188,16.4585693001,42.9567214996
2006-02-05,127.306729507,124.85968868,116.554467216
2006-04-26,127.799219538,19.804362568,18.2438677181
2006-05-28,126.109893754,124.068236141,18.6744570743
2006-06-29,126.347524112,25.7714915018,17.8871544684
2006-09-17,125.720623514,25.1796864448,21.629609984
2007-01-07,127.536716535,15.2492439898,20.1537751066
2007-03-12,126.274436982,18.8318176504,22.2724444717
2007-04-29,127.76859743,15.5725853792,18.0327784055
2007-05-15,128.470293446,110.517026902,16.9260151775
2007-07-02,127.857972076,16.4726841843,15.8956958273
2007-07-18,128.115422864,122.594259636,16.2875559725
2007-08-03,127.936240052,17.8835374126,17.0874387077
2007-08-19,128.063380713,17.4867500119,17.1006934554
2007-09-04,128.480909973,17.4202052799,17.4087020422
2007-10-06,130.350663993,22.4582619329,25.0929603378
2007-10-22,128.881983781,21.0501509952,25.5342603176
2007-11-07,127.765947569,12.0700404403,33.1993252932
2008-01-26,127.253049066,113.572575809,112.278894432
2008-02-27,128.865824269,27.5866208212,27.5098030814
2008-03-30,128.27182194,20.5811806381,18.4854911014
2008-05-01,126.891614015,16.2860758166,14.3885449949
2008-05-17,126.530032726,60.4859183275,60.0598770697
2008-06-02,126.937160978,23.2072836884,17.5945604489
2008-06-18,127.254668037,19.2901025093,15.0785756243
2008-07-04,128.124282107,23.0876523958,15.1413908412
2008-08-05,128.844071782,126.435876962,15.5524735577
2008-08-21,127.912074041,123.609539345,15.9951472748
2008-10-24,130.333728198,40.1121149816,39.735951658
2008-11-25,129.339162283,12.4733338758,22.2036753608
2008-12-11,129.50570646,14.2376651352,18.8673110697
2008-12-27,130.071588612,0.292732331299,48.057730536
2009-01-12,130.860118917,76.1364524759,71.2574828316
2009-02-13,131.037308944,14.1087418777,30.2946467657
2009-03-17,129.093809868,29.0349911189,30.8789288729
2009-04-02,128.028765144,20.2840458361,33.6356205255
2009-05-04,126.909795707,15.4809228153,16.6602632891
2009-06-21,127.177214241,17.7648206987,15.8964800983
2009-09-25,127.789722196,20.3387128652,22.2663817647
2009-10-11,131.123965847,25.0893586016,25.6937281579
2009-10-27,130.685891289,24.7373532308,28.7000440358
2010-05-07,128.848309977,17.9676066729,19.8393200964
2010-05-23,130.328527891,18.6371583579,20.2175922824
2010-06-08,130.367049007,19.1257805987,19.269014251
2010-06-24,130.364616157,19.968442545,19.1621064034
2010-07-26,130.083990804,20.2765328027,18.8984364935
2010-10-14,131.088457547,28.9898222622,32.1704331264
2011-02-03,130.666209117,17.9471868532,42.1614360938
2011-03-07,130.186522981,0.0,128.059020077
2011-03-23,130.548939135,122.984844624,89.6915966087
2011-04-08,129.627725236,18.5687537356,22.1465999903
2011-05-10,130.270855407,112.329705754,19.7441089626
2011-09-15,129.458757252,20.194694822,22.1420748842
2011-10-01,127.823974936,55.8374339473,56.2118863443
2011-10-17,130.714188721,29.5046453391,46.898962149
2011-12-04,130.0860709,117.287483037,95.4174548336
2011-12-20,129.854033233,67.9483341813,102.109688667
2012-01-05,128.990404073,17.3260237817,22.4250623513
2012-01-21,129.959008827,14.7217304321,20.6266811489
2012-02-06,129.421668349,15.9878533152,19.4929242696
2012-02-22,128.852450667,14.9168850195,29.5399819015
2012-03-09,130.005820195,14.8618413584,24.9264273964
2012-04-10,129.980339507,70.5321911725,68.7414956478
2012-05-28,125.960696349,123.509455859,17.5267656975
2012-06-13,130.897501033,125.870897507,17.8133959175
2012-06-29,132.493165734,21.2801327541,17.6916446547
2012-07-15,131.354915154,21.5509242678,17.6387295322
2012-07-31,132.638349644,131.704647753,31.8876971053
2012-08-16,131.928990518,22.2651412638,17.7991314389
2012-09-01,131.788358789,131.70497838,131.788358789
2012-10-03,131.102890267,23.1099794262,24.243161097
2012-11-20,130.164004944,3.37269112207,3.40521477661
2012-12-06,131.298556356,0.785624706055,21.933889004
2013-01-07,129.810527352,17.1307502228,22.5802249196
2013-02-08,129.287346436,12.3848710269,19.1759839117
2013-02-24,130.043900047,16.5443859002,38.9768175817
2013-04-13,129.512250911,17.9000333251,19.6417620215
2013-05-15,128.769335829,72.2329288968,91.2835833184
2013-05-31,129.031573624,18.0350140446,18.8763694863
2013-06-16,128.898419004,18.5710992458,18.3720376585
2013-07-18,129.785969042,18.74996682,18.5343335524
2013-08-19,132.703127509,19.7035404043,20.5398489564
2013-09-04,132.257556508,20.0448608729,20.3454498278
2013-09-20,131.884307462,24.757663916,26.5030472291
2013-11-23,130.781448331,29.4558428382,37.332229341
2013-12-09,130.049256543,129.856603555,115.517405142
2014-01-10,130.15390916,18.8211939672,45.295143729
2014-01-26,125.458825978,34.1194226994,42.0254174037
2014-02-11,126.930017268,126.109706101,126.928888918
2014-02-27,131.499814955,131.499814955,131.499814955
2014-03-15,131.003743106,22.888195076,27.6236633339
2014-03-31,131.155589018,19.6247312659,21.3756593006
2014-04-16,130.773422234,19.407145804,19.8072069774
2014-05-02,130.371307833,18.6116598913,19.0871837018
2014-05-18,129.710309952,18.0715831087,18.3339866034
2014-06-03,129.903366194,19.1567106851,18.5814577332
2014-06-19,130.944068045,23.0086733747,20.0532473017
2014-07-05,130.3621429,21.3620262113,19.0379871691
2014-07-21,130.760873253,21.6033653033,19.0676199044
2014-08-06,129.746761424,21.7963829196,19.0258812614
2014-08-22,130.639050168,125.127921863,19.9535000381
2014-09-23,133.187984862,41.601937245,41.1929566368
2014-10-25,131.468388194,24.8094713533,28.9582171855
2014-11-10,130.828279641,25.6235507093,36.6412281108
2014-11-26,131.501394685,77.5496540824,96.9332087159
2014-12-12,130.93088119,30.6464223027,43.221104621
2014-12-28,130.761579236,118.976854213,107.833101767
2015-01-13,130.797372959,15.8746768696,22.5310093957
2015-01-29,130.005770875,34.8750317834,42.8200411568
2015-03-02,131.249673708,25.6430578248,27.5914695165
2015-04-03,131.98720369,33.5297664891,85.6009615839
2015-04-19,131.607223929,19.118741213,19.4318401073
2015-05-21,130.819861011,48.6139918407,46.9204672396
2015-06-06,130.64995135,20.5958608247,18.2251260865
2015-06-22,131.155393583,22.2312715523,18.0714749161
2015-07-24,130.796822732,23.1766897153,17.909423858
2015-08-09,130.412261549,130.351595613,130.412261549
2015-08-25,130.676648811,21.9137631871,18.2555821566
2015-09-10,130.212259613,25.1811097512,21.3851124299
2015-09-26,129.441547584,36.1070535101,39.12161861
2015-10-12,132.409814665,112.846452617,106.552928964
2015-10-28,132.298393214,70.6240029375,68.8986019062
2015-11-13,131.948172367,32.0179512945,36.3890681654
2015-11-29,132.10756408,15.9768160247,19.8969440895
2015-12-15,130.736157189,15.7525482205,46.4088121923
2015-12-31,130.625951948,0.380302505859,116.943389745
2016-01-16,129.647535258,16.4882412424,20.0530674301
2016-02-01,129.61842384,34.1418186896,35.8624233006
2016-02-17,131.133728766,25.5663658116,31.6233664151
2016-03-04,131.522136768,26.1005673991,25.7054527959
2016-03-20,130.908961231,23.2366066206,21.269987887
2016-04-05,131.878911546,116.245542573,128.053187185
2016-04-21,130.660675188,19.8067099456,18.3947906061
2016-05-07,130.566551161,79.9874390594,73.3559473424
2016-05-23,130.618180454,27.1906313008,20.3779964806
2016-06-08,130.298386829,25.2351705694,17.9216197622
2016-06-24,130.637804422,128.138103032,17.503562271
2016-07-10,131.485273601,26.1351341546,17.2220939975
2016-07-26,131.369377742,26.270899807,17.0607393671
2016-08-11,131.276705807,128.121012692,18.5704013115
2016-08-27,130.466157977,33.555277952,18.3227162888
2016-09-12,129.892936112,24.9517395179,18.2817810865
2016-09-28,128.994848685,107.462604091,128.994848685
2016-10-14,128.358557067,125.613196633,128.358557067
2016-10-30,128.67211081,25.833939588,26.5778837082
2016-11-15,129.681758312,7.17048024336,15.3102780129
2016-12-17,128.442604703,0.0,128.442604703
2017-01-02,128.564525249,41.5274187113,49.529221525
2017-01-18,129.399514325,32.4563781662,35.1695005308
2017-02-03,129.127660567,94.2635452671,96.2389041644
2017-02-19,131.576150559,0.133400445735,116.026705096
2017-03-07,131.389531305,21.0418225507,23.0597093844
2017-03-23,131.225625829,17.0703664456,18.892266857
2017-04-08,131.184053266,15.6682395639,16.5665237528
2017-04-24,130.04879586,18.8710751825,47.2493559742
2017-05-10,129.77514595,21.3203435618,21.7857130105
2017-05-26,129.719827393,15.9833341346,15.2604055056
2017-06-11,128.990433035,17.2218690026,15.3093262978
2017-06-27,128.805639187,37.3957404821,39.7328049518
2017-07-13,128.899438536,16.7843963703,14.8973152432
2017-07-29,129.291221304,15.6984429082,14.2384564332
2017-08-14,129.917867841,18.3285697818,15.4683786814
2017-08-30,129.577007792,43.6618561969,129.577007792
2017-09-15,129.829493913,16.430407787,16.1485835256
2017-10-01,128.565594562,128.565594562,128.565594562
2017-10-17,127.061033574,127.028507571,127.061033574
2017-11-02,126.335888018,119.094944065,125.680299703
2017-11-18,125.657758757,24.2691815753,32.1288869862
2017-12-04,125.61571557,26.2573050692,41.1885444812
2017-12-20,126.189250766,31.9077646096,58.5887569821
2018-01-05,127.168992585,6.97812522616,13.3233577921
2018-01-21,128.353220037,28.7794581907,35.234613091
2018-02-06,129.791708365,102.086982043,86.4641659181
2018-02-22,129.216289855,19.3645832955,23.1279703223
2018-03-10,128.759190273,64.2679679797,66.4249702103
2018-03-26,128.566683159,29.1175976964,28.8622040014
2018-04-11,128.303278098,80.1796878075,106.136940318
2018-04-27,128.70505909,17.9946578725,19.2084784169
2018-05-13,129.109105681,31.1176381549,70.5429785997
2018-05-29,128.561767594,22.2947681231,22.7728850348
2018-06-14,128.35311171,16.1543813876,16.0403790296
2018-06-30,128.732864667,17.6757802137,15.7754929073
2018-07-16,128.816922708,17.1028530743,15.778700179
2018-08-01,128.244809737,17.1455157146,15.423281382
2018-08-17,128.320576423,17.9690637855,17.038662005
2018-09-02,128.067884709,52.2941825419,62.2328163463
2018-10-04,128.402955136,18.2953323593,20.9915745002
2018-12-07,127.034826353,26.1322670016,39.096382927
2018-12-23,127.069127706,27.8377236665,41.1395115941
2019-01-08,127.38871562,14.6805169538,37.8030889364
2019-01-24,127.665466034,0.0,127.655458127
2019-02-09,128.041549989,13.3506378464,16.3413202538
2019-02-25,127.218021573,19.7322896284,24.2927506452
2019-03-13,126.735254252,17.8871257916,20.5756336743
2019-03-29,126.572379266,49.1089788969,95.3054762535
2019-04-14,126.624519877,17.737251285,16.3844446044
2019-04-30,126.628532699,16.8959944362,16.1679407038
2019-05-16,126.913877543,15.8638085816,15.6571031837
2019-06-01,126.759499792,15.8933217546,15.605021602
2019-06-17,126.249485754,16.3647267339,15.2098636788
2019-07-03,125.688960578,16.3598225223,14.3855917408
2019-07-19,125.739147394,16.062272472,14.2033289551
2019-08-04,125.714068754,16.6292255936,14.0618144667
2019-08-20,126.041202006,16.6207360074,14.1374121832
2019-09-05,126.511930193,42.2766635517,43.6772323726
2019-10-07,126.430904589,16.9534025406,22.3711348621
2019-10-23,125.77725675,107.237500979,111.474485494