Date,Rarea,NDWI,MNDWI
2000-01-11,53.6483844945,36.0630923896,43.1626174002
2000-01-27,53.6483844945,28.7762007152,31.6250875592
2000-02-12,53.6483844945,9.92177737291,13.1814684565
2000-03-15,53.6483844945,35.609377251,9.50337183407
2000-03-31,53.6483844945,50.3818819998,40.1486661623
2000-04-16,53.6483844945,52.4738529397,46.250895067
2000-05-02,53.6483844945,34.9124079586,14.9839294737
2000-05-18,53.6483844945,31.5556868441,8.35150773167
2000-06-03,53.6483844945,48.0690436121,8.15946613041
2000-06-19,53.6483844945,52.1228815001,8.52043891853
2000-07-05,53.6483844945,53.4215655872,8.12582065173
2000-07-21,53.6483844945,53.4446933559,8.01641175786
2000-08-06,53.6483844945,52.9216599073,7.3828055921
2000-08-22,53.6483844945,52.3552256466,7.25351482591
2000-09-07,53.6483844945,52.825393733,7.72845995966
2000-09-23,53.6483844945,53.0903126702,8.32212941267
2000-10-09,53.6483844945,15.9623791271,14.7695198266
2000-10-25,53.6483844945,32.0151079348,27.0731907675
2000-11-10,53.6483844945,52.0394054397,53.3223978473
2000-11-26,53.6483844945,21.3871105019,16.45787732
2000-12-12,53.6483844945,13.4199686553,13.918425892
2001-01-13,53.6483844945,20.1573913005,23.4472239288
2001-01-29,53.6483844945,10.3991158603,14.3606228185
2001-03-02,53.6483844945,1.72323652681,53.6483844945
2001-03-18,53.6483844945,36.0469444606,20.8546319296
2001-04-03,53.6483844945,45.3455982153,33.3496634621
2001-04-19,53.6483844945,29.8155351425,10.454790175
2001-05-05,53.6483844945,45.7604036039,21.1556587488
2001-05-21,53.6483844945,50.697043138,12.5813993602
2001-06-06,53.6483844945,48.5142298171,8.53978357095
2001-06-22,53.6483844945,52.3466409168,8.47227577139
2001-07-08,53.6483844945,53.0047585625,8.20434703509
2001-07-24,53.6483844945,52.647447703,8.20551920144
2001-08-09,53.6483844945,52.0354098559,8.02362415488
2001-09-10,53.6483844945,52.834189579,8.80817806123
2001-09-26,53.6483844945,53.6483844945,53.6483844945
2001-10-28,53.6483844945,26.4561422113,35.8248409013
2001-11-13,53.6483844945,11.3369952525,13.3313042924
2001-11-29,53.6483844945,12.9982050126,15.172627966
2001-12-15,53.6483844945,51.277775571,53.6483844945
2001-12-31,53.6483844945,35.7024882504,30.8092873691
2002-01-16,53.6483844945,12.3923270112,18.040388693
2002-02-01,53.6483844945,9.98067790039,14.7399020552
2002-03-05,53.6483844945,12.2314891678,27.6905771831
2002-03-21,53.6483844945,23.3264681528,9.7320144149
2002-04-22,53.6483844945,23.7700603754,8.64014812065
2002-05-08,53.6483844945,33.7041427974,18.1086365219
2002-05-24,53.6483844945,7.57799383217,7.40406432458
2002-06-09,53.6483844945,7.49426755107,7.15653156848
2002-06-25,53.6483844945,53.0008128061,39.9482170312
2002-07-11,53.6483844945,7.13284685894,6.64341356678
2002-07-27,53.6483844945,7.17567315246,6.77493163247
2002-08-12,53.6483844945,7.14217673066,6.34736951528
2002-08-28,53.6483844945,7.33392488487,7.51027711061
2002-09-13,53.6483844945,7.32037463994,7.13043510903
2002-09-29,53.6483844945,10.7112629829,9.48625148005
2002-10-15,53.6483844945,9.47711822343,8.46257180942
2002-10-31,53.6483844945,37.2258450254,31.7985840975
2002-11-16,53.6483844945,16.1484483068,15.0519012488
2002-12-02,53.6483844945,31.0641628283,26.3347141163
2003-01-03,53.6483844945,53.6408834921,53.6483844945
2003-01-19,53.6483844945,25.1723842345,26.0716455074
2003-02-04,53.6483844945,4.94114810947,7.3855312015
2003-02-20,53.6483844945,39.2699298055,48.955712979
2003-03-08,53.6483844945,16.4430949402,39.5311450925
2003-03-24,53.6483844945,25.2338930705,53.6483844945
2003-04-09,53.6483844945,31.786198382,9.04233413642
2003-04-25,53.6483844945,6.56127314645,9.95374772766
2003-05-11,53.6483844945,36.8017291684,9.08724955821
2003-05-27,53.6483844945,6.68590209227,6.79478118333
2003-10-18,53.6483844945,9.73690852321,8.27017594209
2003-11-19,53.2823207318,3.7445942168,11.5827176827
2003-12-21,53.6427266078,10.1348393229,14.9922549549
2004-01-22,53.6483844945,9.46556759654,14.1562638613
2004-04-27,53.6483844945,7.53478772045,8.29044634449
2004-05-13,53.3792098959,42.3934803226,25.3070540269
2004-05-29,53.3486555247,7.20895471086,7.36159355671
2004-06-14,53.6483844945,46.9413090011,8.03224114697
2004-06-30,53.5411202702,52.8805405851,9.01335470135
2004-07-16,53.4943081972,52.6521049327,8.32675295244
2004-08-01,53.6483844945,53.5783768832,13.2738214654
2004-09-02,53.4215210937,38.5285446943,46.9772487241
2004-09-18,53.3070504078,50.0975757309,9.08648431023
2004-10-04,52.5709591128,51.1260928166,9.63198521648
2004-12-07,53.6483844945,6.22250149142,16.3670469335
2004-12-23,53.6483844945,13.7984279754,15.5565469942
2005-01-08,53.6483844945,13.7938031477,16.5783200847
2005-04-30,53.6483844945,41.1153876182,7.85592043431
2005-05-16,53.5728317886,43.8793523013,6.62639247167
2005-06-01,53.6483844945,52.8856818007,6.18258071571
2005-06-17,53.6483844945,52.5843117552,5.71500632606
2005-07-03,53.6483844945,6.21037149497,5.46246790955
2005-09-21,53.4750107044,51.2445278686,5.21885096385
2005-10-23,53.6483844945,23.888320839,18.2996557085
2005-11-08,53.5961888671,8.41348505083,8.86293556205
2005-11-24,53.6413930351,3.28836211982,4.67076901307
2005-12-10,53.6483844945,14.0077099448,15.601581574
2006-01-11,53.6483844945,9.5971359759,12.9814424348
2006-05-19,53.0795122162,51.9038213658,20.6596597508
2006-06-04,52.8648300773,4.37442276671,4.13212324763
2006-06-20,53.0010679895,4.73967159758,4.42995467982
2006-11-11,52.9984990977,3.39006558301,9.22331188618
2006-11-27,52.6233107367,13.9516698777,22.9107971651
2006-12-13,52.9039737247,3.1300982347,15.6311602958
2006-12-29,53.4238253551,3.65313798875,6.4732029636
2007-03-19,52.9938608606,4.96259611018,6.51302261376
2007-05-06,53.6483844945,5.08866267856,5.49747266887
2007-06-07,53.6483844945,50.8540917293,5.25880861805
2007-06-23,53.6483844945,52.1705339964,5.1137081101
2007-08-26,53.6483844945,5.75612131923,5.88289651013
2007-09-27,53.6483844945,5.03437989549,6.41525679004
2007-10-13,53.6483844945,11.8974978358,12.6533053872
2007-11-30,53.41624566,9.77493711638,13.4339918949
2007-12-16,53.3865149584,4.77542083765,11.3191304716
2008-03-05,53.6483844945,4.79086792277,7.06556744355
2008-03-21,53.6483844945,36.0913376133,21.0703609581
2008-04-06,53.6483844945,4.5151142741,7.94671818331
2008-06-25,53.6483844945,52.7793819318,4.81269780071
2008-07-11,53.6483844945,51.8043447405,4.71526206002
2008-07-27,53.6483844945,52.1582062533,4.48363153366
2008-08-12,53.6483844945,4.91363844643,4.57514104139
2008-08-28,53.6483844945,53.6483844945,46.6699585266
2008-10-15,53.6483844945,7.93015480266,8.95809039664
2008-11-16,53.6483844945,4.28213145924,5.394764285
2008-12-02,53.6483844945,14.9800101601,16.9696294087
2008-12-18,53.6483844945,4.27739434932,17.5481196406
2009-02-20,53.6483844945,24.8188658896,33.5339683706
2009-03-08,53.6483844945,7.16077455054,9.75357419243
2009-04-09,53.6483844945,6.79301605536,9.26545256394
2009-04-25,53.5574761046,18.4931693816,7.54987663155
2009-05-27,53.4037924942,47.5108758619,7.81262164676
2009-06-12,53.514301858,51.7823923006,7.5144783001
2009-07-30,53.6483844945,52.6122517639,7.30864377525
2009-08-15,53.6483844945,7.67833118635,7.87860692352
2009-08-31,53.6483844945,7.96474202655,8.65907632981
2009-09-16,53.6483844945,53.5174425724,36.8361734401
2009-10-02,53.6317932604,10.6859518141,10.987662806
2009-10-18,53.6483844945,11.1311297063,11.2099670449
2009-11-03,53.6483844945,6.33285077115,11.6231716365
2009-12-05,53.6483844945,6.60248645064,8.57368129906
2010-03-27,53.2894199937,10.5155905532,13.6587795368
2010-04-28,53.6483844945,10.4643719063,22.6263511475
2010-05-30,53.6483844945,33.4832890049,11.350231968
2010-06-15,53.6483844945,46.4298373472,12.4633679307
2010-07-01,53.6483844945,51.7809764236,11.2855419058
2010-10-21,53.6483844945,17.772316099,17.5109261819
2010-11-06,53.6483844945,14.9775476773,15.6640376536
2011-03-30,53.6483844945,11.1512183587,13.784620913
2011-04-15,53.6483844945,10.5668830132,12.0425620474
2011-05-01,53.6483844945,46.0015068355,46.427591943
2011-06-02,53.6483844945,29.1622183157,53.2318130923
2011-06-18,53.6483844945,47.8011238781,11.2176385101
2011-09-06,53.6483844945,50.3297609735,12.6965117908
2011-09-22,53.6483844945,51.8042862966,17.5081916864
2011-10-08,53.6483844945,16.1787268515,18.1183319813
2011-12-27,53.6483844945,10.0667291379,12.8651055139
2012-01-28,53.6483844945,9.1211897809,26.6819081174
2012-02-13,53.6483844945,11.4570727376,15.0700365512
2012-02-29,53.6483844945,11.0077300038,13.8858600431
2012-03-16,53.6483844945,15.2636204678,18.2065112449
2012-04-17,53.6483844945,10.2446159358,10.2274447441
2012-05-03,50.3362291369,16.1923475808,50.3362291369
2012-06-20,53.6483844945,51.0659798391,9.6265313453
2012-07-06,53.6483844945,51.0295242742,9.45970483168
2012-08-07,53.6483844945,10.2000002934,9.66810698156
2012-08-23,53.6483844945,10.0187292062,9.31153503776
2012-09-08,53.6483844945,10.0504014651,10.0963805763
2012-12-29,53.6483844945,14.9134551425,21.7093930004
2013-01-14,53.6483844945,13.5582275467,19.845114631
2013-01-30,53.6483844945,12.1436450083,19.1323987696
2013-02-15,53.6483844945,9.48969680046,15.6098345544
2013-04-20,53.6483844945,13.7403479214,24.0628013997
2013-05-22,53.6483844945,13.5978751348,15.6092548903
2013-07-09,53.6483844945,49.4211756805,12.182464115
2013-07-25,53.6483844945,45.1167150135,11.6156707972
2013-08-10,53.6483844945,43.4416664049,11.7550002293
2013-08-26,53.6483844945,14.9321607476,18.4262902584
2013-09-11,53.6483844945,46.0627500895,13.2458096587
2013-10-13,53.6483844945,11.8142631865,14.3291314062
2013-10-29,53.6483844945,12.3910424179,15.1202847994
2013-11-14,53.6483844945,15.1227777135,16.9356391345
2013-11-30,53.6483844945,15.2706748186,18.3788035576
2013-12-16,53.6483844945,5.62173561752,12.0175040422
2014-01-01,53.6483844945,20.1758072799,20.8376880303
2014-01-17,53.6483844945,52.6835465061,53.6008775304
2014-02-02,51.7665811805,14.3676669148,17.0541113683
2014-02-18,53.6483844945,50.7411934955,53.1812761489
2014-03-06,53.6483844945,11.4155876628,13.5115887092
2014-03-22,53.6483844945,53.5362626572,51.7723243941
2014-04-07,53.6483844945,30.3868013964,11.3938837289
2014-05-09,53.6483844945,11.1544365232,11.4052566851
2014-05-25,53.6483844945,13.5038901676,12.8151611251
2014-06-10,53.6483844945,26.8157867242,32.1589556816
2014-06-26,53.6483844945,12.3478244406,11.239511821
2014-07-12,53.6483844945,11.0026389394,10.6940270278
2014-07-28,53.6483844945,10.9035762453,10.5721693056
2014-08-13,53.6483844945,11.1306743555,10.4991127287
2014-08-29,53.6483844945,52.5744712461,52.5172409809
2014-09-14,53.6483844945,11.355494877,10.8840263792
2014-09-30,53.6483844945,27.6609642137,19.9875746569
2014-10-16,53.6483844945,12.0204414958,12.6847989708
2014-11-01,53.6483844945,18.9730932214,18.9751429921
2014-11-17,53.6483844945,15.4153196699,18.6753722622
2014-12-03,53.6483844945,53.6408831981,53.6483844945
2014-12-19,53.6483844945,13.5194577491,19.110470353
2015-01-04,53.6483844945,12.9606663973,17.2494235002
2015-01-20,53.6483844945,13.8936413956,34.9399779123
2015-02-05,53.6483844945,10.9339737626,14.4194489174
2015-03-09,53.6483844945,10.2775100711,11.9509376606
2015-03-25,53.6483844945,9.95672561628,10.8217422002
2015-04-10,53.6483844945,22.4362945937,47.6958394077
2015-05-12,53.6483844945,9.7495896914,10.4869634476
2015-05-28,53.6483844945,9.94441926823,9.86504232335
2015-06-29,53.6483844945,9.66591025163,9.37380507645
2015-07-15,53.6483844945,9.66384133841,9.31669166872
2015-08-16,53.6483844945,10.1032205481,9.03910607732
2015-09-01,53.6483844945,9.71695492421,9.09271797496
2015-10-03,53.6483844945,53.6358828234,53.6483844945
2015-10-19,53.6483844945,48.2306299369,53.6483844945
2015-11-04,53.6483844945,16.8268447738,15.9889705362
2015-11-20,53.6483844945,20.2330713072,26.5071207007
2015-12-06,53.6483844945,7.62978984622,11.5073543248
2015-12-22,53.6483844945,7.42965694024,12.6138707744
2016-01-07,53.6483844945,53.6483844945,53.6483844945
2016-01-23,53.6483844945,7.46674157291,15.0632307779
2016-02-08,53.6483844945,26.3677012939,30.2867485596
2016-02-24,53.6483844945,9.6799698096,13.7965820009
2016-03-11,53.6483844945,8.52642340251,9.52007865815
2016-03-27,53.6483844945,53.6483844945,53.6483844945
2016-04-28,53.6483844945,8.41801600091,34.1616929773
2016-05-14,53.6483844945,33.974584693,36.0356964903
2016-05-30,53.6483844945,50.7987478845,8.52645736891
2016-06-15,53.6483844945,12.1883802745,10.6385518896
2016-07-01,53.6483844945,8.36711662997,7.7338094445
2016-07-17,53.6483844945,8.16445222309,7.6364640902
2016-08-02,53.6483844945,53.0917580079,7.6125928266
2016-08-18,53.6483844945,8.08889002725,7.21679850402
2016-09-03,53.6483844945,11.4332958206,10.1604819914
2016-09-19,53.6483844945,53.6483844945,27.1851174582
2016-10-21,53.6483844945,53.1578847719,53.0044272627
2016-11-06,53.6483844945,5.61556878775,15.964526483
2016-12-08,53.6483844945,24.3819292395,20.3992468932
2016-12-24,53.6483844945,6.82044128142,15.2252362275
2017-01-09,53.6483844945,6.68105705068,14.2428183464
2017-01-25,53.6483844945,9.38877592085,12.7479240304
2017-02-26,53.6483844945,23.1172880732,27.6855688538
2017-04-15,53.6483844945,7.00773736465,7.58575736131
2017-05-01,53.6483844945,7.21026781875,7.36852408854
2017-05-17,53.6483844945,9.70943197044,53.4405919605
2017-06-02,53.6483844945,52.5278900917,7.89258467032
2017-06-18,53.6483844945,7.35312313417,7.03681177665
2017-07-04,53.6483844945,7.19923835981,6.82428081938
2017-07-20,53.6483844945,7.09594792505,6.5993272159
2017-08-05,53.6483844945,6.90248786381,6.75012840342
2017-08-21,53.6483844945,6.84300846016,6.69743636181
2017-09-06,53.6483844945,7.09816255004,7.35471183761
2017-09-22,53.6483844945,7.07535170435,8.00836846329
2017-10-08,53.6483844945,8.37301245749,8.98292754172
2017-10-24,53.4924549762,9.06276185751,10.663256122
2017-11-09,53.0444670736,7.85955591792,11.0421251749
2017-12-27,53.3632070536,48.0712414302,49.343333476
2018-01-12,53.6483844945,8.57431308165,14.8026600992
2018-01-28,53.6483844945,7.7335105361,12.5740294261
2018-02-13,53.6483844945,5.32441586367,10.1889107763
2018-04-02,53.6483844945,7.70033167812,18.3051705863
2018-04-18,53.6483844945,17.3688233454,8.87353344863
2018-05-04,53.6483844945,30.0158883613,45.8988166168
2018-05-20,53.6483844945,51.1257179962,53.6483844945
2018-06-05,53.6483844945,39.2463439837,42.3207175449
2018-06-21,53.6483844945,9.08637412574,9.31002307306
2018-07-07,53.6483844945,8.78391714755,8.86639531312
2018-07-23,53.6483844945,8.89052978687,9.1015386466
2018-08-08,53.6483844945,52.6698290437,9.45338891818
2018-09-09,53.6483844945,19.5392006512,20.1205880552
2018-09-25,53.6483844945,9.83145531214,11.3653624441
2018-11-12,53.6483844945,39.3461774217,36.1679212564
2018-11-28,53.5718022179,13.0411774821,18.1421304845
2018-12-14,53.5091342891,35.7007311826,32.0230097319
2018-12-30,53.6271355631,16.5551269188,20.1044971207
2019-01-15,53.6483844945,22.8172496303,37.8955826391
2019-02-16,53.6483844945,30.8795855025,43.3854666613
2019-03-04,53.6385395831,10.7537916021,14.4073676041
2019-03-20,53.5180868115,13.4662168833,16.6750923097
2019-05-07,53.5127035696,10.2297790669,10.7988344487
2019-05-23,53.6085342067,10.2277796142,10.7593035927
2019-06-08,53.388682141,10.3705762378,12.0870589098
2019-06-24,53.1621830203,10.1496386672,10.3113046329
2019-07-26,53.0545375046,10.0171479151,10.3803000209
2019-08-11,53.1823038094,9.91838800111,10.6281257024
2019-08-27,53.2923322338,12.5092881574,13.8090516599
2019-09-28,53.5330600963,10.1401317037,12.493194432
2019-10-14,53.1594275806,52.3326536531,51.9362289816
2019-10-30,52.8980410349,15.036449779,15.9169799867