Date,Rarea,NDWI,MNDWI
2000-01-26,7.75254101819,7.69675112313,1.08051087329
2000-02-11,7.75254101819,7.58463921536,0.939378941162
2000-03-14,7.75254101819,7.74804641541,0.65531736853
2000-03-30,7.75254101819,7.74894532459,0.512387856689
2000-04-15,7.75254101819,7.48858531632,0.396426255737
2000-05-17,7.75254101819,7.75254101819,0.268778711121
2000-07-20,7.75254101819,7.75254101819,1.99102519981
2000-08-05,7.75254101819,7.75254101819,7.75254101819
2000-08-21,7.75254101819,4.41847039338,2.43708111593
2000-09-22,7.75254101819,7.62251194134,3.31733168352
2000-10-24,7.75254101819,7.06411560845,1.75553689021
2000-11-09,7.75254101819,7.75254101819,1.7124586015
2001-01-12,7.75254101819,7.73905716754,1.29805197021
2001-03-01,7.75254101819,7.63877219533,0.8872409776
2001-04-02,7.75254101819,7.74265286103,0.602280609253
2001-08-24,7.75254101819,7.3912781821,2.86968201222
2001-09-25,7.75254101819,7.25370889058,2.25463453537
2001-10-11,7.75254101819,5.3211744949,1.80753384146
2001-10-27,7.75254101819,7.70034333586,1.71155968842
2001-12-14,7.75254101819,7.63754198927,1.36097728973
2002-02-16,7.75254101819,7.72712074287,0.886342028137
2002-04-21,7.75254101819,7.70759477991,0.397325178162
2002-07-10,7.75254101819,5.75926838704,2.39814837866
2002-07-26,7.75254101819,7.75254101819,3.35406201116
2002-08-11,7.75254101819,7.70328768185,7.50357063029
2002-09-12,7.75254101819,2.50815054614,3.29409946886
2002-09-28,7.75254101819,6.94279725656,2.0762779553
2002-10-14,7.75254101819,1.64324108752,6.12776026882
2002-10-30,7.75254101819,6.93680605584,1.7079497739
2002-12-17,7.75254101819,7.4808961023,1.3978333833
2003-02-03,7.75254101819,1.20366413373,1.06253208582
2003-03-07,7.75254101819,7.75254101819,0.753300537048
2003-04-24,7.75254101819,7.75254101819,0.433282223328
2003-08-14,6.67766353383,1.12725612939,4.71473576357
2003-10-01,6.76919168259,5.2352652169,1.72312827369
2003-11-18,6.67954190286,1.32681829956,1.32052536377
2004-02-06,6.62769312987,1.29175985052,0.807236399719
2004-03-09,6.70429975349,4.76348744724,0.649924003418
2004-04-26,6.63354189351,0.743412659546,0.391931697876
2004-10-03,6.75560938576,1.44727472748,1.59816451518
2004-11-04,6.63037228368,5.77020262017,1.2477122793
2004-12-22,6.67512176393,6.59296717012,1.06612830389
2005-01-07,6.61825301632,6.61825301632,1.09399436591
2005-02-08,6.66116173569,6.66116173569,0.705657669739
2005-02-24,6.68910639584,0.884544264832,0.581605394653
2005-03-28,6.68229179236,0.516882618835,0.36766069342
2005-05-15,6.66114070193,1.4643544491,1.46428383199
2005-11-07,6.68578203153,1.35468517273,1.30704178613
2005-11-23,6.68904289305,1.45716313995,1.26569083173
2005-12-09,6.63424334604,6.41475417776,1.02747434985
2006-01-26,6.66675979903,6.55973134281,0.748806246094
2006-05-02,6.66866319293,0.457553259277,0.159109755798
2006-06-03,6.69206026935,0.787107924751,0.210348499939
2006-07-05,6.67560812563,0.0,6.67560812563
2006-10-25,6.70747950053,1.42300375421,1.48323184314
2006-11-10,6.76833883007,1.46165783191,1.46787982381
2006-11-26,6.79932493759,6.05463758659,1.27371096297
2006-12-12,6.77698968146,6.77698968146,1.41664049257
2006-12-28,6.63749678047,6.47850356912,1.05893696381
2007-02-14,6.67599941245,0.877352962158,0.788359042297
2007-03-02,6.70937982055,0.85577845459,0.658913188538
2007-03-18,6.68527781074,6.68527781074,2.7863009933
2007-09-26,6.67133884302,1.45087065326,2.01137182052
2007-10-12,6.72052271951,1.3115363067,1.38434942999
2007-11-13,6.80568484314,1.33490847644,1.25760034882
2007-11-29,6.85769213618,6.82173520423,1.12995210889
2007-12-15,6.79755172339,6.55942860736,0.951064950134
2008-02-01,6.69029021505,0.941176586182,0.697566953491
2008-03-04,6.69383015837,0.773976032837,0.478228735962
2008-03-20,6.70326335302,0.916906170837,0.37665001123
2008-05-07,6.83055874029,0.724535106201,0.74790717688
2008-05-23,6.79058593921,0.994213813599,1.02208065808
2008-08-27,6.70601663582,0.0467443737793,4.91943291658
2008-09-28,6.72183038523,1.4050250564,6.66128157723
2008-10-14,6.69674522674,1.35198794812,1.85310620092
2008-10-30,6.63762736707,1.48682775507,1.78965007385
2008-12-01,6.65931089687,6.35889049286,1.35738175061
2009-01-02,6.69656218695,6.60774169241,1.17669639178
2009-03-07,6.72079762412,0.829709644043,0.649025006836
2009-03-23,6.64297142993,4.82737017407,3.9628574158
2009-04-08,6.74143071151,2.06917273628,0.508792116272
2009-04-24,6.7704395683,0.522276064331,0.398224072144
2009-05-26,6.8817479735,2.25287227632,1.04904826056
2009-10-01,6.80292792893,1.28816398602,1.46165733594
2009-10-17,6.68078334625,1.35828060516,1.47716144345
2009-11-18,6.66848737067,6.66848737067,1.35468419208
2010-01-05,6.75748471014,6.35737509483,0.887240868103
2010-01-21,6.75906027461,6.45962656955,0.737119775146
2010-02-06,6.86496807533,6.8155272906,0.617562452881
2010-02-22,6.80758797856,6.78331702257,0.519579203857
2010-03-10,6.84711636288,6.84531851535,0.434181129883
2010-03-26,6.89598971617,0.36586277594,0.249002369812
2010-04-11,6.87430630143,0.782965396423,0.169896880066
2010-05-13,6.63659464994,0.349682092651,0.210348468933
2011-07-19,6.66024178094,1.47693916705,1.75138750335
2011-09-21,6.72052270028,6.61326515192,1.65874050632
2011-12-26,6.76879683184,0.87825182135,0.820720348389
2012-01-11,6.75828813878,6.34232872192,0.711949934937
2012-01-27,6.65878255627,6.65878255627,0.594190292053
2012-02-12,6.71789656992,0.583403134521,0.471037259277
2012-03-15,6.62056546667,0.435979017334,0.302937849487
2012-03-31,6.70139504588,3.33206140819,0.0
2012-10-25,6.61749512065,1.05444154504,0.903422
2012-12-12,6.64392333465,6.37442576511,0.924995997498
2012-12-28,6.67218534869,0.957357363342,0.92319801416
2013-01-13,6.6498673178,6.576268208,0.830608391174
2013-06-22,6.68980424926,1.32861600488,1.37541674276
2013-10-12,6.69063237362,1.19827098383,1.50479223808
2013-10-28,6.67247422026,1.21714837305,1.3079402453
2013-11-13,6.67035930876,1.21804704102,1.28007324817
2013-11-29,6.67632741373,1.16411111072,1.17579728015
2013-12-15,6.66654471001,6.00174627943,5.48692462401
2013-12-31,6.68333190483,0.981628613342,0.917804642456
2014-01-16,6.725612882,0.853980484131,0.79285334137
2014-02-01,7.01153199635,0.799145963562,0.697567041321
2014-02-17,6.6472758423,0.838346123848,0.553738453064
2014-03-05,6.62496122564,0.45935119873,0.379346657471
2014-10-31,6.66817336956,0.992415889709,1.14073933771
2014-12-18,6.68736484869,6.68646592285,0.933086299927
2015-01-03,6.63729643135,6.46617995618,0.859374140747
2015-08-15,6.66942483016,5.82135297325,5.82988713148
2015-09-16,6.67986302392,1.11467012799,1.48938262953
2016-01-06,6.69344192233,2.53504971216,1.87089114682
2016-01-22,6.65559516238,0.802741658203,0.746109089478
2016-02-07,6.69815551173,0.799145991699,0.670599179932
2016-03-26,6.65266954721,0.489015925903,0.345187535706
2016-04-11,6.6248452436,1.17944847686,0.263385207275
2016-05-13,6.64286597949,6.64286597949,6.64286597949
2016-06-30,6.63875212595,1.39194573149,1.96290355496
2016-10-04,6.7024209056,1.07871274426,1.4751653493
2016-10-20,6.71701527303,1.09489347107,1.29445602698
2016-12-23,6.70305162627,0.758694217285,0.732625271606
2017-01-08,6.70747942057,0.718242561157,0.646328257813
2017-02-09,6.62166529958,0.551041918823,0.459351306274
2017-02-25,6.63755705113,6.63755705113,6.63755705113
2017-04-30,6.70078501995,0.521377432007,0.0503397336426
2017-05-16,6.65900766492,0.0539354777832,0.0
2017-07-03,6.68904268404,1.2872651413,1.53177407123
2017-09-05,6.69894846981,1.05900380234,1.83841688612
2017-09-21,6.71130778689,0.813528717163,1.5329322297
2017-10-07,6.77056655144,1.0301711004,1.24075659941
2017-10-23,6.77058410138,1.01578770831,1.10478181787
2017-11-08,6.79784431043,0.908815135864,0.926793644104
2017-11-24,6.90547274738,5.67495995817,6.25528771049
2017-12-10,6.88431774984,0.791055668518,0.728130557007
2017-12-26,6.86263433482,0.750604078857,0.643631493164
2018-01-11,6.71278109352,0.70719822567,0.569020379333
2018-02-28,6.69602602896,0.384740398132,0.243608874146
2018-05-03,6.65000109137,6.65000109137,6.65000109137
2018-05-19,6.67636611292,0.105174359558,0.0
2018-06-04,6.7079941328,6.7079941328,6.7079941328
2018-07-06,6.66929797421,6.15833620691,5.31135081951
2018-10-10,6.6524899676,1.10568092621,1.32232298737
2018-11-27,6.75050810437,0.867464688416,0.844991437622
2018-12-13,6.72832424831,0.844991294617,0.778470516357
2018-12-29,6.73400296598,0.770380420105,0.685881044373
2019-01-14,6.66195857689,0.639136779297,0.59419034198
2019-01-30,6.67140600381,0.574414159668,0.464744917786
2019-03-03,6.69808135361,0.412607089355,0.275071244141
2019-04-04,6.72062869226,0.346086465271,0.114163411255
2019-06-23,6.76250436529,1.17310076819,1.48143405765
2019-08-10,6.74954951846,1.09461816272,1.90375315599
2019-09-11,6.72354026007,0.864767739136,1.68260521693
2019-10-29,6.7714231718,0.960054401428,1.14523377698