Date,Rarea,NDWI,MNDWI
2000-02-02,10.8075224013,10.5199867277,7.19091363881
2000-04-22,10.8075224013,2.56120344621,1.89511393214
2000-06-09,10.8075224013,7.27554119534,6.83353515805
2000-06-25,10.8075224013,9.31906825229,8.18965193669
2000-07-11,10.8075224013,10.7994159914,9.51557508754
2000-08-12,10.8075224013,9.93845484771,8.30261930894
2000-09-13,10.8075224013,10.3087150593,9.71149620595
2000-10-15,10.8075224013,10.5959645056,6.85812013927
2000-10-31,10.8075224013,10.7945627197,9.21316225084
2000-11-16,10.8075224013,5.18097552119,4.36994845851
2000-12-18,10.8075224013,10.8075224013,8.66784215803
2001-02-04,10.8075224013,10.8075224013,10.8075224013
2001-02-20,10.8075224013,10.7474147809,7.42954210893
2001-03-08,10.8075224013,9.69025707543,8.72792846512
2001-03-24,10.8075224013,5.33736706949,4.011701133
2001-04-09,10.8075224013,4.42552666764,3.68329378494
2001-04-25,10.8075224013,10.7156496855,9.19964386369
2001-05-11,10.8075224013,10.1535691327,10.1158594621
2001-05-27,10.8075224013,10.8075224013,10.8075224013
2001-06-28,10.8075224013,10.8075224013,10.8075224013
2001-07-14,10.8075224013,9.77734417224,9.3055819791
2001-08-15,10.8075224013,10.2950167852,8.1330197617
2001-09-16,10.8075224013,10.3547395457,8.76920982734
2001-10-02,10.8075224013,7.01722670393,5.00669910181
2001-10-18,10.8075224013,10.8075224013,10.8075224013
2001-11-03,10.8075224013,10.2647351882,8.30734868166
2001-11-19,10.8075224013,6.87179387791,6.01679076795
2001-12-05,10.8075224013,4.90060608953,4.53644591807
2001-12-21,10.8075224013,10.8023724508,9.48496871792
2002-01-06,10.8075224013,10.8075224013,10.8075224013
2002-01-22,10.8075224013,10.8075224013,10.3145249975
2002-02-07,10.8075224013,7.73743048319,5.4259432744
2002-02-23,10.8075224013,10.697790898,9.10023726242
2002-03-11,10.8075224013,7.35227098059,5.53190224366
2002-03-27,10.8075224013,10.6715536422,9.92505352431
2002-04-12,10.8075224013,4.81374468046,4.53864955238
2002-10-05,10.8075224013,9.48790006193,8.02573954214
2002-10-21,10.8075224013,6.50301176438,9.85960468444
2002-11-22,10.8075224013,8.18261804607,7.16090637345
2002-12-08,10.8075224013,8.2236419893,6.02662018388
2002-12-24,10.8075224013,10.7755205946,3.73912417111
2003-02-10,10.8075224013,7.0172413325,10.0638088583
2003-02-26,10.8075224013,6.05944011321,3.7597511684
2003-03-14,10.8075224013,6.16560853402,3.6838022816
2003-05-01,10.8075224013,6.2691639992,5.34739233698
2003-05-17,10.8075224013,7.22173525658,6.34712956269
2003-10-24,10.8075224013,5.46743088082,9.85387332435
2003-11-09,10.8075224013,4.02086359431,3.85435176658
2003-12-11,10.8075224013,1.15715443177,4.26628863799
2003-12-27,10.8075224013,1.38963028115,6.35844601279
2004-01-12,10.8075224013,10.8075224013,10.6709107055
2004-02-13,10.8075224013,4.38489221654,10.420032152
2004-03-16,10.8075224013,0.968011792383,8.73412765982
2004-05-03,10.8075224013,9.08215616975,10.7381675171
2004-10-26,10.8075224013,2.81174983327,6.01087056814
2004-11-11,10.8075224013,5.62085797767,9.64984176502
2004-11-27,10.8075224013,3.16440238584,10.1877929284
2004-12-13,10.8075224013,10.8075224013,10.3436268618
2005-01-14,10.8075224013,10.8075224013,10.8075224013
2005-02-15,10.8075224013,4.16708207672,9.74139970163
2005-03-03,10.8075224013,9.26212398288,6.8059683155
2005-03-19,10.8075224013,10.8075224013,10.5840185785
2005-04-04,10.8075224013,2.15234657831,4.84313918542
2005-06-07,10.8075224013,5.33106716035,5.41026305857
2005-10-13,10.8075224013,2.12181730673,4.76797649008
2005-10-29,10.8075224013,5.72613878211,9.29925279161
2005-11-14,10.8075224013,3.82502238584,6.45955401607
2005-11-30,10.8075224013,8.9147373639,7.34111418031
2005-12-16,10.8075224013,10.5402650734,6.72381111071
2006-01-01,10.8075224013,10.8075224013,6.3967567561
2006-03-06,10.8075224013,4.9229859957,9.37165236171
2006-03-22,10.8075224013,0.858488794494,4.67421687196
2006-04-07,10.8075224013,8.44932628592,10.6496291857
2006-04-23,10.8075224013,4.35799196693,8.07450901563
2006-06-26,10.8075224013,6.41207699141,6.78868454799
2006-10-16,10.8075224013,2.56900655656,6.76824364204
2006-11-01,10.8075224013,4.89146397098,10.8066216895
2006-11-17,10.8075224013,4.01339682529,7.87325149997
2006-12-03,10.8075224013,10.5640577012,9.44875577973
2006-12-19,10.8075224013,10.7275708142,6.31269357744
2007-01-04,10.8075224013,10.8075224013,10.8075224013
2007-01-20,10.8075224013,10.8075224013,10.7093694306
2007-02-05,10.8075224013,4.85544096572,7.40455044062
2007-03-09,10.8075224013,3.13219226156,7.90297840714
2007-04-10,10.8075224013,8.07438004901,7.43187514571
2007-08-16,10.8075224013,5.67193084145,9.58160216295
2007-11-20,10.8075224013,3.83724200269,7.92832613601
2007-12-22,10.8075224013,6.92017669887,5.84372638914
2008-01-07,10.8075224013,8.70465641894,8.52494806661
2008-01-23,10.8075224013,2.78460846775,2.34824681007
2008-02-08,10.8075224013,10.8075224013,10.1205502091
2008-02-24,10.8075224013,10.4992737015,10.8066216875
2008-03-27,10.8075224013,9.73083123306,9.27891094549
2008-04-12,10.8075224013,1.75740614557,10.5973418701
2008-07-17,10.8075224013,10.5964059406,10.8075224013
2008-10-21,10.8075224013,0.835109043607,1.88003465771
2008-11-06,10.8075224013,0.871621532744,3.3107702308
2008-11-22,10.8075224013,1.84416538016,5.33941905639
2008-12-24,10.8075224013,4.51386672003,7.49115355945
2009-01-09,10.8075224013,10.8075224013,10.3007350565
2009-02-10,10.8075224013,6.14372614483,3.61218310853
2009-02-26,10.8075224013,2.72328542537,2.26543422348
2009-03-14,10.8075224013,10.8075224013,10.8075224013
2009-05-01,10.8075224013,9.69812701512,8.83160603806
2009-05-17,10.8075224013,7.11658433097,5.56176325649
2009-07-04,10.8075224013,7.70432480039,10.8075224013
2009-09-22,10.8075224013,9.68229523459,8.02650606092
2009-10-24,10.8075224013,6.76720051693,8.96019699936
2009-11-25,10.8075224013,2.077337636,4.67571798897
2009-12-11,10.8075224013,10.5553013529,10.6566475359
2009-12-27,10.8075224013,5.87689477163,8.12449026545
2010-01-12,10.8075224013,10.8075224013,10.8075224013
2010-01-28,10.8075224013,2.90538498308,2.13843369989
2010-03-01,10.8075224013,6.03849193963,9.50948576503
2010-03-17,10.8075224013,5.79241587012,10.4201985442
2010-04-02,10.8075224013,0.842558313375,3.09160629015
2010-04-18,10.8075224013,1.31602274964,2.62717778552
2010-05-20,10.8075224013,7.7378720429,7.25386087088
2010-09-25,10.8075224013,8.24782508924,6.74746383795
2010-10-11,10.8075224013,1.16800164306,3.35853254962
2010-11-28,10.8075224013,9.72160237732,8.72367609144
2010-12-14,10.8075224013,5.84200971733,4.6664065345
2010-12-30,10.8075224013,6.77219157489,4.43125329459
2011-01-15,10.8075224013,10.8075224013,10.8039195477
2011-01-31,10.8075224013,10.8075224013,8.53681855857
2011-02-16,10.8075224013,3.38148433872,2.09955472514
2011-03-04,10.8075224013,3.1016902682,2.011093357
2011-03-20,10.8075224013,0.477257581287,10.7129898895
2011-04-05,10.8075224013,10.8075224013,10.8075224013
2011-05-07,10.8075224013,5.75968180435,9.29283499838
2011-08-11,10.8075224013,8.27160257335,10.7952691594
2011-09-12,10.8075224013,0.546767842423,2.07363200248
2011-10-30,10.8075224013,5.41286013897,9.02849481299
2011-12-01,10.8075224013,7.54634575413,6.0066849513
2011-12-17,10.8075224013,8.26825053807,5.40730789096
2012-01-02,10.8075224013,5.49410749074,3.2952668504
2012-01-18,10.8075224013,10.7788726565,5.82791573272
2012-02-03,10.8075224013,10.3740817832,7.83028110551
2012-03-06,10.8075224013,10.8075224013,10.8075224013
2012-04-07,10.8075224013,8.24668600604,6.29450249752
2012-04-23,10.8075224013,10.8075224013,9.58413224853
2012-06-10,10.8075224013,4.9652459669,4.18857664438
2012-09-14,10.8075224013,6.31286418089,5.13050744006
2012-10-16,10.8075224013,9.93960299056,10.8021181302
2012-11-01,10.8075224013,1.42603988932,2.98093117072
2012-11-17,10.8075224013,5.88929095154,9.26604192207
2012-12-03,10.8075224013,1.61876812492,1.66344715274
2013-01-04,10.8075224013,2.95819206097,2.25289860163
2013-01-20,10.8075224013,7.98070498419,3.22328755782
2013-02-05,10.8075224013,5.00223768948,6.58490295064
2013-02-21,10.8075224013,10.3366825913,7.64412740768
2013-03-25,10.8075224013,4.73340539815,3.14407046143
2013-04-10,10.8075224013,2.36254525972,0.82499992205
2013-04-26,10.8075224013,0.845313375957,6.28021047035
2013-09-17,10.8075224013,4.89607272752,8.26922081581
2013-10-19,10.8075224013,7.47084838576,6.13280573113
2013-11-04,10.8075224013,1.86568993816,6.7770861314
2013-11-20,10.8075224013,3.59864414325,10.2671548017
2013-12-06,10.8075224013,0.716999105139,1.69856412815
2013-12-22,10.8075224013,0.544761612072,4.39236356033
2014-01-07,10.8075224013,1.46384185459,5.47183409013
2014-01-23,10.8075224013,3.98594784447,6.35750100993
2014-02-08,10.8075224013,9.50382796632,10.3241118758
2014-03-12,10.8075224013,3.65936308045,8.03896775838
2014-04-13,10.8075224013,7.92513971083,7.89362538274
2014-05-15,10.8075224013,10.8075224013,10.8075224013
2014-06-16,10.8075224013,5.81914437877,5.23468797762
2014-09-04,10.8075224013,10.7480753301,6.0166274159
2014-10-06,10.8075224013,8.37377835541,9.86571617446
2014-10-22,10.8075224013,8.55141031928,10.6113543413
2014-11-23,10.8075224013,1.17632417201,4.59895984098
2014-12-25,10.8075224013,10.4060270522,8.02893368274
2015-01-10,10.8075224013,0.650717190535,10.6629773455
2015-01-26,10.8075224013,8.66285421036,9.62101468567
2015-02-27,10.8075224013,5.47376059098,8.82198934216
2015-03-15,10.8075224013,1.48671992281,1.58846148558
2015-03-31,10.8075224013,2.30443966006,7.64126998318
2015-04-16,10.8075224013,0.851286476443,6.97463246816
2015-05-02,10.8075224013,1.79479576082,1.50719627005
2015-05-18,10.8075224013,10.8075224013,10.8075224013
2015-08-22,10.8075224013,10.7345363601,10.2594577771
2015-09-07,10.8075224013,9.90188135532,10.7498767039
2015-09-23,10.8075224013,8.96023105582,10.8075224013
2015-10-25,10.8075224013,4.8615152904,8.54060604009
2015-11-10,10.8075224013,3.51691243437,8.02398004142
2015-11-26,10.8075224013,1.62657840911,5.1394799066
2015-12-12,10.8075224013,1.01967005033,5.49147249954
2015-12-28,10.8075224013,10.8075224013,10.8026408873
2016-01-13,10.8075224013,6.9610703888,8.81543942205
2016-01-29,10.8075224013,0.771027670313,9.04023529469
2016-02-14,10.8075224013,8.7634506947,10.2796546675
2016-03-01,10.8075224013,5.82521356704,10.8075224013
2016-04-18,10.8075224013,2.3713347024,9.95508828615
2016-05-04,10.8075224013,2.86412281308,7.03214500474
2016-06-05,10.8075224013,5.39804144393,10.0834367249
2016-09-25,10.8075224013,10.8075224013,10.7759974213
2016-10-11,10.8075224013,7.40242276136,10.8075224013
2016-10-27,10.8075224013,1.26754655909,3.19837812553
2016-11-12,10.8075224013,2.89017309713,7.12184223166
2016-11-28,10.8075224013,6.94858286592,10.3903580299
2016-12-30,10.8075224013,1.32452811439,10.8075224013
2017-01-15,10.8075224013,2.9834392059,10.7881588457
2017-01-31,10.8075224013,0.925897419247,5.37698425221
2017-02-16,10.8075224013,1.66245749892,6.33041388916
2017-03-04,10.8075224013,8.42812579592,10.5268003202
2017-03-20,10.8075224013,6.46181151967,10.8075224013
2017-04-05,10.8075224013,3.35291216726,6.435783523
2017-05-23,10.8075224013,3.41025603138,8.42041527824
2017-06-08,10.8075224013,2.02839133455,5.05597685244
2017-07-10,10.8075224013,2.96669678268,3.08074117414
2017-10-30,10.8075224013,6.6385469342,9.93960601349
2017-11-15,10.8075224013,3.08832607056,8.34579349802
2017-12-01,10.8075224013,3.78447100992,2.65200619476
2017-12-17,10.8075224013,0.708673625916,5.55547030994
2018-01-02,10.8075224013,0.718521491391,2.94294052089
2018-01-18,10.8075224013,3.23465420589,6.80198859145
2018-02-03,10.8075224013,10.8075224013,10.4404803441
2018-02-19,10.8075224013,1.30382918868,2.53099211092
2018-03-07,10.8075224013,1.7369940523,3.63895427509
2018-04-24,10.8075224013,4.19317118962,8.83740248599
2018-06-27,10.8075224013,7.17073776897,10.8012174085
2018-07-29,10.8075224013,7.34257350817,5.59151727273
2018-08-30,10.8075224013,10.8075224013,10.7065685223
2018-11-02,10.8075224013,7.43965665128,6.99314342598
2018-11-18,10.8075224013,3.76295778272,3.65004374758
2018-12-04,10.8075224013,2.34971930565,6.66652869146
2019-01-05,10.8075224013,0.772726723204,2.05331795741
2019-01-21,10.8075224013,2.86496201925,6.75776142931
2019-02-06,10.8075224013,3.82895509762,6.940673856
2019-02-22,10.8075224013,10.7919171214,10.5182454553
2019-03-10,10.8075224013,10.7976145694,10.660978241
2019-03-26,10.8075224013,6.24276378546,4.49062962359
2019-04-11,10.8075224013,5.81798081988,4.53108720131
2019-05-13,10.8075224013,0.644924416798,2.04131550975
2019-05-29,10.8075224013,4.83913447189,4.55055280045
2019-07-16,10.8075224013,10.3180152452,9.90044811562
2019-10-04,10.8075224013,9.92866272588,10.8075224013
2019-10-20,10.8075224013,10.2011977544,9.09064641987