Date,Rarea,NDWI,MNDWI
2000-01-05,10.5250566542,2.32104121032,4.34443989355
2000-01-05,10.5250566542,2.30817302474,4.32919567016
2000-01-21,10.5250566542,0.86063638269,1.23559163801
2000-01-21,10.5250566542,0.861536642334,1.23469140705
2000-02-22,10.5250566542,0.872809063699,1.04958573884
2000-02-22,10.5250566542,0.873709300516,1.04607303698
2000-03-25,10.5250566542,10.5250566542,10.5250566542
2000-03-25,10.5250566542,10.5250566542,10.5250566542
2000-04-10,10.5250566542,10.2720876481,9.78549812547
2000-04-10,10.5250566542,10.2702871437,9.80698750246
2000-04-26,10.5250566542,6.70634800513,0.912850635986
2000-04-26,10.5250566542,6.71024892294,0.910149901062
2000-05-12,10.5250566542,9.27003506847,0.953361765259
2000-05-12,10.5250566542,9.25632309066,0.953361713745
2000-05-28,10.5250566542,9.37500962825,4.76418869454
2000-05-28,10.5250566542,9.37259135,4.76856988912
2000-06-13,10.5250566542,7.7201937509,0.866938071594
2000-06-13,10.5250566542,7.70535185022,0.869638783142
2000-06-29,10.5250566542,8.34456049094,0.846232423462
2000-06-29,10.5250566542,8.34413686792,0.840830916382
2000-07-15,10.5250566542,0.760708956421,0.772412188354
2000-07-15,10.5250566542,0.759808699341,0.776013176514
2000-07-31,10.5250566542,0.741803794617,0.721998465515
2000-07-31,10.5250566542,0.745404721741,0.724699158691
2000-08-16,10.5250566542,0.673385129395,0.658981290649
2000-08-16,10.5250566542,0.680587088806,0.658981259216
2000-09-01,10.5250566542,0.598664703674,0.56085440448
2000-09-01,10.5250566542,0.597764460327,0.559053904602
2000-09-17,10.5250566542,0.606766940979,0.55545292688
2000-09-17,10.5250566542,0.605866698242,0.553652434265
2000-10-03,10.5250566542,2.52109134232,2.40749223779
2000-10-03,10.5250566542,2.53660738515,2.41231469462
2000-10-19,10.5250566542,0.578859261414,1.42802571715
2000-10-19,10.5250566542,0.577959020081,1.43514292406
2000-11-04,10.5250566542,0.195353911011,0.433919377197
2000-11-04,10.5250566542,0.198054642639,0.426717416748
2000-11-20,10.5250566542,0.57975948877,0.609467687317
2000-11-20,10.5250566542,0.578859230286,0.608567414856
2001-02-08,10.5250566542,0.618469979858,0.750806254028
2001-02-08,10.5250566542,0.620270448059,0.752606740967
2001-03-28,10.5250566542,0.814723800171,0.977668426331
2001-03-28,10.5250566542,0.820125272705,0.973167177795
2001-04-13,10.5250566542,1.19248353997,5.56598918107
2001-04-13,10.5250566542,1.20347709989,5.58331629722
2001-04-29,10.5250566542,8.82894537118,10.0817797447
2001-04-29,10.5250566542,8.82451123842,10.086506922
2001-05-15,10.5250566542,0.439320783081,0.446522567139
2001-05-15,10.5250566542,0.436620054077,0.446522566223
2001-05-31,10.5250566542,0.910149835754,0.983970010071
2001-05-31,10.5250566542,0.902047623901,0.982169546875
2001-06-16,10.5250566542,0.839930610718,0.893945384155
2001-06-16,10.5250566542,0.84083089624,0.893945460449
2001-07-02,10.5250566542,0.82372620343,0.892144962341
2001-07-02,10.5250566542,0.822825965942,0.895745942017
2001-07-18,10.5250566542,0.769711429077,0.800319881714
2001-07-18,10.5250566542,0.766110421936,0.803020611145
2001-08-03,10.5250566542,0.685088301453,0.704893780457
2001-08-03,10.5250566542,0.685088234741,0.695891250305
2001-09-04,10.5250566542,0.535647443787,0.480732399475
2001-09-04,10.5250566542,0.538348181824,0.485233617493
2001-10-06,10.5250566542,0.0,0.0981270490112
2001-10-06,10.5250566542,0.408670203767,0.0972267990723
2001-10-22,10.5250566542,0.287179190552,0.445622993225
2001-10-22,10.5250566542,0.287179192627,0.4510244823
2001-11-07,10.5250566542,0.000900250305176,0.197463748612
2001-11-07,10.5250566542,0.000900250305176,0.20362424321
2001-11-23,10.5250566542,0.0630173842163,0.412839910405
2001-11-23,10.5250566542,0.061216887207,0.420334919812
2001-12-09,10.5250566542,0.0342090928345,1.84399916821
2001-12-25,10.5250566542,7.10230671903,10.3765157697
2001-12-25,10.5250566542,7.1125130652,10.3648125404
2002-01-10,10.5250566542,0.546450261963,0.763848183534
2002-01-10,10.5250566542,0.370902268372,0.390707740662
2002-01-26,10.5250566542,0.432119030823,0.44382229834
2002-01-26,10.5250566542,0.426717557495,0.450124026062
2002-02-11,10.5250566542,0.47713133313,0.974620461565
2002-02-11,10.5250566542,0.475330829041,0.975520730669
2002-02-27,10.5250566542,0.519442891479,0.642776863342
2002-02-27,10.5250566542,0.517642393616,0.646377835754
2002-03-15,10.5250566542,0.696791546875,0.764310050598
2002-03-15,10.5250566542,0.699492273743,0.766110536377
2002-03-31,10.5250566542,0.50683934259,0.266473357239
2002-03-31,10.5250566542,0.507739618042,0.265573109863
2002-04-16,10.5250566542,10.5250566542,10.5250566542
2002-04-16,10.5250566542,10.5250566542,10.5250566542
2002-05-02,10.5250566542,5.07505815177,10.5250566542
2002-05-02,10.5250566542,4.60207997448,10.5250566542
2002-05-18,10.5250566542,9.03876003482,10.4881463056
2002-06-03,10.5250566542,0.785015618286,0.797619074402
2002-06-03,10.5250566542,0.791317372192,0.797619103271
2002-06-19,10.5250566542,0.748105517883,0.740003283752
2002-06-19,10.5250566542,0.747205251648,0.747205233215
2002-07-05,10.5250566542,0.687789075012,0.681487328735
2002-07-21,10.5250566542,0.602265657776,0.580659728455
2002-08-06,10.5250566542,0.53564747583,0.484333340271
2002-08-06,10.5250566542,0.539248472839,0.484333335205
2002-09-07,10.5250566542,0.654750784617,0.521355966008
2002-09-07,10.5250566542,0.653529272891,0.526757439153
2002-09-23,10.5250566542,7.79655898624,10.5250566542
2002-11-26,10.5250566542,0.0,0.569856833679
2002-11-26,10.5250566542,0.0,0.5734578125
2003-01-13,10.5250566542,0.305183490662,2.69216853009
2003-01-13,10.5250566542,0.304283258667,2.7127330175
2003-01-29,10.5250566542,0.0,0.387797978817
2003-01-29,10.5250566542,0.0,9.02290312289
2003-02-14,10.5250566542,0.81292324408,5.61966243238
2003-02-14,10.5250566542,0.805721289612,5.59720225303
2003-03-02,10.5250566542,10.5250566542,10.5250566542
2003-03-02,10.5250566542,10.5250566542,10.5250566542
2003-03-18,10.5250566542,0.968665864929,7.39474023844
2003-03-18,10.5250566542,0.963264360352,7.38668753974
2003-04-19,10.5250566542,1.01817951978,10.5250566542
2003-04-19,10.5250566542,1.01727926874,10.5250566542
2003-05-05,10.5250566542,0.85883581781,1.06049100842
2003-05-05,10.5250566542,0.862436799011,1.05959074182
2003-09-26,9.62361716502,5.74885518675,5.66463702609
2003-09-26,9.63171941844,5.75490628483,5.67878674594
2003-10-12,10.0504976398,1.03345485494,1.19269283619
2003-11-13,9.72425388387,0.0,9.72425388387
2003-11-13,9.72638269617,0.0,9.72638269617
2003-11-29,9.75675146847,9.72682409177,9.75675146847
2003-11-29,9.74023635022,9.71489146828,9.74023635022
2003-12-15,9.75291027917,0.942192380775,3.5638158996
2004-01-16,9.85950685108,0.145839949829,0.902947982727
2004-02-01,9.77989971317,0.812023002075,0.945259447327
2004-02-01,9.78800195841,0.810222475403,0.94705992511
2004-04-21,9.85607168168,3.83485150733,6.31878781372
2004-04-21,9.85877243473,3.84111089382,6.31385229639
2004-05-07,9.7399216845,4.8897207238,7.6700099029
2004-05-07,9.74802389922,4.85636940355,7.66918394565
2004-06-08,9.75435078835,0.835429449097,0.970466436218
2004-06-24,9.7597629289,0.854334569702,0.964164644226
2004-06-24,9.75991477639,0.858835781311,0.965965120667
2004-07-26,9.76772758529,0.795818556946,0.875040245728
2004-08-11,9.74241087641,0.744504372498,0.773312301575
2004-09-12,9.70030392068,0.720310967212,0.84682292495
2004-09-28,9.61360487379,0.678786508728,0.75440748175
2004-11-15,9.81969462169,0.0,5.60860343919
2004-12-01,9.79557517215,0.0,9.79557517215
2005-01-02,9.80441866854,0.840530239208,2.1004590388
2005-01-02,9.7994196003,0.836226706622,2.09702764151
2005-01-18,9.95919125843,0.0,9.95739075819
2005-02-03,9.89257612476,0.642776480347,1.66445590599
2005-02-03,9.89887779755,0.641876225342,1.65794236488
2005-02-19,9.74259436785,0.288979236145,4.928525806
2005-03-07,9.72476227447,0.815624050049,5.64627392791
2005-03-23,9.73902177758,0.831828425415,1.54299158265
2005-05-26,9.7722287997,0.826426846924,0.920952692627
2005-05-26,9.77064018322,0.824626397339,0.926354230591
2005-06-11,9.83155268447,1.64747346818,1.83824211719
2005-06-11,9.82717853613,1.65923310845,1.83586613811
2005-06-27,9.93409706103,0.774212665833,0.860636319763
2005-06-27,9.93409706103,0.771511912964,0.865137530273
2005-07-13,9.7657186658,0.744504565125,0.805721301453
2005-07-13,9.75668784588,0.748105526855,0.802120303467
2005-08-14,9.72401786997,0.614869094177,0.642776755493
2005-08-14,9.71716891605,0.611268111145,0.639175761353
2005-09-15,9.80263583194,3.54623726311,2.99229925339
2005-09-15,9.79633408969,3.55027950763,3.00148176063
2005-10-01,9.59894685954,0.977349557987,0.854482491859
2005-10-01,9.60254075356,0.974832342724,0.85497676007
2005-11-18,9.75830106293,0.395208955688,0.404211451477
2005-11-18,9.75920133258,0.396109195679,0.404211444824
2005-12-04,9.81920387925,0.50323848407,0.818865347859
2005-12-04,9.8210044191,0.506839480713,0.811536292606
2006-01-05,9.85467333864,0.505038997742,1.18843688684
2006-02-06,9.73594663295,0.403310580872,2.42240149433
2006-02-06,9.73795898139,0.404210851318,2.42716741558
2006-03-10,9.73376472073,1.59338683091,9.43552043688
2006-03-26,9.77979083699,3.17083925929,5.65008760983
2006-03-26,9.78429205098,3.15893839225,5.66156845776
2006-06-30,9.64606680462,0.765210065918,0.84263129657
2006-06-30,9.63074495445,0.756207592224,0.839030310425
2006-09-18,9.5762361414,0.595314413668,0.559053946167
2006-09-18,9.58343813273,0.593513905428,0.559954188293
2006-12-07,9.57503914425,0.385306269836,1.33784608154
2007-01-08,9.76378379635,0.8460206141,2.21558264791
2007-01-08,9.77027262125,0.692290193848,0.827327261658
2007-01-24,9.79469564249,0.646377695801,0.736402381653
2007-02-25,9.66710782532,0.611267879761,1.20925075781
2007-02-25,9.66429411677,0.603165695435,1.20033302696
2007-03-13,9.63861081909,6.65126993808,9.1130397451
2007-03-13,9.63204783025,6.65758941117,9.12339774522
2007-07-03,9.81817988502,0.780514381897,0.822825897583
2007-07-03,9.817279602,0.773312370789,0.82372610614
2007-07-19,9.776327123,0.721998297485,0.745404641785
2007-07-19,9.77941973975,0.720197829773,0.753506911072
2007-08-04,9.78563665524,0.656280439697,0.646377688171
2007-08-04,9.7801645605,0.66798361853,0.649078398682
2007-11-08,9.79588536085,0.383505761169,5.06395080955
2007-11-08,9.79343527726,0.383505779785,5.05755040633
2007-11-24,9.70314237772,0.367301182678,0.916523128531
2007-12-10,9.70521139619,0.0612167615356,9.70521139619
2007-12-10,9.70673302627,0.0576157808228,9.70673302627
2007-12-26,9.71225460593,1.74065535284,4.59878232988
2007-12-26,9.71680877143,1.74961180125,4.5874428516
2008-01-11,9.73304129766,0.508639342041,1.22245899622
2008-01-11,9.73505364007,0.507739105835,1.22065850147
2008-01-27,9.76879688822,0.3934077995,1.6359028223
2008-01-27,9.76699639762,0.395208298584,1.64670580356
2008-02-12,9.82971032656,0.591461910156,0.915257718086
2008-02-12,9.83151083205,0.593262403809,0.9161579701
2008-02-28,10.0885057271,0.629273098206,1.68380822344
2008-03-15,10.2984855419,0.942558725342,1.06859315857
2008-07-05,9.80338052638,0.730100512878,0.746304877258
2008-07-05,9.81148274726,0.725599296143,0.750806124756
2008-07-21,10.2757851942,0.676085923584,0.661681913269
2008-08-06,10.0186501142,0.586061232971,0.505039006531
2008-08-06,10.0203941028,0.587861731323,0.50503899115
2008-08-22,9.80374769457,0.452824822266,0.402410941406
2008-08-22,9.80734867052,0.454625356262,0.404211461365
2008-11-10,10.305433262,0.22506226355,0.252969878357
2008-11-10,10.3072337484,0.223261762146,0.256570865784
2008-12-28,10.4935942371,0.334892402161,0.343894862244
2008-12-28,10.4953947112,0.333091894714,0.341194121155
2009-03-02,10.4854497202,0.786816244873,0.823839221261
2009-03-02,10.4837763305,0.785915984924,0.819337971077
2009-03-18,10.122468094,1.59213880851,3.31005620182
2009-03-18,10.115266182,1.58898622645,3.28494819085
2009-04-03,9.77463611392,9.02663198003,9.77283561758
2009-04-19,9.7669503305,1.36905711749,4.68199671772
2009-05-21,9.70472070526,0.857935552856,0.965965033081
2009-06-06,9.68620356579,0.82372618811,0.893045112732
2009-06-22,9.71869009509,1.1614011283,1.23605443695
2009-06-22,9.71181294519,1.16035962951,1.23350552537
2009-07-24,9.96961644756,0.691389968506,0.713896092102
2009-07-24,9.98076888611,0.696791440125,0.72649953186
2009-08-09,10.4344961134,0.741803900818,0.747205345093
2009-08-09,10.4367484898,0.743604374817,0.741803827576
2009-10-28,10.5250566542,4.32843006404,4.13905435273
2009-10-28,10.5250566542,4.33655699414,4.14956063687
2009-11-13,10.5250566542,0.448323511353,0.682472431575
2009-11-13,10.5250566542,0.450123999268,0.68583683913
2009-12-31,10.4667282729,0.559053866333,0.670878607729
2010-01-16,9.94971557329,0.196837114224,9.66801126754
2010-01-16,9.9510183052,0.200212179543,9.65653042628
2010-02-17,9.7110755302,0.0,9.7110755302
2010-03-21,9.65745587556,0.547350676514,0.574358025085
2010-05-08,10.1541214056,1.0057813579,1.09626535915
2010-05-08,10.1531081606,1.00232154936,1.09536507924
2010-06-09,10.5250566542,0.76881115332,0.780514323608
2010-06-09,10.5250566542,0.771511908203,0.784115326843
2010-06-25,10.521385098,0.787716360413,0.781414585144
2010-06-25,10.5240858101,0.787716348022,0.785015534241
2010-07-11,10.478064224,0.726499678772,0.716596903687
2010-07-11,10.4814392321,0.732801371155,0.716596874634
2010-07-27,10.5028225596,1.12307101599,0.909899644025
2010-12-02,10.5250566542,0.442921999634,0.491535413086
2010-12-02,10.5250566542,0.443822239929,0.496036642029
2011-01-03,10.5250566542,0.400610444153,0.797509309082
2011-01-03,10.5250566542,0.401510696777,0.791207576599
2011-01-19,10.5250566542,0.0,9.75727986844
2011-02-04,10.5250566542,0.462727474854,0.671005128278
2011-02-04,10.5250566542,0.461827229553,0.679206156304
2011-02-20,10.5250566542,0.0702192452393,2.12568846856
2011-03-08,10.5074508428,0.177348895386,4.60906596503
2011-03-24,10.5250566542,2.54897074104,4.895195042
2011-03-24,10.5250566542,2.55138906083,4.88868500903
2011-04-09,10.42417692,0.703993549011,0.735502089661
2011-04-09,10.4223764402,0.705794025391,0.740003305542
2011-05-11,10.5250566542,1.03586490118,1.10229914974
2011-05-11,10.5250566542,1.03136366338,1.10602375605
2011-07-30,10.4835080182,0.583360505615,0.526644978821
2011-08-15,10.4877409143,0.51881764701,0.480654051383
2011-08-15,10.4877409143,0.534051209786,0.478853547354
2011-08-31,10.3456088026,0.376303880554,0.33309193634
2011-08-31,10.3492097611,0.373603147095,0.333091942505
2011-09-16,10.3460429734,0.347495644409,0.332361047631
2011-09-16,10.3511055126,0.351996834167,0.330560523217
2011-10-02,9.76930160533,1.00020536357,0.584433194818
2011-10-02,9.75659226182,0.994803870895,0.590734945917
2011-10-18,10.5250566542,1.53906002216,1.26681004933
2011-10-18,10.5250566542,1.54062397631,1.26084375066
2011-11-03,10.5250566542,7.88969212281,8.33384711204
2011-11-03,10.5250566542,7.88438594353,8.3434956293
2011-12-05,10.474773941,0.676986070007,1.36079254041
2011-12-05,10.4734500571,0.674285307983,1.36336960623
2011-12-21,10.3737210179,0.0,10.3737210179
2012-01-06,10.1025426681,0.590562201477,0.766110352417
2012-01-06,10.1028074628,0.586961205566,0.767010578308
2012-01-22,10.5250566542,0.491535456116,0.621054440537
2012-01-22,10.5250566542,0.487934457336,0.612952220933
2012-02-07,10.2711534315,0.0,7.66546346416
2012-02-23,10.1699515645,2.0985109105,6.41395646965
2012-03-26,10.2632099409,4.23803442242,7.61095164896
2012-03-26,10.2684843012,4.2218440543,7.62338920616
2012-04-11,10.5034086026,0.935356851746,1.15498087811
2012-04-27,9.49139423466,0.822825878357,0.947059766174
2012-04-27,9.49208268744,0.821925633789,0.939857796265
2012-05-13,9.07398983849,0.776913535706,0.854334621094
2012-05-29,9.67792138371,1.00006398811,1.17803313155
2012-05-29,9.68089043599,1.00248226179,1.16822931066
2012-06-30,10.5250566542,0.809322322876,0.854334565552
2012-06-30,10.5250566542,0.80302059613,0.859736040588
2012-07-16,10.5250566542,0.775112967651,0.808422064575
2012-07-16,10.5250566542,0.767910982788,0.803020566772
2012-08-01,10.5250566542,0.712996024048,0.694991041687
2012-08-01,10.5250566542,0.709395036804,0.696791542419
2012-08-17,10.5250566542,0.629523755892,0.593263201233
2012-08-17,10.5250566542,0.626823027437,0.59146271228
2012-10-04,10.5250566542,0.586884453033,0.547972756613
2012-10-04,10.5250566542,0.594986672699,0.539870588461
2012-10-20,10.5250566542,0.00720197686768,2.99160559263
2012-10-20,10.5250566542,0.00720197747803,2.96826616565
2012-11-05,10.5250566542,0.430399793033,0.418615509033
2012-11-05,10.5250566542,0.434901040531,0.414114258057
2012-11-21,10.5206966869,5.05222159417,6.04923986975
2012-11-21,10.5206684442,5.0474449721,6.05995465547
2012-12-07,10.5250566542,1.1095382488,1.90409942203
2012-12-23,10.4787420595,0.88134195813,1.65510574637
2012-12-23,10.4779547961,0.881341965881,1.65236264659
2013-01-08,10.4902439307,0.701292846069,1.0528262257
2013-01-08,10.4861663783,0.704893842346,1.05279795526
2013-01-24,10.4520314266,0.00360099230957,0.096449868255
2013-01-24,10.4511311898,0.00270074432373,0.0991506072077
2013-02-09,10.297401707,0.0,10.297401707
2013-03-29,10.499740562,0.940758273621,1.08929883911
2013-03-29,10.5024412747,0.928154755249,1.09199954987
2013-04-14,10.3944442772,0.940758238525,1.06139118658
2013-04-14,10.3926437966,0.938057501404,1.06409192682
2013-04-30,10.3927955412,0.866938201477,1.97297716697
2013-06-01,10.1866997991,2.12783912064,2.83972912731
2013-06-01,10.1937887936,2.11829311736,2.85457446598
2013-08-04,10.3037068958,0.738202877075,0.70039246759
2013-08-04,10.3010061739,0.738202871765,0.702192940491
2013-08-20,10.5250566542,0.69363885583,0.642903788021
2013-08-20,10.5250566542,0.698140066584,0.653706714168
2013-09-05,10.5250566542,10.0045439121,10.5250566542
2013-09-21,10.5250566542,0.904954413594,0.747206365234
2013-09-21,10.5250566542,0.897752434163,0.748106602356
2013-10-07,10.5250566542,0.0,10.5232561756
2013-10-23,10.5250566542,0.360099336914,0.451924576294
2013-10-23,10.5250566542,0.360099350403,0.456425822388
2013-11-08,10.5250566542,0.348396147888,0.446523116943
2013-11-08,10.5250566542,0.348396145752,0.447423366455
2013-11-24,10.5250566542,0.345695400757,0.354697853516
2013-11-24,10.5250566542,0.345695388733,0.353797603333
2013-12-10,10.5089653546,8.91487149962,9.11913529332
2013-12-10,10.5080651177,8.91412306487,9.10981159951
2013-12-26,10.5083510725,10.5083510725,10.5083510725
2013-12-26,10.512117949,10.512117949,10.512117949
2014-01-11,10.4179211147,0.389807477234,0.3961092146
2014-01-11,10.419792199,0.387106735168,0.396109212158
2014-01-27,9.55098019089,0.0,9.55098019089
2014-02-12,9.73596789944,5.6601427438,9.70432177579
2014-02-12,9.73150551895,5.66069005306,9.70901713754
2014-02-28,10.5250566542,0.464527922485,0.562654841675
2014-02-28,10.5250566542,0.468128885254,0.565355568359
2014-03-16,10.5250566542,5.81885481105,10.2173265944
2014-03-16,10.5250566542,5.81760144154,10.2220819935
2014-04-01,10.5250566542,0.682387523132,10.4827450209
2014-04-01,10.5250566542,0.682387514221,10.4845455132
2014-04-17,10.5250566542,2.99243271055,6.22637801293
2014-04-17,10.5250566542,2.99879093934,6.22431268712
2014-05-03,10.520220091,3.86056616682,9.46889452867
2014-05-19,10.3953021409,8.24556704333,10.3953021409
2014-05-19,10.399227898,8.26906525971,10.399227898
2014-06-04,10.5034509672,0.817424511719,0.867838189941
2014-06-20,10.5250566542,0.786816155029,0.805721266663
2014-06-20,10.5250566542,0.787716391479,0.805721241455
2014-07-06,10.5250566542,0.748105549072,0.73910304071
2014-07-06,10.5250566542,0.747205314087,0.736402288452
2014-07-22,10.5250566542,2.60061662037,1.79296569236
2014-07-22,10.5250566542,2.59085506183,1.7986319967
2014-08-07,10.4527868887,0.645477520386,0.604066166504
2014-08-07,10.4536871302,0.64277681842,0.601365455933
2014-08-23,10.5250566542,5.64990805602,0.384233033884
2014-08-23,10.5250566542,5.65778425665,0.386905489937
2014-09-24,10.5250566542,4.67438114734,1.52549222214
2014-09-24,10.5250566542,4.676241834,1.52720454624
2014-10-10,10.5250566542,0.423116650391,0.346595680542
2014-10-10,10.5250566542,0.428518151123,0.343894948425
2014-10-26,10.5250566542,8.42363844667,8.71582258011
2014-10-26,10.5250566542,8.42092353364,8.72101228256
2014-11-11,10.5250566542,3.82724931344,10.5250566542
2014-11-27,10.5250566542,0.604066265198,1.2556941521
2014-11-27,10.5250566542,0.601365566467,1.25960585907
2014-12-13,10.5250566542,0.52509517148,1.05060812363
2014-12-13,10.5250566542,0.41321386969,0.460026763916
2014-12-29,10.5250566542,9.68781680044,10.4564263358
2015-01-14,10.5250566542,0.640076154236,1.0365065902
2015-01-14,10.5250566542,0.641876646973,1.04307663443
2015-01-30,10.477389931,9.99442650014,10.477389931
2015-03-03,10.5250566542,0.795818723022,0.87053916571
2015-03-03,10.5250566542,0.785915972107,0.872339642456
2015-03-19,10.5250566542,9.83618687531,10.5070518026
2015-03-19,10.5250566542,9.84769585531,10.5078814442
2015-04-20,10.5250566542,0.812923342346,1.28031486934
2015-04-20,10.5250566542,0.811122852295,1.27723637377
2015-05-06,10.5250566542,0.816524293152,7.75291202876
2015-05-06,10.5250566542,0.819225044739,7.72789935473
2015-05-22,10.5250566542,0.862436894714,0.936256998474
2015-05-22,10.5250566542,0.865137609985,0.944359140381
2015-06-07,10.5250566542,0.855234935913,0.905648663147
2015-06-07,10.5250566542,0.854334688599,0.902947922668
2015-06-23,10.5250566542,0.817424634644,0.850733677063
2015-06-23,10.5250566542,0.812923381165,0.848933154602
2015-07-09,10.5250566542,0.760709070801,0.776013201294
2015-07-09,10.5250566542,0.76611050238,0.778713939575
2015-07-25,10.5250566542,1.5488703052,1.19832955709
2015-07-25,10.5250566542,1.54539649215,1.19208078954
2015-08-26,10.5250566542,1.58789612533,0.940462714441
2015-08-26,10.5250566542,1.58816089966,0.938662269433
2015-09-11,10.5178547648,1.00785461555,0.870007254013
2015-09-11,10.5178547648,1.00533390735,0.879782860495
2015-09-27,10.2865705655,0.485233699951,0.456425771179
2015-09-27,10.2838698197,0.487034372131,0.459126697327
2015-10-13,10.5250566542,0.462727558899,0.432119131104
2015-10-13,10.5250566542,0.464528043152,0.425817396912
2015-10-29,10.5250566542,4.78973296661,4.45809514016
2015-10-29,10.5250566542,4.8211251056,4.47255905839
2015-11-14,10.5250566542,8.18286218464,8.98355858585
2015-11-14,10.5250566542,8.16663304661,8.98043068517
2015-11-30,10.5250566542,10.0756220951,10.5214556977
2015-11-30,10.5250566542,10.072681335,10.5223559377
2015-12-16,10.5250566542,10.5250566542,10.5250566542
2015-12-16,10.5250566542,10.5250566542,10.5250566542
2016-01-01,10.5250566542,10.5250566542,10.5250566542
2016-01-17,10.4091270199,0.0,4.12886629364
2016-02-02,10.4531152412,0.450544195144,1.02489502569
2016-02-02,10.4559254057,0.447815122821,1.04632084849
2016-02-18,10.5250566542,0.647326722849,1.00081192631
2016-02-18,10.5250566542,0.647326655222,0.994732666852
2016-03-05,10.5250566542,0.487934425049,0.474430700562
2016-03-05,10.5250566542,0.490635164368,0.477131432495
2016-03-21,10.5250566542,0.491535384705,0.532046483765
2016-03-21,10.5250566542,0.492435668579,0.534747260254
2016-04-06,10.5250566542,10.5250566542,10.5250566542
2016-04-22,10.5250566542,10.5250566542,10.5250566542
2016-04-22,10.5250566542,10.5250566542,10.5250566542
2016-05-08,10.5250566542,4.27677878629,6.3585390534
2016-05-08,10.5250566542,4.26330318825,6.35249152059
2016-05-24,10.5250566542,0.737302629517,0.706694189636
2016-05-24,10.5250566542,0.731000886902,0.707594427307
2016-06-09,10.5224724467,2.35144243409,10.5224724467
2016-06-25,10.5250566542,0.686888841248,0.641876448547
2016-06-25,10.5250566542,0.684188145447,0.638275536682
2016-07-11,10.5250566542,0.615769379883,0.568056258179
2016-07-11,10.5250566542,0.619370358765,0.570756998413
2016-07-27,10.5250566542,0.564455362671,0.51854271228
2016-07-27,10.5250566542,0.56265486322,0.519442954163
2016-08-12,10.5250566542,0.520343310791,0.478931906311
2016-08-12,10.5250566542,0.529345805115,0.478031666199
2016-08-28,10.5250566542,0.713421659416,0.591334610261
2016-08-28,10.5250566542,0.7332764323,0.611782450337
2016-09-13,10.4749433846,0.491535444641,0.433019341248
2016-09-13,10.4748304123,0.492435691284,0.431218849976
2016-09-29,10.1215997085,10.1215997085,10.1215997085
2016-10-15,9.96917149755,0.433919644409,0.39520897229
2016-10-15,9.96660846404,0.442021859131,0.397009470337
2016-10-31,10.0726084769,7.09306856476,5.41595862239
2016-10-31,10.0712563877,7.10062008056,5.4533451954
2016-11-16,10.4418992408,0.593569904377,0.491450861058
2016-11-16,10.4409990072,0.58546776894,0.49325136118
2016-12-02,10.1785869054,0.518528595025,0.675295578133
2016-12-02,10.1713849262,0.510426379021,0.668838553703
2017-01-03,10.0571135652,1.94462667894,10.055313076
2017-01-03,10.0597719114,1.92763144697,10.0597719114
2017-01-19,10.3997044988,0.756207896484,0.983486965152
2017-01-19,10.3979040179,0.756207867432,0.980729691775
2017-02-04,10.1549122348,10.1430959273,10.1549122348
2017-02-20,10.5250566542,0.70939507196,0.790021688699
2017-02-20,10.5250566542,0.706694289734,0.775631854618
2017-03-08,10.5250566542,0.666183171692,0.854051968506
2017-03-08,10.5250566542,0.664382672974,0.862154186463
2017-03-24,10.5250566542,1.26516804832,3.42514674595
2017-03-24,10.5250566542,1.27351036208,3.43298435136
2017-04-25,10.5127357676,5.67095667128,6.23739873262
2017-04-25,10.5154364785,5.67513651695,6.25593307854
2017-05-11,10.4510570213,0.542849400818,0.675185632751
2017-05-11,10.4492565368,0.541048927979,0.670684410034
2017-05-27,10.4245723358,1.49587441148,1.72417566843
2017-05-27,10.4236720949,1.49028929755,1.73758050773
2017-06-12,10.2286477124,3.68827576642,2.95058560869
2017-06-12,10.2232462342,3.67934393109,2.9610073026
2017-06-28,10.1249641399,10.0641954706,9.9947919344
2017-06-28,10.1196473736,10.0612511146,9.99958971491
2017-07-14,10.1344854578,0.469029268982,0.452824758301
2017-07-14,10.1363000821,0.472630278748,0.450124010986
2017-07-30,10.3173765079,0.471729994812,0.447423269958
2017-07-30,10.3191770007,0.471729999084,0.444722526917
2017-08-15,10.4854497224,10.4658986168,10.4854497224
2017-08-31,10.4006788546,0.444722593262,0.406011936951
2017-08-31,10.4051800618,0.446523087341,0.406011936951
2017-09-16,10.4321837466,0.469029302063,0.344795217346
2017-09-16,10.4376840366,0.469029272644,0.347495937012
2017-10-02,10.0528454695,9.87914330457,10.0528454695
2017-10-18,9.72314901121,0.387106704956,0.367301256653
2017-10-18,9.73217970315,0.386206453857,0.363700262939
2017-11-03,9.67113594229,0.554552755615,0.586061417969
2017-11-03,9.67071234907,0.556353243958,0.588762144348
2017-11-19,9.5361555168,0.572963439489,0.807077142154
2017-11-19,9.54362228092,0.56773142773,0.812464539184
2017-12-05,9.61128236893,0.508639997681,2.72903289026
2017-12-05,9.60806265499,0.506839500671,2.71584351701
2017-12-21,9.65604719722,0.208661811144,9.65514694344
2018-01-06,9.71207775221,0.477131249939,0.526644843445
2018-01-06,9.71570349849,0.470829510681,0.532046316406
2018-01-22,9.89470846259,4.9561859509,9.70653806566
2018-01-22,9.88840670618,4.94625488987,9.69460886095
2018-02-07,10.4744526755,0.530245913574,0.730972791595
2018-02-07,10.4744526723,0.53294665387,0.723333028307
2018-02-23,10.2667369294,9.9270849304,10.2667369294
2018-02-23,10.2657519577,9.92376636316,10.2657519577
2018-03-11,10.1097303647,0.541949155884,0.645082107537
2018-03-11,10.104611305,0.548250892639,0.643281630975
2018-03-27,10.0174849806,1.20591441286,3.70909153059
2018-03-27,10.0147842367,1.21757192034,3.66012170777
2018-04-12,10.0233982507,10.0233982507,10.0233982507
2018-04-12,10.024298509,10.024298509,10.024298509
2018-04-28,10.152423279,10.0543810789,10.1479220573
2018-04-28,10.1525362728,10.0513449801,10.1471347983
2018-05-14,10.1910739733,0.610367927185,0.612168358276
2018-05-14,10.1946467137,0.60316594873,0.606766866394
2018-05-30,9.98557029408,8.20936012913,8.82324055943
2018-05-30,9.99771128673,8.22792990817,8.82716290236
2018-06-15,9.97767626755,1.03438420758,0.877741485657
2018-06-15,9.97327388795,1.04338684521,0.877741637878
2018-07-01,10.1079157311,0.467228745178,0.449223741333
2018-07-01,10.1061152506,0.467228771545,0.454625263306
2018-07-17,10.1566386469,0.453725077393,0.435720054688
2018-07-17,10.1638688617,0.449223837036,0.43391955719
2018-08-02,9.94292671663,0.408712640198,0.354697743835
2018-08-02,9.95102894344,0.405111645874,0.356498237488
2018-08-18,9.85517154826,0.423116591919,0.400610374207
2018-08-18,9.85400300727,0.427617820496,0.394308633728
2018-09-03,9.93437225844,2.5655302371,2.93944412471
2018-09-03,9.93127607637,2.5873195274,2.94019237201
2018-09-19,9.89998992543,0.486133946533,0.501438199158
2018-09-19,9.89548864589,0.486133947937,0.502338437134
2018-10-05,10.0340352415,4.09448203292,5.02739954158
2018-10-05,10.0385365173,4.07062722826,5.0041270088
2018-10-21,9.94724438448,2.22307085419,3.47328869244
2018-10-21,9.95835446818,2.22090323295,3.48693362292
2018-11-06,9.79365449843,0.955162154053,1.22288796758
2018-11-06,9.80026686946,0.95876307959,1.23338369843
2018-11-22,9.75361257765,0.577958561584,1.28981866708
2018-11-22,9.74995512236,0.580659297058,1.28353101984
2018-12-08,9.70886863454,0.927254456055,1.98589438326
2018-12-08,9.70207262968,0.938957601624,1.99942631918
2018-12-24,9.76309195268,0.937157267456,1.87538408703
2018-12-24,9.76310604248,0.947059962769,1.86762774909
2019-01-09,9.78538973596,0.117032214417,7.48009140451
2019-01-25,9.79276114989,0.0,9.79276114989
2019-02-10,9.77750988956,0.827327062744,0.987570887146
2019-02-10,9.77607653671,0.817424342224,0.997473585083
2019-02-26,9.72174035665,2.12451263644,4.38821163721
2019-02-26,9.72473765532,2.13973212818,4.39174559977
2019-03-14,9.71205651051,1.92061747249,5.000264963
2019-03-14,9.71243427113,1.91575976971,5.01403710163
2019-03-30,9.70682136123,0.910149878052,1.08119658337
2019-03-30,9.71268880627,0.911050093323,1.09470028485
2019-04-15,9.70763650615,0.861660122161,1.04794037031
2019-04-15,9.71145281432,0.858059101409,1.04523958156
2019-05-01,9.71126593524,1.98547832654,3.53265560253
2019-05-01,9.71471156712,1.9947174926,3.57369645087
2019-05-17,9.75588652652,0.880441775391,1.11180493713
2019-05-17,9.75402952402,0.884042791565,1.12080741333
2019-06-02,9.72898524886,0.869638742737,0.977668138916
2019-06-02,9.73463384675,0.871439234924,0.981269113281
2019-06-18,9.65196949078,0.798519326172,0.889444103394
2019-06-18,9.65341696867,0.794918298462,0.881341815979
2019-07-04,9.59061865959,0.747205133118,0.833628742004
2019-07-04,9.59511987376,0.749905830078,0.830928004517
2019-07-20,9.6224416561,0.742704014893,0.801219996948
2019-07-20,9.62560841518,0.740903529785,0.80482094342
2019-08-05,9.59395506545,0.692290100281,0.740903360962
2019-08-05,9.59380326238,0.697691591675,0.743604091064
2019-08-21,9.66781756205,1.54581901536,1.05815334225
2019-08-21,9.6667796397,1.5449999014,1.05545259213
2019-09-06,9.7099598576,1.61487022576,1.16585800052
2019-09-06,9.70598111775,1.6124059878,1.15889253477
2019-10-08,9.68324880483,0.702193043945,0.927124325627
2019-10-08,9.68493630365,0.702193016785,0.920822566838
2019-10-24,9.60199365661,8.58868409212,9.60199365661
2019-10-24,9.59823740805,8.61702602215,9.59823740805