Date,Rarea,NDWI,MNDWI
2000-02-15,1288.73473741,995.1481585,681.059980791
2000-03-18,1288.38748813,1121.80782123,942.302108774
2000-04-03,1287.60685131,425.248417738,354.548349648
2000-04-19,1281.16795258,1023.51944119,874.031351751
2000-06-22,1295.03868254,285.789104658,244.180624788
2000-11-29,1288.6796605,1199.60008267,1174.86340443
2000-12-15,1291.21081252,651.022006487,560.944982355
2001-01-16,1293.54330998,1168.0594357,1190.3930745
2001-02-01,1291.25678759,1106.75988018,1099.56049671
2001-02-17,1290.01074656,949.973549143,946.942474347
2001-04-06,1282.28077784,741.911834241,641.524880938
2001-04-22,1289.61799582,1095.2087763,897.148112609
2001-05-08,1291.69096493,256.870339572,242.460483522
2001-08-12,1293.23796101,1293.23796101,277.85018984
2001-08-28,1292.23168313,1280.76362194,245.951499443
2001-09-13,1302.01562635,1301.6955618,733.766126689
2001-09-29,1305.28818433,1305.05564276,1123.2479611
2001-10-15,1291.89102842,1062.37311686,399.000104286
2001-10-31,1289.23403331,1254.41957088,1289.23403331
2001-11-16,1291.4909017,1156.54267509,1039.93421721
2001-12-02,1299.4954611,1083.96144245,1175.73786873
2001-12-18,1303.19199389,974.287559683,870.1752986
2002-01-03,1292.11164705,1148.47521471,1164.10556685
2002-02-20,1279.640569,580.672413971,536.985935879
2002-03-08,1289.81507798,759.006193885,823.746130651
2002-03-24,1284.61578931,1057.60519604,1284.61578931
2002-04-09,1284.71087697,603.875657,552.480648491
2002-04-25,1291.63149565,242.801853731,239.743892539
2002-05-11,1289.17487731,251.481231766,242.384804008
2002-05-27,1293.23796101,305.011205873,240.848023492
2002-06-28,1292.39769554,1290.2223386,317.993651917
2002-07-14,1296.83219259,1296.83219259,304.241276147
2002-08-15,1296.72203901,1296.72203901,295.285409492
2002-08-31,1294.10348902,1294.10348902,592.576562775
2002-09-16,1299.05030123,890.96031061,236.418586443
2002-10-02,1308.23765614,1104.08577039,1127.52145112
2002-10-18,1307.39331594,246.643413074,273.591825677
2002-12-05,1303.63291652,402.347152299,299.369610945
2002-12-21,1299.94752545,508.001474906,812.746153287
2003-01-06,1290.03852128,997.120451755,1000.60378306
2003-01-22,1290.83375217,387.315450836,408.883420966
2003-02-07,1286.19935001,287.335749661,251.801270993
2003-02-23,1279.16041627,1278.7603215,1279.16041627
2003-03-11,1294.57108804,799.697610453,690.245007773
2003-03-27,1290.41652196,248.818915042,290.378117451
2003-04-12,1293.93841675,575.432324937,467.237519678
2003-08-02,1154.76990541,1154.02190402,553.606009728
2003-08-18,1167.00430246,318.605675321,244.803674344
2003-09-19,1168.44186667,1137.42466282,206.015560141
2003-10-05,1180.16371615,848.044252117,200.894043734
2003-10-21,1181.24608318,1053.38345571,490.495552142
2003-11-22,1183.23827848,534.891269827,361.21470271
2003-12-08,1173.81638791,1099.19608477,1111.0621086
2003-12-24,1176.70347611,541.843171607,551.320029727
2004-02-10,1166.37352783,1055.22526548,902.151168015
2004-04-14,1160.4436544,865.014284054,756.749703575
2004-04-30,1157.5409152,209.20165748,196.277102856
2004-05-16,1169.85536036,266.747416025,201.891038476
2004-06-01,1168.61613679,271.405798363,196.969822931
2004-08-04,1145.74930514,1141.17716893,181.685131495
2004-08-20,1162.48120182,1162.48120182,575.836115087
2004-09-05,1165.14557771,1111.59067634,173.674554202
2004-09-21,1170.27132186,178.847472336,167.240535988
2004-10-07,1165.89803211,384.962547787,636.90721103
2004-12-10,1170.75770158,343.364559336,664.247411376
2005-03-16,1170.61222186,895.816431751,717.614872204
2005-04-01,1160.45259246,182.709138393,218.456491034
2005-04-17,1140.4909543,179.925940501,223.391069949
2005-05-03,1155.91315879,593.034844004,238.221359679
2005-08-07,1167.83495789,1167.03460996,220.985580771
2005-08-23,1160.85061847,1160.69056679,216.269476563
2005-09-08,1152.05299737,224.174350299,205.097088028
2005-09-24,1163.31158665,190.475184289,201.574074992
2005-10-10,1164.53381817,910.659922465,911.159909361
2005-12-29,1157.65308528,158.040403711,517.624142859
2006-01-30,1168.88141746,1069.15217536,881.722145893
2006-04-04,1156.58928962,792.138399679,730.048020125
2006-04-20,1149.80820291,186.448632145,210.387147902
2006-09-11,1174.95324939,1125.03757764,216.098422469
2006-09-27,1174.90652848,1174.45654995,1171.07487106
2006-10-13,1169.57108309,937.92379795,1036.52145446
2007-01-17,1157.72641699,887.352999356,930.39314489
2007-02-18,1172.41269703,1164.9229107,1169.06915739
2007-03-22,1178.93338676,195.917414225,366.683217285
2007-04-07,1176.29972401,923.709588258,951.497708119
2007-04-23,1171.17709979,213.633957214,253.351576708
2007-05-09,1162.11385208,229.5573237,213.458522526
2007-05-25,1148.38810261,427.227164787,213.476733006
2007-08-29,1159.78269878,1159.3425321,222.273767348
2007-09-14,1156.59002933,1156.36564474,233.085768318
2007-10-16,1167.1349189,1067.99950164,225.523182193
2008-04-09,1166.8540457,995.448144865,730.745288355
2008-05-11,1181.76179556,302.305692507,224.065111042
2008-06-12,1174.96117683,559.721802104,213.777361273
2008-08-31,1164.26497479,271.440529536,213.258703925
2008-09-16,1169.38129501,201.285710237,200.93364709
2008-10-02,1175.04539568,995.469622541,201.133823148
2008-10-18,1163.91122628,192.583291817,197.289603539
2009-03-11,1158.76663988,191.035252413,295.559695215
2009-03-27,1168.7190772,194.531387598,219.71455371
2009-04-12,1179.65400529,239.433182819,228.727285557
2009-04-28,1184.63668148,839.023498004,635.154321488
2009-05-14,1186.74981071,269.381440923,224.783328368
2009-09-03,1158.26469803,1156.12340225,213.387402706
2009-10-21,1162.33773623,995.837044758,1162.17769509
2009-12-08,1150.77516176,768.64654797,794.014424758
2010-03-14,1197.49363581,225.140045371,224.45987059
2010-03-30,1193.79045604,261.500179705,262.500651556
2010-04-15,1188.76772474,957.589697522,842.70020489
2010-05-01,1174.70247371,778.667729908,309.723227869
2010-05-17,1151.48731878,244.930926724,205.827978896
2010-09-22,1173.22173661,1090.1698079,308.190341912
2010-10-08,1156.04459446,1075.05338257,202.479807055
2011-01-28,1149.35469316,1100.83555327,1111.83742593
2011-04-02,1152.31726889,193.453746872,227.774552618
2011-04-18,1143.40353548,660.923318145,591.63749666
2011-05-04,1145.66547177,296.991447734,229.574754427
2011-09-09,1148.70468269,306.989873485,194.665390931
2011-09-25,1155.8868271,223.657572397,202.922650861
2011-10-11,1147.30708081,842.431978729,840.95770069
2011-12-30,1174.6614041,186.349314385,432.207368238
2012-01-15,1163.82328597,679.285719997,1039.46505013
2012-02-16,1164.84556831,1148.66296075,987.477127219
2012-03-19,1154.9507451,693.578042905,668.545540669
2012-04-04,1152.74399152,197.732663761,433.940072089
2012-04-20,1168.15134489,196.390222387,180.687719672
2012-05-22,1226.83342451,468.132280848,197.703621665
2012-09-11,1142.5807922,1142.5807922,1140.23093297
2012-10-13,1147.09133103,1140.81521252,869.205492364
2012-10-29,1155.14937114,638.063580579,153.446893791
2012-11-14,1158.05026597,754.277966592,530.060131464
2012-11-30,1145.97674624,185.288091288,246.944620367
2013-01-01,1158.91425015,549.126965486,411.915488943
2013-01-17,1147.55104142,139.280273775,177.247411397
2013-02-18,1153.75459772,1113.31277226,1050.70789188
2013-03-06,1149.68389629,702.194046755,615.311724889
2013-03-22,1139.54297464,859.505735416,734.471427425
2013-04-23,1135.06995603,217.465279528,193.705619733
2013-05-09,1145.19248716,258.418119427,192.573152831
2013-05-25,1153.20924985,505.084775911,189.640170437
2013-06-26,1149.93052042,1092.80063061,192.078224489
2013-10-16,1164.28799302,156.478804572,159.401098582
2013-11-01,1149.50453259,153.194954318,156.000229918
2013-11-17,1147.87127082,277.005572375,157.491512842
2013-12-03,1159.73126432,552.869680488,1155.36945843
2014-01-04,1156.08660918,567.172673697,518.623892422
2014-03-09,1150.09469122,413.738302665,867.141580679
2014-03-25,1142.30224179,178.422041146,249.240503849
2014-04-26,1157.46957144,699.835238841,569.208890457
2014-05-12,1155.68875007,243.716212351,208.295754328
2014-05-28,1156.5366482,352.777778421,205.279698408
2014-06-13,1145.32569344,567.766906966,205.152216279
2014-06-29,1151.95612293,967.893709102,207.341582978
2014-07-15,1144.31882701,1086.56112608,208.717925224
2014-07-31,1155.57486975,205.379631059,200.733349648
2014-11-04,1152.92000077,922.48330708,498.660913177
2015-02-24,1155.58072089,997.921235888,1073.56680852
2015-04-29,1143.08190407,170.043584617,212.203893547
2015-05-15,1146.64421204,779.230123205,323.412535859
2015-05-31,1147.83948137,328.684561157,186.958653519
2015-06-16,1149.51269433,198.783290057,196.435386573
2015-07-18,1148.70516396,457.004553511,227.628211041
2015-08-03,1147.63627173,242.083384431,188.577913913
2015-09-04,1137.25025133,301.554283811,194.744260717
2015-09-20,1155.13777207,207.554799041,182.167966352
2015-10-06,1146.97390602,908.109883377,168.964115344
2015-10-22,1153.9754557,158.997682351,163.282213125
2015-11-07,1151.39435923,152.639822449,153.999588848
2015-11-23,1150.54327289,470.973144882,696.589995904
2015-12-09,1157.21092591,717.034227574,576.95198317
2016-03-14,1148.35988825,498.553126351,309.870000325
2016-03-30,1141.63741517,644.740664731,528.755544308
2016-04-15,1144.77133481,306.033799536,236.295245558
2016-05-01,1146.71947065,727.392120649,455.226326054
2016-05-17,1138.66871636,269.772605792,187.64940041
2016-06-02,1154.60236267,184.69920837,192.891313316
2016-06-18,1147.31405958,232.96082951,201.231575405
2016-07-04,1142.64738556,1044.03680376,192.331055461
2016-08-05,1139.16105099,221.49319289,188.695703255
2016-08-21,1135.65236758,782.79683743,249.87221393
2016-09-06,1150.10831959,408.05679616,264.719998751
2016-09-22,1156.72352194,167.419812677,175.605874242
2016-10-08,1168.41557179,940.889356241,182.877344678
2016-10-24,1164.63177183,254.23207617,289.12175513
2016-11-09,1153.19383384,698.229155682,174.307161187
2016-11-25,1156.76159167,502.534337727,625.890353621
2016-12-11,1157.86203723,152.761663129,160.153323759
2016-12-27,1151.01300394,142.71680566,187.768166134
2017-01-28,1142.60066346,148.834983565,289.320939099
2017-02-13,1138.93334004,415.26311793,800.612948444
2017-03-17,1146.0154168,497.755723927,455.418291041
2017-04-02,1139.07464409,733.406842322,500.069058992
2017-04-18,1151.12276083,739.84961421,668.253889143
2017-05-04,1156.63611268,176.694962811,203.143548689
2017-05-20,1153.99896575,235.943435102,267.463776279
2017-06-05,1159.98499318,186.003448429,198.29249702
2017-07-07,1165.69122133,1164.73898302,265.143935384
2017-07-23,1165.04093576,1164.76085806,229.998325316
2017-08-08,1152.46909663,1152.46909663,244.521600702
2017-08-24,1149.25006341,1149.25006341,220.863774438
2017-09-09,1152.25568322,1148.5605796,194.931771668
2017-09-25,1156.06812808,1059.60680714,185.248774336
2017-10-27,1186.98781694,1152.69896575,984.034889149
2017-11-12,1192.03796427,475.377207657,275.18431067
2017-12-14,1184.96386622,1170.998532,1168.91654647
2018-01-15,1162.58753728,544.337280192,396.343432501
2018-02-16,1138.49303785,169.963668414,530.267905037
2018-04-21,1139.01821388,225.212224855,197.086116148
2018-05-07,1130.4462026,479.269790699,335.201557341
2018-05-23,1137.32625476,176.968824699,191.690006492
2018-06-08,1138.7537205,178.485808395,193.130382625
2018-06-24,1140.01137306,204.814813552,202.493447102
2018-07-10,1129.44514824,843.668935132,190.689812125
2018-07-26,1138.8088745,1107.21445614,195.755598156
2018-08-11,1137.70820068,419.632216403,228.561220687
2018-09-12,1137.54654608,1040.6190315,189.529540617
2018-09-28,1132.93431457,1119.29213314,209.280328693
2018-10-14,1130.52957018,1024.8133463,383.812060982
2018-10-30,1137.90775501,1126.77806724,1108.30519311
2018-11-15,1145.64137917,1032.48743753,1024.41496033
2019-01-02,1146.09207268,592.6568136,412.198316922
2019-03-23,1139.71938463,236.921319507,381.066149556
2019-04-24,1137.64705482,223.369569464,197.060259362
2019-05-26,1129.67729943,352.334889243,192.745309089
2019-06-11,1138.88188484,210.448409676,224.304310367
2019-06-27,1139.60202534,1091.79121073,201.956126118
2019-07-13,1142.57332193,1135.21199181,210.906411822
2019-07-29,1144.05793517,1062.55469752,182.660242706
2019-08-14,1139.29601071,213.456031151,181.595032939
2019-08-30,1135.4438245,389.523379672,278.191125637
2019-10-17,1136.4754548,1091.68548836,908.305798438