Date,Rarea,NDWI,MNDWI
2000-04-07,8.03602884339,0.789031004822,0.88923702312
2000-06-10,8.03602884339,0.919031441294,0.932807164478
2000-07-28,8.03602884339,0.881805199097,0.878329478398
2000-09-30,8.03602884339,8.03602884339,5.34149388127
2000-10-16,8.03602884339,7.56000697565,0.849379266418
2000-11-17,8.03602884339,6.6623879717,0.841272783752
2001-01-04,8.03602884339,6.32602721056,0.816052615051
2001-02-05,8.03602884339,6.02380906296,0.79803820874
2001-03-09,8.03602884339,4.01995012297,0.817854055908
2001-04-26,8.03602884339,0.855684308044,0.955890327136
2001-07-31,8.03602884339,1.0187994635,0.913330410339
2001-09-01,8.03602884339,0.91684851623,0.886308799194
2001-09-17,8.03602884339,8.0288230802,0.875500155579
2001-10-03,8.03602884339,7.79600629957,0.866492952637
2001-10-19,8.03602884339,7.12868557446,0.849379266663
2001-11-20,8.03602884339,8.03602884339,7.84108469174
2001-12-06,8.03602884339,2.98382857996,0.94125273822
2001-12-22,8.03602884339,3.18513781616,0.892613841736
2002-01-23,8.03602884339,2.90839060594,0.883606638306
2002-02-08,8.03602884339,6.08826537967,4.41393931318
2002-02-24,8.03602884339,4.33933142737,0.880003756958
2002-03-28,8.03602884339,0.786328844055,0.878202316711
2002-05-15,8.03602884339,7.99909930823,0.96583710917
2002-06-16,8.03602884339,8.02792235993,0.928939363291
2002-07-02,8.03602884339,1.4844718576,0.953608506522
2002-07-18,8.03602884339,6.8585083891,3.54219751637
2002-08-03,8.03602884339,1.07652328563,0.874726596806
2002-08-19,8.03602884339,7.97044933784,5.39177530541
2002-09-20,8.03602884339,7.95162958089,0.906124646606
2002-10-06,8.03602884339,7.66534886923,0.862890071289
2002-10-22,8.03602884339,8.03602884339,8.03602884339
2002-11-07,8.03602884339,7.11019077782,0.841272783752
2002-12-09,8.03602884339,7.47426900876,0.811549013855
2002-12-25,8.03602884339,6.68479294105,1.0313247644
2003-01-26,8.03602884339,4.73089745682,0.834067021667
2003-02-11,8.03602884339,7.16303304473,0.823258378357
2003-02-27,8.03602884339,7.33450547029,0.814251174805
2003-03-15,8.03602884339,6.75534936997,0.785428124084
2003-05-02,8.03602884339,6.86144715125,0.791058509509
2012-05-10,6.87936266781,1.49681000021,0.908148647194