Date,Rarea,NDWI,MNDWI
2000-01-27,15.9176422512,14.1986432318,6.31736049665
2000-01-27,15.9176422512,14.1987137156,6.31899021253
2000-03-06,15.9176422512,8.99518167936,3.90644923388
2000-03-31,15.9176422512,1.37482148462,2.14402821588
2000-03-31,15.9176422512,1.37102594084,2.14548844716
2000-04-23,15.9176422512,1.0784816499,1.6868920212
2000-06-03,15.9176422512,15.0343838531,8.98048610748
2000-06-03,15.9176422512,15.0475938839,8.99604578152
2000-08-22,15.9176422512,15.8573765918,1.56726401201
2000-08-22,15.9176422512,1.18641953174,1.57086194066
2000-08-29,15.9176422512,15.6591442638,1.51383096277
2000-09-07,15.9176422512,15.9167427533,1.68257811126
2000-09-23,15.9176422512,15.4112378172,1.7793741332
2000-10-09,15.9176422512,15.3975024931,1.58230477057
2000-10-09,15.9176422512,15.4062289518,1.57857993489
2000-10-16,15.9176422512,14.3781126001,1.35732065649
2000-11-10,15.9176422512,13.965668618,1.53464686468
2000-11-10,15.9176422512,13.9678343177,1.54184278302
2000-12-12,15.9176422512,15.7218848969,4.95825520838
2000-12-28,15.9176422512,10.6405612585,1.93224360285
2000-12-28,15.9176422512,10.6744489349,1.92886782447
2001-01-13,15.9176422512,8.93950310378,2.34298738449
2001-01-13,15.9176422512,8.95045558177,2.34257817515
2001-01-20,15.9176422512,11.5162350096,5.91212940434
2001-02-14,15.9176422512,7.31262616282,1.85758393674
2001-02-14,15.9176422512,7.29512350999,1.86388041025
2001-02-21,15.9176422512,15.8726674888,11.9199216896
2001-03-02,15.9176422512,11.3812642668,15.9176422512
2001-04-03,15.9176422512,4.50915716538,1.6046789397
2001-04-03,15.9176422512,4.5137956167,1.60827684796
2001-04-19,15.9176422512,11.3893826765,5.50034188595
2001-04-19,15.9176422512,11.3966492704,5.49684623895
2001-04-26,15.9176422512,15.911345804,0.0
2001-05-21,15.9176422512,1.00298264293,1.02181575928
2001-05-21,15.9176422512,0.99054498133,1.01821765723
2001-06-22,15.9176422512,1.08117997455,1.38070732678
2001-08-09,15.9176422512,5.41614941647,1.81574400541
2001-08-16,15.9176422512,6.01179426259,1.94431308697
2001-08-25,15.9176422512,15.8743115575,1.79674254099
2001-08-25,15.9176422512,15.8729677151,1.81743032053
2001-09-01,15.9176422512,15.9014515622,1.97325224702
2001-09-10,15.9176422512,15.5620222648,1.50933294958
2001-09-10,15.9176422512,15.554074944,1.50393613892
2001-09-17,15.9176422512,15.3512981203,1.36631525244
2001-09-26,15.9176422512,15.8680578051,1.49494125311
2001-09-26,15.9176422512,15.8689572259,1.50033818036
2001-10-12,15.9176422512,14.3133974501,1.21880020673
2001-10-12,15.9176422512,14.298624611,1.21340328876
2001-10-19,15.9176422512,8.85869894444,6.1472852213
2001-10-28,15.9176422512,15.6945873253,9.41004671164
2001-11-04,15.9176422512,14.7390395697,1.18641871429
2001-11-29,15.9176422512,15.8969538178,2.33976929037
2001-12-06,15.9176422512,11.5748523029,2.04508058409
2001-12-15,15.9176422512,15.9176422512,15.900777548
2001-12-15,15.9176422512,15.9176422512,15.8976310586
2001-12-31,15.9176422512,13.2652022841,10.5117842748
2001-12-31,15.9176422512,13.2309478219,10.4780490286
2002-01-07,15.9176422512,3.71934886061,1.78769454538
2002-01-16,15.9176422512,7.57119904768,3.02246719532
2002-01-16,15.9176422512,7.56173513756,3.01973363504
2002-01-23,15.9176422512,2.36604100531,1.58592067285
2002-02-01,15.9176422512,12.8355658328,5.3035387082
2002-02-01,15.9176422512,12.8470086853,5.30463568726
2002-02-08,15.9176422512,10.3634572358,3.278601111
2002-02-24,15.9176422512,4.02706291521,1.50109268794
2002-03-05,15.9176422512,13.8319376396,2.62508626342
2002-03-05,15.9176422512,13.8408124667,2.62933680845
2002-03-12,15.9176422512,10.5724232178,1.98265534773
2002-03-21,15.9176422512,10.891224163,1.30335164917
2002-03-21,15.9176422512,10.8877392504,1.30245211646
2002-03-28,15.9176422512,9.66380246633,1.25477960425
2002-04-06,15.9176422512,11.5088179845,1.23858881409
2002-04-06,15.9176422512,11.4811277619,1.2349909032
2002-04-22,15.9176422512,13.7155132784,1.3213413905
2002-04-22,15.9176422512,13.7380038072,1.32583885706
2002-05-08,15.9176422512,0.960649049316,1.23858885828
2002-05-08,15.9176422512,0.956151629883,1.23948827112
2002-05-15,15.9176422512,14.4028826279,1.27546760986
2002-05-24,15.9176422512,1.01191948792,1.27636701544
2002-05-31,15.9176422512,15.3641037821,1.24398571619
2002-06-09,15.9176422512,1.45664546391,0.288397240929
2002-06-16,15.9176422512,15.103046344,1.2044084693
2002-07-02,15.9176422512,12.3111493216,0.00719584454346
2002-07-11,15.9176422512,15.8285933986,1.23409135553
2002-07-11,15.9176422512,15.8249954519,1.23678985809
2002-07-18,15.9176422512,1.39896656327,1.31504490204
2002-07-27,15.9176422512,15.9158432574,1.28895989917
2002-07-27,15.9176422512,15.9158432574,1.28895998187
2002-08-03,15.9176422512,0.993929842102,1.18282082184
2002-08-12,15.9176422512,1.01012058069,1.19541363696
2002-08-12,15.9176422512,1.00202516516,1.19451417212
2002-08-19,15.9176422512,15.9122453391,1.25747798572
2002-08-28,15.9176422512,15.8125784534,1.26467378467
2002-08-28,15.9176422512,15.8075377161,1.25298034314
2002-09-13,15.9176422512,15.8203162179,9.0344334876
2002-09-20,15.9176422512,15.7165268495,1.58309103271
2002-09-29,15.9176422512,15.9176422512,1.40229489502
2002-09-29,15.9176422512,15.9176422512,1.40409367303
2002-10-15,15.9176422512,14.9961799823,1.10276680389
2002-10-15,15.9176422512,15.002247172,1.10726440021
2002-10-22,15.9176422512,15.1221783556,1.131362994
2002-11-16,15.9176422512,14.291667262,1.06318959741
2002-11-23,15.9176422512,14.4097964293,1.05869209344
2002-12-02,15.9176422512,13.3660658474,1.02361222888
2002-12-02,15.9176422512,13.3729797043,1.02451177765
2002-12-09,15.9176422512,15.3956456441,5.18700210477
2002-12-18,15.9176422512,15.9176422512,12.9884081504
2002-12-18,15.9176422512,15.9176422512,12.9646404256
2002-12-25,15.9176422512,0.440285768574,2.14297453713
2003-01-03,15.9176422512,13.685372302,2.97452991941
2003-01-03,15.9176422512,13.6904377447,2.9946499071
2003-01-19,15.9176422512,11.4532837231,0.885091828735
2003-01-19,15.9176422512,11.4565852622,0.886890791382
2003-01-26,15.9176422512,14.7151537967,10.3956702364
2003-02-11,15.9176422512,15.0884748398,12.7370196784
2003-02-20,15.9176422512,15.872798399,0.646649779385
2003-02-20,15.9176422512,15.8656024468,0.648589806097
2003-03-15,15.9176422512,9.78438254577,1.94917858989
2003-03-24,15.9176422512,15.8753951923,1.92367231785
2003-03-24,15.9176422512,15.8816633159,1.91951346986
2003-04-09,15.9176422512,12.7913834759,1.92507602089
2003-04-09,15.9176422512,12.7681098358,1.92777455397