Date,Rarea,NDWI,MNDWI
2000-03-31,11.091190109,2.72726031035,4.50033181632
2000-06-03,11.091190109,1.47203077327,1.69188684765
2000-08-22,11.091190109,1.48322484962,1.56559288856
2000-10-09,11.091190109,11.0377178587,1.79367561486
2000-11-10,11.091190109,10.0367640263,1.21994450245
2000-12-28,11.091190109,4.22342500054,2.45135688697
2001-03-18,11.091190109,2.60253224864,2.30239847816
2001-04-19,11.091190109,3.52930097733,4.1725424339
2001-05-21,11.091190109,6.67658162319,0.741578656393
2001-08-09,11.091190109,1.35903775758,1.47748684386
2001-08-25,11.091190109,7.34400669338,1.73443659002
2001-09-10,11.091190109,11.0221547119,1.45809816483
2001-09-26,9.49138679841,9.49138679841,6.07074477832
2001-10-12,10.5106595114,9.54856973134,1.43930032879
2001-10-12,11.091190109,10.1263758046,1.44379981084
2001-12-31,11.091190109,11.091190109,11.091190109
2002-01-16,11.091190109,1.67258993826,1.63029778504
2002-02-01,11.091190109,11.091190109,11.091190109
2002-03-05,11.091190109,11.0839909091,10.4764975465
2002-03-21,11.091190109,8.15786609335,1.03539345243
2002-04-06,11.091190109,6.04875887378,0.606914636989
2002-04-22,11.091190109,1.02787286641,1.0184364999
2002-05-08,11.091190109,1.14576035017,1.21744257976
2002-05-24,11.091190109,1.21775512294,1.08335669902
2002-06-09,11.091190109,2.04143693587,1.17114255708
2002-07-11,11.091190109,11.0481673681,2.71958580887
2002-07-27,11.091190109,11.091190109,11.091190109
2002-08-12,11.091190109,1.41667437288,1.43873445774
2002-08-28,11.091190109,11.0893902854,1.56210634147
2002-09-13,11.091190109,10.4739248041,5.17211134523
2002-09-29,9.81690375431,9.81690375431,1.49682242464
2002-09-29,11.091190109,11.091190109,1.54317660448
2002-10-15,11.091190109,11.0113946231,1.32806017458
2002-10-15,11.091190109,11.0059952079,1.34503125056
2002-11-16,10.5730278333,5.41732254589,1.83004908495
2002-12-02,10.8752987851,7.47137260975,1.24795469648
2002-12-02,11.091190109,7.5724510394,1.25774050672
2002-12-18,11.091190109,7.30689282994,1.12808372007
2003-01-03,11.091190109,7.18750572177,1.40082489723
2003-01-19,11.091190109,2.18884895782,1.38912665339
2003-02-20,11.091190109,4.32022665007,1.08237209025
2003-03-08,11.091190109,11.091190109,11.091190109
2003-03-24,11.091190109,2.61137400398,1.76361124177
2003-04-09,11.091190109,2.0276160244,1.7483126371
2003-08-31,11.091190109,7.14159659065,1.46021923042
2003-11-19,10.0579570661,3.59749101817,1.97648169065
2003-11-19,11.091190109,3.88403490096,2.15291234819
2003-12-05,11.091190109,5.59521978268,2.49463909603
2003-12-21,11.091190109,5.93194468751,1.66723628599
2004-05-13,11.091190109,5.67424635226,1.79689349306
2004-05-29,11.091190109,1.31404250154,1.61878617776
2004-06-14,11.0901208289,8.40894107167,1.59988817831
2004-06-30,11.091190109,11.0700898915,11.091190109
2004-09-02,11.091190109,11.0334336505,1.51149975167
2004-09-18,11.091190109,11.0893902854,1.66815061382
2004-10-04,11.091190109,10.7868588422,1.42962237928
2004-11-05,11.091190109,8.60203894753,1.38822668159
2004-11-21,11.091190109,9.64117694948,1.15335160218
2004-12-07,11.091190109,10.4450073561,0.788385091039
2004-12-23,11.091190109,2.10219266422,1.65167337488
2005-01-08,11.091190109,1.74778191189,1.59523331072
2005-04-30,10.9507855342,5.04689803519,1.79906986096
2005-05-16,11.091190109,10.8349458075,5.99999260828
2005-06-01,11.0860589787,9.53532451124,0.816970443297
2005-06-17,10.7293994294,10.2789146115,9.85951768124
2005-08-20,11.091190109,11.0767915475,1.10295700715
2005-09-05,10.9965108403,10.9965108403,0.872778775036
2005-09-21,11.0670942319,11.0457928683,1.33594746816
2006-01-27,11.091190109,1.69662612385,1.80479840021
2006-02-12,11.091190109,5.95862934069,5.21158395675
2006-03-16,11.091190109,4.79338023535,4.51897850056
2006-05-19,9.47430275515,3.29362627953,1.53470313685
2006-07-06,11.091190109,1.30324375532,1.5343220685
2006-07-22,10.9043261136,1.29514467079,1.50912474373
2006-08-07,11.0715372055,1.31944208235,1.50802719969
2006-08-23,11.091190109,10.9855266986,1.5702055175
2006-10-26,11.091190109,10.9433581284,1.04472775273
2006-11-11,10.6341504247,10.0679461746,1.29646471628
2006-11-11,11.091190109,10.5168725655,1.29556487588
2006-12-13,11.091190109,8.12319113405,3.18046791039
2007-01-14,11.091190109,1.72470078498,1.64292837383
2007-02-15,11.091190109,2.65275792369,1.46213210992
2007-03-03,9.6088362172,1.63672796668,1.64809126936
2007-03-03,11.091190109,1.68212910997,1.71023780975
2007-04-20,11.091190109,1.70625366976,1.46310257986
2007-05-22,11.091190109,0.849130357065,0.739776077355
2007-06-07,11.091190109,0.937321166452,0.845781577831
2007-06-23,11.091190109,1.06926889119,1.04286153026
2007-10-13,11.091190109,1.26364776387,1.3135346529
2007-10-29,11.091190109,5.75913312157,1.91826978456
2007-11-14,11.091190109,3.25465682938,0.888892346198
2007-11-30,11.091190109,5.92134862857,2.30666483484
2008-03-05,11.091190109,10.103906177,7.69066546854
2008-03-21,11.091190109,10.3897610496,8.98282077834
2008-05-24,11.091190109,1.17455708406,1.45131900381
2008-07-27,11.091190109,11.0233761159,0.45372074338
2008-08-12,11.091190109,1.1718574098,1.28350239251
2008-08-28,11.091190109,11.091190109,1.3415450531
2008-10-31,11.091190109,10.7150597071,0.620818996206
2009-02-04,11.0806490563,9.13451553365,7.92117753718
2009-02-20,11.091190109,1.24384984755,1.62296100201
2009-03-08,11.091190109,11.0812909788,10.9442168521
2009-03-24,11.091190109,1.55207664438,1.6140326073
2009-04-09,11.091190109,10.6380311181,9.22215950382
2009-04-25,11.091190109,1.59880121979,1.56390600706
2009-05-11,11.091190109,2.97710811225,5.19542230336
2009-05-27,11.091190109,3.16694079947,1.60168805129
2009-06-12,11.091190109,10.3634301825,5.1261112251
2009-08-31,11.091190109,10.8048708206,1.16617611269
2009-09-16,11.091190109,11.042962073,1.13903777144
2010-01-22,11.091190109,1.6319697413,1.13895301081
2010-03-11,11.091190109,1.62552436434,1.70482432683
2010-03-27,11.091190109,1.61139521222,1.58280478764
2010-04-12,11.091190109,10.9819765907,10.3544380298
2010-08-18,11.091190109,1.31224285139,1.48160880738
2010-09-03,11.091190109,11.091190109,8.32691873096
2010-09-19,11.091190109,11.0457040982,1.37034168205
2010-10-21,11.091190109,10.9868712199,1.09755740296
2010-11-22,11.091190109,10.3483670652,1.55603791331
2010-12-24,11.091190109,1.96782368792,1.63174838463
2011-07-20,11.091190109,1.07286817067,0.957119322336
2011-08-05,11.091190109,1.05037049568,0.903474293348
2011-08-21,11.091190109,1.14126098725,1.10474263458
2011-09-06,11.091190109,10.9554767868,0.817168033654
2011-10-08,11.091190109,10.6473163042,0.308357366697
2011-10-24,11.091190109,10.8852273475,0.265779445026
2011-11-09,11.091190109,10.4513620758,0.253660685447
2012-02-29,11.091190109,9.66304113387,7.52121292215
2012-03-16,11.091190109,10.0134507196,1.59754455838
2012-04-17,11.091190109,4.50538858668,2.39520139758
2012-05-03,11.091190109,2.1254398342,0.783070358194
2012-05-19,10.1683990094,4.54238874726,1.00994541441
2012-05-19,10.7464556152,4.77292552018,1.01084527488
2012-06-20,11.091190109,0.927267068274,0.897429120674
2012-08-23,11.091190109,11.0803911929,0.72096276778
2012-09-24,11.091190109,11.091190109,5.27800411902
2012-10-10,11.091190109,11.0902901972,0.639995803021
2012-10-26,11.091190109,10.598760639,0.944532009976
2012-12-29,11.091190109,9.54432131115,0.733490786168
2013-01-30,11.091190109,4.52227024449,2.75210747367
2013-02-15,11.091190109,4.25950371032,2.72658621307
2013-03-19,11.091190109,1.64750477507,1.55930761227
2013-05-06,11.091190109,7.22571947313,3.96258942423
2013-05-22,11.091190109,3.836032635,1.47751507915
2013-06-07,11.091190109,11.091190109,8.09774177381
2013-06-23,11.091190109,11.091190109,0.0998896664429
2013-07-09,10.9594668652,10.4943085334,1.20482977743
2013-07-25,11.0346981018,10.6008735111,1.16481393939
2013-08-26,11.091190109,1.97983927824,1.36107203421
2013-09-11,11.091190109,11.0803911822,0.784771297997
2013-09-27,11.091190109,11.091190109,0.66942807239
2013-11-14,11.091190109,0.359062640137,0.139485503113
2013-11-30,11.091190109,0.537720535494,0.404548548007
2013-12-16,11.091190109,9.29368528874,0.354563062378
2014-01-17,11.091190109,3.1294204399,2.0471265482
2014-02-02,11.091190109,5.23191334711,9.26863982547
2014-02-18,11.091190109,5.86047262256,4.88812324875
2014-03-22,11.091190109,2.58768295768,5.77483660772
2014-04-07,11.0810125418,3.53483062487,2.86732357429
2014-04-23,11.091190109,8.58013191346,2.51269369301
2014-05-09,11.091190109,1.29874407417,1.72735009287
2014-05-25,11.091190109,1.89884447164,1.51261136973
2014-06-10,11.091190109,1.26724738197,1.46541036451
2014-06-26,11.091190109,1.20425396846,1.39784681175
2014-07-12,11.091190109,1.20515390052,1.3856681403
2014-08-13,11.091190109,1.14223118311,1.19086869035
2014-08-29,11.0845415173,10.8979391742,1.03016323773
2014-09-14,11.0556603257,1.03001116743,0.964162957801
2014-09-30,11.091190109,2.14564007127,1.32478209025
2014-12-03,11.091190109,2.41481112923,0.745768255498
2014-12-19,11.091190109,5.7860187095,2.62580194717
2015-02-05,11.091190109,1.75779694751,1.63499846641
2015-02-21,11.091190109,5.29147988962,2.83589144271
2015-03-25,11.091190109,2.97423214194,1.14895077078
2015-04-10,11.091190109,10.7343712459,11.0304205104
2015-04-26,11.091190109,0.989360272986,0.993930536321
2015-05-12,11.091190109,1.19255530421,1.35321526868
2015-05-28,11.091190109,1.10616440162,1.16852647511
2015-06-13,11.091190109,1.08906631349,1.1986012596
2015-07-15,11.091190109,1.25914831916,1.35382211744
2015-07-31,11.091190109,1.27084704585,1.34714186873
2015-08-16,11.091190109,1.39143438789,1.53970741895
2015-09-01,11.035883845,1.38423515461,1.49632849145
2015-09-17,11.091190109,1.25824833802,1.25866858984
2015-10-03,11.091190109,1.38790976678,1.24435541838
2015-10-19,11.091190109,5.54897211477,4.47817799107
2015-11-20,11.091190109,1.36750079997,1.33391119779
2015-12-06,11.091190109,2.46974541974,2.1281500099
2015-12-22,11.091190109,5.10486160653,1.03875637285
2016-01-07,11.091190109,5.23656934856,0.663876784551
2016-01-23,11.091190109,9.93307833597,2.0638549507
2016-02-08,11.091190109,11.0731919361,7.56704269409
2016-02-24,11.091190109,11.091190109,7.49586140526
2016-03-11,11.091190109,2.65942160508,2.66680972525
2016-03-27,11.091190109,1.16645769844,1.72292108953
2016-04-12,11.091190109,1.24654951039,1.59711770335
2016-04-28,11.091190109,4.08639011041,1.56619975587
2016-05-14,11.091190109,1.33204045863,1.57012063006
2016-05-30,11.091190109,1.36533707911,1.61331603192
2016-06-15,11.091190109,1.35903783516,1.58741652816
2016-07-01,11.091190109,1.33294056343,1.4909994921
2016-08-02,11.0829217114,10.6498889506,1.34342900889
2016-08-18,11.048305899,1.51292203633,1.49960685682
2016-09-03,11.091190109,1.33744009626,1.32669774511
2016-10-05,11.091190109,1.07575108634,0.918267803687
2016-10-21,11.091190109,1.1676968943,0.768265767217
2016-11-06,11.091190109,1.35723817787,1.25336808383
2016-11-22,11.091190109,1.37703588948,1.35183868061
2016-12-08,11.091190109,3.77555783058,1.52422536826
2016-12-24,11.091190109,1.32574126796,1.56283664026
2017-01-25,11.0325772104,1.81143535524,1.73814901281
2017-02-10,11.091190109,6.72078082291,9.88551254243
2017-02-26,11.091190109,5.58744779104,4.81335096697
2017-03-14,11.091190109,7.15452887576,10.4562461847
2017-03-30,11.091190109,3.67610030373,2.7461131805
2017-05-17,11.091190109,1.77495280976,1.55681965603
2017-06-02,11.091190109,1.29424470356,1.52425356596
2017-06-18,11.091190109,1.27804649287,1.49509314965
2017-07-04,11.091190109,11.091190109,11.091190109
2017-07-20,11.091190109,8.74634487139,1.4051166399
2017-08-05,11.091190109,1.29064519209,1.41952927428
2017-08-21,11.091190109,1.21865253163,1.30684335414
2017-09-06,11.091190109,1.14665998658,1.14583094059
2017-09-22,11.091190109,1.15565922267,1.12603309446
2017-10-08,11.091190109,1.29694428462,1.31361926082
2017-10-24,11.091190109,1.16735802009,1.1541667399
2017-11-25,11.091190109,10.9440711529,1.27175046711
2017-12-11,11.091190109,11.084890754,1.96465913603
2018-01-28,11.091190109,4.07716741031,0.978335879215
2018-04-02,11.0575059806,5.43221610393,4.0314785451
2018-04-18,11.0209103416,1.41706592263,1.48001693934
2018-05-04,10.8030680985,1.15482994218,1.72224988219
2018-06-05,10.982320714,10.9796209538,10.982320714
2018-06-21,10.9589940374,9.66871828961,8.45925087324
2018-07-07,10.7157245567,10.3922987148,9.04605354871
2018-07-23,10.8424059581,7.02897460116,6.25468649193
2018-08-08,10.9613055696,10.9613055696,10.9613055696
2018-08-24,10.967728326,1.54545072761,1.48683273025
2018-09-09,10.920933663,3.06203552525,0.650513248066
2018-09-25,10.8273229902,1.18715608412,1.24064244288
2018-10-11,10.6820397927,1.03901043495,0.980781431185
2018-10-27,10.7943794545,1.22816353414,1.16932052853
2018-11-12,10.9898022369,1.92312203453,1.14242576223
2018-11-28,11.0728711832,10.3818936047,0.802476438311
2018-12-14,11.0754614506,4.64245607043,1.51432656468
2019-01-15,10.7004366685,8.8256981885,2.05603313254
2019-01-31,10.4339647879,2.68302613663,1.06264439811
2019-03-20,10.7315629172,7.43323000606,4.89649952747
2019-04-05,10.7549813941,1.5664335554,1.30914809373
2019-04-21,10.6916600944,0.939544480751,0.980079267836
2019-05-07,10.5768390359,0.904769232215,0.864245476181
2019-05-23,10.3748351698,9.761880729,1.09762788052
2019-06-08,10.6159374945,1.24271495435,1.42649406028
2019-06-24,10.8026834892,0.952464192969,0.842972298967
2019-07-10,10.8409661387,9.87005057924,1.10336621613
2019-07-26,10.7849219039,9.99827253768,0.779484864747
2019-08-27,10.5507098712,1.14396044648,1.08952878543
2019-09-12,10.31333467,10.2382645345,1.20565884355
2019-09-28,10.2185647404,1.12236299238,1.13413233756
2019-10-14,10.4217332018,5.9804094708,10.4217332018
2019-10-30,10.6460472654,0.0150586305343,1.83839014332