Date,Rarea,NDWI,MNDWI
2000-05-12,362.13134579,357.426835982,52.7569846519
2000-07-15,362.13134579,362.021364471,357.791405894
2000-07-31,362.13134579,276.067245203,85.6019542303
2000-11-04,362.13134579,252.973992103,225.689172682
2000-11-20,362.13134579,323.4410509,289.44588874
2000-12-06,362.13134579,215.213083054,149.171771891
2001-02-24,362.13134579,359.846588312,106.950495291
2001-04-29,362.13134579,333.474593481,67.8025260096
2001-07-02,362.13134579,354.331020506,121.950585583
2001-09-04,362.13134579,357.910061406,73.8609266547
2001-09-20,362.13134579,355.553970775,272.291009928
2001-10-22,362.13134579,310.331674849,226.116571155
2001-12-09,362.13134579,148.54515397,134.426660324
2002-01-10,362.13134579,237.889030633,273.094726016
2002-01-26,362.13134579,360.234370666,207.275437676
2002-02-27,362.13134579,204.320049694,116.875095186
2002-03-15,362.13134579,292.012714295,124.449968849
2002-03-31,362.13134579,360.678526198,123.676554123
2002-04-16,362.13134579,344.619490507,109.367003614
2002-05-02,362.13134579,350.145061916,103.648162139
2002-05-18,362.13134579,362.121347241,314.948954836
2002-06-03,362.13134579,317.903184292,85.5534376965
2002-07-21,362.13134579,318.118957071,61.4724866982
2002-08-06,362.13134579,361.975442843,362.13134579
2002-09-07,362.13134579,362.13134579,362.090292814
2002-09-23,362.13134579,362.13134579,362.13134579
2002-11-26,362.13134579,105.417558197,77.3976506898
2002-12-28,362.13134579,65.2019107737,63.8518604749
2003-01-29,362.13134579,216.730843651,56.8412387407
2003-02-14,362.13134579,86.064060263,83.6343378728
2003-03-18,362.13134579,39.4182568571,32.4405245459
2003-04-03,362.13134579,358.675887807,25.6577921614
2003-04-19,362.13134579,357.441099885,21.9580814094
2003-05-05,362.13134579,360.791499798,17.5941666793
2003-05-21,362.13134579,361.171462454,26.3889529639
2003-10-12,338.856715772,89.3719455857,156.341826594
2003-10-28,329.738503004,91.1532235906,73.2345382455
2003-11-13,330.96918238,274.565027747,228.394282011
2004-01-16,338.370326454,193.920770185,61.9622366805
2004-02-01,335.712939609,335.712939609,335.712939609
2004-02-17,337.974801247,36.9376787041,36.5816485985
2004-03-04,336.683603082,321.009162273,27.9172113734
2004-03-20,331.384794359,68.9798743591,24.626514271
2004-04-05,325.757530546,303.759494493,324.997631911
2004-04-21,341.758031801,337.214310175,20.3829687275
2004-05-23,332.875722217,25.5831902556,30.0861900597
2004-06-08,336.553384313,272.548144239,23.7658258248
2004-06-24,336.885946771,258.603655215,19.3680196116
2004-08-27,335.104416738,167.351643874,16.213125255
2004-10-14,336.954011245,156.213111148,127.893738242
2004-12-01,334.02534635,131.31261334,116.00762504
2004-12-17,336.44986306,97.8383657397,97.450601881
2005-01-02,335.864956791,328.204180527,246.366313414
2005-01-18,339.665274579,318.836355505,125.476277176
2005-02-19,334.245866448,293.713724451,58.1535264188
2005-03-07,333.347060371,306.077556875,46.559862886
2005-05-10,337.404472064,103.636747528,73.7260441993
2005-05-26,336.595804707,329.712296293,32.3458831072
2005-10-17,336.374508978,268.07614837,203.894899961
2006-01-05,338.626806524,326.077713162,246.686822463
2006-01-21,336.28704127,115.563722344,112.591595938
2006-02-06,334.662067296,239.336316167,124.325904175
2006-03-26,336.484841923,327.956167448,109.365569493
2006-04-11,339.520338,330.003429236,108.421635999
2006-04-27,337.293808855,117.820938008,104.131292198
2006-05-13,332.506542946,330.747914392,97.1952456161
2006-05-29,329.824170452,329.824170452,308.114712274
2006-10-20,333.830507014,215.61288742,180.854228695
2006-11-21,325.194480253,129.31975226,110.804503677
2006-12-07,325.528205141,275.418428441,224.819363843
2007-01-08,335.32798656,130.558158596,165.919234636
2007-01-24,337.621395755,166.398925837,114.371630554
2007-02-09,334.669886317,294.715695486,145.997180773
2007-02-25,332.06539316,268.601661121,94.4347429396
2007-03-13,330.438195053,282.321947654,84.0716234811
2007-03-29,329.806416587,168.361218063,88.109372615
2007-04-14,336.416027457,82.6039535583,74.644800812
2007-04-30,338.351223655,82.5468860268,68.591236668
2007-05-16,341.387895031,310.979914432,63.1752799262
2007-06-01,344.672741682,61.6568551797,59.0808431546
2007-07-03,339.97152921,307.893875829,195.333779793
2007-11-08,334.862378623,169.326137257,212.666523917
2007-11-24,332.148407532,116.002716402,116.513893914
2007-12-10,330.093644527,259.22389661,199.988832442
2007-12-26,330.675375939,121.628859221,119.479807841
2008-01-11,332.870979376,277.115668476,182.357225144
2008-02-28,341.872368993,126.046646544,128.126829459
2008-03-31,339.743972413,329.734507578,122.514489854
2008-04-16,336.493957133,332.975144783,119.752424243
2008-05-02,334.461778102,334.411786892,118.147321677
2008-05-18,333.773441901,330.647272228,115.310893538
2008-06-03,334.557786869,329.993116733,116.558366895
2008-10-09,342.980382875,139.632095807,155.084416213
2008-12-12,341.40731927,256.544496735,202.373555526
2008-12-28,343.372307682,125.278960737,125.342209295
2009-01-29,348.581329451,263.997879991,146.390901953
2009-02-14,347.754871301,321.054789074,140.772604427
2009-03-02,344.390147334,342.52751855,133.806622746
2009-03-18,340.90539334,338.205689601,118.411534994
2009-04-03,337.843828031,121.063724827,112.947592732
2009-09-10,340.61800867,108.078273701,76.9264903183
2009-10-12,345.265322728,231.40462765,190.955556855
2009-10-28,343.715297002,153.0082478,185.69493264
2009-11-29,346.371948734,261.998723272,218.246032463
2009-12-31,342.073960064,137.505551195,133.639276521
2010-02-17,330.018611739,199.23132848,118.482751903
2010-03-05,328.219917774,325.134782993,124.453015976
2010-03-21,327.68779234,140.084619672,122.761874648
2010-04-22,334.850060755,119.647878604,112.008510307
2010-05-08,341.334798046,117.308739755,112.91158453
2010-12-18,347.836504812,335.90622987,285.862612702
2011-01-19,346.863138494,180.512104106,144.360823465
2011-08-15,346.595371988,283.830836035,118.254404348
2011-10-02,339.424285836,121.240058673,140.924370307
2011-10-18,345.533886473,170.168505593,246.201037603
2011-11-19,344.306545374,123.539100072,123.924738947
2011-12-05,343.853803377,124.375744488,125.046501468
2011-12-21,342.374116723,183.086184008,146.17975257
2012-03-26,343.258999456,340.609156346,119.49854985
2012-04-11,346.663893835,134.226385504,117.026748786
2012-08-01,349.725610209,183.567939801,131.560257069
2012-08-17,348.17770382,151.022986374,188.976040798
2012-09-02,348.440195548,106.502594519,122.087962166
2012-11-21,345.023812994,199.352989006,108.831489044
2012-12-07,348.268234642,260.013309797,200.437833352
2012-12-23,344.425560146,183.821884162,131.231735492
2013-01-24,344.438443657,321.505122068,197.197974977
2013-02-09,343.476560543,175.496127804,92.3396145063
2013-02-25,346.405861991,71.2930327266,72.9945837025
2013-03-13,345.353910712,70.592447335,72.3675303272
2013-04-14,345.512206685,84.5129626184,71.8107375252
2013-12-10,344.202066586,122.876467701,122.588681164
2014-01-11,343.794349154,303.185949993,160.431894615
2014-02-12,331.786151229,115.549774718,120.893857268
2014-02-28,347.325998363,332.065431442,120.244847748
2014-03-16,346.723446513,116.588945268,114.30105867
2014-04-01,348.071669515,138.546398709,112.834167578
2014-04-17,347.133301733,131.056496172,109.647504766
2014-05-03,345.838604989,117.58790621,106.963747184
2014-09-08,347.411239058,189.208437299,83.0068534255
2014-09-24,351.042129023,143.087932115,194.644379063
2014-10-10,348.75962033,348.75962033,348.745112182
2014-11-27,348.470469394,302.01043995,270.456989602
2014-12-13,346.581695207,346.522166029,344.65990499
2015-01-14,347.28266231,112.877147504,109.635303937
2015-01-30,345.036212344,182.688056211,118.206188755
2015-02-15,348.046456114,97.7051209574,99.8380743793
2015-03-03,347.445324497,340.980284972,263.271659754
2015-03-19,348.361927971,338.444168694,70.3754239975
2015-04-20,349.470047345,65.6230892643,61.9682116189
2015-05-06,348.720060239,129.307653138,148.549060269
2015-05-22,347.547663915,67.2164489214,66.4007953265
2015-06-07,346.425070339,320.679407668,125.961900554
2015-06-23,348.94828641,348.94828641,348.94828641
2015-07-09,346.895280186,342.168718467,83.4516406501
2015-07-25,347.860505668,308.734771569,64.7702322449
2015-08-26,347.997437545,298.084421605,341.491846919
2015-09-27,343.37343112,113.337328633,171.510730778
2015-10-13,348.069860225,62.0747263172,62.944129008
2015-12-16,345.575343127,144.789689811,127.926802564
2016-01-01,344.909974159,239.455567477,137.487662823
2016-01-17,341.510505617,318.542819458,168.966489629
2016-02-02,342.666492096,119.60471287,116.600255107
2016-02-18,347.87820043,176.710152314,185.4305168
2016-03-05,343.965069398,112.752313321,112.231336593
2016-03-21,347.383480449,111.237544818,108.891469777
2016-04-06,349.600471278,106.021327296,103.761996944
2016-04-22,329.277308734,102.761254244,91.927706455
2016-05-24,347.005299969,141.544876475,110.616278478
2016-07-11,349.711251051,332.061905565,144.148593667
2016-08-12,349.250621462,349.250621462,349.250621462
2016-08-28,347.426565132,151.716685543,190.670444742
2016-10-15,340.135026898,104.306305951,104.970711426
2016-12-18,342.31938131,116.503451473,112.149131679
2017-01-03,343.498404123,109.732035527,108.308946568
2017-02-04,344.290259375,100.798329777,97.304517379
2017-02-20,348.904514323,86.7792677745,89.284818418
2017-03-08,348.301967976,197.197616583,177.95464098
2017-03-24,348.157388455,62.8796327742,62.6339141405
2017-04-09,348.046766716,64.1912777782,57.1392760631
2017-04-25,345.550478222,81.136431498,52.4226984774
2017-06-28,341.097364027,341.097364027,339.324664332
2017-08-15,346.024296591,346.024296591,346.024296591
2017-08-31,344.184232313,62.2275177997,76.9914068496
2017-10-02,341.627512117,152.786266456,125.704343618
2017-11-03,331.023224731,179.265316028,300.135889637
2017-12-21,332.474049975,148.600225801,108.386678153
2018-01-06,336.816649862,110.944954686,110.12150522
2018-01-22,342.300830569,107.667660347,105.068744485
2018-02-07,347.722314197,309.235970596,109.473438708
2018-02-23,346.046435331,83.985241555,83.1044574547
2018-04-12,344.431981369,59.152783089,60.5686597145
2018-04-28,345.672417273,57.4830040499,58.6789096891
2018-05-14,346.174934047,82.1145462119,97.6767853568
2018-05-30,342.652532411,342.642533882,286.863379855
2018-06-15,344.679175491,56.6801039786,56.420500034
2018-08-02,344.958141461,344.958141461,344.958141461
2018-08-18,344.378562689,342.105991259,228.385915038
2018-09-03,344.390873023,303.043400374,90.8608106783
2018-10-21,345.952915868,179.239463725,206.394915
2018-11-06,342.917555416,176.676473712,233.684971284
2018-12-08,340.697805432,252.212428029,149.563236701
2018-12-24,341.547321529,159.041846827,115.856784083
2019-01-09,343.130250394,98.4472302433,93.6186596316
2019-01-25,345.338331811,329.861616488,106.494697487
2019-02-26,343.471188247,322.828584657,62.9139018939
2019-03-30,341.915651891,45.6418788654,37.4874920697
2019-04-15,341.694405805,33.1272808726,31.6081086501
2019-05-17,344.138049953,41.5095309573,29.343093044
2019-06-18,340.598627444,332.296975859,18.1988168828
2019-07-20,339.511086257,66.163201806,163.470440843
2019-10-08,342.225179655,142.058717619,169.278223538
2019-10-24,339.840269684,308.272011352,280.347764681