Date,Rarea,NDWI,MNDWI
2000-02-20,39.0060098351,14.4464288228,5.51685692783
2000-03-23,39.0060098351,33.822819705,4.3801987711
2000-03-23,39.0060098351,33.8319216262,4.35168871179
2000-06-27,39.0060098351,37.6537876456,38.9105408512
2000-07-29,39.0060098351,24.811369218,29.2635678417
2000-07-29,39.0060098351,24.855010121,29.2289368504
2000-08-14,39.0060098351,39.0060098351,39.0060098351
2000-09-15,39.0060098351,21.8567002489,17.1656254217
2000-09-15,39.0060098351,21.8445432345,17.193319622
2000-10-17,39.0060098351,18.6583840748,32.4312346614
2000-11-02,39.0060098351,38.9344097961,38.782210769
2000-12-20,39.0060098351,9.40985200568,5.47244906639
2000-12-20,39.0060098351,9.41825452678,5.48594469781
2001-02-06,39.0060098351,33.7768687841,6.59348778379
2001-03-26,39.0060098351,33.8625001665,4.19839469082
2001-03-26,39.0060098351,33.8598935578,4.18654506458
2001-04-27,39.0060098351,6.93205672954,4.95524725613
2001-04-27,39.0060098351,6.94826840007,4.96515442117
2001-05-13,39.0060098351,11.4379798102,8.53914073578
2001-05-13,39.0060098351,11.4029569973,8.56577865782
2001-09-02,39.0060098351,31.328178986,31.3547506661
2001-09-02,39.0060098351,31.339569591,31.3773798615
2001-10-04,39.0060098351,26.9164229083,22.5514606324
2001-10-04,39.0060098351,26.8908910378,22.5547316785
2001-10-20,39.0060098351,20.4420771976,19.2755114972
2001-10-20,39.0060098351,20.4565158803,19.2505934908
2001-11-05,39.0060098351,5.94639718096,5.45017853154
2001-11-05,39.0060098351,5.94810652722,5.44222803967
2002-01-24,39.0060098351,38.0018703781,6.24810181695
2002-03-29,39.0060098351,34.238607704,4.15714834979
2002-03-29,39.0060098351,34.2593931689,4.15002796505
2002-09-21,39.0060098351,4.43812183077,9.11344150428
2002-09-21,39.0060098351,4.45016585063,9.10403935494
2002-10-07,39.0060098351,6.94345498628,6.4458925586
2002-10-07,39.0060098351,6.91742109914,6.4231645697
2002-11-08,39.0060098351,30.6858319903,28.4156631582
2002-11-08,39.0060098351,30.7068684247,28.4444309458
2002-12-10,39.0060098351,7.87731192912,4.93951492253
2002-12-10,39.0060098351,7.87978785041,4.9332810435
2003-01-27,39.0060098351,33.2515286398,6.20521986496
2003-01-27,39.0060098351,33.278685904,6.20489852721
2003-03-16,39.0060098351,34.6866683535,4.24334220978
2003-03-16,39.0060098351,34.6781384703,4.2453836974
2003-04-01,39.0060098351,5.44188070978,4.16048215643
2003-04-01,39.0060098351,5.41083123733,4.14621320254
2003-05-19,39.0060098351,26.5232625708,4.07294999834
2003-05-19,39.0060098351,26.5310859489,4.04631917856
2012-05-11,33.7065237103,32.6259502189,28.8448943283