Date,Rarea,NDWI,MNDWI
2000-02-14,10.6062702172,9.05358960542,7.90338678247
2000-03-01,10.6062702172,10.2043311654,4.28818074057
2000-03-17,10.6062702172,7.48714915443,0.229067085112
2000-05-04,10.6062702172,3.13647008128,0.407424122214
2000-08-24,10.6062702172,3.46011411908,4.56900184585
2000-09-09,10.6062702172,10.6062702172,10.6062702172
2000-09-25,10.6062702172,7.04362837468,7.8443080746
2000-10-11,10.6062702172,4.64642407133,4.23130986293
2000-11-12,10.6062702172,1.14155451319,3.54053397108
2000-12-14,10.6062702172,0.159510942563,1.13220198039
2001-01-31,10.6062702172,0.43631081507,0.988955377043
2001-04-05,10.6062702172,8.69901497051,0.0231051648562
2001-04-21,10.6062702172,8.82303192801,2.21646998868
2001-05-23,10.6062702172,5.5635215249,2.01028580181
2001-08-27,10.6062702172,6.94826491038,8.66093978826
2001-09-28,10.6062702172,0.812418830581,0.858202214893
2001-11-15,10.6062702172,0.093840538106,0.509475898165
2001-12-17,10.6062702172,0.0861057766664,0.933827157678
2002-01-02,10.6062702172,0.0798014401796,0.732887855648
2002-02-19,10.6062702172,5.85919439842,0.119075347969
2002-03-07,10.6062702172,7.24513238073,0.0419898241053
2002-03-23,10.6062702172,10.5847401723,0.277561870863
2002-04-08,10.6062702172,7.08382932398,0.0171116662598
2002-05-10,10.6062702172,7.22048184196,3.27360737269
2002-06-11,10.6062702172,10.6062702172,10.6062702172
2002-06-27,10.6062702172,10.1000594522,8.72656655793
2002-08-30,10.6062702172,0.0,3.73528011085
2002-09-15,10.6062702172,10.6062702172,10.5783511175
2002-10-01,10.6062702172,0.484029144975,0.400194628581
2002-10-17,10.6062702172,0.559677927616,2.2199867474
2002-11-02,10.6062702172,0.743473426118,0.174069369763
2002-11-18,10.6062702172,0.0360245436401,0.0202302354463
2002-12-20,10.6062702172,10.0589535551,10.3919238591
2003-01-05,10.6062702172,6.96770965673,9.42943550483
2003-01-21,10.6062702172,0.0,0.00447482292241
2003-02-22,10.6062702172,4.31251332775,0.562883439819
2003-03-10,10.6062702172,0.220452680405,0.0208836728303
2003-03-26,10.6062702172,10.4231070801,2.11664217766
2003-04-11,10.6062702172,10.4965148534,1.95500901335
2003-04-27,10.6062702172,10.4963735936,0.684392585357
2003-05-29,10.6062702172,2.54869388988,0.198605062493
2003-08-01,10.5196341877,1.13541385391,2.12584687989
2003-10-20,10.6062702172,0.416514771439,0.15925335148
2003-11-21,10.6062702172,0.0,0.00612065093396
2003-12-23,10.6062702172,0.248961695606,1.00985440369
2004-01-08,10.5608931102,0.0972380437639,0.673008976144
2004-02-09,10.6062702172,0.19858379885,0.00505050261853
2004-02-25,10.2089532662,9.33157859791,0.15799581691
2004-03-28,10.6062702172,10.5133411757,0.0185173315023
2004-04-13,10.5389957041,0.0,10.5389957041
2004-04-29,10.5347045348,7.26447631957,0.486501954894
2004-05-31,10.6062702172,10.6062702172,9.34909481782
2004-08-19,10.593862849,8.96389502793,9.07928445524
2004-09-04,10.6062702172,1.78854703825,2.23067893757
2004-09-20,10.6062702172,10.4707222272,10.6062702172
2004-10-22,10.6062702172,0.0360245549927,0.181567455628
2004-11-07,10.6062702172,4.17667537223,2.91991267026
2004-11-23,10.5642518889,0.416002450426,1.43435926418
2004-12-09,10.526779091,10.3817520897,10.3888863249
2004-12-25,10.565986021,0.155495417239,1.85957653285
2005-01-10,10.4532957492,0.114406193941,0.85308207591
2005-01-26,9.84317723034,0.229486973195,0.77929508395
2005-02-11,10.5188783836,7.75400437019,0.254167272762
2005-02-27,10.6062702172,7.74646003363,0.0576675461244
2005-03-15,10.6062702172,10.6062702172,10.6062702172
2005-04-16,9.83907662559,4.19090455219,0.0252172050781
2005-05-02,10.294172676,1.91053973229,0.332888585573
2005-05-18,10.5782732997,1.98875527724,0.304224290786
2005-06-03,10.4018793717,0.296092802372,1.10679710008
2005-08-22,10.6062702172,10.6044689823,10.59816466
2005-10-09,10.1973054131,2.05527618987,8.71916671561
2005-10-25,10.5648311122,2.71690223609,8.68039526071
2005-11-26,10.5599324554,0.0,0.0247086916923
2005-12-12,10.0549589488,0.275414950633,0.991187062533
2005-12-28,9.87729085471,6.72114419937,5.02987514306
2006-01-13,10.3764819755,0.515925095479,0.890735629286
2006-01-29,10.5809327791,0.248569696838,0.392668094971
2006-02-14,10.5999552791,10.5963528342,1.81253709655
2006-03-02,10.5963527997,0.92214140069,0.888196741023
2006-03-18,10.5529464811,8.2578430652,0.591449740789
2006-04-03,10.4137145164,10.412813905,0.722628760535
2006-04-19,10.0108995161,9.68862859129,3.59861838901
2006-05-05,10.5983800761,10.4114978285,7.27164928771
2006-08-25,10.6062702172,7.46462390633,5.17660591933
2006-09-26,10.6062702172,4.31592172708,3.67244108003
2006-10-12,10.2642264113,10.2642264113,10.2453734882
2006-11-13,10.6062702172,3.05107339128,2.66730903699
2006-11-29,10.6062702172,2.33440293335,2.63492552331
2006-12-31,10.6062702172,3.2098073386,3.9347510578
2007-01-16,10.0777072454,2.90067038198,2.32528284214
2007-02-17,10.5969002385,8.63610210514,3.1110955498
2007-03-05,10.6062702172,8.05826058694,2.32892827611
2007-03-21,10.6062702172,10.6062702172,3.50232214822
2007-04-06,10.6062702172,7.99469091029,2.30507787263
2007-05-08,10.6062702172,2.74199584149,3.16392388634
2007-05-24,10.6062702172,10.6062702172,10.6062702172
2007-08-28,10.6062702172,8.03071159721,8.37890589286
2007-09-29,10.6062702172,5.56735398857,6.15436617635
2007-10-31,10.6062702172,10.2745018929,9.48014196843
2007-12-18,10.6062702172,3.14009307688,4.1241388621
2008-01-19,10.6062702172,3.15529040233,3.71457109898
2008-02-04,10.6062702172,3.08421245635,3.34847691336
2008-03-07,10.6062702172,3.18802328159,3.00962009444
2008-03-23,10.6062702172,10.6062702172,9.58598092927
2008-04-08,10.6062702172,6.03248005116,2.71502386715
2008-04-24,10.6062702172,8.66112058828,2.77810931958
2008-05-10,10.6062702172,8.698095384,3.00650231506
2008-09-15,10.6062702172,6.59584585411,9.3678639061
2008-10-01,10.6062702172,10.3249112487,10.4488816729
2008-11-02,10.6062702172,3.71393288958,3.50209068949
2008-11-18,10.6062702172,2.7716498561,3.01494997246
2008-12-04,10.6062702172,2.60233429909,3.02095760246
2009-01-05,10.5890454187,3.16049639148,3.82295927339
2009-01-21,10.300123856,2.28659982322,2.88775103794
2009-02-06,9.96410634391,2.4291653058,2.66681449272
2009-02-22,10.4432088298,8.23101220285,3.06099063036
2009-03-10,10.6062702172,10.6062702172,10.6062702172
2009-03-26,10.6062702172,10.2649769941,3.11410234292
2009-04-11,10.6062702172,9.99942019808,2.9873098012
2009-04-27,10.6062702172,2.98589366289,2.97834968135
2009-05-13,10.6062702172,6.64366155376,3.02436234713
2009-10-20,10.5577674399,4.21628406645,4.10005756921
2009-11-21,10.4646258623,2.4287979167,2.9937654657
2009-12-07,10.1836018175,4.04476075667,5.02256690925
2009-12-23,10.5992912922,3.1353073283,3.80459712173
2010-01-08,10.6062702172,3.10603562856,3.52313238133
2010-01-24,10.6062702172,3.03480225511,3.22463015745
2010-02-09,10.6062702172,8.33844106719,3.23531035707
2010-02-25,10.6062702172,10.6062702172,8.82945469899
2010-03-13,10.6062702172,10.5954628295,3.333728166
2010-05-16,10.600866497,10.600866497,10.600866497
2010-10-23,10.313064401,10.313064401,10.3129513821
2010-11-08,10.1433038284,1.13156238526,1.41826512847
2010-11-24,10.3931980989,0.0,0.0585400672607
2010-12-26,10.2771704951,3.73782498047,5.26266557326
2011-01-11,10.4804096364,4.88667364829,5.9174445885
2011-01-27,10.4116589688,5.50726631491,6.80870187715
2011-02-12,10.2881544655,2.70902706393,2.88967269194
2011-02-28,10.4261959845,8.40231655163,3.43793494132
2011-03-16,10.4195279106,3.46592874082,3.50515971026
2011-04-17,10.5035925839,3.23458722852,3.38339688878
2011-05-03,10.5854782562,0.961362811498,10.5854782562
2011-06-04,10.6062702172,6.42924652997,5.13959768686
2011-09-24,10.6062702172,9.8876758166,10.5460064123
2011-10-10,10.4120439573,3.04998177117,3.65604565526
2011-11-11,10.4462497345,2.97439741682,2.93190968887
2011-11-27,10.6062702172,2.68880720897,2.94560261055
2011-12-13,10.5096178901,3.28870859235,4.95718878254
2011-12-29,10.6062702172,4.09482147224,4.15041254635
2012-01-14,10.6062702172,3.36767657576,4.12408566073
2012-01-30,10.6062702172,2.67639650546,2.86984149223
2012-02-15,10.6062702172,4.26007979729,2.9044462988
2012-03-02,10.6062702172,9.86624463097,3.36716765556
2012-03-18,10.6062702172,9.84729221233,5.57736614277
2012-04-03,10.6062702172,10.509004083,3.10727535183
2012-04-19,10.6062702172,9.45371358044,3.07241975592
2012-05-05,10.6062702172,3.07017368971,3.24313757143
2012-05-21,10.6062702172,3.01999385026,3.5355137015
2012-07-08,10.1920217508,9.11084006492,8.87348594047
2012-08-09,10.1082398098,7.60368725631,9.45954819751
2012-08-25,10.055036592,2.39159237452,5.71640386773
2012-10-28,10.5190726257,3.56288047364,3.30974056787
2012-11-13,10.4638276778,0.193134490627,1.96264870625
2012-11-29,10.4206121801,2.62956455282,2.92657660469
2012-12-15,10.5669714062,10.3825649112,10.531398993
2013-01-16,10.4510848195,2.5935540279,2.90250013839
2013-03-05,10.5990122778,3.06976040398,3.0353250172
2013-03-21,10.5765391627,9.78462916679,3.40026843041
2013-04-06,10.6062702172,8.99004718064,3.09815969143
2013-08-28,9.81013345582,4.33974284958,4.96399833817
2013-09-13,10.0025431095,2.84160075883,3.309175265
2013-10-31,10.3330263786,10.3330263786,8.15093939469
2013-11-16,10.3875012563,3.0225360937,3.02399833885
2013-12-02,10.6062702172,2.62057243933,3.08436411934
2013-12-18,10.269093259,2.91711465982,3.68749575802
2014-01-03,10.6031621933,3.01716447308,3.71472639304
2014-01-19,10.6062702172,7.57698142992,8.61516711528
2014-02-04,10.6062702172,2.56998274257,2.76579400095
2014-02-20,10.5956605578,3.05208723515,2.72663317351
2014-03-08,10.4050897837,3.06563858707,2.99110991893
2014-03-24,10.290806847,8.61539848256,3.06718184179
2014-04-09,9.92663035645,8.41813722608,7.85964545714
2014-04-25,10.6014880989,10.5297954946,3.73578773965
2014-05-27,10.58540762,4.29141805533,3.57492442177
2014-06-28,10.509363597,5.20545864626,5.0899534179
2014-09-16,9.76917136137,2.59304905858,3.45838368815
2014-10-02,10.0455146954,2.55138024278,3.12606074866
2014-10-18,10.0876281119,3.98675798482,10.049067517
2014-11-03,10.4229431803,3.63216488314,2.37511767385
2014-11-19,9.89656405959,2.68412048515,2.66303548487
2014-12-05,10.3485628333,2.43759224202,2.81975650398
2014-12-21,10.6062702172,3.0395632643,3.8591991906
2015-01-06,10.4027693866,8.56032663982,8.08830561293
2015-01-22,10.1747440171,2.92889683123,3.26760505989
2015-02-07,10.6062702172,0.0,1.68120376206
2015-02-23,10.4472845596,3.0956096864,2.75194913419
2015-03-11,9.93535382348,2.78463612887,2.7354801854
2015-03-27,10.0666844299,3.38355935992,3.36347000218
2015-04-12,10.2166491224,10.2166491224,10.2166491224
2015-04-28,10.1413790015,2.81511573923,3.17070653973
2015-05-14,10.4465181626,5.6152071092,10.4465181626
2015-05-30,10.2185422535,2.54776051403,4.12057273494
2015-08-02,10.3715691588,3.14341350582,6.69440738963
2015-10-05,9.88320661169,0.849957989152,6.81118500626
2015-10-21,10.2358481345,2.93488335708,3.31910325744
2015-11-06,9.99856992376,2.86559250427,2.9866491757
2015-11-22,10.2683903883,9.6692358317,0.000900616210938
2015-12-08,10.310571002,0.0,0.927149725247
2015-12-24,10.4842557855,3.25819717746,4.79952180414
2016-01-09,10.6062702172,3.87050205447,5.98233571264
2016-01-25,10.6062702172,2.50242268291,2.79140331824
2016-02-10,10.6044689765,10.3306419605,2.85654860523
2016-02-26,10.028848108,2.98727094921,2.99403766105
2016-03-13,10.4707641994,4.99854129356,4.68975029122
2016-03-29,10.2665679727,9.96481929516,3.32280458769
2016-04-14,10.2902276963,6.03063887799,3.11322974242
2016-04-30,10.4614083619,3.0053293509,3.29153039326
2016-05-16,10.2182667021,4.26496771449,3.21870424034
2016-06-01,10.52300001,4.23638134757,3.65899182321
2016-08-04,10.1827895836,4.72337318991,4.9408630843
2016-09-05,10.5587210309,10.5587210309,10.5541896781
2016-10-07,10.6062702172,8.6026157445,9.5779720059
2016-10-23,10.6062702172,3.11130533181,3.51879637423
2016-11-08,10.6062702172,3.20414991579,3.1379278658
2016-11-24,10.6062702172,2.81524666157,3.19402390873
2016-12-10,10.6062702172,10.2532498444,10.2977618261
2016-12-26,10.6062702172,10.599404376,10.5762427103
2017-01-11,10.6062702172,3.13993770753,4.22520185486
2017-01-27,10.5932553708,2.69060860399,2.86250587661
2017-02-12,10.0093772578,3.05315346714,2.70089298652
2017-02-28,10.2867735412,3.09275232677,3.04790514712
2017-03-16,10.2571344622,2.96877828507,2.89283342444
2017-04-01,10.1791200283,0.0414106019218,10.1791200283
2017-04-17,10.5301731802,5.03770160781,5.05910561076
2017-05-03,10.6010642785,2.96121351676,3.29245955795
2017-09-08,10.6062702172,6.47304710842,8.06629362329
2017-09-24,10.6062702172,3.09256183972,4.06656398995
2017-10-10,10.6062702172,3.24009629544,4.77812582962
2017-10-26,10.6062702172,3.07026183612,3.82669318002
2017-11-11,10.6062702172,3.14444776541,3.10957101117
2017-11-27,10.6062702172,2.74231791087,3.01774351941
2017-12-13,10.6062702172,3.05710577479,4.40174402287
2017-12-29,10.6062702172,3.0576743741,4.0128121353
2018-01-14,10.6062702172,3.17383613114,4.61976277994
2018-01-30,10.6062702172,2.47990721068,2.8668394609
2018-02-15,10.5928915976,6.0645341557,2.50022390456
2018-03-03,10.6062702172,10.1968696652,3.79703229239
2018-03-19,10.6062702172,3.12845589532,3.1805606822
2018-04-04,10.6062702172,2.36673102105,3.22872461341
2018-05-22,10.6062702172,2.35768919064,5.28310275786
2018-08-26,10.6062702172,9.76321877359,9.99070225302
2018-09-11,10.6062702172,7.43866441366,7.52413654483
2018-09-27,10.6062702172,3.18719531423,4.52254607144
2018-11-14,10.6062702172,2.90959930284,3.40229531676
2018-11-30,10.6062702172,2.53500013498,2.89971368978
2019-01-01,10.6062702172,3.07203486968,4.11132188648
2019-01-17,10.6062702172,2.53304349583,2.81374906219
2019-02-02,10.6062702172,3.04213444484,3.37032846167
2019-02-18,10.6062702172,8.70180880662,3.87895331914
2019-03-06,10.6062702172,9.47254722092,4.05208989708
2019-03-22,10.6062702172,7.36984896652,10.6062702172
2019-04-07,10.6062702172,3.2079235954,3.38802948214
2019-04-23,10.6062702172,2.94304569611,3.04684939104
2019-05-09,10.6062702172,2.93435030486,3.08432555791
2019-05-25,10.6062702172,1.89060915984,8.49299880684
2019-07-28,10.6062702172,10.5333205108,10.1946883182
2019-08-29,10.6062702172,3.85436186905,8.6546254685