Elevation,CumArea
1825.0,0.11
1826.0,1.05
1827.0,1.99
1828.0,2.93
1829.0,3.87
1830.0,4.81
1831.0,5.75
1832.0,6.69
1833.0,7.63
1834.0,8.57
1835.0,9.51
1836.0,10.45
1837.0,11.39
1838.0,12.32
1839.0,13.26
1840.0,14.20
1841.0,15.14
1842.0,16.08
1843.0,17.02
1844.0,17.96
1845.0,18.90
1846.0,19.84
1847.0,20.78
1848.0,21.72
1849.0,22.66
1850.0,23.60
1851.0,24.54
1852.0,25.48
1853.0,26.42
1854.0,27.36
1855.0,28.30
1856.0,29.23
1857.0,30.17
1858.0,31.11
1859.0,32.05
1860.0,32.99
1861.0,33.93
1862.0,34.87
1863.0,35.81
1864.0,36.75
1865.0,37.69
1866.0,38.63
1867.0,39.57
1868.0,40.51
1869.0,41.45
1870.0,42.39
1871.0,43.33
1872.0,44.27
1873.0,45.20
1874.0,46.14
1875.0,47.08
1876.0,48.02
1877.0,48.96
1878.0,49.90
1879.0,50.84
1880.0,51.78
1881,52.72
1882,55.39
1883,57.05
1884,58.93
1885,61.16
1886,63.67
1887,66.30
1888,69.02
1889,71.68
1890,74.28
1891,76.80
1892,79.24
1893,81.48
1894,83.66
1895,85.74
1896,87.65
1897,89.60
1898,91.47
1899,93.23
1900,94.93
1901,96.63
1902,98.31
1903,99.88
1904,101.42
1905,102.98
1906,104.43
1907,105.87
1908,107.29
1909,108.65
1910,109.99
1911,111.29
1912,112.57
1913,113.82
1914,115.09
1915,116.25
1916,117.43
1917,118.58
1918,119.77
1919,120.91
1920,122.04
1921,123.15
1922,124.25
1923,125.29
1924,126.34
1925,127.31
1926,128.35
1927,129.34
1928,130.31
1929,131.31
1930,132.28
1931,133.28
1932,134.22
1933,135.12
1934,136.02
1935,136.92
1936,137.78
1937,138.63
1938,139.52
1939,140.41
1940,141.24
1941,142.09
1942,142.95
1943,143.81
1944,144.64
1945,145.49
1946,146.27
1947,147.10
1948,147.93
1949,148.70
1950,149.47
1951,150.19
1952,151.00
1953,151.76
1954,152.51
1955,153.29
1956,154.05
1957,154.83
1958,155.56
1959,156.30
1960,157.02
1961,157.77
1962,158.51
1963,159.25
1964,159.94
1965,160.67
1966,161.38
1967,162.06
1968,162.74
1969,163.41
1970,164.05
1971,164.72
1972,165.38
1973,166.08
1974,166.76
1975,167.40
1976,168.09
1977,168.79
1978,169.41
1979,170.08
1980,170.77
1981,171.44
1982,172.14
1983,172.82
1984,173.50
1985,174.12
1986,174.81
1987,175.47
1988,176.14
1989,176.81
1990,177.45
1991,178.12
1992,178.79
1993,179.46
1994,180.12
1995,180.76
1996,181.41
1997,182.06
1998,182.68
1999,183.36
2000,184.03
2001,184.69
2002,185.34
2003,186.00
2004,186.66
2005,187.31
2006,187.97
2007,188.56
2008,189.18
2009,189.86
2010,190.53
2011,191.22
2012,191.87
2013,192.51
2014,193.15
2015,193.84
2016,194.43
2017,195.04
2018,195.70
2019,196.37
2020,197.01
2021,197.66
2022,198.26
2023,198.88
2024,199.55
2025,200.15
2026,200.78
2027,201.44
2028,202.11
2029,202.68
2030,203.33
2031,204.00
2032,204.63
2033,205.25
2034,205.85
2035,206.44
2036,207.09
2037,207.71
2038,208.30
2039,208.87
2040,209.44
2041,210.04
2042,210.64
2043,211.19
2044,211.78
2045,212.39
2046,212.96
2047,213.54
2048,214.12
2049,214.67
2050,215.25
2051,215.85
2052,216.37
2053,216.92
2054,217.48
2055,218.05
2056,218.59
2057,219.15
2058,219.67
2059,220.21
2060,220.77
2061,221.28
2062,221.79
2063,222.32
2064,222.88
2065,223.43
2066,223.91
2067,224.40
2068,224.87
2069,225.37
2070,225.92
2071,226.45
2072,226.97
2073,227.47
2074,228.03
2075,228.52
2076,229.00
2077,229.50
2078,230.01
2079,230.51
2080,231.00
2081,231.49
2082,231.99
2083,232.46
2084,232.91
2085,233.40
2086,233.84
2087,234.31
2088,234.79
2089,235.24
2090,235.71
2091,236.18
2092,236.66
2093,237.09
2094,237.54
2095,238.03
2096,238.50
2097,238.90
2098,239.36
2099,239.82
2100,240.24
2101,240.70
2102,241.09
2103,241.51
2104,241.93
2105,242.35
2106,242.77
2107,243.20
2108,243.60
2109,244.01
2110,244.42
2111,244.78
2112,245.18
2113,245.59
2114,245.93
2115,246.33
2116,246.67
2117,247.03
2118,247.43
2119,247.82
2120,248.19
2121,248.53
2122,248.86
2123,249.19
2124,249.54
2125,249.86
2126,250.18
2127,250.51
2128,250.84
2129,251.18
2130,251.50
2131,251.84
2132,252.17
2133,252.47
2134,252.77
2135,253.06
2136,253.37
2137,253.69
2138,254.03
2139,254.34
2140,254.62
2141,254.93
2142,255.23
2143,255.51
2144,255.78
2145,256.06
2146,256.38
2147,256.65
2148,256.93
2149,257.21
2150,257.46
2151,257.73
2152,258.01
2153,258.26
2154,258.51
2155,258.78
2156,259.05
2157,259.30
2158,259.57
2159,259.81
2160,260.08
2161,260.34
2162,260.59
2163,260.87
2164,261.13
2165,261.37
2166,261.64
2167,261.87
2168,262.15
2169,262.40
2170,262.70
2171,262.96
2172,263.24
2173,263.48
2174,263.78
2175,264.04
2176,264.30
2177,264.54
2178,264.80
2179,265.05
2180,265.29
2181,265.56
2182,265.80
2183,266.08
2184,266.34
2185,266.59
2186,266.87
2187,267.12
2188,267.41
2189,267.69
2190,267.96
2191,268.23
2192,268.50
2193,268.75
2194,269.02
2195,269.27
2196,269.54
2197,269.77
2198,270.03
2199,270.30
2200,270.54
2201,270.79
2202,271.08
2203,271.34
2204,271.62
2205,271.91
2206,272.17
2207,272.45
2208,272.72
2209,273.00
2210,273.28
2211,273.55
2212,273.80
2213,274.06
2214,274.32
2215,274.60
2216,274.83
2217,275.10
2218,275.39
2219,275.66
2220,275.93
2221,276.21
2222,276.47
2223,276.75
2224,276.98
2225,277.26
2226,277.50
2227,277.73
2228,277.98
2229,278.23
2230,278.49
2231,278.73
2232,279.02
2233,279.28
2234,279.50
2235,279.76
2236,280.02
2237,280.30
2238,280.56
2239,280.83
2240,281.09
2241,281.35
2242,281.58
2243,281.85
2244,282.08
2245,282.34
2246,282.61
2247,282.88
2248,283.16
2249,283.42
2250,283.68
2251,283.94
2252,284.17
2253,284.39
2254,284.63
2255,284.86
2256,285.07
2257,285.28
2258,285.52
2259,285.76
2260,286.00
2261,286.25
2262,286.53
2263,286.76
2264,286.99
2265,287.21
2266,287.42
2267,287.65
2268,287.86
2269,288.08
2270,288.30
2271,288.53
2272,288.73
2273,288.97
2274,289.18
2275,289.37
2276,289.58
2277,289.80
2278,289.99
2279,290.21
2280,290.41
2281,290.61
2282,290.81
2283,291.01
2284,291.22
2285,291.42
2286,291.60
2287,291.76
2288,291.95
2289,292.14
2290,292.32
2291,292.48
2292,292.65
2293,292.82
2294,292.98
2295,293.13
2296,293.30
2297,293.47
2298,293.61
2299,293.78
2300,293.93
2301,294.07
2302,294.23
2303,294.37
2304,294.50
2305,294.63
2306,294.77
2307,294.92
2308,295.06
2309,295.20
2310,295.34
2311,295.45
2312,295.57
2313,295.67
2314,295.78
2315,295.88
2316,296.01
2317,296.13
2318,296.25
2319,296.34
2320,296.45
2321,296.54
2322,296.64
2323,296.73
2324,296.83
2325,296.90
2326,296.98
2327,297.08
2328,297.15
2329,297.24
2330,297.33
2331,297.41
2332,297.49
2333,297.57
2334,297.66
2335,297.74
2336,297.82
2337,297.89
2338,297.95
2339,298.03
2340,298.10
2341,298.18
2342,298.24
2343,298.32
2344,298.41
2345,298.47
2346,298.53
2347,298.59
2348,298.65
2349,298.69
2350,298.75
2351,298.81
2352,298.86
2353,298.92
2354,298.99
2355,299.04
2356,299.08
2357,299.13
2358,299.19
2359,299.25
2360,299.31
2361,299.36
2362,299.40
2363,299.45
2364,299.49
2365,299.52
2366,299.56
2367,299.60
2368,299.65
2369,299.68
2370,299.72
2371,299.76
2372,299.78
2373,299.81
2374,299.84
2375,299.87
2376,299.90
2377,299.92
2378,299.94
2379,299.96
2380,299.98
2381,300.00
2382,300.03
2383,300.05
2384,300.07
2385,300.09
2387,300.13
2388,300.14
2389,300.16
2390,300.18
2391,300.20
2392,300.23
2394,300.27
2395,300.29
2397,300.32
2398,300.34
2399,300.36
2400,300.38
2401,300.40
2403,300.43
2404,300.45
2405,300.47
2407,300.50
2408,300.52
2409,300.54
2411,300.57
2412,300.58
2413,300.60
2418,300.65
2424,300.71
2427,300.75
2430,300.78
2432,300.80
2436,300.83
2445,300.89
2456,300.96
2463,301.02
2472,301.09
2480,301.14
2498,301.21
2512,301.27
2540,301.33