Date,Rarea,NDWI,MNDWI
2000-01-10,98.2994819415,17.5717942958,21.1650466123
2000-01-10,98.2994819415,17.6172594168,21.1825986947
2000-03-14,98.2994819415,58.3463341868,55.5671901037
2000-04-15,98.2994819415,88.3790389474,73.5520413813
2000-05-01,98.2994819415,70.7517339942,73.1935753228
2000-05-01,98.2994819415,70.7934810207,73.2330058835
2000-05-17,98.2994819415,96.3144220068,98.2994819415
2000-05-17,98.2994819415,96.3386258651,98.2994819415
2000-06-02,98.2994819415,96.2053085435,98.2219345052
2000-06-02,98.2994819415,96.2101945517,98.2319418868
2000-06-18,98.2994819415,96.1536632853,98.2994819415
2000-07-04,98.2994819415,39.0526795133,35.7078745075
2000-07-04,98.2994819415,39.0429864106,35.7449304498
2000-07-20,98.2994819415,60.3976868321,55.3923843511
2000-08-21,98.2994819415,12.181803278,13.5022218145
2000-08-21,98.2994819415,12.1893089401,13.5272402715
2000-09-06,98.2994819415,94.7043948445,94.812821529
2000-09-06,98.2994819415,94.6883139853,94.7875188815
2000-09-22,98.2994819415,98.2994819415,98.2994819415
2000-09-22,98.2994819415,98.2994819415,98.2994819415
2000-10-08,98.2994819415,35.4372872585,39.6371034971
2000-10-08,98.2994819415,35.4826625002,39.7105599356
2000-11-25,98.2994819415,36.5521555561,33.2143233061
2000-11-25,98.2994819415,36.5988754772,33.3813256212
2001-01-12,98.2994819415,55.5435243686,54.580970144
2001-01-12,98.2994819415,55.5365982709,54.4654053713
2001-01-28,98.2994819415,54.8201744845,53.6072384933
2001-01-28,98.2994819415,54.7736496589,53.5999987783
2001-03-01,98.2994819415,92.4480361477,70.2988310468
2001-03-01,98.2994819415,92.4769104162,70.2596158779
2001-03-17,98.2994819415,93.0398161992,67.8925638507
2001-03-17,98.2994819415,93.048459736,67.9286002059
2001-04-02,98.2994819415,55.0093096975,42.3108416126
2001-04-02,98.2994819415,55.018031725,42.3059550527
2001-04-18,98.2994819415,32.975230889,25.4111254221
2001-04-18,98.2994819415,33.0292503683,25.4018626934
2001-05-04,98.2994819415,96.2480245312,97.5339210921
2001-05-04,98.2994819415,96.2151479648,97.5489320453
2001-05-20,98.2994819415,41.2071792781,51.1322456703
2001-05-20,98.2994819415,41.2949496497,51.1740701386
2001-06-05,98.2994819415,87.5837350481,89.1532766594
2001-06-05,98.2994819415,87.5789669289,89.1358423405
2001-06-21,98.2994819415,57.5480137172,60.7643355896
2001-06-21,98.2994819415,57.5521832289,60.8009603332
2001-07-07,98.2994819415,17.0413203882,17.4440533144
2001-07-07,98.2994819415,17.0383867722,17.4540607695
2001-08-08,98.2994819415,41.5268733595,27.2265170745
2001-08-08,98.2994819415,41.5640663822,27.182210107
2001-08-24,98.2994819415,29.7533572747,53.0854036123
2001-08-24,98.2994819415,29.7646804698,53.0326108096
2001-09-09,98.2994819415,97.7847629581,98.2892391841
2001-09-25,98.2994819415,95.9284865773,97.3346181626
2001-09-25,98.2994819415,95.9470881094,97.3255134976
2001-10-11,98.2994819415,76.5958514686,63.1099630001
2001-10-11,98.2994819415,76.5854608502,63.033948131
2001-10-27,98.2994819415,94.4088146785,95.1316433676
2001-11-12,98.2994819415,58.3555546714,58.139016975
2001-11-28,98.2994819415,95.4663824564,79.2647874338
2001-12-14,98.2994819415,84.1452413763,76.0933825891
2001-12-14,98.2994819415,84.1743307353,76.1679677148
2002-01-15,98.2994819415,54.8142352494,53.6432246391
2002-01-15,98.2994819415,54.8636635057,53.6987439798
2002-01-31,98.2994819415,92.7651429123,88.2459370339
2002-01-31,98.2994819415,92.8023174745,88.1987160126
2002-02-16,98.2994819415,57.5624765651,49.7319761778
2002-02-16,98.2994819415,57.6096184422,49.6874920337
2002-03-04,98.2994819415,77.6957830133,64.3345257183
2002-03-04,98.2994819415,77.6682241812,64.3254889008
2002-03-20,98.2994819415,85.4309210769,96.6227103217
2002-04-21,98.2994819415,98.2994819415,98.2994819415
2002-05-07,98.2994819415,97.6002156727,96.6282572481
2002-05-07,98.2994819415,97.617571491,96.5932316895
2002-05-23,98.2994819415,92.8934861315,95.0574580154
2002-05-23,98.2994819415,92.8903170544,95.0374433601
2002-06-08,98.2994819415,94.661866953,72.1548691217
2002-06-08,98.2994819415,94.6568239093,72.0857405812
2002-06-24,98.2994819415,98.1201743366,97.9990366051
2002-07-10,98.2994819415,98.2994819415,98.2994819415
2002-07-26,98.2994819415,27.0023725419,23.1610912828
2002-07-26,98.2994819415,26.9721547749,23.1614050051
2002-08-11,98.2994819415,46.9391904555,40.187353228
2002-08-11,98.2994819415,47.0865234788,40.0934499843
2002-10-14,98.2994819415,13.4168675898,19.0494690806
2002-10-14,98.2994819415,13.3624158441,19.0386765332
2002-11-15,98.2994819415,53.3783398043,45.9463924947
2002-11-15,98.2994819415,53.3832163803,45.9792299896
2002-12-01,98.2994819415,14.1605058837,19.5958782353
2002-12-01,98.2994819415,14.1636350888,19.6425200339
2003-01-02,98.2994819415,67.0458754247,51.4498931803
2003-01-02,98.2994819415,67.0029705149,51.5571953655
2003-02-03,98.2994819415,46.5813916262,36.0965067428
2003-02-03,98.2994819415,46.5344057693,36.096830564
2003-02-19,98.2994819415,35.0966919395,42.4462142595
2003-02-19,98.2994819415,35.1655757961,42.4602537211
2003-03-07,98.2994819415,30.0385924001,36.8782994252
2003-03-07,98.2994819415,30.0651412662,37.005373294
2003-03-23,98.2994819415,36.1474758106,36.1718721371
2003-05-10,98.2994819415,68.2132269017,60.2771502763
2003-08-14,91.9416428451,91.9416428451,91.9416428451
2003-08-30,91.2210906892,41.8297355798,35.5196602731
2003-10-17,90.8533234481,40.4742183336,32.3887163374
2003-11-02,90.6387067415,51.8508543194,51.8419981828
2003-11-18,89.49720415,89.4431460598,89.49720415
2004-02-06,91.6267074056,14.8875986685,16.5948427412
2004-02-06,91.635812641,14.9146088642,16.637883903
2004-02-22,93.2335636998,83.7174988698,60.5818185868
2004-03-09,91.296918929,89.6819823572,88.6812090963
2004-03-09,91.2916404432,89.6731131234,88.7060409528
2004-04-10,91.8252740446,82.6844534123,70.3703537701
2004-05-28,91.1896059651,91.1896059651,91.1896059651
2004-05-28,91.185887372,91.185887372,91.185887372
2004-06-13,92.6950734932,35.4797509475,41.3478042933
2004-06-13,92.6900697613,35.5508215066,41.3628145047
2004-06-29,91.758578699,12.8354540145,12.669116434
2004-07-31,93.3060578163,82.291932211,92.653308912
2004-07-31,93.2849443555,82.2624307593,92.5781070375
2004-08-16,92.2433522834,29.2164724504,25.4051708751
2004-08-16,92.2735015487,29.1388002696,25.3462088315
2004-09-01,91.7074724117,91.7074724117,91.7074724117
2004-09-01,91.7198052203,91.7198052203,91.7198052203
2004-09-17,91.5362598229,41.5533171484,35.7200382524
2004-09-17,91.5240645556,41.5962492953,35.8349941309
2004-10-03,89.9991268991,46.4239336356,58.8515514223
2004-10-03,89.9891196127,46.3727099291,58.8315069215
2004-10-19,91.0632986478,89.6334327315,89.9132204471
2004-11-04,90.1112764893,68.7996534621,65.5422305867
2004-11-04,90.1377862861,68.8241920361,65.6507603686
2004-11-20,91.563338535,86.0212338996,90.9233776723
2004-12-06,91.2800833489,45.6307088128,61.4356806556
2004-12-06,91.2982634262,45.6415005328,61.4128014665
2004-12-22,91.5920259489,49.5562500977,50.3748823126
2004-12-22,91.5790558352,49.5083236259,50.456904494
2005-01-07,91.9182734138,91.9182734138,91.9182734138
2005-01-23,93.9733688684,26.6809063621,24.7954540508
2005-02-24,90.9385616109,50.2154314835,43.0250519636
2005-02-24,90.9366876469,50.1390143186,43.0343432834
2005-03-12,90.9363533747,31.4895194142,32.0015568522
2005-03-12,90.9187621579,31.4392756702,32.0255150597
2005-03-28,91.8849542885,90.436221119,60.8444663829
2005-07-02,93.9038669781,70.8081722758,67.4578618319
2005-07-02,93.8948799386,70.8127540936,67.6228247569
2005-07-18,92.0853651204,55.3428407238,68.5730506823
2005-07-18,92.0979136457,55.3789454731,68.601139942
2005-08-19,91.6594671048,36.6097081807,61.7314713364
2005-08-19,91.6569653589,36.5939217876,61.7271346738
2005-09-04,92.8647753482,54.1688626205,79.5711727919
2005-09-04,92.8679738109,54.2678861212,79.617049017
2005-10-06,92.436159977,15.6274748697,28.4979409273
2005-10-06,92.4367778728,15.6538267412,28.6517805177
2005-10-22,91.2507778283,57.9461355103,58.6756174787
2005-11-07,90.5343370201,56.2711106027,53.5710975965
2005-11-07,90.5218279505,56.273426038,53.5702734863
2005-12-09,92.6621768123,90.2896087297,70.5193951116
2005-12-25,93.9193490457,64.5640205716,71.0181373315
2006-01-10,92.3078016946,92.3078016946,92.3078016946
2006-01-26,91.5632598143,45.9486578585,70.9467576371
2006-01-26,91.5417635848,45.8207703598,70.8801606621
2006-02-11,91.0292161874,32.3078073343,30.3050533456
2006-02-11,90.9887553779,32.3122513397,30.1776266526
2006-02-27,91.1846814526,88.9307473331,81.6687111722
2006-03-15,91.5393598665,87.639481989,80.7072142697
2006-03-15,91.5360928338,87.7057268367,80.7804334106
2006-03-31,92.189862545,89.9590508807,92.189862545
2006-04-16,93.7180840389,63.1333802737,52.2731845991
2006-04-16,93.7146011338,63.0681464047,52.3717684857
2006-05-18,90.5142147011,90.5142147011,90.5142147011
2006-06-03,89.9419084737,58.3257052733,84.1310706974
2006-06-03,89.9038708911,58.2446067993,84.1038938617
2006-06-19,90.2289197451,37.0331768038,33.439175082
2006-06-19,90.2187554878,37.0479519711,33.420641925
2006-07-05,91.3044937804,17.182902889,16.424621536
2006-07-21,93.0533147427,42.6169689061,93.0533147427
2006-07-21,93.0508130227,42.6999123938,93.0508130227
2006-08-06,92.4971455614,44.0863757726,31.8397724307
2006-08-06,92.5036797248,43.9922779264,31.8296966092
2006-08-22,91.2929369782,18.5106509107,15.9921791534
2006-08-22,91.2929369091,18.4959923494,15.9367860605
2006-09-07,90.4835943441,90.4835943441,90.4835943441
2006-09-07,90.4891375623,90.4891375623,90.4891375623
2006-09-23,89.9124165288,10.1148874446,15.1446539279
2006-09-23,89.9068636057,10.0798615938,15.1300347485
2006-10-25,90.2720297042,45.6042277508,45.625121427
2006-10-25,90.2662898677,45.5819062545,45.5055744624
2006-11-26,88.4589630132,33.8984640883,34.7870136508
2006-11-26,88.4398710805,33.7947511554,34.8528354195
2006-12-28,90.0534118664,79.9399517941,71.7180963136
2006-12-28,90.0356438164,79.9660193704,71.7805044916
2007-01-13,92.3710135204,91.6855242917,90.6598622073
2007-01-13,92.3831304056,91.6901358322,90.6471961369
2007-01-29,91.8659212394,40.8112541705,36.910282346
2007-01-29,91.8507142723,40.640787035,36.849827787
2007-02-14,90.9300357674,52.8575554935,46.9498295947
2007-02-14,90.9270629781,52.8735084524,47.0895485003
2007-03-02,90.1924137968,28.8568089321,56.4453691799
2007-03-02,90.1803560359,28.8701523331,56.4392866433
2007-03-18,89.8529035208,67.18007326,45.6731863086
2007-03-18,89.8439854282,67.1647293982,45.6248870226
2007-04-03,91.5858836835,28.4101329678,15.8292352025
2007-05-05,93.0457010628,14.5585853959,14.967197841
2007-05-05,93.0404717169,14.573557133,15.0281833117
2007-06-06,94.8601744945,94.8601744945,94.8601744945
2007-06-06,94.8376578861,94.8376578861,94.8376578861
2007-06-22,93.8157730307,93.2628695527,92.8574355923
2007-07-24,93.2132546953,93.2132546953,93.2132546953
2007-09-26,93.0914012054,70.0932778872,57.2978293973
2007-09-26,93.0901845937,70.1005478666,57.3009102038
2007-11-13,90.7961042682,90.1935332092,90.5509306147
2007-11-29,90.1266095191,46.409756912,46.8746148415
2007-11-29,90.160428208,46.4225301468,46.9174784627
2007-12-31,90.0533118878,11.0652889849,21.2437435167
2007-12-31,90.1049476766,11.0371116729,21.2412313463
2008-01-16,90.9733406204,90.9733406204,90.9733406204
2008-02-01,91.9859195889,11.9970270439,17.996426943
2008-02-01,92.0007048526,11.9727441433,18.0110940212
2008-02-17,93.4365643952,87.0171971102,89.784005222
2008-03-04,94.7371923059,94.6045968176,61.9088628323
2008-03-20,94.4632955884,50.3762983434,53.7084729817
2008-03-20,94.4657089723,50.3305201237,53.7351002142
2008-04-05,92.9159296188,48.8215936984,57.5021313374
2008-04-05,92.912378062,48.8660673803,57.4570298917
2008-05-07,91.2145846803,15.2267680916,30.3584198533
2008-05-07,91.2042929154,15.2167994601,30.2917352695
2008-05-23,91.1344281507,90.1415524098,91.1344281507
2008-06-08,91.7418896684,50.9239398001,45.1162201759
2008-07-26,95.7177540801,95.7177540801,95.7177540801
2008-07-26,95.7177540819,95.7177540819,95.7177540819
2008-09-12,92.7877089389,43.970521518,90.9367782672
2008-09-12,92.7827052387,43.9757117225,90.9467168958
2008-09-28,91.6454560984,85.4534331227,88.4597387477
2008-09-28,91.6879970389,85.5201685065,88.4610044461
2008-10-14,94.7204051664,61.3723700463,73.6357456261
2008-10-14,94.7248986955,61.3898831132,73.6721352456
2008-10-30,93.6996389959,63.6907180734,59.1182814516
2008-11-15,93.0598095606,90.3853568803,89.5601487385
2008-12-01,93.17644346,58.4786368425,63.333866926
2008-12-17,93.7916573996,34.4497807505,32.9300293495
2008-12-17,93.7742524152,34.4402443338,32.9081402558
2009-01-02,94.6950827693,85.7990346102,85.4485785143
2009-01-02,94.6739004828,85.7842988739,85.4890792637
2009-02-03,97.2297880883,60.132413544,59.3346132644
2009-02-03,97.2347918024,60.1371032778,59.3081136733
2009-02-19,95.9773562767,79.6610210362,70.9556343196
2009-02-19,95.9942020451,79.5892146319,70.9438229549
2009-03-07,94.6219411205,94.6219411205,94.6219411205
2009-03-23,93.2876129987,66.0231698702,61.2763633996
2009-04-08,91.9872543712,91.5970451594,91.9872543712
2009-04-24,91.0763474641,74.3946112766,91.0763474641
2009-04-24,91.0585107767,74.289171176,91.0585107767
2009-05-10,90.6406286624,10.3627578314,10.7055071497
2009-05-10,90.6473099455,10.3827723114,10.7205182066
2009-05-26,90.5132421734,21.3339092826,42.8547622944
2009-05-26,90.5082386302,21.2990404947,42.9694425938
2009-06-11,90.7589799232,69.4032076227,81.0352956273
2009-06-11,90.7783371126,69.4083289532,81.0516406323
2009-06-27,91.4875768891,38.9991436972,37.1750125309
2009-06-27,91.4725659704,38.9786582096,37.1611796213
2009-07-13,92.7953324001,28.609534258,26.0508195513
2009-07-13,92.8078415205,28.623642652,26.0520263749
2009-07-29,94.5538616252,82.9277323661,92.7036166587
2009-07-29,94.555578767,82.9579217302,92.6988583485
2009-08-14,95.6161890975,95.6161890975,95.6161890975
2009-08-30,94.5913401729,17.1479589357,26.847283082
2009-08-30,94.5863364446,17.1655890426,26.8099521693
2009-09-15,93.2221239035,87.1189596351,68.2228292435
2009-10-01,92.1876251046,92.1876251046,92.1876251046
2009-10-01,92.1688663381,92.1688663381,92.1688663381
2009-10-17,94.8043295252,85.6621570764,67.7309768009
2009-11-18,94.9760631936,65.4585734296,69.1777711658
2009-11-18,94.9898576689,65.4050457134,69.1935965389
2009-12-04,96.0659605591,56.7338806358,51.5418484643
2009-12-04,96.082158822,56.6024917442,51.498229324
2009-12-20,94.8557005454,89.1509885188,91.230544427
2009-12-20,94.8086757563,89.1014619274,91.1509958027
2010-01-05,93.057493672,18.282031171,21.7143805679
2010-01-05,93.0336919315,18.3158791695,21.7119187854
2010-01-21,91.2516899823,20.5936974036,40.0202451203
2010-01-21,91.2237089443,20.6067469532,39.9362424939
2010-02-06,90.3617892674,74.7142127755,75.4999502864
2010-02-06,90.3847275306,74.6477628159,75.5294515254
2010-02-22,89.5309047401,88.5659952975,79.9095909182
2010-02-22,89.5320034768,88.5599321028,79.9535056929
2010-03-10,89.2100543633,66.2928551469,51.1681618281
2010-03-26,89.4926506369,50.0933255821,80.5326641906
2010-04-27,92.1467032542,92.1467032542,92.1467032542
2010-04-27,92.1458496653,92.1458496653,92.1458496653
2010-05-13,94.8259045554,28.6544973083,19.6690138899
2010-05-13,94.816554583,28.689943997,19.7146540036
2010-05-29,95.6997112926,11.6785276681,11.2481730544
2010-05-29,95.7222279501,11.69884623,11.2477414603
2010-06-14,96.2597405435,31.8852616957,26.5414838363
2010-08-01,95.8476337033,91.7670954608,95.8476337033
2010-08-17,95.5928389066,64.3873258816,95.5928389066
2010-08-17,95.5853333807,64.3872270215,95.5853333807
2010-09-18,92.6903342285,92.6903342285,92.6903342285
2010-10-04,95.0542774309,91.4384339851,86.2100310895
2010-11-05,96.5396030342,75.6968564574,86.2999762643
2010-11-05,96.5371011785,75.7366799858,86.2803543052
2010-11-21,95.6683552048,64.0728080731,60.4291694931
2010-11-21,95.6673447275,64.1259151942,60.3749148402
2010-12-23,96.5349721814,21.6620741233,66.6484645591
2011-01-24,95.8395982989,63.2818402522,62.6482484485
2011-01-24,95.8515580861,63.2626896673,62.6746206038
2011-02-09,96.2604764829,57.7821865441,47.9753282366
2011-02-09,96.2444155681,57.7563827737,47.817988995
2011-02-25,96.0282861683,95.5799297627,93.8020812444
2011-02-25,96.0217126964,95.5698732772,93.8217922305
2011-03-13,95.9141433129,28.304860912,47.5503820532
2011-03-13,95.9257890516,28.2718366185,47.5608506788
2011-03-29,95.9210897063,82.4424514507,95.6962990383
2011-04-14,95.9829684777,76.3093747996,73.9934482449
2011-04-14,95.9952814132,76.3287521158,73.9952539386
2011-06-17,95.6270993201,95.6270993201,95.6270993201
2011-07-03,96.0958650258,53.9255754648,48.1982743081
2011-07-03,96.074751377,53.8986446481,48.268630977
2011-07-19,95.7438420848,14.7051789787,26.6606435768
2011-07-19,95.7396232143,14.7394203595,26.6958653671
2011-08-04,96.1963311412,36.6196177263,67.3000752831
2011-08-04,96.2007068965,36.5390000358,67.3836850775
2011-08-20,95.8466329244,95.816610754,86.6429102813
2011-08-20,95.9203833209,95.8853574581,86.1747163403
2011-09-05,95.3945558767,10.4455418714,12.7692871973
2011-09-05,95.4045632427,10.4105160061,12.736763251
2011-09-21,94.6927871236,70.1907238139,94.6927871236
2011-09-21,94.6809743879,70.1785478443,94.6809743879
2011-10-07,94.8963479199,87.2700524302,94.8963479199
2011-10-23,95.4860939036,68.5845220256,62.1171364638
2011-10-23,95.48359203,68.6303885592,62.0388151918
2011-11-08,95.7760812459,80.842421541,89.5931036906
2012-01-11,93.5667478026,93.0847881096,77.2848839392
2012-01-27,95.5078943412,65.4556623933,94.9931066287
2012-02-12,94.0060883692,45.7088539383,43.8691362211
2012-02-12,94.0190783319,45.7084617846,43.7868113884
2012-02-28,94.5417841693,84.8059662009,94.5417841693
2012-03-15,95.2370093817,95.2370093817,95.2370093817
2012-03-15,95.2209093064,95.2184075363,95.2209093064
2012-03-31,94.7804297242,32.7192365028,12.3472245403
2012-03-31,94.7804296993,32.6722494476,12.3487849225
2012-04-16,95.342282405,52.9953317742,52.981199573
2012-04-16,95.3370433158,52.979969376,52.9371483472
2012-05-02,85.940144653,35.3552469791,30.6059317163
2012-05-02,85.9661339812,35.3090467105,30.6014369933
2012-06-03,93.1158597015,18.6081098327,92.7858006935
2012-06-03,93.0943929522,18.5837096883,92.7800412975
2012-06-19,96.0704247328,17.4479891047,28.0583138511
2012-06-19,96.0621049387,17.4409549855,28.0971261331
2012-07-05,96.1922987098,88.3804765167,93.4322185154
2012-07-05,96.1894829474,88.3417716561,93.3941709996
2012-07-21,96.2991125557,26.6078558783,45.6371745545
2012-07-21,96.296610712,26.5708292533,45.5135937396
2012-08-06,96.6779010274,6.41752065112,27.4713888994
2012-08-06,96.6626937097,6.41099620735,27.618466206
2012-08-22,96.7365128639,73.4719129526,96.7340110782
2012-08-22,96.7234934693,73.4440495303,96.7209916837
2012-09-07,96.4658036327,9.67956355859,10.578031171
2012-09-07,96.4658036366,9.6870690752,10.588038296
2012-09-23,96.3975767903,59.386656697,88.2210527754
2012-10-09,96.7693899716,90.5303937872,67.5675299709
2012-10-25,95.1661730738,1.44556901894,39.5273353818
2012-10-25,95.173678523,1.42665303057,39.5132663041
2012-11-10,96.0878885162,71.5825683919,70.9353694943
2012-11-10,96.1006430546,71.5474147657,70.9858476518
2012-11-26,95.8978864777,37.0683963051,34.4376852722
2012-12-12,95.9370523253,93.4176970995,67.7695500429
2012-12-12,95.9692328172,93.3787180409,67.7843152084
2012-12-28,94.7839615491,86.9752704127,86.2425677311
2012-12-28,94.7309617457,86.9128520236,86.1598997836
2013-01-13,96.0596816335,95.9657603081,96.0596816335
2013-01-29,94.9199830959,82.8220070179,84.9767364716
2013-01-29,94.8962499703,82.8402363744,85.0224461901
2013-02-14,94.9813413143,88.9778617498,70.0158430052
2013-02-14,94.9928107078,88.9617724448,69.9800731812
2013-03-02,95.8417766117,95.8417766117,95.8417766117
2013-03-02,95.8187498471,95.8187498471,95.8187498471
2013-03-18,95.822840887,69.452803656,76.9045855423
2013-03-18,95.7982934158,69.4524589695,76.7616477205
2013-06-06,95.8552080291,62.4096443001,95.8552080291
2013-06-06,95.8602116653,62.4086427153,95.8602116653
2013-06-22,94.9594040081,55.5626511881,87.6348155783
2013-07-08,96.7766601326,13.3786652755,26.7653718409
2013-07-08,96.7815460808,13.3861706283,26.8089628848
2013-07-24,96.4521072381,16.160328636,27.2254548699
2013-07-24,96.4646164354,16.1909392726,27.2596656726
2013-08-25,97.3535950195,19.202541856,34.5354191974
2013-08-25,97.3448728748,19.1609033639,34.5440427579
2013-09-10,96.8178766293,96.8178766293,96.8178766293
2013-09-26,96.860211702,96.860211702,96.860211702
2013-09-26,96.8003537353,96.8003537353,96.8003537353
2013-10-12,95.0395018696,24.1949058147,47.6777209237
2013-10-12,95.0181234686,24.1645307549,47.6301471916
2013-10-28,95.7476289768,41.3981682561,54.289603653
2013-10-28,95.7300767993,41.4193801269,54.2943326119
2013-11-13,95.6454263663,20.3959853596,24.1170956682
2013-11-13,95.6476142103,20.4324628312,24.1576744007
2013-11-29,95.1623861321,7.33287211206,61.9042286262
2013-12-15,96.1129558827,25.037044827,44.1600179321
2013-12-15,96.1154577487,25.0454820278,44.1254627933
2014-01-16,92.1605165031,23.8450240566,52.4009029784
2014-01-16,92.2053533992,23.868257729,52.5131509182
2014-02-01,87.2261765438,50.0368529782,80.5703504018
2014-02-01,87.1945356463,50.0286596989,80.5303308785
2014-02-17,93.885823989,28.8720855076,57.4578250758
2014-02-17,93.918495161,28.8629026157,57.3080887947
2014-03-05,95.7633954679,78.7937089247,86.3904620269
2014-03-21,96.0737115233,57.9735248391,92.5026274099
2014-03-21,96.0925880766,57.9597105274,92.5451487363
2014-04-06,96.9752082003,31.8074450934,77.8007039943
2014-04-06,96.9880705774,31.7257388752,77.7464881056
2014-04-22,95.0346648292,27.172106907,82.0168382783
2014-05-24,95.2346841331,8.75138659546,10.2953254527
2014-05-24,95.242228873,8.75889199097,10.3078345157
2014-06-09,95.7299689808,8.16616143952,62.5838087029
2014-06-09,95.7199616119,8.14114302448,62.5395103843
2014-06-25,96.2310331626,29.6897239291,57.6259785583
2014-07-11,96.2059658025,21.1857476385,83.907852991
2014-07-11,96.2121075632,21.145718856,84.0128615287
2014-07-27,95.6251469282,45.7714155478,93.5896483906
2014-07-27,95.6122845847,45.7417367836,93.5628346018
2014-08-12,95.60546594,10.0982730011,80.1399217757
2014-08-12,95.60773228,10.1307966991,80.1401277899
2014-09-13,97.5640938048,97.5015480748,81.0498063488
2014-09-13,97.554086399,97.4915406954,81.0138980196
2014-10-31,96.1870299875,89.2525860744,91.3127712647
2014-11-16,96.7745602467,96.5143356124,96.7745602467
2014-11-16,96.7759730589,96.5110980786,96.7759730589
2014-12-02,96.0324362169,10.6176261584,52.0633197683
2014-12-02,96.0384896844,10.6151241843,52.0346406604
2014-12-18,95.1363082102,24.4643592508,25.8589433242
2014-12-18,95.1223959242,24.4146368129,25.7462838234
2015-01-03,96.413471167,21.521075257,19.7107592805
2015-01-03,96.3990881036,21.5534020493,19.7258590906
2015-02-04,94.9123792215,91.994299258,93.5815115315
2015-02-04,94.9056978427,91.9910617821,93.5904298393
2015-02-20,95.8307388528,22.1826188933,19.0503526262
2015-02-20,95.8185729962,22.1987970909,19.0052700749
2015-03-08,96.9652303309,74.0030459565,49.8288972843
2015-03-08,96.9612470361,73.9888196821,49.6817796961
2015-03-24,96.6662550619,67.9817858928,87.68377768
2015-03-24,96.6699636891,67.9285918258,87.8083295579
2015-04-09,96.5441161354,25.009956566,48.0749197905
2015-04-09,96.5541234776,25.0211313689,48.1576664469
2015-04-25,97.0006191478,97.0006191478,97.0006191478
2015-05-11,96.0504887257,87.8368334179,96.0504887257
2015-05-11,96.0368022007,87.8147089531,96.0368022007
2015-05-27,96.9012222009,83.1253331846,96.7960657763
2015-06-12,95.8374791745,21.2695282661,39.2029729275
2015-06-12,95.8352520445,21.2549787496,39.1802603544
2015-06-28,96.8941483672,10.2555769173,19.038779684
2015-06-28,96.8920389327,10.2655845079,19.0410461547
2015-07-14,95.8958063442,47.3082888415,77.5968860049
2015-07-14,95.9036161073,47.3484755254,77.5995746341
2015-07-30,96.515232283,96.515232283,96.3726666023
2015-07-30,96.5150753074,96.5150753074,96.3634343175
2015-08-15,96.2516169848,36.9723506083,36.8587199872
2015-08-15,96.2666280526,36.9648848449,36.9378464895
2015-08-31,96.9737363037,46.7974470703,22.8645371229
2015-08-31,96.9786615047,46.7949452574,22.9499136784
2015-09-16,95.3211396844,10.5129955621,16.6956683708
2015-09-16,95.3411151409,10.5260541564,16.6512927167
2015-10-02,97.0740359677,40.1975778617,80.7839225839
2015-10-02,97.114968096,40.3479039302,80.9477788905
2015-10-18,95.9221883311,88.8291197458,95.9221883311
2015-10-18,95.9045480631,88.7691154114,95.9045480631
2015-11-03,97.062272163,76.0585432338,66.7681352155
2015-11-03,97.0782251492,76.0377050709,66.7997859675
2015-12-05,96.2022963352,36.6125716041,62.9662330135
2015-12-05,96.207417788,36.607734106,63.0418852281
2015-12-21,95.1258002941,63.7392260959,95.1258002941
2015-12-21,95.1229060941,63.7514605701,95.1229060941
2016-01-06,94.410845454,69.923294174,92.5158188241
2016-01-22,93.7644610097,92.5433300731,58.9815688126
2016-01-22,93.7502054399,92.4836786155,59.0165563801
2016-02-07,94.7193066598,49.5163760785,80.9209884624
2016-02-07,94.6876461936,49.4952724543,80.8858945529
2016-02-23,97.3138892025,77.2213648171,58.1497687771
2016-02-23,97.2938744178,77.1913035402,58.0531295022
2016-03-10,96.1138976813,80.9688095013,73.3668981006
2016-03-10,96.1357863856,80.9236101291,73.4441811581
2016-03-26,96.6250778309,41.2361203949,64.3763064806
2016-03-26,96.6057596459,40.999790696,64.4286193698
2016-04-27,95.8596129668,50.6657667272,46.0570495388
2016-04-27,95.8610257439,50.6652955901,46.0865123441
2016-05-13,96.4146973931,76.5503057347,69.156299926
2016-05-13,96.4063382303,32.5968770028,70.5203374614
2016-06-14,95.974697575,47.0243967251,80.3306376686
2016-06-14,95.9711066169,47.0415863547,80.3759059785
2016-06-30,96.4579548818,23.9677339051,91.7291354948
2016-06-30,96.455413788,23.9638685684,91.7419291549
2016-08-01,96.9661327052,6.05192377905,52.5598321066
2016-08-01,96.9686345641,6.04691993848,52.5624824225
2016-08-17,97.1582746531,20.5689452118,44.2043160003
2016-08-17,97.1565968918,20.5802380382,44.2041697676
2016-09-02,95.9420167424,56.3544848625,52.0465767692
2016-09-02,95.9131621482,56.4422053416,52.1036381215
2016-09-18,95.1786821918,34.3143848115,93.1368073261
2016-09-18,95.1911521015,34.2783778114,93.1577149522
2016-10-04,93.9137952754,32.1993790596,59.7316891256
2016-10-04,93.9106162887,32.1923444613,59.5492332548
2016-10-20,93.6424008712,30.5202940295,53.5766828235
2016-11-05,94.7948125172,37.7342473691,32.4126275051
2016-11-05,94.8130712021,37.8236765538,32.5834866649
2016-11-21,95.3935653684,9.98228344629,12.2592568065
2016-11-21,95.38355798,9.99729444531,12.2567552044
2016-12-07,94.473136015,70.7440342446,74.714627493
2016-12-07,94.4806415116,70.7714069973,74.7276763344
2017-01-24,96.4595933232,48.0866580762,83.7717639002
2017-01-24,96.4503610198,48.0530233859,83.7811329391
2017-02-09,97.1682032832,11.8597219825,22.6548919469
2017-02-09,97.1631995827,11.8722310267,22.5773742019
2017-02-25,96.6887227002,96.2407421939,89.4363070083
2017-03-13,96.5751587704,59.5923328567,52.8476231709
2017-03-13,96.5749232828,59.6795139409,52.8865332913
2017-05-16,95.3474921698,19.6857774733,31.3031543331
2017-05-16,95.3282916936,19.6707663571,31.2906053988
2017-06-01,94.7930466174,53.2734933006,84.2111923924
2017-06-01,94.8078615871,53.222995998,84.2015980297
2017-07-03,93.7023957977,6.60230820142,27.4593661255
2017-07-03,93.6986479279,6.592301021,27.4273229682
2017-07-19,94.1226145263,39.163672855,31.8240356469
2017-07-19,94.132621925,39.192213496,31.8536355575
2017-08-04,95.0312507383,4.9320682403,81.3609134718
2017-08-04,95.0351653634,4.98210490387,81.4458070584
2017-08-20,95.5622773138,88.8761403849,94.9023529239
2017-08-20,95.5705677568,88.9421694628,94.9231525603
2017-09-05,95.2102152817,46.9574828982,77.7234254127
2017-09-05,95.1940267537,46.8405920962,77.6495866666
2017-09-21,95.2535508377,32.2038911504,53.4200026475
2017-09-21,95.2410417332,32.1780487352,53.3581531632
2017-10-07,93.414607316,46.7036742628,37.3556660234
2017-10-07,93.4293827225,46.5926812318,37.4325557989
2017-11-08,89.7496210913,89.7496210913,89.7496210913
2017-11-24,89.5662527153,46.9827014634,45.758960376
2017-12-10,89.818258757,23.2880642349,52.0015209321
2017-12-10,89.8240376664,23.2642134513,52.0219386413
2017-12-26,91.1145511963,33.3784446552,33.136844072
2017-12-26,91.1529121828,33.4642218589,33.1456235936
2018-01-11,93.061339517,72.3657836828,71.0259753327
2018-01-27,95.3820175896,83.9862260279,95.3642009524
2018-01-27,95.3659077349,83.8013274213,95.3521528218
2018-02-12,96.6641555427,32.8857299506,64.7331883794
2018-02-12,96.658680904,32.9057059369,64.758912745
2018-02-28,96.0268827506,33.9676819418,52.7047550759
2018-02-28,96.0205349258,33.9574985485,52.6416696704
2018-03-16,95.4698662011,27.8979700527,44.3807012438
2018-03-16,95.4724858746,27.8946743765,44.3272207546
2018-04-17,95.7696941051,94.4035783176,95.7696941051
2018-05-03,96.4972779784,95.6851940959,96.4972779784
2018-05-19,96.1563704649,54.7663315123,54.0230020207
2018-05-19,96.1505427112,54.7835301884,54.0523957237
2018-06-04,95.8644990882,59.5070972452,65.9912203458
2018-06-04,95.8664416553,59.5167329054,66.0157676136
2018-06-20,95.9219138322,32.1017016809,60.0384085077
2018-06-20,95.9318035219,32.1426826671,59.9274356284
2018-07-06,96.4817860961,96.4817860961,96.4817860961
2018-07-06,96.4576604804,96.4576604804,96.4576604804
2018-07-22,96.2367826281,88.3286062331,96.2367826281
2018-07-22,96.2242734162,88.3560868423,96.2242734162
2018-08-07,95.8744081862,9.31272412312,12.3880786275
2018-08-07,95.8669027042,9.2827022386,12.4105948162
2018-08-23,95.828335161,13.8312397596,59.910372869
2018-08-23,95.8283351605,13.8109108665,59.9451923389
2018-09-08,95.7777980482,91.8308676292,95.7777980482
2018-09-08,95.7657105775,91.7864916604,95.7657105775
2018-09-24,96.1932895437,96.1932895437,96.1932895437
2018-10-10,96.6547857112,91.8706548909,92.7754749298
2018-10-26,95.9880896494,92.5307910708,95.8715538191
2018-12-13,94.5745437356,82.0730709207,92.9048640341
2018-12-29,95.0279052167,36.2855497247,62.2862176576
2018-12-29,95.0222833982,36.2074437676,62.3427088173
2019-01-14,95.8473590685,94.3707090656,95.8423553891
2019-01-30,96.8164637684,93.1685820332,74.7988950128
2019-02-15,96.0778911977,34.9328154959,28.1082374981
2019-03-03,95.5903860286,44.2924958747,34.0330151318
2019-03-03,95.5738150617,44.3281193471,33.9352285239
2019-04-20,95.3122407434,54.9240983605,68.9001138901
2019-05-06,95.4601435198,7.36288373462,14.5284315982
2019-05-06,95.4455150388,7.39290568506,14.5834719117
2019-05-22,96.316664685,15.9458884108,15.7665159375
2019-05-22,96.2941481003,15.9408844867,15.7872763415
2019-06-07,95.1652409623,55.8524273815,95.1652409623
2019-06-23,94.4580562393,94.4580562393,94.4580562393
2019-07-25,94.3237128538,76.8004680934,67.3156396591
2019-07-25,94.332307459,76.8188438034,67.307525235
2019-08-10,94.7024410859,50.1055899995,38.9903958434
2019-08-10,94.6874300007,50.1597279735,38.9319703165
2019-08-26,95.2273354626,27.7481408608,48.9624471123
2019-08-26,95.2620864835,27.831397539,48.9166686009
2019-09-11,95.8466427619,95.8466427619,95.8466427619
2019-09-27,96.3164584088,36.4755046303,66.6234336922
2019-09-27,96.3220017543,36.5201838433,66.4602170104
2019-10-29,94.4160154413,30.4440297063,59.5820645742
2019-10-29,94.4216078493,30.4440685905,59.5506002963