Date,Rarea,NDWI,MNDWI
2000-04-29,61.3011291886,26.9588059126,29.9619254185
2000-05-31,61.3011291886,8.8228288308,10.7233292763
2000-08-19,61.3011291886,14.2025055197,6.76091706952
2000-09-20,61.3011291886,28.63096404,9.83914839202
2000-10-06,61.3011291886,60.9836293514,29.7192350731
2000-10-22,61.3011291886,55.3935845337,9.32031398368
2000-11-23,61.3011291886,50.5461194028,8.30472455624
2000-12-25,61.3011291886,61.2986278322,20.1029501296
2001-02-11,61.3011291886,61.3011291886,56.8908929801
2001-03-31,61.3011291886,10.7227765152,26.8960595453
2001-06-19,61.3011291886,61.2886227026,60.6544091533
2001-07-05,61.3011291886,9.40236906783,9.72797380859
2001-09-07,61.3011291886,28.0951923254,8.59574244188
2001-09-23,61.3011291886,61.3011291886,16.400384519
2001-11-10,61.3011291886,61.3011291886,61.088401452
2001-11-26,61.3011291886,57.2842168143,3.71048669064
2001-12-12,61.3011291886,61.3011291886,47.610038985
2002-01-13,61.3011291886,56.0930865379,21.1335165306
2002-04-03,61.3011291886,52.6407338945,49.1215583144
2002-05-05,61.3011291886,58.5330336065,57.4768675249
2002-05-21,61.3011291886,61.2736153207,51.8270492833
2002-06-06,61.3011291886,60.9884674264,52.0641191804
2002-08-25,61.3011291886,60.5851278603,61.2586068154
2002-11-29,61.3011291886,61.3011291886,61.3011291886
2003-01-16,61.3011291886,59.2453657873,61.2636087187
2003-02-17,61.3011291886,11.128708403,33.0917675674
2003-03-05,61.3011291886,58.7959932667,59.9406703807
2003-04-06,61.3011291886,60.4541750466,61.3011291886
2003-05-08,61.3011291886,17.8559120445,35.3826386852
2003-08-28,53.15334615,53.1508448463,53.15334615
2004-04-08,53.2402155091,4.19469347656,13.4247078518
2004-08-14,53.6085449935,53.3303906692,53.6085449935
2004-12-04,53.1402797135,46.9562919469,48.3312886409
2005-01-21,53.8742925902,16.1931009764,16.0005344727
2005-02-06,53.5101409951,53.4916212985,53.5101409951
2005-02-22,53.0426415135,12.3855534796,23.0595110229
2005-03-26,53.3626220055,47.1481688783,52.980236906
2005-05-29,53.5258748622,53.5258748622,42.3257209692
2005-06-30,54.1331728811,15.7777600422,25.6903343401
2005-08-17,53.3115374812,8.03913531396,10.7354461231
2005-09-02,53.6937365065,52.6787501395,53.6937365065
2005-11-21,52.9239905967,21.0290509905,14.3249103398
2005-12-07,53.4264304234,53.3775017956,53.3747747747
2005-12-23,53.9342063394,53.9342063394,53.9342063394
2006-01-08,53.515241745,52.3394852305,53.5127404506
2006-01-24,53.2174879637,53.2149866615,53.2174879637
2006-03-13,53.2065117287,32.9790391987,34.1712806903
2006-04-14,53.8822962845,31.8412172297,47.9758617437
2006-05-16,53.0027676349,51.8242372839,53.0027676349
2006-07-03,53.204137313,28.2715108655,37.2451929115
2006-10-07,53.4668047913,52.0234754236,53.4668047913
2007-02-12,53.0877237585,53.077718464,53.0877237585
2007-02-28,52.8138354286,52.8138354286,52.8138354286
2007-04-01,53.3237193292,44.4591756787,52.9645465355
2007-05-19,54.0559666055,49.8590195331,50.0294320707
2007-07-06,53.7474907473,6.50424879508,11.3968146289
2007-09-08,54.1615702904,53.6570630965,54.1615702904
2007-09-24,53.7747301048,8.83973526316,10.1976687279
2007-11-27,52.6921341689,8.86634193802,11.1330572078
2007-12-29,52.7219921556,52.6812552714,52.7219921556
2008-04-03,53.7160917558,15.5320904172,22.6635514607
2008-09-10,53.6872926044,53.6872926044,36.0147196105
2008-10-28,53.8179591502,44.9857936387,46.5916395129
2008-11-29,53.6379824141,9.48505831113,11.1355656456
2008-12-31,54.1176058925,53.6399813426,47.7188063587
2009-02-17,54.7115454385,4.24981636132,31.7195583193
2009-04-22,53.0827115211,9.96550951082,10.5933754347
2009-05-08,52.9033717665,15.8426123611,48.1395007595
2009-05-24,52.8697955429,52.8397791718,52.8697955429
2009-07-11,53.5424329289,53.1407427853,53.5424329289
2009-10-15,54.0878651392,48.0195893727,54.0878651392
2009-11-16,54.0591545918,8.93817863495,9.11865445002
2009-12-02,54.3951935059,42.3780073851,10.2736780703
2010-01-03,53.7332276606,48.7042754345,48.8597895714
2010-02-20,52.4987476084,45.8801467372,48.4702191181
2010-03-08,52.4069062879,51.8001023959,50.8872693729
2010-07-30,54.5243299619,10.7443523995,13.2260858276
2010-08-31,53.9730700318,16.873727342,11.2449338592
2010-10-02,54.2204835916,8.65361752611,6.23173623652
2011-04-12,54.4676632131,36.1416559216,52.533562376
2011-04-28,54.6651486611,34.5011837389,35.2374936325
2011-05-14,54.841506446,54.7675268198,54.7167560147
2011-09-03,54.4988363824,54.4262983458,54.4963350604
2011-09-19,54.3296785232,54.1295953913,54.3296785232
2011-11-22,53.9801916909,25.1844825129,27.373081364
2011-12-08,54.2022877987,20.8391253951,22.1119410317
2011-12-24,53.8062864176,53.7719743364,53.7769377196
2012-02-26,54.0771046031,54.0771046031,54.0771046031
2012-03-29,54.2247696345,11.67657751,44.142913159
2012-04-14,54.5178952557,44.3039985339,54.2607430065
2012-06-01,52.9963719098,10.8867539695,17.4939135277
2012-08-04,54.9363990306,45.2082666768,53.4799370724
2012-08-20,54.9347222944,51.1268788097,54.3883237399
2012-09-21,54.8376714807,54.5910443389,54.8376714807
2012-10-07,54.8033884444,12.3730908839,18.8413079544
2012-11-24,54.360028006,54.1024020614,54.3106686621
2012-12-26,54.1609036333,18.9171671104,18.48470281
2013-01-11,54.6181042269,53.8359929551,54.6055977162
2013-05-03,54.5033185653,53.2911618484,54.5033185653
2013-09-08,54.9029793786,12.9209446231,11.8759443688
2013-10-10,54.2301549476,10.6379014698,11.0423196273
2013-11-27,54.2933254459,11.4824733695,11.5221804402
2013-12-13,54.4951370191,13.2466199806,13.3902363328
2014-07-09,54.6233029345,49.2788362837,54.6233029345
2014-07-25,54.5819768906,54.5819768906,54.5819768906
2014-10-13,55.1215953968,38.3441285656,40.3491156418
2014-11-14,54.7857022725,46.9526751447,0.274242877018
2015-01-17,54.9050601297,54.9050601297,43.0158952016
2015-02-02,54.2360015371,7.37476244177,17.9492976849
2015-03-06,54.8185237873,54.8185237873,54.8185237873
2015-03-22,54.7352746759,10.822161845,24.1820991698
2015-04-07,54.8526099226,32.9259745228,50.8222599697
2015-04-23,55.0722947674,10.5402101846,16.1087231626
2015-05-09,54.7738827392,26.9007727447,43.3381411043
2015-05-25,54.9571462349,27.896378302,45.3723725355
2015-06-10,54.5354142536,11.7148850903,24.0600833345
2015-08-13,54.6635397647,54.2103920634,54.6635397647
2016-03-08,54.6230387027,28.3303452954,49.5090923687
2016-03-24,54.8005437916,22.3211396526,34.3600026276
2016-04-25,54.617368386,37.7146734393,51.1178214613
2016-05-11,54.6756158064,26.0818740887,35.9267272452
2016-05-27,54.7007262077,20.7096043548,33.075633505
2016-06-12,54.5222899361,28.9182983261,48.555989297
2016-06-28,54.8348465363,54.6792239023,54.8348465363
2016-07-30,55.0155202882,15.0504849175,24.5891721793
2016-08-15,55.1317775487,11.3539011038,16.0011181617
2016-10-02,53.965908825,12.2366131451,39.6253798685
2016-12-21,54.1201955369,12.1617428749,11.739592989
2017-01-22,54.9055495227,10.5328416486,11.9643771779
2017-02-23,54.8771818932,20.526176487,19.8104652984
2017-04-28,54.4357149399,12.3385603272,19.0001958776
2017-05-30,54.2286840828,52.0199529472,54.2286840828
2017-09-03,54.3330522263,15.1483843938,16.6880530673
2017-09-19,54.488644269,23.3737036029,23.1422501101
2017-10-21,53.1866378419,13.8138362716,13.8046974181
2017-12-08,52.742336439,52.5446212816,52.719128237
2017-12-24,53.0845355628,28.494989492,30.4331314818
2018-01-09,53.6540887543,53.4339759962,53.6540887543
2018-02-26,54.7439646518,13.6123782355,54.0576290301
2018-03-14,54.5737181964,24.2982830304,44.0440904534
2018-03-30,54.5849201255,40.6138405496,36.9685284847
2018-07-20,54.851110198,11.0906953756,12.966014223
2018-08-21,54.6980783067,53.3373728938,54.578016136
2018-12-11,54.2851651171,12.1355846569,11.6788018099
2019-02-13,54.954321189,49.2703657066,48.5372415675
2019-03-01,54.7350687805,51.7172446854,52.6348914947
2019-04-02,54.5158262916,13.3247989863,20.122149388
2019-05-04,54.8019467007,11.2679536981,22.7080938539
2019-05-20,55.052814381,33.1049953607,48.4693162834
2019-10-27,54.442845829,52.4091017367,53.7440527053