Date,Rarea,NDWI,MNDWI
2000-04-29,571.987579884,554.539747868,533.579917916
2000-05-31,571.988367091,361.441634981,339.612082723
2000-08-19,571.987268722,561.638854426,129.904719541
2000-09-20,571.987579884,235.641522004,128.20187974
2000-10-06,571.987268722,569.985019519,205.225817548
2000-10-22,571.987579884,543.188164786,237.913225823
2000-11-23,571.987268722,464.448681872,132.189990734
2000-12-25,571.985383213,562.815847961,462.604668447
2001-02-11,571.985383213,557.211144984,547.882664094
2001-03-31,571.988367091,96.0010317318,232.449931091
2001-06-19,571.987579884,571.827524048,547.243671723
2001-07-05,571.988367091,562.733509314,492.044724445
2001-09-07,571.985383213,223.718535935,110.222038351
2001-09-23,571.987268722,571.704695145,382.958895085
2001-11-10,571.988367091,569.165437054,300.315072505
2001-11-26,571.985383213,562.968772757,371.114795323
2001-12-12,571.987268722,571.639718399,533.14662926
2002-01-13,571.985383213,539.797173429,292.455466052
2002-04-03,571.987268722,417.4878357,432.117099552
2002-05-05,571.987268722,562.992175825,555.450129723
2002-05-21,571.987579884,538.704417879,330.55983262
2002-06-06,571.985383213,479.218568468,475.821260189
2002-08-25,571.988367091,571.988367091,571.988367091
2002-11-29,571.987579884,517.362679102,559.34221216
2003-01-16,571.988367091,569.648952809,571.988367091
2003-02-17,571.987268722,218.936195198,474.428016134
2003-03-05,571.985383213,570.719143847,569.32464712
2003-04-06,571.985383213,474.321996784,569.664858143
2003-05-08,571.987268722,70.4386433671,249.450523752