Date,Rarea,NDWI,MNDWI
2000-04-29,58.1535820021,14.1471545629,15.0685070087
2000-05-31,58.1535820021,13.8937713821,13.3052646335
2000-08-19,58.1535820021,58.1535820021,54.6975467892
2000-09-20,58.1535820021,24.7327960592,12.147010379
2000-10-06,58.1535820021,44.6542418359,0.0720712084339
2000-10-22,58.1535820021,54.2790359217,17.352931209
2000-11-23,58.1535820021,26.6333834066,5.64419833885
2000-12-25,58.1535820021,52.6263190964,16.6662801397
2001-02-11,58.1535820021,56.1695588718,46.265378723
2001-03-31,58.1535820021,12.6606353911,28.5061390298
2001-06-19,58.1535820021,57.3326125882,57.0921649095
2001-07-05,58.1535820021,6.74122027204,6.99472535983
2001-09-07,58.1535820021,13.8522582555,6.24167927749
2001-09-23,58.1535820021,58.1535820021,12.0112103094
2001-11-10,58.1535820021,58.1535820021,51.515586805
2001-11-26,58.1535820021,41.8732951029,4.25437320503
2001-12-12,58.1535820021,58.1160594811,43.976679746
2002-01-13,58.1535820021,32.4006778033,5.93707130445
2002-04-03,58.1535820021,20.8284172584,19.7022206596
2002-05-05,58.1535820021,58.0874560736,32.404041367
2002-05-21,58.1535820021,57.7908720949,50.1795150023
2002-06-06,58.1535820021,48.8704729744,43.251686845
2002-08-25,58.1535820021,57.9541095218,58.1535820021
2002-11-29,58.1535820021,57.7012112284,57.885293386
2003-01-16,58.1535820021,57.5683941015,49.9977201043
2003-02-17,58.1535820021,54.585364388,58.1535820021
2003-03-05,58.1535820021,58.1535820021,58.1535820021
2003-04-06,58.1535820021,43.4729695663,58.0286842196
2003-05-08,58.1535820021,13.0408546655,27.6735307143
2003-08-28,52.4407188861,52.4407188861,52.4407188861
2004-04-08,52.7284353029,3.96232776172,50.1190757656
2004-08-14,53.0595263341,53.0595263341,53.0595263341
2004-12-04,52.3980074502,52.084755499,52.3980074502
2005-01-21,53.7356720337,21.0943009726,29.3608017317
2005-02-06,53.0194730638,39.5027451311,52.2863889425
2005-02-22,52.6195792867,23.2227552249,48.9881078901
2005-03-26,52.675552908,40.1148555008,52.090555544
2005-05-29,53.0937422915,45.9712687835,45.4339868838
2005-06-30,54.2044821613,8.50033842624,17.8578154356
2005-08-17,52.817763756,3.71217404785,7.66709635141
2005-09-02,53.2453422922,5.99031438934,12.4521729213
2005-11-21,52.3558725146,23.2620843335,29.9895624503
2005-12-07,52.8631419206,52.8631419206,52.8631419206
2005-12-23,54.1920322655,54.1920322655,54.1920322655
2006-01-08,52.9623023926,34.7529401197,44.9766610957
2006-01-24,52.7401387906,50.0039775711,52.7401387906
2006-03-13,52.6640559645,12.6592241694,14.0795564539
2006-04-14,53.6570387896,44.0003988442,50.2631029265
2006-05-16,52.2684411651,50.3284607348,52.2684411651
2006-07-03,52.5876089093,52.5876089093,52.5876089093
2006-10-07,53.2482636776,53.1685780593,53.2482636776
2006-11-24,51.2387463245,51.0915988564,38.8420372545
2007-02-12,52.3720603118,52.3720603118,52.3720603118
2007-02-28,52.3939853041,39.1807511075,52.3907481503
2007-04-01,52.6711481562,36.0714506826,50.5689722545
2007-05-19,54.5082087479,46.0001493897,45.528582991
2007-07-06,53.8230685073,2.82166309863,5.59720868197
2007-09-08,54.5220028287,54.4494599788,54.5220028287
2007-09-24,53.5820832609,2.5361589879,5.34628679548
2007-11-27,51.9525993935,2.4843984446,5.83161051391
2007-12-29,51.9912300626,49.1547104155,51.9912300626
2008-04-03,53.426755734,15.222960547,14.3813796716
2008-09-10,53.3692808306,49.993997765,39.8948046285
2008-10-28,53.5633569034,53.5633569034,53.5633569034
2008-11-29,53.2183470449,2.66656613672,4.1914131379
2008-12-31,54.3619765929,51.5231740436,46.6773839916
2009-02-17,55.4414254444,3.08966754117,10.906019423
2009-04-22,52.3433391787,8.16856525887,3.64416659877
2009-05-08,52.2005091989,31.6265275695,52.1084352897
2009-05-24,52.0930338631,42.1806836649,47.8254303363
2009-07-11,53.3436250184,53.3436250184,53.3436250184
2009-10-15,54.3051101272,53.8213661427,54.2926026282
2009-11-16,54.5464580173,2.41762791756,4.05225632751
2009-12-02,55.2267406696,23.6462182518,6.82400778689
2010-01-03,53.4382518042,1.78488461126,5.3748998334
2010-02-20,51.6736303584,51.6736303584,51.651117019
2010-03-08,51.6617596307,9.75664852541,12.5219371483
2010-07-30,55.4134473737,3.69716126465,4.86086452721
2010-08-31,54.4699117756,5.3171269176,4.23504593426
2010-10-02,54.5592997368,3.49704858618,3.94230867944
2011-04-12,55.4136440568,15.0476225743,39.7135811443
2011-04-28,55.4359513828,41.0892481449,43.694182287
2011-05-14,55.8485458147,55.8010168787,55.8460442935
2011-09-03,55.3649777683,55.3649777683,55.3649777683
2011-09-19,54.8699054696,54.6688542805,54.8699054696
2011-11-22,54.4672136655,34.8924797653,46.3325549114
2011-12-08,54.5511476705,21.5694343122,26.3862621558
2011-12-24,53.6981728564,48.3514847687,52.4572878859
2012-02-26,54.308464569,54.19992775,54.308464569
2012-03-29,54.6923095635,5.50822876294,10.3426099235
2012-04-14,55.263518739,20.8621401481,41.4401733275
2012-06-01,52.2643215626,15.5931167836,37.9211075648
2012-08-04,55.8391866799,4.83099513356,12.7384428327
2012-08-20,55.7558547438,54.3377151245,55.7558547438
2012-09-21,55.8289557313,55.6736391138,55.8264542332
2012-10-07,55.7381182882,4.14113009287,31.6618167772
2012-11-24,55.1830871649,52.5372244446,55.1455659874
2012-12-26,54.581686567,23.0800639855,27.9684030183
2013-01-11,55.3374434139,55.3374434139,55.3374434139
2013-05-03,55.2702871376,52.4082774576,55.2702871376
2013-09-08,55.8017931379,38.596516978,37.5985210595
2013-10-10,54.8147342804,4.02236598389,4.26500772168
2013-11-27,54.8646373353,34.928845243,41.3914718463
2013-12-13,55.0515398518,4.23560121974,5.78150524098
2014-07-09,55.4386199441,55.4386199441,55.4386199441
2014-07-25,55.2724931831,55.2724931831,55.2724931831
2014-10-13,56.1154362977,44.1264695533,48.0130154559
2014-11-14,55.5783390225,55.3969438594,42.2471123295
2015-01-17,55.9682910144,55.4239314389,37.0636176489
2015-02-02,54.698303926,1.90754801622,6.59477046749
2015-03-06,55.7556775708,49.1192184995,55.7556775708
2015-03-22,55.80961966,11.3131135469,25.4875100577
2015-04-07,55.8127103611,30.8368108045,50.8250668154
2015-04-23,56.1592954024,9.66822650271,19.4996278175
2015-05-09,55.5750435423,23.3117542041,38.9459831382
2015-05-25,56.1454623764,39.8166456567,55.0308165144
2015-06-10,55.2807736421,10.0614181716,25.6080926482
2015-08-13,55.5113675012,55.0652519537,55.5113675012
2016-03-08,55.4873059331,18.7906502418,37.0617287943
2016-03-24,55.5925049558,4.82913818858,9.69231839705
2016-04-25,55.3411317982,23.4295138865,40.7778662326
2016-05-11,55.790619013,22.9120408861,41.9423728845
2016-05-27,55.514242972,6.58243259551,14.8447452378
2016-06-12,55.4168027414,17.0491504783,39.753981491
2016-06-28,55.6840680514,51.7206943214,55.6840680514
2016-07-30,56.1348287348,7.50318365019,15.6912280555
2016-08-15,56.4570842749,5.39061767924,11.1345337243
2016-10-02,53.9707764452,3.56978621231,5.18785114292
2016-12-21,54.5247412369,4.93632310719,11.7442156332
2017-01-22,55.8168993405,3.96991300855,5.49355738653
2017-02-23,55.88060373,25.6842466155,24.5043688555
2017-04-28,55.069081085,3.21187099292,5.11487988508
2017-05-30,54.6195519882,54.041638033,54.6195519882
2017-09-03,55.0476456736,52.9563722806,54.9926138957
2017-09-19,55.1916626424,3.46488469047,6.78354284278
2017-10-21,52.5328525741,35.8238559531,50.8574939411
2017-12-08,52.185804004,46.6181796724,51.2197943828
2017-12-24,52.3251218943,19.7576058788,27.7952840443
2018-01-09,53.4289736296,53.3182521673,53.4289736296
2018-02-26,55.6493798351,16.6373955658,38.2301508121
2018-03-14,55.4175391184,22.9629889934,52.8681321969
2018-03-30,55.3208949504,55.232274199,55.2340979506
2018-07-20,56.0993080703,2.38898359092,4.87789431581
2018-08-21,55.6329005019,55.6329005019,55.6329005019
2018-12-11,54.9728275401,2.17870193256,4.66619105441
2019-02-13,56.032133271,33.5563547607,34.5415902618
2019-03-01,55.8218134487,55.8218134487,48.9369989158
2019-04-02,55.6297014811,11.4604849332,22.8015749802
2019-05-04,55.8118863744,3.72969339185,5.63391367717
2019-05-20,56.3207997179,37.1902990517,49.989073594
2019-10-27,55.24498739,48.8251491516,55.2024623041