Date,Rarea,NDWI,MNDWI
2000-03-29,50.0292410536,44.5948009352,36.4885857402
2000-04-14,50.0292410536,21.7822749539,17.0688579107
2000-04-30,50.0292410536,39.7477883391,34.3384554279
2000-05-16,50.0292410536,47.0840480287,42.9129367332
2000-08-20,50.0292410536,10.0106618272,9.45345070132
2000-10-07,50.0292410536,29.2683030766,31.2942302203
2000-10-23,50.0292410536,22.5283957201,25.4638012156
2000-12-10,50.0292410536,49.9917161864,49.4983707291
2001-01-11,50.0292410536,42.3634670957,34.378862375
2001-02-28,50.0292410536,11.4171788705,5.20598348267
2001-04-01,50.0292410536,45.4791621595,23.3812025492
2001-05-19,50.0292410536,45.4295574052,30.3509173981
2001-06-04,50.0292410536,45.3440044734,28.3950196482
2001-06-20,50.0292410536,34.2432479896,11.2572382325
2001-07-22,50.0292410536,27.4131535037,24.6631085934
2001-09-08,50.0292410536,35.509905201,37.0063398283
2001-09-24,50.0292410536,15.555154619,14.044877746
2001-11-27,50.0292410536,10.6238004854,11.36586576
2002-02-15,50.0292410536,8.13769382522,6.98792356282
2002-04-04,50.0292410536,16.6686966866,6.70003434354
2002-05-06,50.0292410536,18.2747506128,9.23644731857
2002-06-23,50.0292410536,49.3970596128,49.8064925958
2002-07-09,50.0292410536,9.91091448978,12.2624634762
2002-08-10,50.0292410536,20.6660998512,20.280611361
2002-09-11,50.0292410536,37.678749834,39.4487021451
2002-10-13,50.0292410536,49.2564909157,47.6529927245
2002-10-29,50.0292410536,45.4779516547,44.8514442474
2002-11-30,50.0292410536,12.496176797,13.0239374066
2002-12-16,50.0292410536,49.9892139814,49.7739520271
2003-01-17,50.0292410536,46.0061217295,41.3646764058
2003-02-02,50.0292410536,34.79212297,23.9134050942
2003-03-06,50.0292410536,25.886535011,10.6782688803
2003-05-09,50.0292410536,48.0176414639,23.8862765276
2003-05-25,50.0292410536,46.990331837,20.3904637569