Date,Rarea,NDWI,MNDWI
2000-01-28,10.0863493811,9.97951480439,8.10762607234
2000-02-13,10.0863493811,9.02078527343,8.91730047814
2000-03-16,10.0863493811,10.0296129454,7.70100246667
2000-05-03,10.0863493811,10.0863493811,10.0863493811
2000-05-19,10.0863493811,10.0863493811,10.0863493811
2000-06-04,10.0863493811,10.0863493811,10.0863493811
2000-06-20,10.0863493811,10.0863493811,10.0863493811
2000-07-22,10.0863493811,3.824952109,3.99236305984
2000-08-07,10.0863493811,10.0863493811,10.0863493811
2000-08-23,10.0863493811,9.25715069946,10.0583774956
2000-09-08,10.0863493811,3.04348384951,2.79051257482
2000-10-10,10.0863493811,4.45297913007,4.54098918856
2000-11-11,10.0863493811,10.0863493811,10.0863493811
2000-11-27,10.0863493811,10.0605106225,10.0863493811
2000-12-13,10.0863493811,7.41564701599,7.34550228163
2000-12-29,10.0863493811,4.86951398771,3.89278223471
2001-01-14,10.0863493811,9.73481430222,10.0127342827
2001-01-30,10.0863493811,10.0863493811,5.66819557613
2001-03-03,10.0863493811,7.40043056728,4.98450821911
2001-03-19,10.0863493811,8.26595228651,4.12248641433
2001-04-04,10.0863493811,10.0850045294,4.14146983676
2001-04-20,10.0863493811,9.24157243221,1.57322163164
2001-05-06,10.0863493811,1.99205693061,2.5388747208
2001-05-22,10.0863493811,3.18839247902,2.6977451929
2001-06-07,10.0863493811,4.60660135933,4.17472116562
2001-06-23,10.0863493811,3.27199279796,2.22968549438
2001-07-09,10.0863493811,5.48115538544,5.5947140072
2001-07-25,10.0863493811,2.10744009878,1.22872075105
2001-08-26,10.0863493811,10.0863493811,10.0863493811
2001-09-27,10.0863493811,7.35140432728,7.62126241818
2001-10-13,10.0863493811,10.0863493811,10.0863493811
2001-10-29,10.0863493811,4.253508291,4.09846804239
2001-11-14,10.0863493811,10.0548331643,10.0863493811
2001-11-30,10.0863493811,3.59621391535,3.66616325561
2001-12-16,10.0863493811,3.78574322818,3.91672015958
2002-01-17,10.0863493811,10.0863493811,9.13290028849
2002-02-02,10.0863493811,4.46612471207,3.11911750015
2002-02-18,10.0863493811,3.29796837827,1.6829924669
2002-03-06,10.0863493811,10.0863493811,9.98039814202
2002-05-25,10.0863493811,5.04525365474,7.92309857735
2002-06-10,10.0863493811,8.61479262577,9.46617799793
2002-06-26,10.0863493811,3.31097552887,1.76748254222
2002-07-12,10.0863493811,10.0838249904,10.0863493811
2002-07-28,10.0863493811,4.35961078865,5.22151917363
2002-08-13,10.0863493811,10.0863493811,10.0863493811
2002-09-14,10.0863493811,3.99145972515,3.03342512475
2002-09-30,10.0863493811,0.478512032715,0.903057365645
2002-11-01,10.0863493811,6.13536111915,5.03898717548
2002-11-17,10.0863493811,10.0719848527,9.75055735415
2002-12-19,10.0863493811,5.4220863312,4.64958646055
2003-01-04,10.0863493811,1.28291097784,1.91323700276
2003-01-20,10.0863493811,10.0676261199,7.45405610042
2003-02-05,10.0863493811,3.22521743917,2.30998243906
2003-02-21,10.0863493811,4.34059182973,2.4823875667
2003-03-09,10.0863493811,10.0854516091,7.08186975648
2003-03-25,10.0863493811,10.0863493811,9.26535280714
2003-04-10,10.0863493811,6.84359928422,6.91360720194
2003-04-26,10.0863493811,2.20386623165,2.0832898907
2003-05-28,10.0863493811,4.01466467065,4.12893818775