Date,Rarea,NDWI,MNDWI
2000-01-04,104.029077637,89.0322823886,12.0704644167
2000-01-20,104.029077637,104.029077637,104.01660143
2000-02-12,104.028558143,73.0067635447,13.033740384
2000-02-21,104.029077637,73.8653454278,43.2155482148
2000-02-28,104.028558143,104.028558143,104.028558143
2000-03-15,104.028558143,73.0581365559,34.2673842656
2000-03-24,104.029077637,58.656634808,12.7994042015
2000-03-31,104.028558143,22.0331911714,24.8092375666
2000-04-09,104.029077637,95.4714313799,43.3401023232
2000-04-25,104.029077637,80.3982002002,12.0151828082
2000-05-02,104.028558143,11.7181177721,12.0093225084
2000-05-11,104.029077637,11.6441176301,11.8002512651
2000-05-18,104.028558143,11.6060802067,11.7473171678
2000-05-27,104.029077637,11.8706846807,11.8210665517
2000-06-03,104.028558143,11.7645615142,11.7032297962
2000-06-12,104.029077637,12.4880794053,11.9063658269
2000-06-19,104.028558143,12.7984276411,11.3606211903
2000-06-28,104.029077637,12.3559996021,11.7524259441
2000-07-14,104.029077637,12.2005369957,11.4963296869
2000-08-15,104.029077637,102.988477601,17.7093800134
2000-08-22,104.028558143,89.9480512706,53.0345589098
2000-09-07,104.028558143,8.79510238216,8.58385200391
2000-09-16,104.029077637,99.9886840378,8.19707125618
2000-09-23,104.028558143,8.19923711086,7.92671006995
2000-10-02,104.029077637,99.0198266458,7.52079383918
2000-10-09,104.028558143,7.7631745547,7.30341871362
2000-11-19,104.029077637,92.8401069991,2.55524276294
2000-11-26,104.028558143,8.73468652284,4.51298162956
2000-12-28,104.028558143,15.2721790288,8.20331429997
2001-02-07,104.029077637,40.6894567257,19.3837169425
2001-02-14,104.028558143,19.7638876553,22.3035981277
2001-03-18,104.028558143,28.0474935404,32.4015070223
2001-03-27,104.029077637,45.7086547215,26.5279130296
2001-04-03,104.028558143,31.8858693656,35.6767999535
2001-04-12,104.029077637,39.4938454643,21.3033205908
2001-04-19,104.028558143,20.5927433664,21.2885253525
2001-04-28,104.029077637,59.0821388763,21.1295619361
2001-05-05,103.82900564,18.8429252599,20.9081359679
2001-05-14,104.029077637,20.7496587414,21.4386130479
2001-05-21,104.028558143,15.8283879786,20.7523875899
2001-05-30,104.029077637,21.0803710669,21.3170915353
2001-06-15,104.029077637,21.6623539119,21.6517530558
2001-07-01,104.029077637,21.319498279,21.1797840394
2001-07-08,104.028558143,18.2234791208,19.1369518725
2001-07-17,104.029077637,20.689969594,20.4451592155
2001-08-02,104.029077637,20.1891894726,19.7723474289
2001-09-03,104.029077637,101.989240302,18.4581209571
2001-09-19,104.029077637,100.487967146,17.8685159928
2001-10-05,104.029077637,103.010659753,54.3126012011
2001-10-21,104.029077637,98.0045361362,16.4372302944
2001-10-28,104.028558143,100.648946006,95.8039693084
2001-11-06,104.029077637,95.5464914037,15.0302244966
2001-11-13,104.028558143,14.5042166538,14.4724193707
2001-11-22,104.029077637,92.6048823713,13.2858111882
2001-12-24,104.029077637,103.192425704,78.4059149834
2001-12-31,104.028558143,62.8600541312,70.7884490632
2002-01-09,104.029077637,93.6698324633,52.9450083246
2002-01-25,104.029077637,96.588710316,12.3767361354
2002-02-01,104.028558143,104.028558143,104.028558143
2002-02-10,104.029077637,85.9418837898,26.4213342554
2002-02-26,104.029077637,80.902475027,13.9532618112
2002-03-14,104.029077637,41.2596806991,13.5478371472
2002-03-30,104.029077637,81.4833115384,12.7208095382
2002-04-06,104.028558143,11.950243462,12.6051028588
2002-04-15,104.029077637,66.6604264548,12.4200435849
2002-04-22,104.028558143,12.0748032044,12.6535968527
2002-05-01,104.029077637,86.2126482633,12.392857439
2002-05-17,104.029077637,12.027480028,12.2609033912
2002-05-24,104.028558143,12.094736274,12.0969007248
2002-06-02,104.029077637,97.065459502,12.1416770313
2002-06-18,104.029077637,13.3280170559,12.3751572175
2002-06-25,104.028558143,13.771733256,10.900993634
2002-07-04,104.029077637,104.029077637,104.029077637
2002-07-11,104.028558143,103.768981016,25.8127520432
2002-07-20,104.029077637,12.3733771395,11.1904435751
2002-07-27,104.028558143,9.83931813721,10.9861944582
2002-08-05,104.029077637,101.538429703,10.7044873202
2002-08-21,104.029077637,100.834697318,8.97815986482
2002-08-28,104.028558143,9.26999030384,8.42344278822
2002-09-06,104.029077637,99.8940952571,7.6505582635
2002-09-13,104.028558143,40.256054224,6.31420290138
2002-09-22,104.029077637,101.454593808,6.92476746533
2002-09-29,104.028558143,7.5169652449,6.5339879889
2002-10-15,104.020963233,14.0037041912,6.97649900366
2002-10-31,104.028558143,39.2151662141,32.4051372913
2002-11-09,104.029077637,2.13621173254,1.99378941016
2002-11-16,104.028558143,60.3463234032,55.1064060578
2002-11-25,104.029077637,99.511995944,1.69933220532
2002-12-02,101.457683323,56.8431803713,31.3461462917
2002-12-11,104.029077637,98.3686762862,2.8586349911
2003-01-03,104.028558143,103.953675041,104.028558143
2003-01-28,104.029077637,63.9671890004,11.3275703971
2003-02-04,104.028558143,13.6047981961,12.221945445
2003-03-01,104.029077637,48.9284497314,15.8267386343
2003-03-08,104.028558143,10.8144021578,29.2380589027
2003-03-24,104.028558143,21.527849188,25.5131785514
2003-04-02,104.029077637,104.009112407,102.813427426
2003-04-09,104.028558143,11.504120491,12.3346089452
2003-04-18,104.029077637,53.3186547667,11.1371922287
2003-04-25,104.028558143,11.4660205289,11.9826873141
2003-05-04,104.029077637,75.3322348319,11.9210864675
2003-05-11,104.028558143,11.426008743,11.9097873483
2003-05-20,104.029077637,104.024087255,92.5463537846