Date,Rarea,NDWI,MNDWI
2000-01-11,143.560267215,126.670752188,36.734255483
2000-01-18,146.477014876,128.881351751,35.5647154458
2000-01-27,142.258768626,126.949581677,39.2018820336
2000-02-03,146.477014876,128.808499284,34.1651521312
2000-02-12,135.888631994,119.488941451,34.3509999269
2000-02-19,146.477014876,130.73574752,40.3815264038
2000-02-28,128.848267368,112.986633475,34.8164207012
2000-03-15,130.632206878,115.681224126,38.7829254915
2000-03-22,146.477014876,129.785316776,37.3615298051
2000-03-31,142.394825549,77.3207020277,42.747083062
2000-04-07,146.477014876,62.1604338728,37.2489157677
2000-04-23,146.477014876,74.3430598372,46.5332610717
2000-05-02,143.081167467,74.458528507,45.1026371291
2000-05-09,146.477014876,133.107899977,146.471005458
2000-05-18,135.479116313,130.545507687,120.971208355
2000-05-25,146.477014876,98.036459738,69.7956573442
2000-06-03,126.76654487,75.6444064426,52.1395344696
2000-06-10,146.477014876,79.4754409395,54.7631586499
2000-06-26,146.477014876,90.8637219602,76.0804728469
2000-07-12,146.477014876,65.4077119286,60.763676458
2000-08-13,146.477014876,146.434086567,104.861999911
2000-08-22,139.942174564,19.8254068738,22.9462026614
2000-09-07,130.347710407,21.5227061118,40.2500255517
2000-09-14,146.477014876,28.2603019823,61.047642127
2000-09-30,146.477014876,108.485163101,38.9502816038
2000-10-09,146.476583577,25.0024824953,30.8961765327
2000-10-16,146.477014876,120.507631385,30.6403608977
2000-10-25,146.278832483,26.4106032214,29.0424427398
2000-11-01,146.477014876,125.636393864,56.6707693996
2000-11-17,146.477014876,122.243943833,29.3488254791
2000-11-26,143.070737864,28.6563215035,29.8502715856
2000-12-03,146.477014876,122.304168245,29.3993994615
2000-12-12,142.023325496,29.9044542838,30.5781322394
2000-12-19,146.477014876,126.7068125,33.3670403013
2000-12-28,145.624392314,29.8536791992,30.4459124999
2001-01-04,146.477014876,124.602621548,30.8605471646
2001-01-13,146.477014876,31.7677753162,31.1722366063
2001-01-20,146.477014876,126.724053261,32.3918048492
2001-01-29,146.477014876,31.2989311515,30.8784170042
2001-02-05,146.477014876,126.504577953,31.6113652921
2001-02-14,146.433806489,35.1211467041,32.1056661077
2001-02-21,146.477014876,128.973058165,36.3296955388
2001-03-02,141.129447251,36.4959173371,32.1246102523
2001-03-09,146.477014876,126.876770122,31.8709421665
2001-03-18,136.022002697,42.1719535247,35.0409179746
2001-03-25,146.477014876,44.7451720534,35.203866506
2001-04-10,146.477014876,124.262938737,146.470496004
2001-04-19,146.452391567,24.6049302698,25.3860480641
2001-04-26,146.477014876,46.0985569933,38.6847530506
2001-05-05,146.477014876,22.6268487002,25.3835141986
2001-05-12,146.477014876,49.5288691929,44.5221955645
2001-05-21,146.367043181,0.0,99.1252401248
2001-05-28,146.477014876,99.4948893278,79.4038569321
2001-06-06,141.02666969,27.9023237567,29.9874718198
2001-06-13,146.477014876,65.0759496708,52.6990428043
2001-06-22,130.636667253,128.935734265,130.6341674
2001-06-29,146.477014876,64.2276340476,53.6871323804
2001-07-08,146.038059006,146.038059006,146.038059006
2001-07-15,146.477014876,63.4567428945,49.1803107296
2001-07-24,146.477014876,18.3013321249,24.8267918971
2001-07-31,146.477014876,145.809027029,146.409523934
2001-08-25,136.35702073,0.0,136.35702073
2001-09-01,146.477014876,18.6114178352,146.477014876
2001-09-10,138.947086782,26.8597356204,43.7892000488
2001-09-17,146.477014876,128.93722375,41.0754115891
2001-09-26,146.477014876,144.972067469,146.427021896
2001-10-03,146.477014876,142.636960401,85.5506993963
2001-10-12,146.477014876,29.5522874213,36.6019038958
2001-10-19,146.477014876,130.215097908,50.4838197262
2001-10-28,146.477014876,31.5134402917,33.6012476702
2001-11-04,146.477014876,142.425012969,142.112794991
2001-11-13,146.477014876,29.9754549994,31.4302699215
2001-11-20,146.477014876,125.411620574,36.9160932838
2001-11-29,146.477014876,30.4940469354,31.3704886436
2001-12-06,146.477014876,123.641241778,31.5395959145
2001-12-15,146.477014876,32.8358237835,31.3229794698
2001-12-22,146.477014876,123.788116513,30.8890720411
2002-01-07,146.477014876,125.794415897,32.4669776652
2002-01-16,146.471162923,37.0539659799,32.4591311441
2002-01-23,146.477014876,125.658987348,31.2731567444
2002-02-01,146.271078917,35.4991816417,31.0951008175
2002-02-08,146.477014876,128.875238581,34.8307471467
2002-02-17,146.045400906,37.0663649174,31.8416902446
2002-03-12,146.477014876,127.39938462,32.2303651541
2002-03-21,132.952415503,24.6849240862,33.763570622
2002-03-28,146.477014876,41.0550473084,32.5250021294
2002-04-06,142.294057075,24.4899424109,35.7731962741
2002-04-13,146.477014876,138.354442232,146.331964308
2002-04-22,143.903065144,26.6557198144,32.2786707727
2002-04-29,146.477014876,60.2277015734,44.7228822578
2002-05-08,146.477014876,25.3583625914,26.4585449241
2002-05-15,146.477014876,139.090121991,143.419714603
2002-05-24,146.477014876,0.0,146.477014876
2002-06-16,146.477014876,12.696244958,40.4654430244
2002-06-25,141.628603479,0.0,135.547487265
2002-07-02,146.477014876,30.7045339706,35.1427299133
2002-07-11,146.464565996,30.1355678948,34.7864491343
2002-07-27,143.889851671,29.4562354388,33.643988291
2002-08-12,146.466085336,27.7726465358,53.4586620808
2002-08-19,146.477014876,49.7788425698,68.0289578765
2002-08-28,138.209583924,28.822814705,90.7058462566
2002-09-04,146.477014876,146.477014876,146.477014876
2002-09-13,144.825445031,30.3325604644,45.9428716114
2002-09-20,146.477014876,28.0692063726,35.6007491305
2002-09-29,146.232947984,31.475835268,53.632171582
2002-10-06,146.477014876,28.1573635097,31.5469271544
2002-10-15,146.477014876,29.3010341466,30.9754201672
2002-10-22,146.477014876,144.92019799,142.987029749
2002-10-31,146.477014876,30.0904846154,32.0740223378
2002-11-07,146.477014876,29.1593078905,32.3831681587
2002-11-16,146.477014876,146.477014876,146.477014876
2002-11-23,146.477014876,125.11755825,33.6902851707
2002-12-02,146.477014876,33.7767468893,38.2193977753
2002-12-09,146.477014876,32.1723706677,33.344297532
2002-12-18,146.383216948,33.0301830369,33.5010926476
2002-12-25,146.477014876,31.8243019293,32.5449409026
2003-01-03,141.109479498,32.6032348104,32.9672494691
2003-01-10,146.477014876,36.9308100629,35.5747148483
2003-01-26,146.477014876,128.545238783,34.4120739256
2003-02-04,146.477014876,35.7295907191,33.7178910352
2003-02-11,146.477014876,34.9010314026,33.677282345
2003-02-20,146.43778619,33.8544940125,32.6990115221
2003-02-27,146.477014876,37.493834808,34.3388079892
2003-03-08,146.477014876,38.6644573335,34.86031579
2003-03-31,146.477014876,37.6913670465,34.2983363065
2003-04-09,145.036792828,40.7584669133,36.4642722239
2003-04-25,144.724020489,46.5554549911,39.300124469
2003-05-02,146.477014876,45.1106064179,40.9961973249
2003-05-11,145.917186948,51.5349789518,46.4172244127
2003-05-18,146.477014876,50.7187436547,44.0410236503
2003-05-27,145.921323539,29.4201592384,71.3243296021