Date,Rarea,NDWI,MNDWI
2000-01-14,3471.25662556,1134.80951891,584.020790312
2000-01-30,3471.02806523,2219.37597311,1231.76696949
2000-02-15,3470.99471845,1149.45150201,1015.50671748
2000-03-02,3471.09477434,2694.37178227,2783.32992906
2000-03-18,3470.97607653,1621.55708785,1494.01830601
2000-04-03,3470.90251643,610.720612432,753.811420894
2000-05-05,3471.0555368,634.072433073,717.326690739
2000-05-21,3470.99471845,1626.67997611,3129.55763499
2000-06-06,3471.0555368,656.672980467,675.216023988
2000-06-22,3471.0555368,653.512317319,654.924430654
2000-07-08,3471.0555368,666.547813576,620.559467404
2000-07-24,3470.97902013,1212.17688049,1111.5076456
2000-08-09,3470.93488731,665.782705638,592.049244072
2000-08-25,3470.99471845,3374.28703719,592.599526293
2000-09-10,3470.93979643,3257.02537151,692.717245757
2000-09-26,3470.97607653,2831.60783556,3085.66199438
2000-11-29,3470.96922717,3007.7232326,2335.45697664
2000-12-31,3471.25662556,1484.39277125,1165.4045978
2001-01-16,3471.25662556,742.557588265,660.48582555
2001-02-01,3470.93979643,945.787668403,803.109900482
2001-02-17,3471.25662556,3069.08248613,3198.55257477
2001-03-05,3471.07321543,979.709463956,775.858225325
2001-03-21,3470.88289477,1820.4404912,1074.62726056
2001-04-06,3471.02316165,1496.68384989,1032.8801049
2001-05-08,3470.96922717,2071.94535023,2464.04285515
2001-06-09,3471.07321543,556.012019154,568.576207985
2001-07-11,3470.93782466,554.694308513,534.997157006
2001-07-27,3471.02806523,1275.08962508,1140.71147421
2001-08-12,3470.93782466,544.688481982,505.212399199
2001-08-28,3470.96922717,3456.29945841,740.478803269
2001-09-13,3470.93979643,3465.68729715,655.078257491
2001-10-15,3470.99566514,3407.36088773,3002.84159575
2001-10-31,3470.88289477,2946.2285798,1164.44748657
2001-11-16,3471.09477434,2445.77946502,1347.06175106
2001-12-02,3470.97607653,908.468660417,546.597191877
2001-12-18,3471.15952165,3470.65916245,3467.30176093
2002-01-03,3470.93782466,783.978646054,607.339207103
2002-02-04,3470.90251643,2084.38798273,1929.233434
2002-03-08,3470.93782466,1000.07628713,908.472489224
2002-04-09,3470.99471845,963.64041407,713.145093325
2002-05-11,3470.96922717,1786.69868605,677.479785919
2002-05-27,3470.96922717,1866.99163444,651.109450714
2002-06-12,3470.99471845,2707.69456961,636.364854574
2002-06-28,3470.91036512,3121.37667554,618.224221618
2002-07-14,3470.97902013,623.491629552,597.419787591
2002-07-30,3471.15952165,666.649290051,607.569487046
2002-08-15,3471.07321543,3373.22349686,601.683327231
2002-09-16,3471.25662556,3470.00584309,2436.30661038
2002-10-02,3471.02516649,3444.29364776,1912.53309055
2002-10-18,3471.15951395,3415.09533996,863.62908311
2002-11-03,3471.02513253,3279.60457145,1844.16925905
2002-11-19,3470.96922717,3259.98424765,2989.62723913
2002-12-05,3470.93488731,2228.44377968,1752.7744594
2002-12-21,3470.97607653,1349.4692139,662.877530118
2003-02-07,3471.09477434,3009.96083759,3240.61979849
2003-02-23,3470.97902013,1111.80159968,1041.47528833
2003-03-11,3471.1085258,3002.16095325,3013.90423932
2003-04-28,3470.96922717,968.833108483,718.308289886
2003-05-14,3471.02516649,618.569222525,678.955328025
2003-05-30,3470.97902013,1671.8761308,687.153813076
2003-07-17,3094.79687094,2691.23668173,551.37139995
2003-08-02,3089.1237885,550.850300958,522.229606341
2003-08-18,3097.20546855,2702.31970118,535.239005434
2003-09-19,3081.12087665,2952.5108746,531.332317418
2003-10-21,3099.2205682,3034.14398698,598.812963638
2003-12-24,3093.57665875,1457.00778246,875.940442953
2004-02-26,3076.37300751,1115.83951331,960.154283757
2004-03-13,3089.1005747,3074.47314546,3043.08217819
2004-03-29,3096.3102781,876.402213836,660.67247269
2004-04-14,3080.71756429,2327.75822736,1779.95296973
2004-04-30,3087.87973527,829.575032996,641.774991041
2004-05-16,3080.7536398,2805.00140611,2858.78008162
2004-06-01,3090.52606267,1321.80638256,660.821254595
2004-06-17,3079.23967219,1742.58156117,605.834216528
2004-07-03,3089.57731416,2579.17440145,595.855304381
2004-07-19,3083.83289502,2872.9157816,582.367885381
2004-08-04,3072.41707116,2907.56616654,545.661441631
2004-08-20,3087.27074631,2894.73812619,550.841723127
2004-09-05,3083.78273612,2973.19858518,551.937569116
2004-09-21,3086.62130815,3037.16309854,571.462007571
2004-10-07,3088.02719222,2683.93682711,526.551610684
2004-11-08,3093.56699311,1287.26799434,571.23687252
2004-11-24,3087.73070945,1026.80424327,574.143841323
2004-12-26,3086.45350027,1628.97349875,1032.07712711
2005-01-11,3085.1962222,2924.4560343,3022.10392851
2005-02-12,3083.74001997,687.693983035,649.981011829
2005-02-28,3089.53538585,2540.8676989,2280.80832556
2005-04-01,3079.54048363,1008.13515851,718.028883234
2005-04-17,3070.06424802,885.249588985,638.171909296
2005-05-03,3077.73001138,916.951712187,653.302419471
2005-05-19,3081.58874754,1446.82943142,630.590525927
2005-06-04,3077.9283747,1253.74846601,607.934888055
2005-06-20,3072.71578363,1713.43352894,630.754524181
2005-07-06,3072.54563653,3072.0453605,2798.15238698
2005-07-22,3082.7868745,2406.72789756,568.850810091
2005-08-07,3084.12247639,2413.14079707,510.085629796
2005-08-23,3082.82078371,2760.70568441,539.913342821
2005-09-08,3070.46643888,3033.20383945,570.602212485
2005-09-24,3081.77743514,3081.77743514,3081.77743514
2005-10-10,3083.49129489,2326.17102882,539.935810272
2005-10-26,3088.53119413,2618.77230117,630.392271824
2005-11-11,3087.2007347,2498.54307126,1579.03427714
2005-11-27,3089.04369638,2929.67879729,2755.63695231
2005-12-29,3081.26042268,1333.49826423,914.195093224
2006-01-14,3080.89501571,918.870178701,747.481441063
2006-01-30,3085.04294359,2890.02499791,2772.33947539
2006-03-03,3080.33424341,747.17644016,684.013832052
2006-03-19,3084.04491362,808.568023085,708.45098079
2006-04-04,3077.70785982,2586.05968635,2503.98923384
2006-04-20,3075.78637479,1963.42006137,1328.18670987
2006-05-06,3084.54781365,806.847976563,655.425265153
2006-06-07,3085.32115798,586.504525544,625.337176513
2006-06-23,3083.8978295,2817.15705831,1732.85018773
2006-07-09,3077.55963781,2651.90920558,576.001505778
2006-07-25,3072.60303481,2539.42121141,550.474212165
2006-08-10,3082.70744318,2782.0958288,548.20661456
2006-08-26,3083.90998332,2869.4368036,531.128138758
2006-09-11,3082.7884095,2933.82467711,522.586655954
2006-09-27,3081.50702724,2626.66939873,499.247092583
2006-10-29,3091.63414905,885.485474303,505.689561262
2006-11-14,3086.90185814,830.101899092,530.635992336
2006-11-30,3092.20008972,2376.03195704,2025.83724962
2007-01-17,3075.44528444,1234.34042709,1084.32008158
2007-02-02,3084.1105748,2959.38835179,2964.01281792
2007-02-18,3081.89825069,3031.56130095,3049.86443793
2007-03-06,3075.98873882,1900.91674378,1766.46754177
2007-03-22,3078.77420392,2061.89804032,1535.66579076
2007-04-07,3122.76803642,1816.90773479,962.245745345
2007-04-23,3128.21968874,1074.68596206,663.589733171
2007-05-25,3105.91443102,1660.32396196,623.659491882
2007-06-10,3111.18850534,1711.67736556,605.27043002
2007-06-26,3117.25233801,2788.03054513,618.976875212
2007-07-12,3114.83866852,3043.70104289,636.954311738
2007-07-28,3116.8584624,2662.86478696,2522.86729328
2007-08-13,3115.95224134,2682.28503858,559.32050747
2007-08-29,3115.55073579,3113.04933079,871.030199962
2007-09-14,3111.04684799,3047.71055228,599.112538364
2007-09-30,3120.14126599,3065.91734909,597.406877661
2007-10-16,3117.87863632,2984.33212677,520.415970217
2007-11-01,3127.18876298,2956.90899063,649.608821077
2007-11-17,3124.38428418,1554.35473508,517.930671243
2007-12-03,3132.46877173,2018.32360457,526.394881907
2008-03-08,3106.12507641,2857.63925292,2862.0533438
2008-03-24,3115.59975667,814.004115744,692.786642072
2008-04-09,3118.27406987,2526.54135327,2375.54436077
2008-04-25,3123.5955247,769.985088044,682.339674176
2008-05-11,3128.40099795,1220.29960316,943.496504055
2008-05-27,3125.07226845,1138.69539618,667.332593786
2008-06-12,3122.86151964,1374.83819805,634.757005141
2008-06-28,3114.90321084,2026.36593519,615.013125571
2008-07-14,3103.87368296,1978.28375667,566.207266195
2008-07-30,3108.51548682,2524.34715161,565.422936001
2008-08-15,3109.72492134,2716.55020601,556.584520501
2008-08-31,3118.37053979,3005.07916286,774.859809262
2008-09-16,3116.84152834,3092.79999246,1582.21795982
2008-10-18,3116.91647618,3111.35126076,2735.35824744
2008-11-19,3122.87257845,1766.17086311,873.641925281
2008-12-05,3121.31581542,933.202649266,485.513024854
2008-12-21,3124.39851283,1599.44716994,1191.81806198
2009-01-06,3120.71563833,642.054451438,535.110794506
2009-02-07,3103.0236124,2339.21591617,2275.42946539
2009-02-23,3114.86447191,1491.5771524,3038.68196723
2009-04-12,3129.87585097,2690.44161663,2582.53114891
2009-04-28,3128.53195244,753.527601854,639.101647688
2009-05-14,3134.33747885,639.757674734,1189.46275117
2009-05-30,3130.46740909,1522.34306823,598.097106777
2009-06-15,3133.51211391,2154.99412728,589.217150643
2009-07-01,3126.37253758,2581.25007669,657.575877428
2009-07-17,3117.90120482,2721.64194929,576.053019444
2009-08-02,3114.65958648,3108.18487945,2441.85779241
2009-08-18,3113.50540152,2946.83457264,525.031658735
2009-09-03,3117.35323177,3081.94158452,982.27855932
2009-09-19,3123.65707638,3121.9058848,2602.89909492
2009-10-05,3122.33441168,3087.31190419,3121.83407074
2009-10-21,3117.03803876,1189.5612758,598.282938661
2009-11-22,3116.4329563,1857.09293588,1092.36664936
2009-12-24,3123.12397915,896.114632736,738.067601427
2010-01-09,3128.98286561,2704.43944708,2512.38380047
2010-02-10,3136.69570674,1991.70807717,1711.10658904
2010-03-14,3139.43197933,870.983107701,658.389388707
2010-04-15,3133.8113597,2540.57583559,1030.00094155
2010-05-01,3127.2568056,871.232999672,622.188028803
2010-05-17,3111.38745286,1602.85789983,615.440196099
2010-06-18,3112.30011515,2107.09071369,584.561963293
2010-07-04,3113.6654548,2533.1780924,576.065492665
2010-07-20,3115.51061568,2783.4382808,565.059120961
2010-08-21,3118.70529641,2788.08427409,549.706140522
2010-09-06,3119.58657122,3102.38178469,572.980750278
2010-09-22,3124.17939294,3039.84376298,534.232967981
2010-10-08,3118.32858186,3084.30566902,1434.59676405
2010-11-09,3112.35012999,2224.97062333,1185.10660376
2010-11-25,3117.13846955,1754.34733515,1059.072111
2010-12-11,3113.09443129,2330.90089865,2003.00189802
2011-01-28,3113.9684865,919.673301266,729.19275714
2011-02-13,3104.73700817,1757.13247154,1431.74255786
2011-03-17,3106.70445279,1148.0463334,819.077005573
2011-04-18,3103.96871164,747.010030956,633.783371775
2011-05-04,3113.62129589,867.231448846,661.650122944
2011-05-20,3103.76177742,1635.61242128,667.218495091
2011-06-05,3111.34994248,1418.73562851,626.326650077
2011-06-21,3109.37135911,2055.36909122,621.980697908
2011-07-07,3108.69692461,2661.63154169,598.89033944
2011-07-23,3109.26028006,2836.56458584,586.055453369
2011-08-08,3111.08720376,2764.39672502,566.665194653
2011-08-24,3115.6542105,2923.82511794,575.252111998
2011-09-25,3109.05175722,3091.1496625,1734.33213724
2011-10-11,3112.04216501,2888.07770941,563.824968172
2011-10-27,3113.79325666,2569.65012265,1265.03337445
2011-11-12,3116.02776538,2331.49846555,1317.46855883
2011-11-28,3119.56227251,1795.97275172,1018.22489366
2012-01-31,3114.33254313,977.904046734,811.445724737
2012-02-16,3115.95007224,765.344002654,645.633295088
2012-03-03,3110.60598221,810.362955153,658.426092906
2012-04-04,3119.40064768,787.123125274,639.765767024
2012-04-20,3123.17836453,2754.26132375,2668.50823053
2012-05-06,3137.20800479,1266.9302366,943.737674912
2012-05-22,3136.5631116,1183.91592317,591.014923009
2012-06-23,3108.59112131,2945.14895734,2501.92135405
2012-07-09,3119.08025837,1516.25188268,627.640091788
2012-07-25,3116.78676596,1558.37088322,569.166963432
2012-08-10,3117.70127129,1841.60819671,545.762306281
2012-08-26,3113.40494093,2537.97613917,646.173598576
2012-09-11,3113.07051428,2937.44956338,521.271665612
2012-09-27,3116.24080118,2597.17748959,492.754811452
2012-10-13,3112.02548437,2381.76344134,481.315267612
2012-10-29,3119.82333233,2156.83973955,483.253469455
2012-11-14,3118.75645525,2616.53388225,963.569022233
2012-11-30,3112.33775382,1806.91266973,980.283690075
2013-01-01,3114.0290983,1643.11714552,1641.93234514
2013-01-17,3112.23597294,1014.81203004,827.528795487
2013-02-18,3115.28111238,2687.35413736,2658.72060836
2013-03-06,3112.52881806,1222.86123394,1012.8668094
2013-03-22,3104.93149536,2050.24040667,1634.35030759
2013-04-07,3109.1721179,1468.60208346,1142.88929438
2013-05-09,3113.33588963,716.478654837,565.268650035
2013-05-25,3116.58337517,651.872953062,963.849552792
2013-06-26,3111.68629633,2815.43057338,1412.11821778
2013-07-12,3101.63203289,1686.23760814,551.877111888
2013-07-28,3103.97893923,1903.25104775,534.522449858
2013-08-13,3105.52181207,2751.44286566,592.685885132
2013-08-29,3107.8297488,2393.54312763,508.095963397
2013-09-14,3114.68016209,2715.78224046,501.618978363
2013-09-30,3109.83274415,3099.64685444,758.883676209
2013-10-16,3118.56275277,3009.93181124,858.712287583
2013-11-01,3119.12868488,3086.09565618,676.133202714
2013-12-03,3122.47972425,1961.22178669,1313.4600279
2013-12-19,3111.1689925,888.149356645,586.962105553
2014-01-04,3117.2221062,684.076027614,526.621396753
2014-01-20,3133.12179639,605.903630151,495.04896664
2014-03-09,3116.62831114,735.657818349,550.731424536
2014-04-10,3103.67929584,898.751355418,688.656990796
2014-04-26,3117.36137101,653.887155003,563.555856321
2014-05-12,3120.26011068,723.905824342,532.822807727
2014-05-28,3113.05435448,2897.44217642,2220.35283576
2014-06-13,3114.46438169,1604.38150237,481.90919596
2014-07-15,3110.96654417,2339.37345841,434.69941167
2014-07-31,3119.4001642,2700.95856633,451.530754266
2014-08-16,3116.39544308,2337.20887452,448.934578308
2014-09-01,3106.61538306,3105.614861,741.075014227
2014-09-17,3105.90285093,2778.53898254,451.59587925
2014-10-03,3114.4438059,1879.53637543,435.71744185
2014-10-19,3116.2978457,3112.75790437,1139.76414268
2014-11-20,3106.89537038,2653.74382629,1093.28332542
2015-01-07,3114.13195346,656.657179244,561.289469389
2015-01-23,3108.13166405,1195.33789112,826.510790544
2015-02-24,3115.73065411,672.261888064,527.091961073
2015-03-12,3106.63424846,2874.39220778,2790.35306251
2015-03-28,3107.56092653,921.150541675,686.993964203
2015-04-13,3115.09301721,1358.62002341,1122.89042306
2015-04-29,3105.24264579,2859.88463857,2957.13967149
2015-05-15,3112.53148325,679.753023655,2502.63572325
2015-05-31,3110.76027573,751.766032379,559.904742229
2015-06-16,3115.42586501,1952.49509155,1214.53702044
2015-07-02,3110.13726497,3081.30783894,2878.70605611
2015-07-18,3112.34639426,1287.40495523,478.63741052
2015-08-19,3110.2541792,2506.73134601,467.082381424
2015-09-04,3109.13808495,2830.6323608,450.367680491
2015-09-20,3118.02257213,1911.7499783,447.529055687
2015-10-06,3113.60256873,2179.1921021,447.919118945
2015-10-22,3121.21885766,3064.78473209,501.977590876
2015-11-07,3117.95973907,2492.74539309,1175.69332102
2015-11-23,3116.88250014,1336.41984659,528.507502342
2015-12-09,3118.93908692,3099.6854332,3104.77848675
2015-12-25,3124.24696362,1141.61141511,715.679118964
2016-01-26,3130.00903245,831.131171399,704.485103179
2016-02-11,3119.45672262,801.823564383,716.370503915
2016-03-30,3113.37286955,3113.12268283,3113.37286955
2016-04-15,3114.30545571,761.041833768,603.172043086
2016-05-01,3113.008194,893.147926159,595.600080128
2016-05-17,3103.92998132,3059.33048106,2044.70110707
2016-06-02,3118.35814135,3100.99861916,2848.15490432
2016-06-18,3118.61744974,1677.13304783,590.127140157
2016-07-04,3112.32273531,1988.6558091,553.666069923
2016-07-20,3108.79414759,2536.4586516,551.560119334
2016-08-05,3104.19987985,2669.93231486,520.617298615
2016-09-06,3116.39969189,2978.63656042,1728.18514771
2016-09-22,3121.04510012,2782.56585542,497.774720806
2016-10-08,3123.56118207,2597.85075355,458.949627635
2016-10-24,3123.75103779,2329.39524593,483.757922534
2016-11-09,3116.25846156,1256.41646477,492.476491275
2016-11-25,3117.40926142,2531.24007595,1827.51579083
2016-12-27,3119.82276655,1134.37635957,713.669169147
2017-01-28,3104.11694788,911.151214534,581.298551996
2017-03-17,3107.98645896,719.548755515,569.901047217
2017-04-02,3106.06452663,762.679539064,668.535238623
2017-04-18,3115.08481177,696.51719552,573.852893445
2017-05-04,3116.88316984,755.262296678,580.405546862
2017-06-05,3122.5554011,816.636547893,535.088369256
2017-06-21,3123.8991797,1061.9349606,505.209822813
2017-07-07,3126.66808611,1462.2383577,481.843942979
2017-07-23,3120.1272978,1619.87423598,461.470431829
2017-08-08,3116.90881029,2499.30621298,465.452653478
2017-08-24,3119.4454704,2253.83100723,451.522945665
2017-09-09,3114.53214988,2702.66239083,444.450956925
2017-09-25,3121.29288462,3048.95911506,1122.87450471
2017-10-11,3126.61001159,2833.00893082,434.212331737
2017-10-27,3133.81562833,3066.98944571,458.072243139
2017-11-12,3139.82075426,1906.27355159,997.044005874
2017-11-28,3133.55468711,1896.14647958,1033.57047366
2018-01-15,3120.78501675,951.229067246,929.48952432
2018-02-16,3106.47849031,985.064858751,970.323963502
2018-03-04,3109.45483545,830.783551999,628.409961436
2018-03-20,3103.26244898,806.545912265,638.427682082
2018-04-05,3104.35623572,2800.47088989,2666.51235241
2018-04-21,3108.75642262,1875.34856039,1364.85178129
2018-05-07,3104.35943457,1174.40896145,610.039523646
2018-05-23,3103.75625019,891.991215503,565.093946694
2018-06-08,3103.84797113,643.709524595,1098.88615527
2018-07-10,3103.07893192,3078.41038328,2567.56917833
2018-07-26,3099.29579453,2393.78924819,504.378127111
2018-08-11,3105.51483782,1944.29112022,476.796615734
2018-08-27,3104.68996975,2898.72165569,479.40269537
2018-09-12,3103.87256645,3014.36662096,465.502780762
2018-09-28,3108.52545537,3101.77088742,2338.97722273
2018-10-30,3097.0196634,2580.28862823,1077.5156252
2018-12-17,3106.354037,919.607986305,528.070730744
2019-01-02,3101.82710373,1029.10534827,606.510573935
2019-01-18,3103.34713004,767.630123391,561.357581026
2019-02-03,3096.42863222,1669.21172147,1556.05244348
2019-02-19,3096.00178625,1617.15933496,1212.41517177
2019-03-07,3097.48273323,2681.59880222,2385.76908859
2019-03-23,3106.05496535,1822.72660873,1455.57704062
2019-04-24,3102.16216058,993.594196744,639.013225233
2019-05-10,3092.87836283,976.935717689,664.872259555
2019-05-26,3099.78114859,820.498472006,573.019503708
2019-06-11,3103.33615936,1480.89508376,607.918420632
2019-06-27,3104.75299662,2134.60892113,612.508652629
2019-07-13,3105.14594902,2448.3045952,610.284215926
2019-07-29,3103.63186755,2228.40317528,487.319223701
2019-08-14,3098.06305857,2912.83114235,605.488021929
2019-08-30,3101.89971873,2782.16770824,476.541523794
2019-09-15,3091.29366776,2970.72010646,477.038471967
2019-10-01,3088.02646608,2751.05886443,444.908307045
2019-10-17,3089.87770823,2527.21563394,454.124570136