Date,Rarea,NDWI,MNDWI
2000-01-07,1905.72300545,1607.42539667,1701.47425069
2000-01-23,1905.7214364,423.809166363,350.976876672
2000-03-27,1905.72112081,724.527386808,617.762000995
2000-04-12,1905.72300545,339.056673239,368.498256012
2000-04-28,1905.72300545,348.507158216,483.582258815
2000-05-14,1905.72300545,347.835654309,382.323784179
2000-05-30,1905.72300545,1847.20896224,1905.72300545
2000-06-15,1905.7214364,356.842628103,387.972561099
2000-08-02,1905.71955211,1832.58787973,1786.07157493
2000-08-18,1905.72300545,1000.77963244,910.702751497
2000-09-19,1905.72300545,865.910507825,363.987778461
2000-11-22,1905.7214364,1225.32562187,759.480678077
2000-12-08,1905.72300545,451.667604614,365.815689099
2000-12-24,1905.7214364,1905.7214364,1905.7214364
2001-01-09,1905.71955211,609.85563713,533.930681752
2001-01-25,1905.71955211,1646.59246004,1511.29875021
2001-02-26,1905.72300545,467.799077536,438.036291389
2001-03-14,1905.72300545,857.874382071,821.034697833
2001-03-30,1905.72300545,559.214108032,485.451712476
2001-04-15,1905.71955211,349.651542879,393.789273314
2001-05-01,1905.7214364,740.08192705,1377.06895799
2001-05-17,1905.72112081,1613.9850689,1845.77254671
2001-06-02,1905.72300545,397.95408673,507.391286563
2001-07-04,1905.72112081,418.047597102,544.795207979
2001-07-20,1905.7214364,414.493115322,485.280426906
2001-08-05,1905.72300545,382.672994143,453.162115968
2001-08-21,1905.72112081,733.989069171,802.094120555
2001-09-06,1905.71955211,1761.60558329,1504.41312886
2001-09-22,1905.72112081,1820.87595438,1661.09056335
2001-10-24,1905.72300545,470.580857516,386.409867984
2001-11-09,1905.72112081,533.775758767,393.608683038
2001-12-11,1905.72112081,1905.72112081,1905.72112081
2001-12-27,1905.7214364,745.679675835,523.904140504
2002-01-28,1905.72300545,574.737843815,543.116259423
2002-02-13,1905.7214364,944.915437155,1139.33601749
2002-03-01,1905.72112081,713.297837905,630.769032167
2002-03-17,1905.71955211,1166.81911694,978.941019828
2002-04-02,1905.71955211,1336.75928423,700.463975556
2002-04-18,1905.72112081,355.436249342,396.551001528
2002-05-04,1905.71955211,810.83788018,1441.80798331
2002-06-05,1905.7214364,537.095750615,422.219819019
2002-06-21,1905.72112081,701.171990427,452.465552807
2002-07-23,1905.7214364,1875.73409932,1890.43656679
2002-08-08,1905.72112081,1056.67818027,412.489357061
2002-08-24,1905.71955211,836.498186875,401.88624292
2002-09-09,1905.71955211,1902.56762245,1617.19540108
2002-09-25,1905.72300545,762.908176647,425.309074003
2002-10-11,1905.72112081,695.263955174,381.407155828
2002-10-27,1905.7214364,1451.35363945,1157.19693865
2002-11-12,1905.7214364,1461.72766084,752.281018159
2002-11-28,1905.71955211,875.811870663,1905.71955211
2002-12-14,1905.7214364,1220.96753002,904.098167098
2002-12-30,1905.72112081,418.8037581,386.470213146
2003-01-15,1905.72300545,1495.33625603,1193.27126401
2003-03-04,1905.71955211,736.039536195,605.558568998
2003-03-20,1905.72300545,435.096873093,404.728653931
2003-04-21,1905.72300545,458.025428924,801.954356661
2003-05-07,1905.72112081,364.748084171,437.077118444
2003-08-27,1809.67829592,1155.83189696,1125.13115742
2003-09-28,1807.2883369,638.225702805,364.249992552
2003-10-14,1803.41616861,629.055052136,354.277614283
2003-11-15,1791.15899738,1599.91403558,1157.02171291
2004-01-02,1803.55073673,890.077984208,589.065322155
2004-01-18,1809.00504337,372.361144128,342.242088876
2004-02-03,1805.34754788,1163.90337472,963.640865965
2004-02-19,1810.86083184,433.900951016,404.084599226
2004-03-22,1802.3626784,495.878595066,445.501431649
2004-04-23,1814.62019619,841.35190914,1198.83645114
2004-05-09,1809.8932586,354.560735865,419.22813894
2004-06-26,1811.23312184,1793.14036613,1468.87068166
2004-07-12,1809.17061623,949.708608118,971.811646818
2004-07-28,1812.51273044,877.706974106,563.452589147
2004-08-13,1811.73611192,373.285473585,400.564218158
2004-08-29,1811.7329977,365.897059342,380.544717833
2004-09-14,1812.24419563,1536.88764216,420.443726909
2004-10-16,1802.67184771,1681.04759425,1035.36648158
2004-11-01,1795.54909521,1298.53521431,611.049616294
2004-12-03,1801.56656077,1393.81703599,1018.32150119
2005-02-05,1809.61540837,486.394173259,443.034879103
2005-02-21,1802.35919919,433.912814888,396.960653691
2005-03-09,1802.4548387,436.533005964,379.855225361
2005-03-25,1807.38007042,1666.1843247,1419.39833034
2005-04-10,1812.41080689,502.478927407,413.979736997
2005-05-12,1809.97859383,608.332105344,381.992904115
2005-05-28,1808.42578717,362.396712832,398.725388002
2005-06-13,1811.42995951,642.63370016,405.22586389
2005-06-29,1813.76454642,1548.29573094,1784.5222988
2005-07-15,1810.35533051,551.787458459,392.942667671
2005-07-31,1808.11136208,604.37279559,389.125639003
2005-08-16,1809.04179554,954.740030059,395.152185269
2005-09-01,1810.75244115,1810.5524074,1719.26319328
2005-09-17,1810.40041943,1751.6988755,1223.4582364
2005-10-03,1803.8942429,822.984666829,396.903431994
2005-10-19,1801.37223668,1762.94858222,1731.53529843
2005-11-04,1797.92988272,1476.60322174,1279.47674638
2005-11-20,1798.27184961,1099.37927141,622.411159612
2005-12-22,1810.53102315,489.171102233,410.437374099
2006-01-23,1803.6442677,1651.18016778,1803.6442677
2006-02-08,1801.79356973,1173.14772352,1079.0667545
2006-03-12,1804.87725198,1255.11331672,1125.38138855
2006-03-28,1806.05330723,607.005125635,481.230602932
2006-04-13,1811.20920734,429.603173399,390.940694027
2006-04-29,1807.62207003,456.678157285,398.291050074
2006-05-15,1802.85095353,1267.06215969,790.36590128
2006-05-31,1799.56188947,806.052539949,409.935364038
2006-06-16,1801.44125087,992.575322408,404.86096487
2006-07-02,1807.40291538,1803.48229882,1807.40291538
2006-07-18,1808.66254256,1446.13884875,1064.45013512
2006-08-19,1807.57657576,1609.13875593,799.321503479
2006-09-04,1803.27962051,1706.6544867,593.434794212
2006-09-20,1801.36573238,1157.60485229,1801.36573238
2006-10-22,1793.70687855,431.479275087,336.306608222
2006-11-07,1782.88455532,1468.83892917,994.204706358
2006-11-23,1778.16923183,546.029942066,330.536059642
2006-12-25,1792.00970326,639.718147301,457.645570923
2007-01-10,1802.9627391,875.59329018,676.835786696
2007-01-26,1803.76867973,1466.85361945,1434.51177412
2007-03-15,1796.3290114,782.448076815,718.502412019
2007-03-31,1798.17523961,417.480083199,382.218645535
2007-04-16,1824.0799761,431.559704724,379.690534261
2007-05-02,1827.49986536,443.825565858,382.93438952
2007-06-19,1830.88782697,1672.20912051,1258.64989227
2007-07-05,1829.7768706,592.476299569,573.880063488
2007-07-21,1829.51911925,968.412511714,534.255348377
2007-08-06,1831.06272013,1493.44129506,607.636404626
2007-08-22,1831.97957621,909.964588654,406.931694318
2007-09-07,1832.78869219,692.041605317,380.06353369
2007-09-23,1830.97081106,1199.0652986,392.909204511
2007-10-09,1830.61330811,1376.98254182,393.504431157
2007-11-26,1805.01589004,1059.1850599,806.49761957
2007-12-28,1806.69478305,426.659156808,362.69493973
2008-02-14,1827.05743965,1032.12258903,1137.23841286
2008-03-01,1831.38644203,1082.00399128,1097.84418797
2008-03-17,1832.55632027,1257.07253942,1049.20933285
2008-04-18,1826.760161,440.723915235,400.028577982
2008-05-20,1822.54379259,513.407332217,419.902493289
2008-06-05,1823.98369584,728.368399767,553.940902805
2008-07-07,1832.82057674,749.394547371,456.659232621
2008-07-23,1834.59632067,808.380542291,409.286638833
2008-08-24,1834.14576044,777.981768672,417.319885199
2008-09-09,1832.04091447,795.375919252,400.215324083
2008-09-25,1828.01560574,904.247057995,490.762462971
2008-10-11,1828.73892835,1756.05973038,1828.73892835
2008-10-27,1823.95294597,1774.74439536,1710.71765759
2008-11-12,1820.43350236,941.043046831,633.366192658
2008-11-28,1820.90282877,624.922409751,432.385175819
2008-12-14,1824.85763026,940.324034108,616.839951101
2008-12-30,1829.77303973,457.829727317,369.038255248
2009-01-31,1836.0874964,1061.85930638,955.517942293
2009-03-04,1831.37278214,452.115133931,418.271658805
2009-03-20,1827.84291585,1265.72729995,1322.05661247
2009-04-05,1823.01775949,841.282578709,653.182656316
2009-04-21,1817.71809866,841.877573138,543.781240969
2009-05-07,1813.17219485,1042.53028295,781.222037869
2009-05-23,1811.05061605,463.702826461,397.986457869
2009-08-11,1836.16550618,667.427099799,435.580068492
2009-08-27,1834.77541676,1098.73225656,644.879194199
2009-09-12,1830.90272988,1154.21462927,774.296482424
2009-09-28,1825.76877505,1251.3219537,1030.12260632
2009-10-14,1826.59319665,1484.59299696,736.345289492
2009-10-30,1824.73435003,732.565207507,472.992386747
2009-11-15,1826.90100562,1825.16202812,1825.06231497
2009-12-17,1831.91405589,1789.03665381,1830.86270033
2010-01-18,1813.53738642,740.244622774,735.898886602
2010-02-03,1805.91718411,408.442359285,401.666919899
2010-02-19,1797.74090638,1211.68194967,1187.40251551
2010-03-07,1795.34552036,959.573764621,867.924479516
2010-03-23,1798.71666766,1701.32942626,1708.57446594
2010-04-08,1805.69139191,609.365161113,542.185738137
2010-05-10,1831.9461254,1440.35367514,1129.74388285
2010-05-26,1834.45220971,741.597283098,585.740232869
2010-06-27,1835.03759926,576.613590646,434.767600288
2010-07-29,1836.65751605,1748.39912082,580.873256446
2010-08-14,1836.88395228,1615.79299346,1359.42212951
2010-08-30,1833.68685664,1136.81661088,409.538510391
2010-09-15,1829.15185261,1329.73726115,414.105313306
2010-11-02,1834.03816454,490.590705907,355.51480987
2010-11-18,1832.87180894,512.654804133,381.383381675
2010-12-20,1835.57413456,551.552355509,440.265318151
2011-01-21,1835.27512516,676.984806574,620.626635358
2011-02-06,1835.05381064,946.075889878,917.860250576
2011-02-22,1835.88838255,422.113897287,398.214923321
2011-03-10,1834.11552002,870.870229371,733.39332029
2011-03-26,1835.64703969,570.377654061,484.795616403
2011-04-11,1835.7237845,1310.51640061,1103.73803859
2011-05-13,1837.01956492,1098.94969739,744.764595696
2011-05-29,1835.10311971,456.607714664,411.863635665
2011-06-14,1834.22217155,1152.46449521,719.996541399
2011-07-16,1835.59682709,878.619644976,412.874405332
2011-08-01,1838.00668612,1838.00668612,1837.88665836
2011-08-17,1836.83504529,1105.1132851,405.499274267
2011-09-02,1836.7530539,540.78625764,380.271037909
2011-09-18,1834.87267796,553.322874972,374.25536017
2011-10-04,1828.36192075,1408.60031084,627.575157134
2011-10-20,1831.67179584,616.243810527,384.124467994
2011-11-05,1834.31202398,632.60759156,386.667922969
2011-11-21,1830.18975454,599.854125937,387.768845583
2011-12-23,1827.82127559,431.725281619,365.05215643
2012-01-08,1826.40404438,1048.32479408,798.254689593
2012-01-24,1833.68193709,1282.5697468,1174.93045908
2012-02-09,1829.47857429,410.896964826,376.009195759
2012-02-25,1832.37963432,1818.55110765,1827.76809076
2012-03-12,1834.06393773,437.913102093,385.301337602
2012-03-28,1834.58863118,474.996060008,402.378356923
2012-04-13,1837.68598573,447.024352602,385.040079518
2012-05-31,1798.80658597,1327.88842552,1146.22858101
2012-06-16,1831.91589488,1548.72090303,1485.60176065
2012-07-02,1835.95905806,574.682947756,447.448024012
2012-08-03,1837.49000965,492.816594802,401.047826384
2012-08-19,1835.43894565,508.105691042,389.259456243
2012-09-04,1834.70700831,838.225786259,394.589621745
2012-09-20,1835.5604376,1780.00470521,1300.78880942
2012-10-06,1834.95377837,1598.87394897,838.778781007
2012-10-22,1833.32565323,547.454612434,354.277975526
2012-11-07,1837.28889308,547.780045107,364.953580527
2012-11-23,1834.53886819,914.277718897,731.14010225
2012-12-09,1836.98381974,1385.09030848,1083.1819967
2012-12-25,1832.24506667,502.122242115,386.26792564
2013-01-26,1833.73108315,1364.6667876,1371.17652202
2013-02-11,1833.84534675,526.640839207,477.739173673
2013-03-31,1837.06449838,1131.90599399,983.634132277
2013-04-16,1836.16192477,519.735293583,442.662122708
2013-05-02,1835.95821997,489.599037569,407.50362082
2013-05-18,1833.94401872,1356.20549076,1029.52499438
2013-06-03,1836.6554346,442.794432561,665.133049984
2013-06-19,1835.66294961,1551.97734112,1835.66294961
2013-07-05,1837.57441339,508.621129927,595.264331844
2013-07-21,1838.8837348,1187.92844048,893.635423193
2013-08-22,1835.87218996,613.870132607,427.447323191
2013-09-07,1836.09248308,564.903637871,379.263204787
2013-10-09,1833.77172347,696.788365534,421.212166705
2013-11-10,1835.81948806,516.901586737,377.800342947
2013-12-12,1833.76197805,1358.89801866,930.824230243
2013-12-28,1832.71650134,1618.68758425,1486.78106421
2014-01-29,1785.23252205,365.719011225,344.582167835
2014-03-02,1834.31969223,1499.23503447,1299.13395148
2014-04-03,1837.15321722,863.634372601,721.870465189
2014-04-19,1835.30080372,919.202785046,837.974662143
2014-05-05,1834.49101038,972.486533882,1046.65352386
2014-05-21,1832.59072316,476.870653782,394.034872872
2014-06-22,1836.44538073,1008.69028342,515.672287172
2014-07-08,1835.57395488,1488.71390068,1107.75065738
2014-08-09,1834.18976268,1500.9648652,1036.93444765
2014-08-25,1837.19634185,592.077318384,360.547542686
2014-10-12,1837.56839122,534.914899052,345.902754871
2014-10-28,1837.19400586,463.041161472,332.469387308
2014-11-13,1835.7781884,998.283111054,643.596260714
2014-11-29,1835.79532071,1504.59964035,1119.51987912
2014-12-15,1834.54229117,461.525711119,335.67437261
2015-01-16,1836.01486343,458.19071005,391.286473516
2015-02-01,1833.45335015,719.131138351,514.575496722
2015-03-05,1836.59663189,908.482738724,940.025272562
2015-04-06,1836.89115936,1105.31203268,1035.34357513
2015-05-08,1835.78833283,1241.36507204,1010.66274344
2015-05-24,1836.97384946,1368.72087929,1337.37926593
2015-06-09,1835.61296352,444.378172584,380.148644003
2015-06-25,1838.25970149,1609.67371326,985.271180476
2015-07-27,1837.80135342,1021.10829896,678.742041368
2015-08-12,1836.59138107,492.450033718,372.367080993
2015-08-28,1836.81331053,1145.75912552,771.616251183
2015-10-15,1833.24658823,715.110325582,507.823130226
2015-12-18,1831.22725275,1081.63408503,820.830237591
2016-01-19,1825.84116987,545.760161043,473.175405841
2016-03-07,1836.3226655,1591.34475306,1518.55619908
2016-03-23,1836.63062776,575.928256593,476.722013081
2016-04-08,1836.86215604,355.848895336,404.222457157
2016-04-24,1834.90968387,908.931276633,695.915760499
2016-05-26,1836.17425298,840.430045541,607.808691613
2016-06-11,1837.20610235,518.918868206,431.89393929
2016-06-27,1837.86288738,965.618547244,543.82542738
2016-07-13,1840.15041406,1102.67440539,443.089104403
2016-07-29,1839.69054353,1764.47051459,462.845084963
2016-08-14,1838.4961698,822.428577152,417.438090631
2016-09-15,1837.36251207,573.035388256,380.65523688
2016-10-01,1833.11139242,1012.271832,435.154553227
2016-10-17,1831.57278362,615.833681479,375.32582734
2016-11-02,1835.07666877,1698.75816653,1596.27780294
2016-11-18,1837.97737303,1789.30812966,1309.3770309
2016-12-04,1834.34248604,1026.88106149,861.150195681
2017-02-06,1837.4936547,475.079086048,446.409966858
2017-02-22,1838.19373845,436.619756237,404.563960564
2017-03-10,1837.14875468,956.216854315,1098.77819694
2017-03-26,1837.52397763,457.637936933,396.605082528
2017-04-11,1836.66862509,1264.44286023,1025.65065686
2017-04-27,1834.18782492,528.423102922,961.993409568
2017-05-13,1835.89574605,592.412889279,501.294314332
2017-05-29,1834.50343718,1565.92886193,1513.37154775
2017-06-14,1831.88734591,1302.54634851,1161.62177182
2017-07-16,1832.46370147,517.69194082,414.737686647
2017-09-02,1835.61292179,1113.48255498,448.645172911
2017-09-18,1836.50974456,1435.26106321,434.512658289
2017-10-04,1833.45185721,1058.81748742,399.837717162
2017-11-21,1811.47648326,1125.14782795,756.216089253
2018-01-24,1837.65543714,436.35866884,442.600022269
2018-02-09,1837.92004146,665.426016945,646.524144366
2018-02-25,1838.38386276,437.070756626,381.062319353
2018-03-13,1837.8176204,1572.75601176,1360.73282533
2018-03-29,1838.57307766,1104.68221774,850.358839877
2018-04-14,1837.49684835,516.97090776,436.601875404
2018-04-30,1839.41088403,617.030239142,464.000423845
2018-05-16,1839.99585578,1439.47905046,1276.3544463
2018-06-01,1840.00460557,1501.11300507,628.235162092
2018-06-17,1839.20693402,1273.51460798,1067.67899039
2018-07-03,1838.42239481,585.273055382,399.21457496
2018-07-19,1839.45406034,825.825100224,387.720245022
2018-08-20,1839.34643546,860.08027463,365.485328803
2018-09-05,1840.38895638,1185.40200601,562.855710895
2018-09-21,1840.1359431,1293.390031,839.183028428
2018-10-23,1837.68473842,1034.98132622,511.159586447
2018-12-10,1837.82091043,411.019922777,334.319489654
2018-12-26,1838.92240664,461.180840211,363.079319625
2019-01-11,1839.87116565,406.91692026,350.087993142
2019-01-27,1837.71452675,487.263471419,404.891813087
2019-04-01,1838.92037452,406.514141911,345.383220464
2019-04-17,1838.31661704,440.615641832,390.07276278
2019-05-03,1839.1862914,360.555020024,1452.07294799
2019-05-19,1838.13638913,1776.35667781,1724.25345878
2019-06-04,1838.60133636,1113.72878632,994.494113183
2019-06-20,1838.47323469,476.256586853,399.978447522
2019-07-06,1838.58956986,454.231660946,381.399121105
2019-07-22,1839.93428879,545.681725283,1166.07075655
2019-08-07,1840.18782045,566.214398865,362.618498185
2019-08-23,1839.0693746,628.51549107,382.544111412
2019-09-08,1838.2980784,780.886733539,352.62930494
2019-09-24,1835.20593498,1680.95573232,1157.94238478
2019-10-10,1837.7910701,573.953866159,324.489099689
2019-10-26,1838.31083567,706.809535324,316.82487511