Date,Rarea,NDWI,MNDWI
2000-01-09,198.582653247,25.7949103602,19.2694054227
2000-01-18,198.582653247,99.0869749907,76.2062192617
2000-01-25,198.582653247,124.814140586,102.166222234
2000-02-03,198.582653247,28.4106966342,24.7104521978
2000-02-19,198.582653247,181.615015857,174.807196726
2000-02-26,198.582653247,44.3308097078,33.6124181669
2000-04-07,198.582653247,17.4892029294,32.934943845
2000-04-14,198.582653247,16.1935100459,30.6478085603
2000-04-23,198.582653247,41.7515580424,102.735593017
2000-04-30,198.582653247,15.9135833067,26.3215958263
2000-05-09,198.582653247,128.205220775,183.869751615
2000-05-25,198.582653247,17.7861199236,36.0365273776
2000-06-17,198.017393461,19.8593703828,43.4639197622
2000-06-26,198.582653247,21.1069705648,43.943485246
2000-07-03,198.582653247,58.5089858137,84.0019130156
2000-07-28,198.582653247,19.8896628593,28.97968144
2000-08-04,198.582653247,194.673174494,198.437563002
2000-08-13,198.582653247,45.9957560448,46.8723851009
2000-08-20,198.582653247,136.043690041,113.164965588
2000-09-05,198.582653247,109.124352039,26.3292361789
2000-09-21,198.582653247,57.1813232133,23.3235451519
2000-09-30,198.582653247,94.461115935,35.3426762391
2000-10-16,198.582653247,159.401238585,78.8238950515
2000-10-23,198.582653247,24.834043791,13.6194843318
2000-11-01,198.582653247,194.195172923,101.178194035
2000-11-24,198.582653247,112.898446977,64.1133168503
2000-12-03,198.582653247,73.8419754409,40.7335827006
2000-12-10,198.582653247,41.2640583716,34.6856255134
2001-01-04,198.582653247,129.289192491,84.0538892812
2001-01-20,198.582653247,82.3127576147,54.1042864282
2001-01-27,190.989923577,27.6356292458,21.6720556758
2001-02-05,198.582653247,129.153538699,118.081017588
2001-02-12,198.477669525,198.061545059,197.112032879
2001-02-21,198.582653247,192.611256749,142.251939987
2001-02-28,198.582653247,57.7248756475,36.737874796
2001-03-16,198.582653247,26.6723663382,26.9485043196
2001-03-25,198.582653247,25.8104094165,24.2287015646
2001-04-10,198.582653247,18.3183259208,75.9725811211
2001-04-17,198.089619371,26.9778252005,61.2360209258
2001-04-26,198.582653247,70.9915979932,198.504723957
2001-05-03,188.788153183,19.7653673858,30.6938830656
2001-05-19,198.295495697,49.3546037867,110.037435969
2001-05-28,198.582653247,129.963096367,198.480091318
2001-06-04,198.582653247,22.8534530541,42.7215378765
2001-06-13,198.582653247,110.881284386,124.826901432
2001-06-20,198.582653247,181.977761987,197.83755327
2001-06-29,198.582653247,48.1797721717,97.4186724883
2001-07-06,198.582653247,28.5079305289,63.6805201723
2001-07-15,198.582653247,24.0873334389,44.9829061129
2001-07-22,191.306324909,191.20270679,191.306324909
2001-07-31,198.582653247,23.6274270351,37.4523449786
2001-08-07,198.582653247,42.4673129567,51.3280692673
2001-08-16,198.582653247,24.7135064518,33.5421490952
2001-08-23,198.582653247,166.61231094,198.582653247
2001-09-08,198.582653247,128.21731341,33.891699628
2001-09-17,198.582653247,164.792744952,127.79978086
2001-09-24,195.971720172,55.0863692158,16.289375563
2001-10-03,198.582653247,33.9335855686,16.4821012384
2001-10-19,198.582653247,198.582653247,198.582653247
2001-10-26,194.443304578,26.9038275298,13.7645047201
2001-11-11,189.925395995,189.925395995,189.925395995
2001-11-20,198.582653247,69.4731749592,25.6609747894
2001-12-06,198.582653247,130.769232073,198.202815095
2002-01-14,198.555046085,195.206378592,198.287381997
2002-01-23,198.582653247,198.582653247,198.582653247
2002-02-15,196.094303938,29.8890163616,25.2334038272
2002-02-24,198.582653247,172.117384785,173.857278497
2002-03-03,189.652593124,84.5922070662,56.2257117912
2002-03-12,198.582653247,23.0073286793,18.9980869528
2002-03-19,198.582653247,38.0337476687,29.6677554242
2002-03-28,198.582653247,52.2626884682,44.9686968393
2002-04-04,198.582653247,121.69231251,61.6532362957
2002-04-13,198.582653247,16.9832407747,31.2535159719
2002-04-20,198.582653247,16.0296822442,24.1941037134
2002-04-29,198.582653247,25.7123815343,52.1319504182
2002-05-06,184.828243766,5.43666463616,184.828243766
2002-05-15,198.582653247,16.503920194,31.4916380364
2002-05-31,198.582653247,68.0893419435,46.5594298004
2002-06-07,198.401568369,44.5446401036,37.5939390249
2002-06-16,198.582653247,198.457575068,198.570145549
2002-06-23,198.582653247,197.818463323,198.582653247
2002-07-02,198.582653247,53.3059264984,81.9556158828
2002-07-09,196.823066604,99.2806369633,52.4773498471
2002-07-18,198.582653247,184.666714345,198.169146301
2002-07-25,198.582653247,110.607693441,112.592044317
2002-08-03,198.582653247,139.030819644,150.678659621
2002-08-10,198.524427061,198.524427061,198.394342002
2002-08-19,198.582653247,14.5071756512,18.5713798411
2002-08-26,198.582653247,169.026943135,70.9410674809
2002-09-04,198.582653247,168.503220459,104.91851222
2002-09-11,197.772333549,66.1077036949,17.9926385763
2002-09-27,198.291973676,55.626454069,15.4413926211
2002-10-06,198.582653247,74.5386352503,13.5708136535
2002-10-13,191.720832514,105.571904994,16.1543477804
2002-10-29,198.582653247,57.8004272004,12.5326129588
2002-11-07,198.582653247,185.943790908,197.159975837
2002-11-14,198.582653247,105.018496144,47.9433607461
2002-11-23,198.582653247,129.694101919,62.2796110398
2002-12-25,198.582653247,166.676783244,122.205751847
2003-01-01,198.582653247,33.3230930932,15.1139015458
2003-01-10,198.582653247,24.826699633,14.8420381858
2003-01-17,198.582653247,143.969631281,114.104513215
2003-01-26,198.582653247,198.582653247,198.582653247
2003-02-02,198.582653247,35.8312443927,26.649230269
2003-02-11,198.582653247,22.7445413029,16.6071369978
2003-02-27,198.582653247,22.4773081227,15.4808818256
2003-03-06,197.85042621,197.85042621,195.389660351
2003-03-15,198.582653247,53.83675892,36.2097140865
2003-03-22,198.582653247,196.210071757,193.941674922
2003-03-31,198.582653247,33.1047304094,25.3070272581
2003-04-07,198.582653247,198.434004608,194.485649439
2003-04-16,198.582653247,48.483459728,102.551249895
2003-04-23,198.582653247,15.303728534,23.0064184984
2003-05-09,198.574176849,122.226769439,167.687761972
2003-05-18,198.582653247,15.2127354732,32.2202930174
2003-05-25,198.582653247,30.9352540998,25.5749266869