Date,Rarea,NDWI,MNDWI
2000-01-09,55.9665200396,1.92734503364,0.745075876172
2000-01-18,55.9665200396,35.6169625629,29.1702158032
2000-01-25,55.9665200396,20.2613010486,13.5512297866
2000-02-03,55.9665200396,28.9590007957,20.9142881747
2000-02-19,55.9665200396,52.7187542585,52.0652051719
2000-02-26,55.9665200396,15.0832977141,10.9202913312
2000-04-07,55.9665200396,0.540929699227,6.72053128004
2000-04-14,55.9665200396,0.0502648447696,5.15136887832
2000-04-23,55.9665200396,16.2690840994,45.7688286775
2000-04-30,55.9665200396,0.0852851133243,2.78686465596
2000-05-09,55.9665200396,38.9952932209,52.4500404423
2000-05-25,55.9665200396,0.132812865033,6.77064788304
2000-06-17,55.9665200396,0.262887961713,8.07867304917
2000-06-26,55.9665200396,0.439040170348,8.01304761587
2000-07-03,55.9665200396,37.0336255206,45.9580056632
2000-07-28,55.9665200396,0.256433338561,3.38449170234
2000-08-04,55.9665200396,53.3294206519,55.9665200396
2000-08-13,55.9665200396,2.42886766105,6.16479557977
2000-08-20,55.9665200396,54.0059246436,55.0819916496
2000-09-05,55.9665200396,22.7382694844,3.07801975101
2000-09-21,55.9665200396,11.3769310185,1.80728098658
2000-09-30,55.9665200396,19.05126661,5.46024508544
2000-10-16,55.9665200396,32.0004294937,12.5374894349
2000-10-23,55.9665200396,2.83309368427,0.527813739014
2000-11-01,55.9665200396,52.7063751855,28.8310213489
2000-11-24,55.9665200396,52.55882686,20.4169724371
2000-12-03,55.9665200396,2.83064040175,1.3214624319
2000-12-10,55.9665200396,33.1129949714,27.6346272816
2001-01-04,55.9665200396,38.624177328,24.9733014368
2001-01-20,55.9665200396,20.618745908,16.6640072509
2001-01-27,55.9665200396,7.89727077693,6.56235850161
2001-02-05,55.9665200396,42.3473836414,45.0449199948
2001-02-12,55.9665200396,55.7358483452,55.904936445
2001-02-21,55.9665200396,25.6838508597,18.3457587564
2001-02-28,55.9665200396,8.31735857387,4.78816673822
2001-03-16,55.9665200396,27.6426375313,38.1319246234
2001-03-25,55.9665200396,1.58798619244,2.55436742402
2001-04-10,55.9665200396,0.0902873906681,55.9640186051
2001-04-17,55.9665200396,10.9934745713,29.7895640621
2001-04-26,55.9665200396,4.0896894537,48.4353281253
2001-05-03,55.9665200396,0.115067252197,3.28665940516
2001-05-19,55.9665200396,33.2187137566,54.5333610182
2001-05-28,55.9665200396,0.225133403427,54.9027632259
2001-06-04,55.9665200396,0.175524009756,6.68723956198
2001-06-13,55.9665200396,14.2925139224,24.4543084429
2001-06-20,55.9665200396,52.9929563755,55.9315005294
2001-06-29,55.9665200396,12.6148816072,39.6475949944
2001-07-06,55.9665200396,1.35504212356,12.8722577718
2001-07-15,55.9665200396,0.255373350415,7.92842606426
2001-07-22,55.9665200396,55.9665200396,55.9665200396
2001-07-31,55.9665200396,0.160328792524,5.85224218391
2001-08-07,55.9665200396,1.57765216356,8.27928471907
2001-08-16,55.9665200396,0.441227732865,4.29849351018
2001-08-23,55.9665200396,26.8035211561,55.9665200396
2001-09-08,55.9665200396,5.17495078656,1.46968077828
2001-09-17,55.9665200396,49.9958279951,45.1617326693
2001-09-24,55.9665200396,5.47262671251,1.08157836654
2001-10-03,55.9665200396,3.3486408599,0.99832429643
2001-10-19,55.9665200396,55.964018516,55.9665200396
2001-10-26,55.9665200396,8.69733229114,2.99380992576
2001-11-11,55.9665200396,55.9665200396,55.9665200396
2001-11-20,55.9665200396,42.9664990992,33.7732579074
2001-12-06,55.9665200396,52.5886844529,55.9665200396
2002-01-14,55.9665200396,51.6830251104,32.234679154
2002-01-23,55.9665200396,55.9665200396,55.9665200396
2002-02-15,55.9665200396,2.6975611836,2.36235911344
2002-02-24,55.9665200396,33.7317019732,28.2563642516
2002-03-03,55.9665200396,27.424688624,21.912564669
2002-03-12,55.9665200396,1.46128467403,1.34612673649
2002-03-19,55.9665200396,1.7603585209,2.4059015918
2002-03-28,55.9665200396,13.325484128,15.3362510572
2002-04-04,55.9665200396,3.73218985196,10.7888932619
2002-04-13,55.9665200396,5.07376056036,20.560362737
2002-04-20,55.9665200396,0.0902884736759,2.92499792969
2002-04-29,55.9665200396,4.99727837077,14.6682136894
2002-05-06,55.9665200396,0.0272022545803,55.9665200396
2002-05-15,55.9665200396,0.107798737592,4.74988122433
2002-05-31,55.9665200396,9.80893358106,9.66645720057
2002-06-07,55.9665200396,4.64236144001,6.65539896761
2002-06-16,55.9665200396,55.9665200396,55.9665200396
2002-06-23,55.9665200396,43.0967996655,55.8588812724
2002-07-02,55.9665200396,11.2478921585,24.6291817905
2002-07-09,55.9665200396,30.4060690193,24.108127105
2002-07-18,55.9665200396,53.779330482,55.964528662
2002-07-25,55.9665200396,6.25243014769,13.5238250617
2002-08-03,55.9665200396,55.0176383541,55.5384613084
2002-08-10,55.9665200396,55.9665200396,55.9665200396
2002-08-19,55.9665200396,0.315416562543,2.49604784711
2002-08-26,55.9665200396,35.2202132088,15.8745239018
2002-09-04,55.9665200396,49.7292012902,41.4134218405
2002-09-11,55.9665200396,10.5965911628,1.59536077528
2002-09-27,55.9665200396,20.5808199705,5.58799453541
2002-10-06,55.9665200396,10.8029159211,0.907239963555
2002-10-13,55.9665200396,16.6891635939,4.16010747618
2002-10-29,55.9665200396,4.93073243677,0.310417275434
2002-11-07,55.9665200396,19.7088471438,55.3881154927
2002-11-14,55.9665200396,6.48862183764,2.50215241498
2002-11-23,55.9665200396,32.4247694751,24.7085045723
2002-12-25,55.9665200396,55.8914751007,42.3980578802
2003-01-01,55.9665200396,43.0225454734,34.2875998511
2003-01-10,55.9665200396,5.50698741639,3.95531788238
2003-01-17,55.9665200396,53.0613848895,50.3521411966
2003-01-26,55.9665200396,55.9665200396,55.9665200396
2003-02-02,55.9665200396,1.55739588458,1.37865728485
2003-02-11,55.9665200396,0.963585367381,0.990384360978
2003-02-27,55.9665200396,1.2203113801,0.502050349169
2003-03-06,55.9665200396,55.8414473368,55.7850966071
2003-03-15,55.9665200396,15.8018996579,11.6318480165
2003-03-22,55.9665200396,55.9665200396,55.9665200396
2003-03-31,55.9665200396,3.28108357063,4.30019624698
2003-04-07,55.9665200396,55.9665200396,55.9665200396
2003-04-16,55.9665200396,7.14197478096,21.4484425543
2003-04-23,55.9665200396,0.72326092018,4.54538112558
2003-05-09,55.9665200396,18.7498555447,37.5603683241
2003-05-18,55.9665200396,0.0802822344181,5.28378558801
2003-05-25,55.9665200396,2.10472152334,3.56355469622