Date,Rarea,NDWI,MNDWI
2000-01-14,817.890154619,480.188945929,504.320494308
2000-01-30,817.901302034,141.321955003,128.095587703
2000-03-02,817.901302034,597.874783161,551.407160691
2000-03-18,817.89282328,247.143365936,206.439776373
2000-04-03,817.904127652,323.942968085,817.174359237
2000-05-21,817.890154619,794.24237728,811.936508102
2000-06-06,817.890154619,763.214846561,789.069755419
2000-06-22,817.89282328,643.029380544,718.607058911
2000-07-24,817.901302034,115.224728489,141.857081602
2000-08-09,817.904127652,701.070850348,795.420741177
2000-08-25,817.890154619,106.736495755,128.67476026
2000-09-10,817.904127652,817.703974277,720.865854384
2000-09-26,817.904127652,701.375548014,433.885703631
2000-10-28,817.890154619,135.989640802,129.407304443
2000-12-31,817.904127652,694.185203745,538.549827184
2001-02-01,817.904127652,538.612801011,594.092598368
2001-02-17,817.890154619,687.699592958,685.611881672
2001-03-05,817.904127652,658.25421834,620.118393642
2001-03-21,817.904127652,604.119367413,503.933737701
2001-04-06,817.901302034,817.901302034,817.901302034
2001-05-08,817.904127652,785.767768819,817.904127652
2001-05-24,817.890154619,808.389571657,817.167154975
2001-06-09,817.890154619,162.981894473,295.131342257
2001-07-11,817.901302034,813.515569791,817.901302034
2001-08-12,817.901302034,131.30478304,191.925902724
2001-08-28,817.904127652,809.337906445,817.904127652
2001-09-13,817.89282328,436.794343973,252.12124179
2001-10-15,817.890154619,810.961379508,753.679403354
2001-10-31,817.890154619,164.827127863,145.285376451
2001-11-16,817.901302034,547.12477719,471.410623028
2001-12-02,817.904127652,177.341463204,173.977345404
2001-12-18,817.89282328,118.431434012,122.755141449
2002-01-03,817.890154619,213.646325453,211.707665832
2002-01-19,817.904127652,593.608776467,563.301146963
2002-02-04,817.904127652,460.891129175,390.933754521
2002-03-08,817.89282328,138.713175501,150.71199637
2002-03-24,817.89282328,804.625667537,801.22255701
2002-04-25,817.890154619,104.529170248,131.819093586
2002-05-11,817.901302034,816.907671423,809.418914852
2002-05-27,817.890154619,817.890154619,817.890154619
2002-06-12,817.890154619,715.85429004,802.145085983
2002-06-28,817.890154619,626.922173864,514.697743188
2002-07-14,817.904127652,512.214334528,588.117694585
2002-07-30,817.89282328,740.706996678,817.89282328
2002-08-15,817.904127652,750.915046065,802.056976971
2002-10-02,817.904127652,817.586390665,356.534008429
2002-10-18,817.890154619,816.432923931,615.970316295
2002-11-03,817.89282328,132.304552234,129.061603663
2002-11-19,817.890154619,817.356769366,808.390838291
2002-12-05,817.890154619,398.181626013,377.89483724
2003-01-06,817.89282328,422.684247425,472.077739306
2003-01-22,817.890154619,814.170841471,479.34898137
2003-02-07,817.901302034,336.428594032,363.287677634
2003-02-23,817.890154619,801.743665627,673.941038582
2003-03-27,817.904127652,798.305946637,757.018459815
2003-04-12,817.904127652,123.306380544,131.879971547
2003-04-28,817.890154619,307.664456752,251.75353873
2003-05-14,817.904127652,253.289447103,400.230396119
2003-05-30,817.904127652,227.628563112,321.367633983