Date,Rarea,NDWI,MNDWI
2000-01-14,51.2497179313,31.4373083861,27.678988344
2000-01-30,51.2497179313,51.2497179313,51.2497179313
2000-03-02,51.2497179313,36.8712532967,33.2019191357
2000-03-18,51.2497179313,44.3189614551,38.8723047725
2000-04-03,51.2497179313,4.97725844702,9.11765017794
2000-04-19,51.2497179313,30.3338506827,45.748468723
2000-05-21,51.2497179313,5.16233268727,12.9895327641
2000-06-06,51.2497179313,44.487493108,51.2497179313
2000-06-22,51.2497179313,5.43397556181,13.1119167703
2000-07-08,51.2497179313,5.92009948818,14.0816282633
2000-07-24,51.2497179313,6.02972795103,12.6424568843
2000-09-26,51.2497179313,8.30874166919,8.96406255262
2000-10-28,51.2497179313,39.9947570956,29.082118732
2000-11-13,51.2497179313,20.178135437,12.4009623199
2000-12-31,51.2497179313,7.80426177537,9.08570607826
2001-02-01,51.2497179313,51.2497179313,51.2497179313
2001-02-17,51.2497179313,6.45226271449,10.5230301796
2001-03-05,51.2497179313,6.65961516233,9.59683539318
2001-03-21,51.2497179313,20.1522426094,22.7162333477
2001-04-22,51.2497179313,5.53251232275,11.3163296585
2001-05-24,51.2497179313,5.76745227382,13.6057230339
2001-06-09,51.2497179313,5.77320006933,13.9386184454
2001-08-12,51.2497179313,6.08276314551,11.7802284904
2001-08-28,51.2497179313,0.00250119213867,51.2497179313
2001-10-15,51.2497179313,27.8497071554,14.869075831
2001-10-31,51.2497179313,12.6328841695,7.3610305433
2001-11-16,51.2497179313,34.1365438746,23.738867227
2001-12-02,51.2497179313,30.3946135624,24.1567782409
2001-12-18,51.2497179313,10.8783311472,8.4012298053
2002-01-03,51.2497179313,16.2414872362,14.4781105976
2002-01-19,51.2497179313,6.29081809436,9.22549639838
2002-02-04,51.2497179313,6.39140200434,9.50005489084
2002-02-20,51.2497179313,32.2098911234,40.4187645387
2002-03-08,51.2497179313,6.80745694568,10.6106327531
2002-03-24,51.2497179313,13.9374714287,32.3386591707
2002-04-09,51.2497179313,35.8226722778,50.0643368145
2002-05-11,51.2497179313,18.3817461366,12.630610865
2002-05-27,51.2497179313,48.032577554,51.2497179313
2002-06-28,51.2497179313,18.6959482664,15.9609861592
2002-07-14,51.2497179313,6.21184119705,14.551243269
2002-07-30,51.2497179313,51.2472168351,51.2497179313
2002-08-15,51.2497179313,27.978513055,41.0152149691
2002-08-31,51.2497179313,16.2539965821,19.7388346938
2002-10-02,51.2497179313,17.1494393048,12.6070672936
2002-10-18,51.2497179313,51.2472167885,51.2497179313
2002-11-03,51.2497179313,12.5310750943,7.8623105948
2002-11-19,51.2497179313,18.8402972286,9.40993837667
2002-12-05,51.2497179313,48.5357138137,37.0916483319
2002-12-21,51.2497179313,51.2147020495,50.1389479931
2003-01-06,51.2497179313,30.2712155906,12.5094970103
2003-01-22,51.2497179313,6.44589754453,9.56796748
2003-02-07,51.2497179313,26.782550754,40.3079311447
2003-02-23,51.2497179313,6.76485546096,10.6818561294
2003-03-11,51.2497179313,49.0960314992,51.2497179313
2003-03-27,51.2497179313,8.24755521948,11.4528008633
2003-04-12,51.2497179313,40.7597938571,34.2172097413
2003-05-14,51.2497179313,5.99772352759,13.4752906845
2003-05-30,51.2497179313,5.93976603562,13.574571164
2003-07-17,44.188368606,5.72461175445,30.5611539217
2003-08-02,44.6081976143,5.50750230273,19.6548622733
2003-08-18,44.415738771,5.19235678687,9.42520167116
2003-09-19,44.4567667067,7.84068347236,8.92066835454
2003-11-06,43.8079434451,14.4961690009,8.32995949356
2003-12-08,43.9443106535,18.9863316038,9.20528563217
2003-12-24,43.9104997683,8.37726222693,7.2554316531
2004-01-09,44.0823214,16.8747716276,15.7386375787
2004-01-25,44.1223715223,14.0731912126,16.0190074136
2004-02-10,44.1769046766,5.99027821942,8.96607760052
2004-02-26,44.5248676008,8.12703845692,14.3330340086
2004-03-29,44.0316921934,12.2275731882,10.078898196
2004-04-14,44.6169388877,6.64156278765,17.7586801256
2004-05-16,44.2446413461,9.37936925601,16.4343849528
2004-06-01,44.3265512778,6.11675549871,13.7403260295
2004-06-17,44.7004762802,20.1918848324,13.8504875634
2004-07-19,44.522650156,44.522650156,44.522650156
2004-08-04,45.03275431,44.8537783163,42.7891402054
2004-09-05,44.3560043047,7.7173301295,9.43566971111
2004-09-21,44.3924357424,44.3924357424,42.7868889157
2004-10-07,44.1441255232,7.04397103701,6.62887012107
2004-11-24,43.926969644,43.7311606726,40.3201170922
2004-12-26,44.0625580202,10.3447367033,6.9452229733
2005-01-11,44.22693858,9.43250893308,8.74137945727
2005-01-27,44.7476048327,5.31115379896,6.95552300751
2005-02-28,43.8444480248,21.6617694857,14.9484607651
2005-04-17,45.0237214238,14.7841542246,8.90074977121
2005-05-03,44.7836608693,11.6587833936,8.60238627658
2005-05-19,44.506536359,42.0198325245,37.2680966922
2005-06-04,44.6683246839,14.4231255155,15.0023855837
2005-07-06,44.6639969126,5.5892962076,12.9845466631
2005-08-23,44.6078159015,43.6840693985,39.1240366288
2005-09-08,44.883146177,6.86962189013,7.93018221075
2005-10-10,44.1151707419,11.0454952301,8.83975146493
2005-11-11,43.7518301711,14.7232350584,6.55553903108
2005-11-27,43.8349059512,13.8274684932,5.83029893028
2005-12-13,44.4685961877,11.0222675169,6.51083405165
2005-12-29,44.5170802444,44.5170802444,44.5170802444
2006-01-14,44.1506494133,42.5259521109,43.9484890412
2006-01-30,43.9777643347,5.12482705054,7.06088449414
2006-03-03,44.1417815503,44.1417815503,44.1417815503
2006-03-19,44.3184395817,42.5734910088,26.0040434465
2006-04-04,44.5116156799,16.6538514835,8.01595204635
2006-04-20,44.8220018853,3.78671583008,7.50463006508
2006-05-06,44.2135094654,3.9718009978,9.22123795478
2006-06-07,43.9710378233,6.80639393053,16.8166345673
2006-07-09,44.4670677945,32.3876644214,43.7575689936
2006-08-10,44.6329655595,38.9232148082,44.2839650879
2006-09-11,44.2189257736,43.8718208227,40.6828126824
2006-10-13,43.9817475291,9.22199450816,5.83771353628
2007-01-01,43.8234129594,6.86094406475,7.74047326786
2007-02-02,44.1413008044,4.93223838013,7.39727729421
2007-03-06,43.9053800002,6.27364551472,9.48601895004
2007-03-22,43.9488128848,8.26573682559,8.51188945865
2007-04-07,44.3090438192,7.55980898196,22.4437278876
2007-04-23,44.3476277283,4.82719063281,9.61321519915
2007-05-09,44.6713723531,6.24564386949,12.2164432762
2007-05-25,45.2176612374,14.6614040343,11.3303850029
2007-07-12,44.8520938215,11.4173673484,39.1637229078
2007-07-28,44.8251897897,39.7666902754,42.3497329448
2007-08-29,44.9060194034,5.40995764355,9.92915254703
2007-09-14,45.2038033679,7.5716963665,10.4717653987
2007-09-30,44.8609314815,7.64332249913,8.2247451717
2007-11-17,43.9795028509,22.7481556318,10.1215460671
2007-12-19,43.8322691531,24.1011469438,18.4471828276
2008-01-20,43.9184638292,34.6978556042,28.6848554255
2008-02-05,44.2369993412,5.353675318,7.75102522975
2008-02-21,44.6710977977,5.52875298426,7.92072202758
2008-03-08,45.2244388765,6.51094167688,9.31365375182
2008-03-24,45.0150309154,8.8628564529,8.90760651177
2008-04-09,44.7854943623,19.1993561878,8.62882402315
2008-04-25,44.5557152388,22.3811085198,9.29035239281
2008-05-11,44.2679757961,13.0026016821,18.110116161
2008-05-27,44.5635717958,28.4049039129,6.87040350337
2008-06-12,44.6897750499,11.4623108543,44.6897750499
2008-07-14,45.3577549362,15.8965585546,13.0384845243
2008-08-15,45.3170509618,33.5094152888,17.2403393271
2008-08-31,44.9456066549,5.13732806372,7.62517065694
2008-09-16,44.881401126,5.46074849637,7.6782449308
2008-11-19,44.0318281678,34.3271910008,20.0865363656
2008-12-05,44.3799297487,33.8740815225,19.6963862348
2008-12-21,44.5690052751,14.3835837332,7.52696882761
2009-01-06,44.8541239474,6.24073211262,7.22807070063
2009-01-22,44.9915585541,5.50750255371,7.52390293703
2009-02-07,45.3885431925,23.0798883451,22.6635244563
2009-02-23,44.8796640598,31.8866878363,37.5912132599
2009-03-27,44.5625210758,44.5625210758,44.5625210758
2009-04-12,44.3809978726,17.3408185534,7.78530793496
2009-04-28,44.2023486813,21.5704144671,8.4716842185
2009-06-15,44.1447035868,20.2874358935,9.66967612651
2009-07-01,44.4378460896,14.2526572809,10.5120992307
2009-09-19,44.5571347587,20.9991916061,17.696481154
2009-10-05,44.6475514428,31.1434803248,19.5747826297
2009-10-21,44.2367345754,16.6752917122,18.3214056247
2010-01-25,43.6431625392,8.08004897473,11.4606203098
2010-02-10,43.7588631885,42.9888866141,41.2684767974
2010-02-26,43.6790336215,4.87845784581,7.40147703837
2010-03-14,43.6868508955,43.6868508955,43.6868508955
2010-04-15,44.0416488654,14.6183001583,14.8337278377
2010-05-01,44.4582888888,19.2276910891,8.93870332661
2010-05-17,45.245752444,45.245752444,45.245752444
2010-06-02,45.1611254851,4.30695345264,10.2817973963
2010-07-04,45.3016025663,9.21844760565,11.6401823529
2010-07-20,45.3373730885,21.7853393174,18.9404863809
2010-08-21,45.1841755588,29.3810331171,24.3254535537
2010-09-06,44.9261668652,5.78692176865,8.31649026687
2010-10-24,44.7630901438,13.4440221259,7.56796992997
2010-12-27,45.0462794993,7.2586869335,6.81320647237
2011-01-12,44.8610558746,24.7032493767,26.593710658
2011-01-28,45.2264313795,38.9326856754,45.1689049803
2011-03-01,45.0425805019,5.04009242443,7.66478658461
2011-03-17,45.2397900495,7.24707994558,7.89660240221
2011-05-04,45.3215918556,14.7043933822,10.2378160311
2011-05-20,45.61222303,12.4168808679,13.439391804
2011-06-05,45.1307587953,7.81149191461,11.0822213009
2011-07-07,45.4550236127,18.4255082282,16.6806901877
2011-07-23,45.3686027208,8.65065403545,12.476465969
2011-08-24,45.3987435874,44.0071625561,42.3480747628
2011-09-25,44.9955971385,7.21344686011,8.21712100601
2011-10-11,44.953580866,8.01171807956,6.95164760933
2011-10-27,44.9535312043,18.4891526936,10.5175836892
2011-11-12,44.7426522946,42.4251637272,28.0685767441
2011-11-28,44.5716799818,16.4203736137,5.39297557276
2011-12-14,44.9299227994,29.2215706405,18.1089162631
2012-01-15,44.5474731141,38.8898797966,35.5312633795
2012-01-31,44.8529770533,12.2665484502,13.5859923126
2012-02-16,44.9055011743,4.72714345654,6.51461349704
2012-03-03,45.153113176,5.22730028021,6.5825174233
2012-03-19,45.022249223,6.76436922427,6.43024320897
2012-04-04,45.0823245168,17.6474322177,7.69685121406
2012-04-20,44.6699029939,21.7162243535,7.06098901279
2012-06-07,44.7550698761,2.60117556372,8.51174349379
2012-06-23,45.1954062024,45.1954062024,44.0714649991
2012-07-09,45.0548041811,11.2367503629,11.3387117587
2012-08-10,44.986174114,8.14385357679,11.1643035134
2012-09-27,44.9715397183,41.1555008401,33.9985103057
2012-10-13,45.0342558826,11.7343160433,5.80485326892
2012-11-14,44.8340444217,25.8406627875,9.1205886277
2012-12-16,44.9613487688,27.8532369212,20.188477542
2013-01-17,45.1709549911,4.9513431516,6.89941020243
2013-03-06,45.3138537486,13.2020924317,14.5307225967
2013-03-22,45.5431121493,22.7455296284,22.2859122065
2013-04-07,45.2013876122,16.4864000518,7.57974962809
2013-05-09,45.4071883135,17.6972192218,7.7985604171
2013-05-25,44.9329040409,42.1800087633,42.7010733786
2013-07-12,45.8876314371,25.3794296238,28.2939775995
2013-07-28,45.731606908,7.08272617898,9.60631326241
2013-08-29,45.1541695825,6.02334957723,8.49842036849
2013-09-14,45.1422742067,6.42813899653,9.05222240432
2013-09-30,45.1513478855,44.2672887667,36.2649640061
2013-11-01,45.1156541688,38.088925857,31.96789035
2013-11-17,45.1716117466,18.4677499062,6.09180437759
2013-12-03,44.9489720976,26.2631484217,13.483779022
2013-12-19,45.0094873444,7.07503755533,5.77505363132
2014-01-04,45.085650822,41.3531231083,29.1023067784
2014-01-20,43.9079987201,4.62959960962,6.34163673263
2014-02-21,44.8161165496,16.5803922317,21.4644287288
2014-03-09,44.8874619232,5.0167229791,7.44490272071
2014-03-25,45.1777691954,15.6464161545,8.31926193872
2014-04-10,45.3921034223,3.96429538721,18.5215257738
2014-04-26,44.9845369634,44.9845369634,44.8013090882
2014-05-12,44.8813521036,44.8438346566,42.525363556
2014-05-28,45.0237210659,12.8408216975,14.5800992945
2014-07-15,45.4949144148,8.02036464523,13.1524859052
2014-08-16,45.2950301861,45.2950301861,45.2950301861
2014-09-01,45.3988509563,33.0370941949,31.913384115
2014-09-17,45.4452254009,35.8990189866,41.00574728
2014-10-03,45.2221251063,8.11459267911,7.92107168177
2014-11-20,45.470825543,19.3335715307,7.61141872758
2014-12-06,45.0778326043,8.44996667237,5.87928416422
2014-12-22,44.7787162843,31.0774266469,13.3817758101
2015-01-07,45.0356163484,15.5070290902,19.2042049275
2015-01-23,45.3326447428,5.44747390747,7.99565666248
2015-02-08,44.8949736412,5.40995652441,7.8966795398
2015-02-24,44.8852156604,10.9438357579,12.3631277183
2015-03-12,45.338598172,24.8904258717,16.9223701954
2015-04-13,45.2757084407,22.3062593653,9.39457421247
2015-04-29,45.446618003,25.8231172938,12.8953555044
2015-05-15,45.1368304871,4.2144160105,10.1810617013
2015-05-31,45.3505644344,44.9353822783,45.3505644344
2015-06-16,45.2231245213,9.76343738187,12.97785175
2015-07-02,45.1965436779,9.62193149266,13.3343973127
2015-07-18,45.2382595869,8.53308997418,19.7605295189
2015-09-04,45.5785993479,32.7634714538,26.9142368653
2015-10-06,44.9673224587,44.9323064285,44.8620018607
2015-11-07,44.9361030902,36.40404002,21.412668471
2015-11-23,44.7918703689,30.5963543082,16.3133042532
2016-02-11,44.6479996347,5.63146360585,8.01186202235
2016-03-14,45.1995269662,8.34562871665,8.7374028063
2016-03-30,45.3859828271,26.2822297713,13.6401433126
2016-04-15,45.1953473768,21.1632922192,9.89365556131
2016-05-01,45.0201871254,14.2128877109,9.72059149502
2016-06-02,45.28115216,12.0577733315,12.9360736557
2016-06-18,45.2256745831,45.2256745831,40.3236144513
2016-07-04,45.4835755337,13.2058394087,12.9433603603
2016-07-20,45.6480409669,8.00025617742,12.2616422735
2016-08-05,45.4634087907,8.20885789833,13.2343532697
2016-09-22,45.1081612312,6.16270029393,7.33942503067
2016-10-08,44.6801817339,37.4319484733,27.8186421935
2016-10-24,44.9078736331,44.8381165735,42.9448741457
2016-11-25,45.2728043396,39.7831869675,30.0029894224
2016-12-11,44.8563286988,4.91062830813,1.11394240175
2017-01-12,45.4204882895,10.4968393844,11.8765045374
2017-01-28,45.6568500727,5.53001009741,8.55485483901
2017-03-17,45.3108416367,45.1907881936,34.1251838643
2017-04-02,45.5026918837,16.7273879105,7.91058605168
2017-04-18,44.9525396826,24.2834595632,9.76234725188
2017-06-21,44.8066226049,20.4329339319,16.0128601381
2017-07-07,44.7679676844,9.19140242135,12.7376137081
2017-07-23,44.8956241016,8.8299777889,11.5419389247
2017-08-08,45.1304564234,45.1304564234,45.1304564234
2017-08-24,44.8556038005,41.1708800819,23.0522878299
2017-09-09,45.0336055658,29.7784500534,45.0336055658
2017-09-25,45.1787711114,16.1097814326,10.2905557402
2017-11-12,44.064934079,18.3945220005,5.06980018042
2017-11-28,43.8492174774,17.44734481,5.3048263508
2017-12-14,44.2775500157,44.2775500157,44.2775500157
2018-01-31,45.6975645039,4.46952492554,5.67846441497
2018-02-16,45.9229109428,4.31195504175,6.22810948573
2018-04-05,45.768822151,21.8336799844,8.36066288727
2018-04-21,45.9212330605,21.1690634477,8.41516596156
2018-05-07,46.0171576792,14.1140197122,10.1222351655
2018-05-23,45.9267065884,11.1242880467,11.6543728094
2018-06-08,46.0073903848,4.101857875,11.0393006663
2018-07-26,45.8585078249,16.7121249973,20.4013297576
2018-08-27,45.8863718216,5.69394792412,7.94586253485
2018-09-12,45.8899034482,6.77810078531,9.34387822236
2018-09-28,46.0795475761,10.4802703003,10.5531335727
2018-10-14,46.4585449241,39.172241737,31.0731622426
2018-10-30,46.226047869,17.1642025149,6.84372717139
2018-11-15,45.8745356608,19.3821280705,6.42513153717
2018-12-17,45.8793230026,12.2838479144,7.20632929549
2019-01-02,45.8689424206,5.74025309543,8.05215257033
2019-01-18,46.4497958743,36.9802036366,46.0703012607
2019-02-19,46.5509292165,36.6782669598,34.1354164555
2019-03-07,46.5102742698,20.3165815603,43.8220538926
2019-03-23,46.3583710897,45.5971600238,39.4083538112
2019-04-24,46.3257958923,18.2053175534,10.3273143308
2019-05-26,46.892122408,10.7009466484,12.9078643404
2019-06-11,46.4830455076,11.7167334134,14.1835229904
2019-06-27,46.2828076249,14.9015137952,16.8007418819
2019-07-13,46.3568914439,41.9104074785,27.1045214385
2019-08-14,46.5256922878,6.23238091682,10.1171272829
2019-08-30,46.5922007303,29.3824390762,17.555111696
2019-09-15,47.29182818,10.2161840292,14.1993254937
2019-10-01,47.3509138314,9.24465498358,9.8888194992
2019-10-17,46.5726916572,46.5551832512,37.9206252396