Date,Rarea,NDWI,MNDWI
2000-01-14,223.845412091,199.003077717,202.684123858
2000-01-30,223.845412091,223.845412091,223.845412091
2000-03-02,223.845412091,45.3697243413,35.0853374321
2000-03-18,223.845412091,76.0188000807,59.7367963028
2000-04-03,223.845412091,30.0676628652,33.2131529529
2000-04-19,223.845412091,119.34703746,148.557131911
2000-05-21,223.845412091,30.2076789756,35.112758111
2000-06-06,223.845412091,205.187121298,223.845412091
2000-06-22,223.845412091,30.8989652259,40.0843759813
2000-07-08,223.845412091,33.4243325957,40.637425896
2000-07-24,223.845412091,35.3490996387,40.6594922652
2000-09-26,223.845412091,58.6168924659,37.985087906
2000-10-28,223.845412091,175.065137643,129.744169484
2000-11-13,223.845412091,130.598659332,44.8783202427
2000-12-31,223.845412091,43.456783161,39.7902999248
2001-02-01,223.845412091,223.015156917,221.154668245
2001-02-17,223.845412091,40.6818342446,40.1035805678
2001-03-05,223.845412091,45.0789619366,39.4048507341
2001-03-21,223.845412091,146.099890178,114.654030328
2001-04-22,223.845412091,33.9387061416,39.1100400332
2001-05-24,223.845412091,34.4788479648,42.618403856
2001-06-09,223.845412091,34.2551392006,43.5637487601
2001-08-12,223.845412091,33.4285654668,38.1966336028
2001-08-28,223.845412091,210.276668467,223.845412091
2001-10-15,223.845412091,179.211843978,51.7629176664
2001-10-31,223.845412091,111.00062156,35.9738787281
2001-11-16,223.845412091,122.717118101,36.2593047617
2001-12-02,223.845412091,159.255394701,101.98694043
2001-12-18,223.845412091,74.237152226,38.409905543
2002-01-03,223.845412091,80.3159948754,65.6553013791
2002-01-19,223.845412091,37.4626389281,37.4396203398
2002-02-04,223.845412091,41.866206943,38.1898407891
2002-02-20,223.845412091,74.7501952707,76.4001636535
2002-03-08,223.845412091,45.7194746594,38.4645568386
2002-03-24,223.845412091,101.358159425,160.125400065
2002-04-09,223.845412091,140.497564359,214.1750209
2002-05-11,223.845412091,127.217409964,38.8661739916
2002-05-27,223.845412091,146.726502925,222.784107717
2002-06-28,223.845412091,126.87812341,47.2471902646
2002-07-14,223.845412091,34.1787704746,43.1838171445
2002-07-30,223.845412091,223.845412091,223.845412091
2002-08-15,223.845412091,152.152213124,177.462580091
2002-08-31,223.845412091,70.6120918852,54.7430462622
2002-10-02,223.845412091,108.871584776,71.9697091469
2002-10-18,223.845412091,214.686810927,193.075545312
2002-11-03,223.845412091,108.501638097,36.5617395557
2002-11-19,223.845412091,135.476870554,38.1817109998
2002-12-05,223.845412091,201.987053396,194.240353535
2002-12-21,223.845412091,221.226769922,162.006030775
2003-01-06,223.845412091,96.5884543896,106.127531312
2003-01-22,223.845412091,36.3903466303,37.3953615135
2003-02-07,223.845412091,134.732238816,128.756552167
2003-02-23,223.845412091,47.576593822,46.5672920017
2003-03-11,223.845412091,222.437357713,223.845412091
2003-03-27,223.845412091,55.6749421564,42.7579452659
2003-04-12,223.845412091,180.867891173,117.485020901
2003-05-14,223.845412091,34.0487387656,45.9224275633
2003-05-30,223.845412091,34.3070488678,56.4033414641
2003-07-17,223.845412091,35.5291588125,77.0862107001
2003-08-02,223.524287045,34.4683767986,72.6293852637
2003-08-18,223.845412091,33.3522777979,37.2032286216
2003-09-19,223.845412091,70.3415903058,40.2947832712
2003-10-21,223.578032614,223.578032614,223.578032614
2003-11-06,223.845412091,219.70341353,132.376558486
2003-11-22,223.364044114,131.707533551,35.0289779824
2003-12-08,223.845412091,125.471578574,37.6641494303
2003-12-24,223.845412091,59.8004928872,39.8903206025
2004-01-09,223.845412091,51.9066574582,50.6762201547
2004-01-25,223.845412091,36.5895426836,37.7122119169
2004-02-10,223.845412091,48.8897003442,64.9777780162
2004-02-26,223.829016609,48.2964975239,50.0411590814
2004-03-29,223.845412091,88.6382742064,37.0433360134
2004-04-14,223.841685854,42.9389102528,60.1127469038
2004-05-16,223.845412091,141.598967929,148.372704298
2004-06-01,223.845412091,36.8579683433,46.307976015
2004-06-17,223.650156448,129.383543019,44.3832653462
2004-07-19,223.845412091,223.845412091,223.845412091
2004-08-04,222.584597387,222.474568752,222.534583485
2004-09-05,223.834154925,45.8325455875,38.9470959578
2004-09-21,223.845412091,223.845412091,221.580939114
2004-10-07,223.845412091,50.0576402505,36.6600582081
2004-11-08,223.752637125,134.446226644,37.0195291465
2004-11-24,223.845412091,223.845412091,223.845412091
2004-12-26,223.845412091,58.2408610963,36.8094428467
2005-01-11,223.845412091,39.4342329546,36.3380683836
2005-01-27,223.548684251,36.7000990509,34.6088679072
2005-02-28,223.845412091,45.6034541665,33.4303799913
2005-04-17,221.756882911,90.145569793,33.9402093305
2005-05-03,223.524601003,68.8068248663,34.5715867381
2005-05-19,223.845412091,122.214080657,83.4057542678
2005-06-04,223.398888602,131.357553299,89.8198789701
2005-07-06,223.010885479,66.0924661448,121.75900854
2005-08-23,223.741312475,223.741312475,222.789619975
2005-09-08,222.807194496,56.0345178094,39.0515722758
2005-10-10,223.845412091,63.4270875674,39.2383785288
2005-11-11,223.801986381,105.266028054,37.0695228555
2005-11-27,223.845412091,108.18955104,36.3093187266
2005-12-13,223.845412091,83.2968100801,36.5289079607
2005-12-29,223.845412091,162.149647058,223.845412091
2006-01-14,223.845412091,223.845412091,223.376722547
2006-01-30,223.845412091,41.3664951492,35.2785784295
2006-03-03,223.845412091,223.845412091,223.845412091
2006-03-19,223.845412091,223.655363205,222.394273009
2006-04-04,223.665218398,123.958279467,33.4897423129
2006-04-20,222.823394186,29.8996810008,43.1107735709
2006-05-06,223.845412091,29.1574103828,33.4590696366
2006-06-07,223.845412091,81.9748370913,139.642283058
2006-07-09,223.793087664,198.565526766,223.17280041
2006-08-10,223.533073316,42.3307780691,75.4076275487
2006-09-11,223.845412091,103.975674021,43.3301549017
2006-10-13,223.845412091,69.1188490897,36.9641736833
2006-10-29,223.448737272,182.201459042,60.146480022
2006-11-30,222.769861048,130.032958522,50.9639863872
2006-12-16,223.224000387,61.9948245945,36.079276499
2007-01-01,223.845412091,34.7216692696,35.3786154549
2007-02-02,223.845412091,36.5146411751,35.128537368
2007-03-06,223.845412091,88.0211781902,65.8563069331
2007-03-22,223.845412091,67.9523009312,34.5030253091
2007-04-07,223.845412091,79.2093875327,148.408470767
2007-04-23,223.845412091,29.9476266162,34.0519160537
2007-05-09,223.845412091,42.7620594801,56.3080580464
2007-05-25,223.845412091,83.4069106757,40.7307205952
2007-07-12,223.845412091,44.8606524556,166.467200406
2007-07-28,223.845412091,43.4440255111,67.9832087978
2007-08-29,223.845412091,33.9086977148,40.5970868949
2007-09-14,223.845412091,52.4035089189,39.2890637533
2007-09-30,223.845412091,55.4248114366,39.7368068775
2007-11-17,223.845412091,134.626440694,37.0841940925
2007-12-19,223.845412091,117.472543479,78.7494117852
2008-01-20,223.845412091,196.55715615,139.266449288
2008-02-05,223.845412091,35.9987902662,35.6338061482
2008-02-21,223.845412091,39.5460820741,34.7489000869
2008-03-08,223.845412091,45.5806416841,35.7538246277
2008-03-24,223.845412091,55.6960918269,34.1133888786
2008-04-09,223.845412091,128.046336327,32.8783470518
2008-04-25,223.845412091,146.129302156,33.7318147481
2008-05-11,223.845412091,111.413397266,114.400033917
2008-05-27,223.845412091,150.838260349,37.5879388874
2008-06-12,223.845412091,59.5659834566,207.80484104
2008-07-14,223.825721773,98.4044984127,42.8924428952
2008-08-15,223.845412091,208.62850839,193.919613234
2008-08-31,223.845412091,43.2808823936,32.9850723076
2008-09-16,223.845412091,47.9352367374,32.1086072103
2008-11-19,223.845412091,189.226818325,102.252313931
2008-12-05,223.845412091,211.534126796,194.492355862
2008-12-21,223.845412091,99.9188619994,33.4885643193
2009-01-06,223.845412091,38.5344131266,32.568315334
2009-01-22,223.845412091,31.8582715361,31.2881229531
2009-02-07,223.845412091,135.633940766,131.243123614
2009-02-23,223.845412091,92.127630721,223.845412091
2009-03-27,223.845412091,143.587243683,144.445267458
2009-04-12,223.845412091,131.770879112,28.8419557038
2009-04-28,223.845412091,147.411754566,29.2873649444
2009-06-15,223.845412091,129.455924133,32.8046289755
2009-07-01,223.845412091,96.0140867615,35.0100368931
2009-09-19,223.845412091,97.8403884086,80.9351876982
2009-10-05,223.845412091,181.29383411,118.73765172
2009-10-21,223.845412091,186.78536497,179.282374602
2010-01-25,223.845412091,56.6806100652,54.038398168
2010-02-10,223.777586369,57.4692718725,59.4227074628
2010-02-26,223.602118643,38.3411329055,36.0739279841
2010-03-14,223.678888215,223.678888215,223.678888215
2010-03-30,223.832898255,126.247583062,33.6665296882
2010-04-15,223.845412091,148.795070198,204.58217227
2010-05-01,223.845412091,142.944755548,36.9600130839
2010-05-17,223.845412091,223.825406266,223.845412091
2010-06-02,223.845412091,32.1294724036,39.2912072775
2010-07-04,223.845412091,67.0795867628,45.3561780198
2010-07-20,223.845412091,191.795206645,150.475558455
2010-08-21,223.845412091,154.202544701,160.395794923
2010-09-06,223.845412091,48.389854899,36.6299161893
2010-10-24,223.845412091,97.5606985773,36.9753044751
2010-12-27,223.845412091,42.6472430712,34.988958334
2011-01-12,223.845412091,68.2085689228,69.1272199604
2011-01-28,223.845412091,207.679087245,204.302625369
2011-03-01,223.845412091,36.7262542785,33.5485783271
2011-03-17,223.845412091,68.814344554,31.5927102195
2011-05-04,223.845412091,99.6199814806,38.2530260606
2011-05-20,223.733859901,73.0776181093,42.0970951627
2011-06-05,223.845412091,65.8250754267,39.7508967126
2011-07-07,223.806972837,130.616106295,94.392852964
2011-07-23,223.845412091,59.6582144833,47.6150358052
2011-08-24,223.845412091,137.835586165,117.667349769
2011-09-25,223.845412091,45.7888819661,37.5754093873
2011-10-11,223.845412091,53.5502599072,34.8889341836
2011-10-27,223.845412091,141.036356152,72.6896432435
2011-11-12,223.845412091,133.341009864,35.0089712822
2011-11-28,223.845412091,117.596127269,31.0078991738
2011-12-14,223.845412091,128.797330024,68.3459665368
2012-01-15,223.845412091,182.271588387,159.887597842
2012-01-31,223.845412091,37.4935763573,34.3060896837
2012-02-16,223.845412091,32.7982259738,28.0220567625
2012-03-03,223.845412091,37.083879615,29.4121162947
2012-03-19,223.845412091,54.3082383301,27.9517206335
2012-04-04,223.845412091,125.564318787,28.4504010879
2012-04-20,223.845412091,143.879026844,28.6071909375
2012-05-06,218.724701354,134.79126034,29.9007733819
2012-05-22,215.495938657,138.176884014,33.651659504
2012-06-07,223.845412091,26.9968097539,30.8999270571
2012-06-23,223.845412091,223.745387752,201.741675335
2012-07-09,223.845412091,58.1260615641,33.1065571524
2012-08-10,223.845412091,50.4191907195,40.0142597968
2012-09-27,223.845412091,134.142558763,77.1222529946
2012-10-13,223.845412091,83.8656275633,38.0698210195
2012-11-14,223.845412091,147.213596773,43.1902836123
2012-12-16,223.845412091,166.703321555,103.287330057
2013-01-17,223.845412091,36.1205544573,38.4799465859
2013-03-06,223.845412091,219.413925997,168.575873286
2013-03-22,223.824623596,188.162780147,146.315747462
2013-04-07,223.845412091,141.846575476,40.0050236726
2013-05-09,223.793832968,113.319843739,39.2500913028
2013-05-25,223.845412091,125.319660774,124.387874164
2013-07-12,223.140599087,107.221339878,122.082400158
2013-07-28,223.243208755,51.6746102935,44.6784718442
2013-08-29,223.845412091,49.0562115569,46.6439197174
2013-09-14,223.845412091,60.426565797,46.6223738563
2013-09-30,223.845412091,213.518722606,202.92061753
2013-11-01,223.845412091,169.526429902,114.126721856
2013-11-17,223.845412091,134.852077746,39.9403497295
2013-12-03,223.845412091,130.015082029,41.9829535645
2013-12-19,223.845412091,79.7600750495,39.7592706694
2014-01-04,223.845412091,211.330616941,104.456520235
2014-01-20,223.845412091,38.3799242471,39.1101263848
2014-02-21,223.845412091,127.799527544,131.525075395
2014-03-09,223.845412091,47.9715808651,41.9300668363
2014-03-25,223.845412091,128.280003541,41.3253832029
2014-04-10,223.803835004,76.6826483661,169.714765326
2014-04-26,223.845412091,223.845412091,223.668509576
2014-05-12,223.845412091,222.79082159,177.128692855
2014-05-28,223.845412091,200.973075049,139.261068693
2014-07-15,223.845412091,64.42584455,47.2827825712
2014-08-16,223.845412091,223.825406101,223.845412091
2014-09-01,223.796343296,177.622243353,165.274559096
2014-09-17,223.845412091,155.642750069,210.910869261
2014-10-03,223.845412091,59.7061850906,44.4241384694
2014-11-20,223.844156937,146.21228804,41.6968978474
2014-12-06,223.845412091,83.2774299549,40.1804132744
2014-12-22,223.845412091,222.614420739,223.683166976
2015-01-07,223.845412091,65.9839628897,104.497088552
2015-01-23,223.838861753,39.5102366045,41.2407127598
2015-02-08,223.845412091,39.7503015273,40.4804998564
2015-02-24,223.845412091,47.8018625253,46.2871727496
2015-03-12,223.845412091,122.525347709,72.0363569868
2015-04-13,223.845412091,153.669823035,40.5451735798
2015-04-29,223.845412091,142.752177924,55.7244868444
2015-05-15,223.845412091,120.601710534,153.384889935
2015-05-31,223.845412091,223.700556728,223.845412091
2015-06-16,223.845412091,66.8819305497,50.5285885191
2015-07-02,223.845412091,63.5025692777,50.1306686548
2015-07-18,223.845412091,162.861985126,175.546858766
2015-09-04,223.765591722,98.5233717735,82.8655604223
2015-10-06,223.845412091,189.130908779,143.39349372
2015-11-07,223.845412091,180.484252827,88.811918084
2015-11-23,223.845412091,208.942995031,136.386777534
2016-02-11,223.845412091,41.0535877216,41.4207613594
2016-03-14,223.845412091,61.7355562094,42.3059810865
2016-03-30,223.845412091,139.908135746,42.5057175124
2016-04-15,223.845412091,139.640064512,43.32076116
2016-05-01,223.845412091,98.752769712,43.3907813787
2016-06-02,223.845412091,219.858632296,207.662121248
2016-06-18,223.845412091,218.04614687,163.301428955
2016-07-04,223.845412091,157.026321965,84.5285367254
2016-07-20,223.674318199,58.2843780146,47.6232649173
2016-08-05,223.71511085,57.51410721,52.2978182044
2016-09-22,223.845412091,46.8544593304,44.8271519397
2016-10-08,223.845412091,121.218000104,84.0141839345
2016-10-24,223.845412091,202.378022667,108.756040138
2016-11-25,223.845412091,171.214420715,64.7216085326
2016-12-11,223.845412091,30.6500183536,35.9224734531
2017-01-12,223.845412091,40.3817336126,41.8227584207
2017-01-28,223.596184414,42.9713705099,46.7028573964
2017-03-17,223.845412091,216.933653896,194.128530717
2017-04-02,223.779006374,127.929541361,40.9948462085
2017-04-18,223.845412091,159.338713059,45.3419167604
2017-06-21,223.845412091,78.2032561509,54.8889853114
2017-07-07,223.845412091,65.6095415215,47.6730412628
2017-07-23,223.845412091,54.65379044,45.5681493539
2017-08-08,223.845412091,223.845412091,223.845412091
2017-08-24,223.845412091,223.845412091,223.835409044
2017-09-09,223.845412091,122.385648119,214.539289571
2017-09-25,223.845412091,106.657693023,45.6816844011
2017-11-12,223.845412091,139.900050525,41.4207587041
2017-11-28,223.845412091,128.777403745,41.7403794979
2017-12-14,223.845412091,223.845412091,223.845412091
2018-01-31,223.679652649,39.248289449,41.5103253611
2018-02-16,223.141069787,39.2346311733,41.5149833775
2018-04-05,223.44348592,147.18035626,41.404955607
2018-04-21,223.119418278,140.388772819,42.0103981317
2018-05-07,222.203179768,92.1774657965,43.4547962735
2018-05-23,222.882505108,66.1007782253,45.0300457575
2018-06-08,222.851989089,37.0895981855,45.8603225531
2018-07-26,222.411932136,221.958108047,221.803134968
2018-08-27,222.718037988,47.3472626704,43.8840476155
2018-09-12,222.461001871,51.4186968607,44.0245450922
2018-09-28,221.799952355,116.508510203,75.4168990812
2018-10-14,220.463413381,175.249746655,104.721107727
2018-10-30,222.105472946,126.698811482,43.162625075
2018-11-15,223.013120705,136.664653666,42.0904689881
2018-12-17,223.166879209,88.1590163801,41.1806908594
2019-01-02,222.339954986,44.5051788765,41.4407550859
2019-01-18,220.587208355,219.427470873,220.587208355
2019-02-19,220.109293036,141.388927345,159.486560275
2019-03-07,220.53640972,88.7881673202,89.8198292294
2019-03-23,220.645179173,220.572962368,211.790530477
2019-04-24,220.479456131,96.8211839531,42.3951954136
2019-05-26,218.470009939,71.7786050231,48.8123987037
2019-06-11,220.348525452,80.3222134708,51.3525465621
2019-06-27,221.148393414,138.044614886,81.2190264814
2019-07-13,221.36107112,149.879707329,100.259672942
2019-08-14,220.375470504,45.481773185,43.1742609147
2019-08-30,219.376456357,157.25822652,108.296324269
2019-09-15,217.34561959,77.4410755432,55.9784076567
2019-10-01,217.109483674,74.8091920441,42.2676858091
2019-10-17,219.042808977,197.293790294,147.604870195