Date,Rarea,NDWI,MNDWI
2000-01-07,46.1044039625,34.9887186123,26.4229402538
2000-02-24,46.1044039625,12.9929535013,5.56941149846
2000-05-14,46.1044039625,44.4088451191,46.0530711422
2000-05-30,46.1044039625,19.3236990149,35.7890259873
2000-06-15,46.1044039625,8.66615267067,11.224212056
2000-07-01,46.1044039625,10.4258242145,14.594056273
2000-08-02,46.1044039625,12.5247383554,16.6644460093
2000-08-18,46.1044039625,12.2526558221,13.0887036595
2000-09-03,46.1044039625,12.7333075223,13.1211677036
2000-10-05,46.1044039625,29.6328220375,23.0365785212
2000-10-21,46.1044039625,21.4263948012,16.687666603
2000-11-22,46.1044039625,18.5840183611,15.9532368943
2000-12-08,46.1044039625,18.4635954413,16.3195294292
2000-12-24,46.1044039625,10.2462296915,23.8955221307
2001-01-09,46.1044039625,46.1044039625,46.1044039625
2001-01-25,46.1044039625,28.0442675279,26.9604471226
2001-02-10,46.1044039625,46.1044039625,46.1044039625
2001-03-14,46.1044039625,16.8393193614,14.9361004245
2001-03-30,46.1044039625,11.2648610833,12.6216741731
2001-04-15,46.1044039625,27.8381289357,46.065202773
2001-05-01,46.1044039625,43.3026149381,45.7175685365
2001-06-02,46.1044039625,37.5733223163,41.7253194001
2001-06-18,46.1044039625,14.151912473,26.6214359159
2001-07-04,46.1044039625,46.1044039625,46.1044039625
2001-07-20,46.1044039625,43.6744438339,45.5338606244
2001-08-05,46.1044039625,46.1044039625,46.1035033995
2001-08-21,46.1044039625,15.6066123845,17.7897653875
2001-09-22,46.1044039625,45.0115066671,41.0367917433
2001-10-24,46.1044039625,19.0535207311,15.9512872525
2001-12-11,46.1044039625,40.226211805,13.6578763523
2001-12-27,46.1044039625,16.3193071833,15.0586452453
2002-01-12,46.1044039625,15.6798649996,13.7178534456
2002-01-28,46.1044039625,17.628685783,15.3046570072
2002-02-13,46.1044039625,32.9699830783,25.8022908545
2002-03-17,46.1044039625,37.5371243378,45.8314757044
2002-04-02,46.1044039625,7.5941231571,8.36288353326
2002-04-18,46.1044039625,8.2805257834,11.6443259905
2002-05-04,46.1044039625,11.0454699916,12.9436085401
2002-06-05,46.1044039625,25.8311423073,38.2304850144
2002-07-23,46.1044039625,14.2636804084,16.2897609832
2002-08-08,46.1044039625,46.1044039625,46.1044039625
2002-08-24,46.1044039625,46.1017022314,46.1044039625
2002-09-09,46.1044039625,39.6831786221,41.9118186957
2002-09-25,46.1044039625,20.9729317986,16.0286814806
2002-11-12,46.1044039625,17.3727759931,16.1052571808
2002-12-14,46.1044039625,31.0378836885,28.7894422153
2003-01-15,46.1044039625,28.5032435563,21.6117469312
2003-01-31,46.1044039625,16.3077648966,13.7116629709
2003-02-16,46.1044039625,46.1044039625,46.1044039625
2003-03-20,46.1044039625,34.791301393,46.1044039625
2003-04-21,46.1044039625,7.66359432622,8.45770628751
2003-05-23,46.1044039625,9.81948324455,14.2051630576
2003-11-15,39.2466861605,39.2466861605,39.2466861605
2004-11-01,39.4822359004,24.7465682923,13.1188701469
2005-11-04,39.3788048975,15.114253787,13.0816565041
2006-11-07,39.559487314,16.5384532032,12.7581246524
2006-11-23,39.8146346988,12.6695820156,11.0090114299
2006-12-09,39.684218026,25.4645461244,20.3738598266
2007-10-25,39.249296526,17.2865340013,13.6990238071
2007-11-26,39.6702826539,19.9201731046,16.639161454
2007-12-12,39.8435373994,21.5693476952,13.6683715114
2007-12-28,39.682049738,38.0519661207,30.131491765
2008-01-13,39.4724715329,30.8133998452,11.4454718722
2008-05-20,39.4092864002,35.8091990476,17.7438913203
2008-11-28,39.2866399019,15.1523169306,13.9592789452
2009-04-21,39.6832464628,11.9234651374,15.1884814027
2009-05-07,39.5643651895,14.7133049856,11.7177650693
2009-05-23,39.6934531192,10.3065252022,12.8446724801
2009-06-08,39.5678190416,15.0277148447,39.5678190416
2009-10-30,39.4942328005,17.4714356893,13.530223458
2010-01-02,39.3501215256,20.7710865847,17.8750508246
2010-01-18,39.653609825,13.5424116813,13.4253613433
2010-02-03,40.0515724629,14.0018508353,12.6960391389
2010-02-19,39.9270187177,12.6132781056,11.9039641055
2010-03-07,40.073010283,32.3719041721,29.8537769651
2010-04-08,39.8531010729,29.5654705193,24.7243547581
2012-01-08,39.4433097786,27.4209573771,20.013165224
2012-05-31,40.0721373064,13.5091225418,10.3939470526
2014-01-29,40.2407486542,12.7910864258,11.875790778
2015-11-16,39.2736818598,39.2736818598,39.2736818598
2016-01-03,39.3857722431,38.5494844787,35.7764723699
2016-01-19,39.5336425036,31.922228663,27.2059993757
2017-10-20,39.2788450715,21.9884447005,17.8067784896
2017-11-05,39.5177333073,24.2748612305,20.5978706507
2017-11-21,39.5973184638,30.9883369194,24.015828794