Date,Rarea,NDWI,MNDWI
2000-01-11,40.7695805943,38.6868113565,25.3581919634
2000-01-27,40.7695805943,34.3721038015,23.7581665296
2000-02-12,40.7695805943,26.641746271,2.2720692851
2000-02-28,40.7695805943,25.140827381,19.0150051315
2000-03-15,40.7695805943,19.0124854087,15.4903665139
2000-04-16,40.7695805943,3.21177131838,3.12095825603
2000-06-03,40.7695805943,20.0707788153,15.9484607979
2000-08-22,40.7695805943,12.2008512388,8.2086453597
2000-10-09,40.7695805943,34.4711716642,7.71734510146
2000-10-25,40.7695805943,31.8737596189,4.74045391101
2000-11-26,40.7695805943,39.8378594103,20.9207469538
2000-12-12,40.7695805943,39.600878988,13.5397043334
2000-12-28,40.7695805943,33.9471493369,4.15401918905
2001-01-29,40.7695805943,37.5137647199,20.917598551
2001-02-14,40.7695805943,32.6345250737,18.061278546
2001-03-18,40.7695805943,19.0053986224,12.1632585863
2001-05-05,40.7695805943,38.8959153644,37.9287537556
2001-05-21,40.7695805943,36.2415724271,35.986468681
2001-06-06,40.7695805943,30.6016763823,17.2217721511
2001-06-22,40.7695805943,40.7695805943,39.9557080806
2001-07-08,40.7695805943,39.1551765877,9.40805037257
2001-07-24,40.7695805943,40.0496453659,22.6707428188
2001-08-25,40.7695805943,39.6059324161,9.08926471646
2001-09-10,40.7695805943,40.7650770164,17.0983910818
2001-09-26,40.7695805943,35.1873705359,16.6377202635
2001-10-12,40.7695805943,40.6410399192,19.5746674009
2001-10-28,40.7695805943,38.5857910613,12.9388967399
2001-11-13,40.7695805943,39.8096644798,6.01287450282
2001-11-29,40.7695805943,40.6101541864,18.2810474475
2002-02-17,40.7695805943,30.2011324964,33.2194179227
2002-03-21,40.7695805943,18.7275534774,19.9844385226
2002-04-22,40.7695805943,8.26137507519,8.92714272392
2002-05-08,40.7695805943,15.6765127155,18.3307632846
2002-06-09,40.7695805943,24.1690230267,24.2945913524
2002-06-25,40.7695805943,34.8133642212,18.998673398
2002-07-11,40.7695805943,31.4779030888,25.0991112619
2002-08-12,40.7695805943,40.7596727388,35.9580287864
2002-08-28,40.7695805943,32.2938882714,4.125811761
2002-09-13,40.7695805943,35.994240757,4.34525044697
2002-09-29,40.7695805943,40.2522739398,8.55098029818
2002-10-15,40.7695805943,38.6607516067,6.92321148839
2002-10-31,40.7695805943,39.8149264174,3.35247104183
2002-12-18,40.7695805943,40.0310944484,12.1963955593
2003-01-03,40.7695805943,39.8618063121,14.6452888111
2003-01-19,40.7695805943,40.7695805943,33.1015104513
2003-02-04,40.7695805943,35.8839656194,23.7104614455
2003-03-08,40.7695805943,34.782543537,39.8939583212
2003-03-24,40.7695805943,6.60481801005,7.59422994493
2003-04-25,40.7695805943,11.8744013175,13.4478395485
2003-05-11,40.7695805943,21.3362411264,24.8245547749
2003-05-27,40.7695805943,24.9907818923,25.0802905667
2003-08-31,34.9793194172,27.7512834222,7.16225303733
2003-10-02,34.9096714368,31.7148804485,6.11721925288
2003-11-03,34.9709976545,30.4143385509,4.19224852693
2004-01-06,35.1292512835,33.7615972265,12.3421605084
2004-05-13,34.9657309973,16.0016991523,16.406731137
2004-05-29,34.9740881789,18.6875286376,13.8483881899
2004-06-14,35.2796385677,33.2467796827,32.8780171292
2004-06-30,35.1541779866,21.9581577954,18.1400833934
2004-10-04,34.8112286555,34.4291248491,7.23923206382
2004-11-05,34.8200028228,32.5281272574,8.29665235356
2004-11-21,34.9500339279,34.8764439596,16.4848619316
2005-09-21,35.2842940845,34.8089220465,7.49790228908
2005-10-07,35.3125200213,34.2550182687,7.59636106339
2005-10-23,34.9660454645,34.0715693914,6.74928350913
2006-01-11,35.2097856063,29.400261346,16.9768242967
2006-03-16,34.9663703125,21.7756304184,22.1185599645
2006-05-03,35.15229182,16.1890513031,17.0676118781
2006-05-19,34.8123307129,7.65785582563,8.04195859712
2006-09-08,34.9976906788,28.7947989422,8.56193704577
2007-04-04,34.9977787155,30.020238729,13.6156885181
2007-06-07,35.7747485845,8.35188650991,7.56341596212
2007-07-09,35.4368679112,13.070415467,6.67441484455
2007-10-13,35.5135132739,34.4306147425,6.59679678836
2008-03-05,35.6883718248,33.9421772491,28.7617317518
2008-05-24,35.0119040026,18.3630838525,18.249894339
2008-06-25,35.3654005782,6.03532600401,6.27658973552
2008-07-11,35.6966795172,29.4104206105,25.0741381936
2008-10-15,35.4482628183,34.2340410854,5.17813966161
2008-10-31,35.2605929158,33.0785812429,5.47166294063
2008-12-18,35.3025308564,33.9818256159,9.54697016173
2009-01-19,36.0231053867,36.0231053867,36.0231053867
2009-06-12,34.9040374458,32.7738584935,34.322639391
2009-07-14,35.4788695002,18.9214570264,16.3618867295
2009-07-30,35.8280814866,19.853001333,17.3002325832
2009-08-31,35.6381615012,16.5246158726,10.3583445363
2009-10-02,35.1871582068,32.9919677338,12.7897729472
2009-10-18,35.5726248458,32.6307467538,9.90699338029
2009-11-03,35.4752311894,32.6090818678,2.12793824249
2010-04-28,35.0934733441,11.3733905482,10.9336833182
2010-05-30,35.807848945,23.9857504686,14.3806524669
2010-07-01,35.854820135,35.7359258763,35.5029882039
2010-07-17,35.8733960668,30.0228787335,15.0135042673
2010-08-18,35.8450359374,32.5602091563,9.81652937468
2010-09-03,35.5580650959,33.6459298509,9.42353649783
2010-09-19,35.2078853059,33.2893041173,8.77361949232
2010-10-05,35.5948212344,34.9150435874,12.8546114915
2010-10-21,35.7315990613,34.217554569,20.2106498713
2011-07-04,35.9265169761,18.0131044769,12.3007941909
2011-07-20,36.0706560293,21.5895328759,14.8306607084
2011-08-21,35.9888110991,21.0731392316,8.46166236545
2011-09-06,35.8109677854,31.5576970242,8.20623454681
2011-09-22,35.7792274578,33.6562546264,7.96403423826
2011-10-08,35.6009355019,33.6159555122,7.94597052749
2011-10-24,35.7622868521,34.6077719822,8.92524133931
2012-02-13,35.4552988985,35.4552988985,35.428277426
2012-02-29,35.7685460485,19.1549040789,16.0007049408
2012-06-04,35.430336843,35.1089975781,22.4958792956
2012-07-06,35.86503879,23.946123306,6.78702838393
2012-07-22,35.8448841107,27.0869854288,6.6708648173
2012-08-23,36.1035620048,33.9148019749,6.89840310674
2012-09-08,35.9245671466,34.4004248934,6.27344174832
2012-09-24,36.0725669636,34.8519793372,6.92832114035
2012-10-10,35.9502145864,35.0956098503,5.9541835111
2012-11-11,35.9633863258,34.2035712839,5.97501290229
2012-12-13,36.006581741,35.5170809327,10.3497028972
2013-01-30,35.6583303617,34.8055273794,5.62209580897
2013-06-07,35.8691468143,7.65230891915,5.29887417671
2013-08-10,36.3104399816,23.0657771293,9.24969074303
2013-09-11,35.9708285532,27.9847747964,4.71742359022
2013-10-13,35.8077536152,34.3322601981,8.49718928531
2013-11-14,36.0111206059,32.7827255825,5.32528985327
2013-11-30,35.6360844885,32.1216130961,4.17902129042
2014-01-01,35.7104940578,28.5241040282,7.52583493669
2014-03-22,36.0813268334,10.7405039502,7.79607528392
2014-05-09,35.9579290778,17.6978198261,14.3363842119
2014-06-10,36.0031979073,5.88292451305,4.60180050569
2014-07-28,35.8695354553,28.2155426767,6.22233148701
2014-08-13,35.8197382474,25.6582207559,3.64878991583
2014-08-29,36.1776819218,33.6761135537,4.69768372589
2014-09-30,36.1072743398,33.8724658749,3.47311921565
2014-11-01,35.8418852095,34.4071745759,13.3897714818
2014-12-03,36.086815908,35.3601053951,4.08357309215
2014-12-19,35.694305934,34.7552987663,9.63305513906
2015-01-20,36.183018984,35.2169519318,7.40688319927
2015-05-12,35.9665476097,18.9010378482,12.6825150401
2015-05-28,36.262373814,18.6737953857,5.10891082616
2015-06-13,35.8641981916,9.38128272971,2.67055909483
2015-06-29,36.2234240815,32.8208810494,19.8325104005
2015-07-31,36.0654318205,36.0310422561,26.287036612
2015-08-16,35.8545764269,32.5752689795,3.17542947346
2015-09-01,36.1827328542,34.7294160668,5.86453846226
2015-09-17,35.65276014,33.1491376097,2.78590856976
2015-10-03,36.1937570925,34.1853855589,2.62150747266
2015-10-19,35.8070823412,33.8170642374,2.32536745869
2015-11-04,36.1444403785,35.1185989449,2.04286072665
2015-11-20,35.8267179815,33.1822944458,1.85637097028
2015-12-06,35.7360849903,34.5921971216,4.74169648706
2016-03-27,36.017980087,27.8210151938,4.87852950081
2016-04-28,35.8392254512,2.14492842162,1.90476607089
2016-06-15,35.8625733478,24.1825925586,11.1071789653
2016-07-01,36.0691759155,26.6087001692,4.68784977347
2016-08-02,36.2759303702,30.4487490355,1.4122627866
2016-08-18,36.1904049159,31.6634692995,1.88059173525
2016-09-19,35.7533927288,32.0537211171,1.16011959607
2016-10-05,35.3921571843,32.0223411496,1.18696789629
2016-11-06,35.6797744045,33.5649632345,1.02411182043
2016-11-22,35.7555826679,33.4773645795,2.39884480546
2016-12-24,35.8477029201,35.8468022069,5.19233572104
2017-01-25,36.0810441021,36.0810441021,36.0810441021
2017-02-10,36.2691732356,34.9677026168,20.9124418786
2017-05-01,35.6455226209,24.3891318781,16.9549047653
2017-06-18,35.4297256882,25.83621623,21.2383113912
2017-07-04,35.3557612765,17.8129897378,10.1022072404
2017-08-05,35.8644384761,26.2846423508,5.55639191022
2017-08-21,35.7307160351,29.6165029321,3.4569383302
2017-09-22,35.8413307719,34.4412951212,4.72145984335
2017-10-08,35.2963565536,33.6481250231,3.91931183339
2017-10-24,34.8538518133,33.5100121116,3.25614560665
2017-12-11,34.919434525,33.4321734859,7.8523779398
2018-01-12,35.3004150981,32.993897791,15.1785528063
2018-03-17,36.0620904252,22.7041994783,17.9998763406
2018-06-21,35.9657634213,4.35990234079,3.29828241811
2018-07-23,36.1147554582,26.8708985941,8.10262312318
2018-08-08,36.0856749268,28.798742667,3.35342285899
2018-08-24,36.0762969084,29.1382896349,3.09064131542
2018-09-09,36.0858231955,30.1456556006,2.92011325909
2018-10-27,36.1636378665,33.9126888927,2.98573842074
2018-11-12,35.8123136077,35.0151439024,2.19039444144
2018-11-28,35.8619765174,35.0163207097,2.58144523578
2019-05-07,36.0321477889,9.20386211465,8.41478225871
2019-06-08,36.1915706614,11.0768710566,6.11957926639
2019-06-24,35.974897738,4.72067084235,2.59347599158
2019-07-26,35.8242736586,22.4005512071,5.2262684165
2019-08-11,36.1399403634,27.3073013652,2.28691210278
2019-08-27,36.0706664873,32.162389122,3.3919257531
2019-10-30,36.082510104,32.5641299514,1.84105898431