Date,Rarea,NDWI,MNDWI
2000-01-13,9.02932324274,8.79494872512,0.684235104065
2000-01-29,9.02932324274,6.71671153963,0.928686498287
2000-02-14,9.02932324274,9.02784990856,5.68758157466
2000-05-20,9.02932324274,6.00918088239,2.22495345296
2000-06-21,9.02932324274,9.02932324274,8.09322071719
2000-09-09,9.02932324274,9.02932324274,7.74308237964
2000-09-25,9.02932324274,8.86906147781,3.59253759252
2000-11-12,9.02932324274,8.67762173424,1.76490379775
2000-11-28,9.02932324274,8.94372171461,2.24834858163
2000-12-30,9.02932324274,9.01404384503,2.03921513731
2001-01-15,9.02932324274,7.18410922634,2.40938291995
2001-01-31,9.02932324274,8.99696727734,3.4162437201
2001-02-16,9.02932324274,8.91678456031,2.62920487542
2001-03-04,9.02932324274,8.85081721629,2.98261092556
2001-03-20,9.02932324274,7.85006631191,3.1689640978
2001-04-05,9.02932324274,6.90718369548,4.71912847869
2001-05-07,9.02932324274,6.05906867034,1.47476411493
2001-05-23,9.02932324274,8.81721498662,4.5784018475
2001-06-24,9.02932324274,8.64479430072,1.34534893802
2001-07-10,9.02932324274,9.02932324274,8.98258612854
2001-07-26,9.02932324274,9.00280279189,8.91149738373
2001-08-11,9.02932324274,8.72018765612,1.56245312284
2001-08-27,9.02932324274,9.02932324274,7.55625874108
2001-09-12,9.02932324274,8.75378324877,1.17472711554
2001-09-28,9.02932324274,8.71068269068,1.13967410443
2001-10-30,9.02932324274,9.02932324274,8.9834856084
2001-11-15,9.02932324274,8.65394534574,0.990474845093
2001-12-01,9.02932324274,8.29844150004,3.68965217807
2001-12-17,9.02932324274,7.68748290672,5.30597994894
2002-01-18,9.02932324274,8.90901353835,3.50886666457
2002-02-03,9.02932324274,8.43963149216,1.07377848621
2002-04-08,9.02932324274,8.75681127,0.798133288879
2002-05-10,9.02932324274,8.33074256921,2.6921671778
2002-06-11,9.02932324274,3.50110691002,1.54105064909
2002-06-27,9.02932324274,7.2980541569,3.61103801833
2002-07-13,9.02932324274,3.05124588396,0.736229284752
2002-08-14,9.02932324274,8.90349114746,6.60776646276
2002-08-30,9.02932324274,9.00932396845,1.60921069317
2002-09-15,9.02932324274,8.45150473928,0.60230890139
2002-10-01,9.02932324274,8.66324094061,0.66432517025
2002-10-17,9.02932324274,8.57175921093,0.515012866089
2002-11-02,9.02932324274,8.58164569165,0.470072983215
2002-11-18,9.02932324274,8.57577008975,0.453397640884
2002-12-20,9.02932324274,8.49348687058,0.400399754285
2003-01-05,9.02932324274,8.5949340617,0.458388888
2003-01-21,9.02932324274,8.97090183515,6.81076655168
2003-02-06,9.02932324274,9.02932324274,0.643002375134
2003-02-22,9.02932324274,8.90981409538,1.18195378059
2003-03-10,9.02932324274,8.51043354798,5.29667231276
2003-03-26,9.02932324274,7.81580222767,0.343352379974
2003-04-11,9.02932324274,8.64455400234,0.283386211405
2003-04-27,9.02932324274,9.02752565827,7.06220413209
2003-05-13,9.02932324274,8.55805512752,2.6818888225
2003-05-29,9.02932324274,9.02129393604,8.28340296762