Date,Rarea,NDWI,MNDWI
2000-01-13,194.701059793,177.252122432,93.5820957679
2000-01-29,194.701059793,144.016888666,53.5769008462
2000-02-14,194.701059793,163.090174675,143.587906996
2000-05-20,194.701059793,114.388946826,63.3597224173
2000-06-21,194.701059793,194.613297464,188.781831992
2000-09-09,194.701059793,191.6968312,172.815651585
2000-09-25,194.701059793,193.940948971,120.963697221
2000-11-12,194.701059793,181.632833733,25.5923951677
2000-11-28,194.701059793,187.510306768,64.6596233901
2000-12-30,194.701059793,188.941905717,119.379119605
2001-01-15,194.701059793,140.32979167,64.7863748731
2001-01-31,194.701059793,156.196560693,53.2769916349
2001-02-16,194.701059793,163.662042666,28.5036490724
2001-03-04,194.701059793,187.217055742,114.954506729
2001-03-20,194.701059793,168.155301335,81.8686103883
2001-04-05,194.701059793,113.66103948,88.4988714173
2001-05-07,194.701059793,117.597665663,29.5640374646
2001-05-23,194.701059793,190.377330219,145.457358577
2001-06-24,194.701059793,162.411612457,75.7046320732
2001-07-10,194.701059793,188.737703164,164.768469918
2001-07-26,194.701059793,193.350885603,180.251618352
2001-08-11,194.701059793,59.2499990641,32.104693257
2001-08-27,194.701059793,139.137024676,40.5185834348
2001-09-12,194.701059793,190.135237348,66.3900663484
2001-09-28,194.701059793,176.261166997,30.0193818846
2001-10-30,194.701059793,194.701059793,191.947202307
2001-11-15,194.701059793,185.372714655,21.1534682827
2001-12-01,194.701059793,187.429143071,41.0133162748
2001-12-17,194.701059793,185.701239476,76.9912700255
2002-01-18,194.701059793,194.691074104,194.678826812
2002-02-03,194.701059793,101.572504834,51.499872924
2002-04-08,194.701059793,134.630956143,45.2372474583
2002-05-10,194.701059793,164.906639329,91.2188410937
2002-06-11,194.701059793,48.8768353351,33.7288497143
2002-06-27,194.701059793,142.314540613,80.1739601053
2002-07-13,194.701059793,34.2884079995,25.9282836595
2002-08-14,194.701059793,187.530842303,114.730838246
2002-08-30,194.701059793,192.519482636,118.851262598
2002-09-15,194.701059793,183.961103148,25.7627455848
2002-10-01,194.701059793,186.370234366,28.9567279644
2002-10-17,194.701059793,184.974060111,23.9035357438
2002-11-02,194.701059793,184.340942815,22.8400198728
2002-11-18,194.701059793,186.644607897,28.7709914758
2002-12-20,194.701059793,187.485417038,40.4332868965
2003-01-05,194.701059793,185.689771166,25.5777823203
2003-01-21,194.701059793,187.942497446,92.5390263105
2003-02-06,194.701059793,190.373473193,43.2220336615
2003-02-22,194.701059793,187.004580687,105.412911082
2003-03-10,194.701059793,180.828526676,98.814314073
2003-03-26,194.701059793,134.495696318,43.7139129092
2003-04-11,194.701059793,149.213382834,35.1442307674
2003-04-27,194.701059793,191.246853034,180.114134081
2003-05-13,194.701059793,181.231831305,159.507122922
2003-05-29,194.701059793,188.432630261,180.576935754