Date,Rarea,NDWI,MNDWI
2000-01-20,16.1636195479,4.654267969,3.13914231405
2000-02-05,16.1636195479,7.90496939208,5.71649835778
2000-02-21,16.1636195479,9.41332354403,8.92047465401
2000-04-25,16.1636195479,16.1636195479,16.1636195479
2000-05-11,16.1636195479,2.51887760769,2.59902056564
2000-07-30,16.1636195479,16.136467706,12.0646573139
2000-08-15,16.1636195479,14.7546731498,2.41962755563
2000-08-31,16.1636195479,15.6519244643,2.51396882403
2000-10-02,16.1636195479,15.8073402533,2.33138058341
2000-11-03,16.1636195479,16.1636195479,13.5263689881
2000-11-19,16.1636195479,16.1274344556,2.39058269523
2000-12-05,16.1636195479,16.0229365213,2.27370728131
2000-12-21,16.1636195479,14.4353368063,2.23048421747
2001-01-06,16.1636195479,6.49030727812,2.96648557498
2001-01-22,16.1636195479,5.6260895492,2.14043613647
2001-02-07,16.1636195479,2.78515063007,2.17375383319
2001-02-23,16.1636195479,16.1636195479,16.1239313834
2001-03-11,16.1636195479,16.1636195479,16.1636195479
2001-03-27,16.1636195479,10.8462618208,11.909267801
2001-04-12,16.1636195479,11.4065020803,9.97882832434
2001-04-28,16.1636195479,16.1636195479,16.1636195479
2001-05-14,16.1636195479,3.46950526686,2.42822057828
2001-05-30,16.1636195479,8.22648010616,2.11882407629
2001-08-02,16.1636195479,15.7724788734,2.00446325244
2001-08-18,16.1636195479,15.8388740763,1.97114562482
2001-09-03,16.1636195479,16.0925523244,5.70016807809
2001-09-19,16.1636195479,16.1433886516,6.53393587867
2001-10-05,16.1636195479,15.9130206362,1.85768509949
2001-11-06,16.1636195479,15.9640659831,1.995078209
2001-11-22,16.1636195479,16.0844483626,2.96362130475
2001-12-08,16.1636195479,16.1393065575,1.69649958228
2001-12-24,16.1636195479,16.1490989623,3.40508039245
2002-01-09,16.1636195479,12.0660851469,7.89786569143
2002-01-25,16.1636195479,5.91988934123,5.68101680781
2002-02-26,16.1636195479,4.04837623713,4.17623169036
2002-03-14,16.1636195479,2.57242718679,2.75226897751
2002-04-15,16.1636195479,3.35911011562,3.77203032493
2002-06-18,16.1636195479,15.4485527732,10.6704515594
2002-07-20,16.1636195479,11.7725246592,2.66967894003
2002-08-05,16.1636195479,13.7900519566,2.6975941719
2002-08-21,16.1636195479,16.082575568,12.0660320953
2002-09-22,16.1636195479,15.7497764037,2.47157335928
2002-10-24,16.1636195479,16.1303017659,2.2564094002
2002-11-09,16.1636195479,15.3318883467,3.13639145484
2002-11-25,16.1636195479,15.9167542626,3.80594015262
2002-12-11,16.1636195479,15.9670929287,2.57341179879
2002-12-27,16.1636195479,16.1636195479,15.4647219901
2003-01-12,16.1636195479,5.92789122646,2.30252274835
2003-02-13,16.1636195479,12.5181828505,13.824761651
2003-03-01,16.1636195479,16.1636195479,16.1636195479
2003-04-02,16.1636195479,10.7062025551,10.0449133928
2003-04-18,16.1636195479,9.00591947976,8.64061311377
2003-05-04,16.1636195479,11.7685332701,13.1830406522