Date,Rarea,NDWI,MNDWI
2000-01-04,9.60647839815,9.42841471288,8.47722733832
2000-01-20,9.60647839815,2.80007993395,1.60992625615
2000-01-20,9.60647839815,2.78649323994,1.6083617393
2000-02-05,9.60647839815,8.92948109019,5.99661038826
2000-02-05,9.60647839815,8.92341706026,5.97647935149
2000-02-21,9.60647839815,5.68895595816,4.64138843103
2000-02-21,9.60647839815,5.67403429106,4.63274611613
2000-04-25,9.60647839815,9.60647839815,9.60647839815
2000-05-11,9.60647839815,2.67017591636,2.66962154328
2000-05-11,9.60647839815,2.66783445678,2.67163472868
2000-07-30,9.60647839815,9.60647839815,7.76595745295
2000-07-30,9.60647839815,9.60647839815,7.76117195738
2000-08-15,9.60647839815,9.3521660718,8.14613132087
2000-08-15,9.60647839815,9.34425841761,8.13493214968
2000-08-31,9.60647839815,9.16510827746,2.40893869985
2000-08-31,9.60647839815,9.16600888665,2.40090397196
2000-10-02,9.60647839815,9.1878421673,2.23784615083
2000-10-02,9.60647839815,9.17890682984,2.23688905435
2000-11-03,9.60647839815,9.60647839815,2.95659955443
2000-11-03,9.60647839815,9.60647839815,2.95967923752
2000-11-19,9.60647839815,9.1448675666,2.09889608609
2000-11-19,9.60647839815,9.15632106395,2.09989536558
2000-12-05,9.60647839815,9.33554015285,2.07073705128
2000-12-05,9.60647839815,9.33093827126,2.07266545599
2000-12-21,9.60647839815,7.50166161187,2.31763309597
2000-12-21,9.60647839815,7.50345220367,2.3238737464
2001-01-06,9.60647839815,3.84056070371,2.17105314298
2001-01-06,9.60647839815,3.84224885057,2.17717366341
2001-01-22,9.60647839815,4.35759866276,2.12222293664
2001-01-22,9.60647839815,4.35170777181,2.12047834868
2001-02-07,9.60647839815,2.6244648067,2.14459668474
2001-02-07,9.60647839815,2.61455821472,2.14639788384
2001-02-23,9.60647839815,9.60647839815,9.60647839815
2001-02-23,9.60647839815,9.60647839815,9.60647839815
2001-03-11,9.60647839815,9.60647839815,9.60647839815
2001-03-11,9.60647839815,9.60647839815,9.60647839815
2001-03-27,9.60647839815,2.81794491205,2.72776122041
2001-03-27,9.60647839815,2.81848527581,2.71649134516
2001-04-12,9.60647839815,4.90798346053,2.88048566854
2001-04-12,9.60647839815,4.87797419304,2.87711997158
2001-04-28,9.60647839815,5.34591040516,3.15839477715
2001-04-28,9.60647839815,5.35761814219,3.14875660193
2001-05-14,9.60647839815,3.65034511065,2.46754432778
2001-05-14,9.60647839815,3.63040131996,2.46192890108
2001-05-30,9.60647839815,6.74724438821,2.45614360074
2001-05-30,9.60647839815,6.74616356593,2.44018708224
2001-08-02,9.60647839815,8.5286726022,3.71321320253
2001-08-02,9.60647839815,8.54870459908,3.70340202873
2001-08-18,9.60647839815,9.51536957377,3.02081938952
2001-08-18,9.60647839815,9.51321520961,3.0059895136
2001-09-03,9.60647839815,9.44811812719,2.02530765027
2001-09-03,9.60647839815,9.45354997458,2.02959879966
2001-09-19,9.60647839815,9.28501071938,5.9496976373
2001-09-19,9.60647839815,9.2859113182,5.94879703934
2001-10-05,9.60647839815,9.22670889905,2.00080448351
2001-10-05,9.60647839815,9.23525222597,2.00427980264
2001-11-06,9.60647839815,8.26957672835,1.9355798709
2001-11-06,9.60647839815,8.26443799381,1.93557987358
2001-11-22,9.60647839815,9.0220301818,1.91249974255
2001-11-22,9.60647839815,9.0228177454,1.9134568414
2001-12-08,9.60647839815,9.57733441613,6.00659769555
2001-12-08,9.60647839815,9.57670223421,6.01531415745
2001-12-24,9.60647839815,9.54603931287,2.92660829153
2001-12-24,9.60647839815,9.54784052057,2.94597299856
2002-01-09,9.60647839815,8.10175252687,7.37879318171
2002-01-09,9.60647839815,8.10265310494,7.37444562642
2002-01-25,9.60647839815,2.77145389767,2.70585473541
2002-01-25,9.60647839815,2.76162138001,2.70483040103
2002-02-10,9.60647839815,4.72752298325,4.22479328506
2002-02-26,9.60647839815,4.86333298391,2.4706146029
2002-02-26,9.60647839815,4.89521772152,2.48705143079
2002-03-14,9.60647839815,2.79537059955,2.67145505705
2002-03-14,9.60647839815,2.79721420873,2.66695207377
2002-04-15,9.60647839815,8.86774064848,8.53372915432
2002-04-15,9.60647839815,8.87621339271,8.55161753624
2002-06-18,9.60647839815,8.63814161723,6.52206525176
2002-06-18,9.60647839815,8.65680339044,6.58658340258
2002-07-20,9.60647839815,5.67555434783,2.98013763595
2002-07-20,9.60647839815,5.68433082271,2.98372601924
2002-08-05,9.60647839815,7.09982870297,2.90200113247
2002-08-05,9.60647839815,7.12786027623,2.89772061716
2002-08-21,9.60647839815,9.40384322036,6.58277552871
2002-09-06,9.60647839815,9.17351365164,2.76488072279
2002-09-22,9.60647839815,9.2303078445,2.71184416794
2002-09-22,9.60647839815,9.23197130748,2.70905765601
2002-10-24,9.60647839815,9.46014399255,1.94170355383
2002-10-24,9.60647839815,9.46177214084,1.94732247827
2002-11-09,9.60647839815,9.36516439222,3.04638250803
2002-11-09,9.60647839815,9.35917100894,3.06015981381
2002-11-25,9.60647839815,9.50759925906,2.06925870912
2002-11-25,9.60647839815,9.51104627862,2.09812034684
2002-12-11,9.60647839815,9.45427681997,3.56757468119
2002-12-11,9.60647839815,9.4557424779,3.5963197738
2002-12-27,9.60647839815,9.60647839815,9.60647839815
2003-01-12,9.60647839815,9.22361125589,2.30346982083
2003-01-12,9.60647839815,9.22804363036,2.30507328886
2003-02-13,9.60647839815,2.94912131877,8.63038813994
2003-03-01,9.60647839815,9.03127879881,5.49358140279
2003-03-01,9.60647839815,9.02459671153,5.49508950793
2003-03-17,9.60647839815,6.46198914644,7.92975498532
2003-04-02,9.60647839815,3.3045310886,4.36270451718
2003-04-02,9.60647839815,3.29807502542,4.33059015447
2003-04-18,9.60647839815,6.68178426796,6.66999188511
2003-04-18,9.60647839815,6.6965894231,6.67639494784
2003-05-04,9.60647839815,7.9820072479,7.7341518866
2003-08-08,8.63501822909,7.73655591623,2.36224860126
2003-08-08,8.6394082081,7.72845049918,2.36420862843
2003-10-27,8.44682129141,8.15217693321,1.93638361121
2003-11-12,8.32075505752,6.14811806627,2.0639461147
2003-11-28,8.48872915207,5.04508306022,2.0598027491
2003-11-28,8.48643351157,5.04813794534,2.04989615712
2004-04-20,8.67269852083,4.29289887721,3.16263653361
2004-05-06,8.44050294296,3.40340887133,2.58785136116
2004-05-22,8.54771667109,8.15926424509,6.59878562842
2004-05-22,8.54559055701,8.14433188841,6.56826399878
2004-06-07,8.59829494158,7.37869040458,6.34647049454
2004-06-07,8.5972672111,7.36611028892,6.35054972229
2004-06-23,8.48859843727,5.53427259539,3.24814418036
2004-09-27,8.48870437149,7.98474427178,2.19729444274
2004-09-27,8.4811322842,7.98077458066,2.19819503887
2004-10-13,8.54480998022,8.0487712913,2.16377450793
2004-10-13,8.54480998389,8.04565978692,2.16698495177
2004-10-29,8.48775792785,8.0732038784,2.05517262715
2004-10-29,8.48604150899,8.06418379711,2.05440982475
2004-11-14,8.46308141419,7.98590921426,2.04025851792
2004-11-14,8.46717470205,7.98730069005,2.04025854203
2004-11-30,8.44154823211,8.34852905378,7.73295592642
2004-11-30,8.44000485226,8.34439337051,7.71587634203
2004-12-16,8.39985240639,8.04920918645,1.98034545198
2004-12-16,8.39979943741,8.05406533837,1.98585854025
2005-01-01,8.39769448086,7.88486916997,1.94736937331
2005-01-01,8.39319149453,7.87234555908,1.94175393284
2005-01-17,8.53159402596,8.24289816512,3.48733016216
2005-02-02,8.56911900159,6.00066711424,1.81979784312
2005-02-18,8.42034712485,7.41323889223,4.43813706758
2005-03-22,8.48396116083,8.48396116083,8.48396116083
2005-03-22,8.47249707381,8.47249707381,8.47249707381
2005-04-07,8.55718519127,8.25574176963,7.53811486964
2005-04-23,8.63500410809,3.62710144547,3.17324778354
2005-05-25,8.54112626374,2.570269443,2.56332603117
2005-05-25,8.54158894146,2.56116461728,2.56858482374
2005-06-10,8.67934539954,8.67033939393,8.23134447209
2005-09-30,8.47230636555,7.87848369767,2.33329164801
2005-09-30,8.47331998038,7.86739748937,2.33437242536
2005-10-16,8.54361982684,7.7230018726,2.06470126939
2005-10-16,8.54415310426,7.70244707762,2.05977455282
2005-11-01,8.50092076734,8.0541463863,2.51460153515
2005-11-17,8.49724074245,7.87889718616,2.00025006991
2005-11-17,8.4965096612,7.85281520077,2.0024716467
2005-12-03,8.55649659445,8.10270830856,3.19656626592
2005-12-03,8.55739719083,8.10677337728,3.19571853609
2005-12-19,8.66848166926,5.11677291347,2.05770489218
2006-02-05,8.43728896534,8.28703001782,4.47603834628
2006-02-05,8.43458717127,8.27554829433,4.50368150661
2006-02-21,8.42477242919,3.11099798313,1.96020361251
2006-02-21,8.42412259491,3.11597771091,1.975513754
2006-03-09,8.46126609509,6.73024866187,5.33272052246
2006-03-25,8.50877180606,7.23019627748,5.85018408854
2006-04-10,8.64716388866,6.73617660816,6.69822486152
2006-05-12,8.41822102588,3.08851964381,3.22754725382
2006-05-12,8.42162563802,3.07400755191,3.22069202104
2006-06-13,8.50202978605,7.26564893662,6.34410600089
2006-06-29,8.53385446774,7.40732778676,6.50666015488
2006-06-29,8.5351930171,7.42384942912,6.53718876726
2006-07-15,8.57586118684,8.32953785372,5.74659155322
2006-07-31,8.58762893459,6.28078658488,2.44696162422
2006-07-31,8.58743468458,6.29342681106,2.4450473958
2006-08-16,8.58394187267,7.72828814478,2.45814655497
2006-08-16,8.58465882994,7.73886575086,2.44652353968
2006-09-17,8.43892061784,7.86223051816,2.31589444669
2006-09-17,8.43495444456,7.87725105254,2.30697294818
2006-10-19,8.34270498545,7.82482921977,2.06040389262
2006-10-19,8.34259197205,7.82025562439,2.05744776034
2006-11-04,8.41438203849,7.89311564553,2.05794520759
2006-11-04,8.41348143357,7.87561576861,2.06168894592
2006-11-20,8.30210726053,8.25395530582,1.86757467425
2006-11-20,8.30709057475,8.25972619436,1.86553686539
2006-12-06,8.25739521651,7.8350747936,2.0777195655
2006-12-06,8.25458040955,7.83037401117,2.0810111382
2006-12-22,8.40901373559,8.00357521472,1.97423155911
2006-12-22,8.40981548018,8.00797937905,1.97783398135
2007-01-07,8.54067080012,8.17910710042,1.85283046551
2007-01-07,8.54226011772,8.16724399362,1.84263084534
2007-01-23,8.48162673561,8.03112616616,1.98745845653
2007-01-23,8.4843285276,8.02302084237,1.98462945862
2007-02-08,8.42877393023,7.69316168846,2.37051714768
2007-02-08,8.42787332775,7.69414703253,2.37456806417
2007-04-13,8.59090650818,2.27625049228,2.32528895921
2007-04-13,8.59040146875,2.27570306611,2.32438839342
2007-05-15,8.53528486921,3.29790294976,3.01573986517
2007-05-15,8.541154691,3.29608046523,2.99533326048
2007-05-31,8.69137810818,2.91850286974,2.79091453831
2007-09-04,8.65150092746,8.62193990621,7.89107768439
2007-09-20,8.66070123356,8.08870156197,2.09276111847
2007-09-20,8.66060233207,8.10755406836,2.0820951632
2007-10-06,8.7192684726,8.44339225115,2.21077052112
2007-10-06,8.71559542414,8.44758445058,2.21658006629
2007-10-22,8.46065169196,8.09569404705,1.9535494067
2007-10-22,8.45786866255,8.08781822092,1.95390261743
2007-11-23,8.48856665692,8.2486546198,1.98051794267
2007-11-23,8.48883507231,8.25517070413,1.98523284201
2008-02-11,8.47643155112,3.07692544248,1.91017583626
2008-03-14,8.77463583748,8.7440153893,7.69443514994
2008-03-14,8.77231195981,8.73808911148,7.66236667962
2008-04-15,8.6000042781,6.896067369,7.01516976056
2008-05-01,8.41362983298,5.5163341212,5.82200106495
2008-06-18,8.62848799599,3.73348855613,3.34711126084
2008-07-20,8.83429794327,3.21678711926,2.63445204624
2008-08-05,8.66873962736,8.42680288806,8.24358208078
2008-09-06,8.66092369296,6.06515618999,2.2681556408
2008-09-06,8.66476271364,6.05526728579,2.28077809581
2008-09-22,8.49477549586,6.0912631973,2.20324599336
2008-09-22,8.49757265149,6.10242703394,2.19483327222
2008-10-24,8.64558526889,8.35536281475,2.65844673931
2008-10-24,8.64556053771,8.35475179653,2.65110411451
2008-11-09,8.60309461214,7.26715098333,2.11648420289
2008-11-09,8.60309461635,7.26235833028,2.12512298667
2008-11-25,8.61281054784,8.54274426616,2.49622558463
2008-12-11,8.50409932945,8.38225765321,3.90764380064
2008-12-27,8.5768006207,7.58725259109,2.11414237556
2008-12-27,8.57438135787,7.56816692227,2.11847590307
2009-01-12,8.65182241146,7.17025145862,2.07577377986
2009-01-28,8.82036506963,3.41898323044,2.33207596728
2009-01-28,8.81140852933,3.44667225348,2.31649732805
2009-03-17,8.65533645005,3.64017019016,3.34784323606
2009-06-21,8.49873812756,4.11947693957,4.35605480405
2009-08-24,8.69593757961,4.81831873832,2.33174505142
2009-08-24,8.69670396129,4.83109309916,2.32912804307
2009-09-09,8.68271823754,7.15311491177,2.23820981062
2009-09-09,8.68265466456,7.19321098289,2.23341367263
2009-09-25,8.62241687166,7.30976189212,2.23869394244
2010-01-15,8.56033200644,8.46754210701,6.87608367393
2010-01-15,8.55763020913,8.46077174581,6.84517719683
2010-01-31,8.49911958173,7.15749356349,5.02372388947
2010-01-31,8.50369320211,7.14780601521,5.03090408226
2010-04-21,8.39529995011,8.39529995011,8.39529995011
2010-05-07,8.52727832176,4.22745535255,3.46015317364
2010-05-07,8.52408206453,4.21915569201,3.43752166113
2010-05-23,8.66994041638,8.66994041638,8.64735820446
2010-05-23,8.67541110084,8.67541110084,8.6536729889
2010-06-08,8.69637564125,3.211836146,2.33135253343
2010-06-08,8.69448965179,3.20032612593,2.32481173754
2010-06-24,8.68219207909,8.68219207909,8.66693848704
2010-07-10,8.65224980979,4.51491422319,2.572476729
2010-07-10,8.65213679804,4.50077295677,2.55253629311
2010-07-26,8.74128541218,8.74128541218,8.33617825866
2010-08-11,8.84945264354,7.50772429006,2.23597386731
2010-10-14,8.61792454179,8.25663365215,2.13041246216
2010-10-14,8.61275756647,8.25146665052,2.12612136712
2010-11-15,8.76538968466,4.04868996652,2.40706656843
2010-11-15,8.76719087771,4.07348281494,2.40528286632
2010-12-01,8.72471442424,4.24580802306,2.39530496284
2010-12-01,8.72466850308,4.24775745214,2.37885389245
2011-03-07,8.77017882443,2.19486458496,2.20473919752
2011-03-07,8.76793965458,2.19100781242,2.21024159152
2011-03-23,8.74362704433,2.96802831196,2.63624976359
2011-03-23,8.7513121537,2.9705887655,2.64958195823
2011-04-08,8.78173119053,5.21751205942,4.70023501055
2011-06-27,8.88717192363,2.72783815646,2.56315258486
2011-06-27,8.88256296862,2.71608803279,2.54381616047
2011-07-29,8.80881620758,6.21569037216,2.93428830947
2011-07-29,8.81418448651,6.25233589344,2.94593591845
2011-08-14,8.83745528635,4.38564256651,2.37331723777
2011-08-14,8.83835589109,4.39241990981,2.38274701947
2011-08-30,8.80712811328,6.92573795976,3.03667002035
2011-09-15,8.79816450241,8.12602880479,2.6524100054
2011-10-01,8.51080619579,7.66367197715,2.15077805198
2011-10-17,8.6522673515,7.86672707024,2.29459110237
2011-10-17,8.64877090526,7.85522771934,2.29429447208
2011-11-18,8.67554168379,6.2774957632,2.26588455226
2011-12-04,8.56307276565,7.18687735289,2.51487168781
2012-01-05,8.47714850225,7.05541588676,2.03658154295
2012-01-05,8.48085331717,7.06261014253,2.02609924911
2012-01-21,8.74321375743,8.74321375743,8.64788466601
2012-02-06,8.55255164185,8.15125129315,3.25117730805
2012-02-22,8.54673834318,7.9669931585,4.24194257692
2012-03-09,8.81539589779,2.38207983743,2.19489285342
2012-03-09,8.81618347372,2.37255465699,2.1840856412
2012-03-25,8.58548184351,8.21883082029,7.72766679354
2012-04-10,8.82199318522,7.35038880326,5.24882035697
2012-04-10,8.82516469892,7.35215115547,5.26045400294
2012-04-26,8.43547730637,5.54720362192,2.01931751221
2012-04-26,8.42571550078,5.57501978832,1.9989814584
2012-05-28,8.26830832767,6.19334867741,1.96566279775
2012-05-28,8.26214892063,6.19161106876,1.96331416059
2012-06-13,8.740893476,7.70290349313,2.07357187182
2012-06-13,8.74213311698,7.68898479042,2.07447251008
2012-09-01,8.763793369,8.28144766155,1.81181612357
2012-09-01,8.75362189803,8.26691447016,1.80041912146
2012-09-17,8.80468755828,8.46917491949,1.88762860754
2012-09-17,8.80094743693,8.45823000157,1.89196206224
2012-10-03,8.74575660175,8.28500414198,1.71190952905
2012-10-03,8.74660068696,8.27951579312,1.70920771514
2012-10-19,8.69137103961,8.3114181977,1.67888046142
2012-11-20,8.69879478497,8.19623687791,1.53804769614
2012-11-20,8.69972362998,8.19035295363,1.54255078
2012-12-06,8.87543233445,8.45175971471,1.54542205664
2012-12-06,8.87633291416,8.45347608812,1.54530899756
2012-12-22,8.71695516073,8.39846871244,1.54978344067
2012-12-22,8.71753084606,8.39437190436,1.54454938955
2013-01-07,8.63244722947,8.63244722947,5.20883664716
2013-01-23,8.76969852376,8.23253972712,1.42010065378
2013-02-08,8.75176776763,5.85923750092,1.37553324245
2013-02-24,8.72131338639,8.17194211362,1.47667312634
2013-02-24,8.72559034211,8.20605534894,1.46997675172
2013-03-28,8.86465331054,8.66619333522,5.60447992881
2013-04-13,8.82930398829,3.76863854245,1.33226543487
2013-04-13,8.82762993729,3.77876411972,1.33375584053
2013-05-15,8.75822733226,8.62277408028,7.03154599177
2013-05-31,8.77327256158,8.60665834656,2.76886189059
2013-05-31,8.77863376826,8.61096354549,2.74311181839
2013-06-16,8.78568325528,6.14378955193,2.43896623234
2013-07-02,8.85698586071,8.85698586071,0.725380363575
2013-07-02,8.86597066894,8.86597066894,0.722918700824
2013-08-03,8.8179564062,4.86422802992,2.30185474944
2013-08-03,8.81820715898,4.90134330205,2.28303047558
2013-08-19,8.8375717618,8.8375717618,8.305924641
2013-08-19,8.82562029049,8.82562029049,8.29537880448
2013-09-20,8.78719124108,8.09473037512,1.84107052281
2013-09-20,8.78178763195,8.09388628173,1.83568101543
2013-10-06,8.78718779017,8.15155976963,0.851094524846
2013-10-06,8.78538659516,8.15088165591,0.851995135808
2013-10-22,8.73650347874,8.11384066778,0.81622192985
2013-10-22,8.7379656235,8.12481384084,0.819824280131
2013-11-07,8.64690627751,7.99701717577,0.718547598846
2013-11-07,8.63839120027,7.97251733641,0.717156155558
2013-11-23,8.80678907796,8.80678907796,8.80678907796
2013-12-25,8.63121114236,7.81405805435,0.703368182312
2013-12-25,8.63233777097,7.80807526826,0.700609877101
2014-01-10,8.77788512976,8.63307670342,3.14276363558
2014-01-26,8.27832087877,7.86783962563,4.67414265699
2014-02-11,8.4663554707,8.13622911937,5.09625149604
2014-02-27,8.81946807322,8.81946807322,8.81946807322
2014-02-27,8.82160478788,8.82160478788,8.82160478788
2014-03-15,8.69228228982,8.55178947903,3.90239302493
2014-03-31,8.82577218734,4.90863201732,4.12743088286
2014-03-31,8.83047297102,4.91055664376,4.11708273434
2014-04-16,8.74373645386,5.95389583652,3.73351155639
2014-05-18,8.70952432169,2.39723346401,2.2164322589
2014-05-18,8.70941484176,2.40624651508,2.19437993479
2014-06-03,8.70062421988,2.52500930277,2.2093547193
2014-06-03,8.70385932396,2.52360360047,2.2196109548
2014-07-05,8.68790291373,7.39831086531,3.12089499555
2014-07-05,8.69954003556,7.41940250324,3.12492805644
2014-07-21,8.79712254571,8.09181004145,2.15575651528
2014-07-21,8.79706602918,8.08656545509,2.15119707236
2014-08-06,8.64623517983,8.30410367239,3.21592281406
2014-08-22,8.86203286993,8.02752098185,1.98232582734
2014-08-22,8.86002330772,8.03219711376,1.97998778547
2014-09-07,8.73053482226,8.71422520107,6.75262795274
2014-09-07,8.73227949899,8.71246638363,6.80951755292
2014-09-23,8.93533445709,8.31937487107,1.87913868456
2014-09-23,8.931396551,8.31149906638,1.88542879658
2014-10-09,8.78232092815,8.35040493638,2.22173785024
2014-10-09,8.77864788992,8.35642658148,2.21453305111
2014-10-25,8.84604813788,8.4609986087,1.47723433734
2014-10-25,8.85145171906,8.47716697221,1.49434570148
2014-11-10,8.7234499991,8.31455747496,2.64863012644
2014-11-10,8.72633192253,8.31682486028,2.62801516037
2014-11-26,8.7906664677,4.98609953838,1.79516749807
2014-12-12,8.81722895966,6.10020765476,1.56268283586
2014-12-28,8.81377134113,6.99307972308,3.53384990563
2014-12-28,8.81377134619,6.98102234572,3.49354908054
2015-01-13,8.8557180147,6.88435530394,2.47845256422
2015-01-29,8.72363364322,5.59187560356,1.69621808669
2015-01-29,8.72333699435,5.61378315633,1.69367161669
2015-03-02,8.71250511201,8.71250511201,8.59649333873
2015-03-18,8.84420453489,3.31306063929,1.67652457516
2015-03-18,8.84060213499,3.30827143792,1.67437365076
2015-04-03,8.78704295183,4.47487192704,2.13374276494
2015-04-19,8.8512467511,2.38103438399,1.71245300821
2015-04-19,8.85164230414,2.38139105997,1.72002505955
2015-05-05,8.87181576027,2.28956397205,1.7441715642
2015-05-05,8.8729000116,2.28052963704,1.75153168878
2015-05-21,8.85071001798,6.48785579921,2.63803431435
2015-05-21,8.85181902871,6.50848122048,2.65411073893
2015-06-06,8.80468411264,7.39257919317,1.94825131292
2015-06-06,8.80793685196,7.41098664934,1.97775203362
2015-07-24,8.8242217094,8.69194650212,6.96887608125
2015-08-09,8.82805733367,7.3261024828,1.63816861057
2015-08-09,8.82868597253,7.34612406881,1.64981989155
2015-08-25,8.87158978791,8.15522922129,1.51135767976
2015-08-25,8.86985924056,8.15655011837,1.50865587994
2015-09-10,8.76440783245,8.14335900395,1.40444078875
2015-09-10,8.76184730324,8.13302859123,1.40451143388
2015-09-26,8.65601806187,7.99136228671,1.28169462955
2015-09-26,8.66046455126,7.99639860486,1.28169462241
2015-10-12,8.78170291985,8.23771690351,1.31147088862
2015-10-12,8.78350410698,8.25081263056,1.300773101
2015-10-28,8.80161152003,8.18786273657,1.23970175567
2015-10-28,8.80545407672,8.19710888677,1.23255343856
2015-11-13,8.68965108174,8.16611074898,1.19288481472
2015-11-13,8.68360117003,8.15206846976,1.18566585607
2015-11-29,8.81779753509,8.20420050308,1.18071071698
2015-11-29,8.81509574657,8.20678930173,1.18251193012
2015-12-15,8.57166206647,7.81180091756,1.04594581316
2015-12-15,8.57447687391,7.79967285234,1.0514766057
2015-12-31,8.56496583909,8.00536258511,1.13741099546
2015-12-31,8.56074185658,7.99915380441,1.1357369679
2016-01-16,8.48128420754,7.31754176403,3.15163431603
2016-01-16,8.47593360811,7.32159610859,3.13157380419
2016-02-01,8.53667277308,8.53667277308,8.53667277308
2016-02-17,8.80295005296,4.12317516734,3.12852468919
2016-03-04,8.81360173315,8.28259080406,2.23648326356
2016-03-04,8.82350830981,8.2862955274,2.21589300295
2016-03-20,8.70252438698,3.88084011261,1.52965253199
2016-03-20,8.71091938348,3.91883120038,1.52948652394
2016-04-05,8.82940988883,8.82940988883,8.82940988883
2016-04-21,8.77386941911,1.69095843252,1.62103329115
2016-04-21,8.77598140651,1.70266620138,1.60988706283
2016-05-07,8.70686142293,2.36326192922,1.57436800889
2016-05-07,8.70583366699,2.35275488927,1.56914801443
2016-05-23,8.84008297468,8.84008297468,8.46871739827
2016-06-08,8.80310186253,5.30369783435,1.6166075252
2016-06-08,8.80297471167,5.28265200948,1.60868925501
2016-06-24,8.84486141074,8.14996739069,2.97615202654
2016-07-10,8.92869122201,8.34784067188,1.98224418432
2016-07-10,8.92299448742,8.33648603521,1.9814141991
2016-07-26,8.87754774482,8.81086797274,3.73160359691
2016-07-26,8.87941251651,8.81657176636,3.71348917026
2016-08-11,8.89789077125,8.19331567616,1.39025322126
2016-08-11,8.89418947811,8.17705894932,1.38034670515
2016-08-27,8.87215132849,8.7879085398,4.90960772567
2016-09-12,8.67810583126,7.97644792971,1.13984824341
2016-09-12,8.67912299574,7.97566388984,1.13986239341
2016-09-28,8.62847385657,8.05465867069,1.03236960703
2016-09-28,8.62520697587,8.0578195613,1.02515067084
2016-10-14,8.6542945963,8.12905502259,1.60561753232
2016-10-14,8.65519520153,8.12995563258,1.6046745783
2016-10-30,8.70418070785,8.62288316799,0.749346976947
2016-10-30,8.70778311105,8.63060710821,0.751836856709
2016-11-15,8.82795492154,8.29359659559,1.30819226883
2016-11-15,8.82639387626,8.28753254872,1.31269525912
2016-12-01,8.67531916258,8.06889168726,0.838313227478
2016-12-01,8.67782671747,8.0588049733,0.828590297399
2016-12-17,8.57367516052,8.31732004301,2.76205698946
2017-01-02,8.70175085985,8.58192920898,0.625015942139
2017-01-02,8.70085025719,8.58192919916,0.623214744934
2017-01-18,8.74357407985,8.74357407985,6.55462358746
2017-02-03,8.82575815374,8.82575815374,8.78141679698
2017-02-03,8.82489993722,8.82489993722,8.77788503693
2017-02-19,8.88740849868,8.68510975879,1.73821803136
2017-03-07,8.8612629277,2.82118022715,0.641039140992
2017-03-07,8.8562937502,2.82110241709,0.633442327447
2017-03-23,8.74404378894,7.23512843325,2.98216529228
2017-04-08,8.86963669026,2.68457914706,2.14527763781
2017-04-08,8.87589850294,2.65980720268,2.154905118
2017-04-24,8.78953995984,3.19043205777,3.10780333829
2017-04-24,8.78863937152,3.19019194393,3.10874282574
2017-05-10,8.72110844844,8.6726524316,8.58411083666
2017-06-11,8.54683726825,7.18260504833,6.42222648652
2017-06-27,8.66235754499,5.2305679587,2.59412608716
2017-07-29,8.69759396788,8.64878156354,7.39788494732
2017-07-29,8.69939162597,8.64787742439,7.41274305928
2017-08-14,8.68500691102,7.10372568725,1.83737013785
2017-08-14,8.68554372952,7.1047569088,1.84267838117
2017-09-15,8.66662762262,8.66662762262,8.08800554877
2017-10-01,8.55323328184,7.19731599654,0.489025191528
2017-10-01,8.5577362783,7.18325963016,0.488124585815
2017-10-17,8.49087283744,7.39598773377,0.638701493516
2017-10-17,8.49280117681,7.40781918381,0.633297869004
2017-11-02,8.33327871864,7.15724827318,0.371046721619
2017-11-02,8.33433473101,7.15244865965,0.365643125977
2017-11-18,8.48088156122,8.20600059832,1.51547305669
2017-12-04,8.49018421774,7.50306771973,0.381104850976
2017-12-04,8.48752480923,7.5057695327,0.380204248132
2018-01-05,8.60952943235,8.60952943235,8.60952943235
2018-01-21,8.65113720928,8.27395931761,1.00306526818
2018-01-21,8.65417451073,8.28290527521,1.00911516239
2018-02-06,8.9299838433,8.61208993844,0.666331136074
2018-02-22,8.83777659585,5.20425300817,3.63911903011
2018-03-26,8.82184843938,5.16296482714,4.51612198407
2018-04-11,8.72649093158,8.04009884907,8.44926791602
2018-04-27,8.85252875411,2.36219251499,2.43464660387
2018-04-27,8.84915945503,2.36188177666,2.45921362171
2018-05-13,8.88304670278,3.03389805612,3.03840799412
2018-05-13,8.88828430328,3.03642316954,3.03631353294
2018-05-29,8.79246772185,5.1467322469,3.71071010388
2018-06-14,8.89186909361,8.71595522158,7.27662607221
2018-06-14,8.88983127991,8.71215508328,7.23939766503
2018-06-30,8.92482754465,2.99559858876,2.33749051771
2018-06-30,8.92489110259,2.98047906459,2.32557077811
2018-07-16,8.84415146282,6.21439087312,3.40158769408
2018-07-16,8.84078921689,6.21963551022,3.38672955656
2018-08-01,8.89710671349,6.58768051613,2.27551184413
2018-08-01,8.8982156885,6.57816597275,2.25947752121
2018-08-17,8.84958679748,7.54995536707,2.13000700522
2018-08-17,8.84865795728,7.57076804722,2.1327088063
2018-09-02,8.89727270921,7.33719082642,2.09399709224
2018-09-02,8.89637210277,7.31719758376,2.08782363749
2018-09-18,8.89566577031,7.89668610749,2.01393206216
2018-09-18,8.89794729576,7.90109015852,1.99316173266
2018-10-04,8.83743405706,8.60457506158,3.02364812893
2018-10-20,8.842509247,7.68329010586,1.86699338072
2018-10-20,8.84490023577,7.69569724357,1.86500852542
2018-11-05,8.75592813965,7.92975080105,1.89972568856
2018-11-05,8.75755983685,7.93712167906,1.899923586
2018-11-21,8.68665272809,7.86391182815,1.8206565982
2018-11-21,8.69115571521,7.89085558787,1.8260176919
2018-12-07,8.67973043933,7.59140987547,3.43929089202
2018-12-23,8.7209990586,8.7209990586,8.7209990586
2018-12-23,8.71401326005,8.71401326005,8.71401326005
2019-01-24,8.95508756699,8.95508756699,8.9523857587
2019-01-24,8.95842508287,8.95842508287,8.9530214666
2019-02-09,8.86040108262,2.21220160562,1.83575090393
2019-02-09,8.8640034838,2.20282120388,1.84147937661
2019-02-25,8.92850759384,8.19027197662,7.3035041576
2019-03-29,8.78866051983,4.06396122699,3.10645307454
2019-04-14,8.89607545581,2.30496351142,2.22724371381
2019-04-14,8.85164230945,2.23621363863,2.15229569247
2019-04-30,8.85594749607,3.64067542549,3.64760454799
2019-05-16,8.87087272233,5.69940328301,5.91344571442
2019-06-01,8.87300237925,2.55387800906,2.26754740807
2019-06-01,8.87653767165,2.53661113354,2.24421651507
2019-07-03,8.73006509132,3.2910927659,2.62545815867
2019-07-03,8.72402930951,3.36138896508,2.74104883961
2019-07-19,8.74815472977,8.55404581569,7.22432859328
2019-08-04,8.77452990167,8.44017825035,4.59556982332
2019-08-04,8.77723169885,8.44769027143,4.60696315373
2019-08-20,8.90866615724,7.88850732986,2.04699580818
2019-08-20,8.9106651391,7.88156745319,2.0325580186
2019-09-05,8.95088123779,8.7166228291,2.36168597811
2019-09-21,8.9313259336,8.02891572244,1.86902033009
2019-09-21,8.93042531604,8.01442486764,1.87372105289
2019-10-07,8.83622269432,8.06044744258,1.80080078223
2019-10-07,8.83778373031,8.06143278705,1.79539714686
2019-10-23,8.90266919552,8.22488234002,1.83864372347
2019-10-23,8.90359453621,8.21781206086,1.80229104277