Date,Rarea,NDWI,MNDWI
2000-01-13,5.87030986919,1.9910220684,1.73886562409
2000-01-29,5.87030986919,1.73045591134,0.801994900708
2000-02-14,5.87030986919,5.60484860943,5.79654357416
2000-05-04,5.87030986919,1.39835537434,1.39388747935
2000-06-21,5.87030986919,3.15021349756,5.34808342913
2000-07-23,5.87030986919,3.26508127691,5.54162919497
2000-08-24,5.87030986919,5.86760800243,5.84311471092
2000-09-25,5.87030986919,1.60844319924,1.20608361492
2000-11-12,5.87030986919,5.87030986919,5.87030986919
2000-11-28,5.87030986919,3.29811526533,2.90783211903
2000-12-30,5.87030986919,4.58858373267,4.08184847691
2001-01-15,5.87030986919,1.60229059574,2.21370520694
2001-01-31,5.87030986919,2.14761976494,1.37028389858
2001-02-16,5.87030986919,1.3280888374,0.806102556497
2001-03-04,5.87030986919,4.25264645484,4.07071770765
2001-03-20,5.87030986919,4.83327370045,4.59995317311
2001-04-05,5.87030986919,1.26218119604,0.995180132619
2001-04-21,5.87030986919,4.77088915979,4.8440936395
2001-05-07,5.87030986919,2.97337795704,2.83099093089
2001-06-08,5.87030986919,0.495815265435,0.805837596566
2001-07-10,5.87030986919,1.57580317647,4.99875859064
2001-07-26,5.87030986919,0.866865167806,2.31523934449
2001-08-27,5.87030986919,1.16914524869,0.812774218702
2001-09-12,5.87030986919,3.49197942377,3.08855769733
2001-09-28,5.87030986919,3.40987909978,2.88796725547
2001-10-30,5.87030986919,2.86199321404,1.77406353875
2001-11-15,5.87030986919,5.57180184274,4.33548072295
2001-12-17,5.87030986919,5.76454891723,5.18451439828
2002-01-18,5.87030986919,3.0317056849,1.56046723509
2002-02-03,5.87030986919,1.04945430666,0.718378449276
2002-02-19,5.87030986919,4.21835345236,3.87467576227
2002-03-07,5.87030986919,5.87030986919,5.87030986919
2002-03-23,5.87030986919,4.57747429299,4.4201589038
2002-04-08,5.87030986919,3.39408521672,3.61436306148
2002-04-24,5.87030986919,3.96406653786,4.30820287108
2002-05-10,5.87030986919,4.15916680308,3.91338471468
2002-05-26,5.87030986919,5.8229866489,5.71805189158
2002-06-27,5.87030986919,0.707726126557,3.32703892967
2002-07-29,5.87030986919,5.85409871416,5.858601812
2002-08-30,5.87030986919,4.86086921832,5.55175868897
2002-09-15,5.87030986919,5.69861262064,4.63760504248
2002-10-01,5.87030986919,3.13531544191,2.56254455922
2002-10-17,5.87030986919,3.04559235172,2.34387354191
2002-11-02,5.87030986919,5.33630624053,4.64391269697
2002-11-18,5.87030986919,1.31113937254,0.737259675281
2002-12-04,5.87030986919,2.07508084996,3.77074819122
2002-12-20,5.87030986919,4.67849906862,4.04475888933
2003-01-05,5.87030986919,4.73408135612,3.57691153553
2003-01-21,5.87030986919,5.87030986919,5.87030986919
2003-02-06,5.87030986919,1.76592176713,0.773602306648
2003-02-22,5.87030986919,5.77668055542,5.87030986919
2003-03-26,5.87030986919,3.26667227806,2.89740001162
2003-04-11,5.87030986919,3.79735989618,3.26593665835
2003-04-27,5.87030986919,1.8452688342,1.49713074817