Date,Rarea,NDWI,MNDWI
2000-01-18,601.913073165,482.845670275,246.59516604
2000-02-03,601.911032474,474.995291384,360.613125801
2000-02-19,601.911660735,591.837667837,482.839591679
2000-04-07,601.911032474,91.5738473003,132.02301235
2000-04-23,601.911032474,65.3582622649,82.6241720268
2000-05-09,601.912445596,73.9387322901,77.3904938823
2000-05-25,601.913073165,63.6070508711,65.7285818438
2000-06-26,601.911660735,63.9673117578,62.1921621587
2000-07-28,601.913073165,300.047574211,127.483082249
2000-08-13,601.911032474,65.1505574286,54.866760409
2000-09-30,601.912445596,398.367455669,53.3117816564
2000-10-16,601.911032474,486.648786591,78.0573363717
2000-11-01,601.911660735,561.698186682,246.81155785
2000-12-03,601.911660735,495.495830794,262.512126307
2001-01-04,601.912445596,597.466685099,594.905970943
2001-01-20,601.911032474,390.873584904,199.800688442
2001-02-05,601.911660735,204.633247032,57.2159942387
2001-02-21,601.911032474,255.548701935,128.814398342
2001-03-25,601.911660735,124.833741172,52.2760265676
2001-04-10,601.911032474,577.816960946,411.763911292
2001-04-26,601.911032474,91.0550260843,108.233290498
2001-05-12,601.911660735,509.205483502,601.871632278
2001-05-28,601.911660735,87.2572097046,102.896940378
2001-06-13,601.913073165,129.857289963,128.623114412
2001-06-29,601.913073165,57.918973429,57.1597909026
2001-07-15,601.911660735,58.5252281016,53.8660569946
2001-07-31,601.913073165,323.542948185,142.958146613
2001-08-16,601.911660735,56.3234478735,47.9155004648
2001-09-01,601.911032474,579.692942188,162.824230826
2001-09-17,601.911032474,424.467873188,46.1942470664
2001-10-03,601.913073165,574.427429414,379.991801062
2001-10-19,601.911660735,601.911660735,601.911660735
2001-11-20,601.913073165,601.346205651,593.526083153
2001-12-06,601.911660735,586.129887601,461.428031933
2002-01-07,601.911660735,555.98354234,457.681418861
2002-01-23,601.912445596,601.912445596,601.912445596
2002-02-24,601.911032474,553.867406157,529.011336197
2002-03-12,601.911660735,211.969090161,110.204559659
2002-03-28,601.913073165,143.773057816,83.2174245516
2002-04-13,601.911032474,126.684153096,71.9368832212
2002-04-29,601.911660735,117.828645185,143.989042544
2002-05-15,601.911032474,76.4431745475,84.6433718063
2002-05-31,601.911660735,269.053836897,71.3312345744
2002-06-16,601.912445596,347.414527654,263.433984983
2002-07-02,601.911660735,176.259681862,146.455679131
2002-07-18,601.911660735,161.969917291,119.147797203
2002-08-03,601.912445596,599.082893749,348.973065795
2002-08-19,601.911660735,400.700948354,258.14561035
2002-09-04,601.911032474,477.831562117,59.1805307908
2002-09-20,601.912445596,601.912445596,411.759851958
2002-10-06,601.911660735,465.307763225,53.2393815195
2002-10-22,601.912445596,569.276966003,176.24547308
2002-11-07,601.911032474,552.64188568,314.73846905
2002-12-25,601.912445596,452.155212469,303.019041062
2003-01-10,601.911660735,247.436037158,145.550073465
2003-02-11,601.911660735,105.358659106,73.2342816289
2003-02-27,601.912445596,150.124975136,89.2254727147
2003-03-15,601.913073165,544.907507679,462.486271468
2003-03-31,601.913073165,161.407688564,78.9940603886
2003-04-16,601.913073165,523.824252449,441.994660588
2003-05-02,601.911660735,185.478461462,76.2473555895
2003-05-18,601.911032474,66.7748362034,74.0501205281
2003-08-22,574.539452103,58.7634669375,51.6382170781
2003-10-25,566.776932397,337.379093162,44.5930825469
2003-11-10,568.116532293,328.544770689,43.7205893254
2003-11-26,568.010257859,360.594059228,169.259414114
2003-12-12,571.122615239,571.122615239,571.122615239
2004-01-29,572.036652234,412.695951325,302.657458545
2004-02-14,573.78894471,299.296609766,161.925248408
2004-03-01,574.73705065,176.56312987,104.499729596
2004-03-17,571.359952502,571.359952502,343.149136441
2004-04-02,572.890474879,176.579828975,83.0927263651
2004-04-18,577.79677559,425.362956704,202.858980107
2004-05-04,574.313070858,478.086001633,491.504917724
2004-05-20,573.552729277,555.60725339,572.704720935
2004-06-05,574.406780869,86.0469572573,99.1705524422
2004-06-21,576.219344095,151.592991255,122.11587699
2004-07-07,574.586824595,226.152173386,188.415927561
2004-07-23,570.456147219,363.050594562,400.249676514
2004-08-08,577.656567738,331.19382117,61.5655125691
2004-08-24,574.797316093,530.599660196,58.1054211939
2004-09-09,574.78758405,367.769705398,49.0763562344
2004-09-25,572.963431954,490.823122874,55.1939432543
2004-10-27,568.595315303,427.736480448,252.058110555
2004-12-14,572.719480873,380.062444237,189.858181168
2005-02-16,572.72214831,556.707091621,452.722743466
2005-04-05,576.400007968,576.400007968,575.639457339
2005-04-21,578.612735083,281.004879773,107.072647472
2005-05-07,575.717331856,91.0922834722,108.349280385
2005-06-08,577.369621181,67.646214397,73.9689733755
2005-06-24,577.036271133,556.807728578,563.826019439
2005-07-10,575.893748929,379.831872666,370.786457071
2005-07-26,575.048793543,564.904729485,517.809431388
2005-08-11,574.555272188,256.300195817,223.474774172
2005-08-27,575.16588341,575.16588341,567.206821415
2005-09-12,576.491443131,559.729110742,348.907245787
2005-10-14,571.731167124,315.486968632,54.8276753443
2005-11-15,569.25018572,331.00297609,115.786946886
2006-01-18,572.513216414,413.027581427,228.927666167
2006-02-03,572.278702294,336.454422798,192.071293453
2006-02-19,571.802732598,390.819488707,315.562184038
2006-03-23,573.324572444,278.967827858,184.907796992
2006-04-08,576.248673021,571.9339886,564.876104733
2006-04-24,576.187146461,543.155040828,414.769891811
2006-05-10,572.849448591,510.745202209,566.254803317
2006-05-26,570.498764884,556.326486987,569.431766819
2006-06-11,570.511464801,97.2883441071,95.3817342396
2006-06-27,572.143980161,519.236097874,217.869584249
2006-07-13,574.497623516,64.6459250323,64.2856363018
2006-07-29,576.206394314,544.263873309,576.206394314
2006-08-14,574.664970417,59.5596441287,52.6083383233
2006-08-30,573.458663919,432.090893918,54.5361808749
2006-09-15,571.238418631,411.541031645,45.0333779609
2006-11-18,562.892040269,185.673841253,56.5639812303
2006-12-04,563.084970311,533.328966072,297.033293063
2007-02-22,569.971751111,121.266908096,82.3130735818
2007-03-10,569.521264334,302.361978342,183.974887203
2007-03-26,569.829416844,175.04828867,83.0030245227
2007-04-11,577.999644226,185.099612352,90.5923715848
2007-05-13,582.255520087,162.956597245,71.3371024935
2007-06-14,582.32580298,66.6586740342,70.5865789033
2007-09-02,583.345506539,514.512520678,60.0856722528
2007-10-04,582.636322534,476.293972976,54.7376096334
2007-10-20,578.993910567,444.289980808,47.9039929089
2007-11-21,571.777902607,157.948085756,44.2632446834
2008-02-09,578.549673946,172.11662208,101.695314332
2008-02-25,582.279513153,507.796637346,455.449485174
2008-03-28,582.207001349,301.009001106,181.848614962
2008-04-13,579.92869033,191.909348088,89.6572984909
2008-04-29,578.355037091,135.366184731,75.4595189087
2008-05-15,577.662772715,524.582922603,522.877233995
2008-05-31,577.936862052,577.092008783,575.572160416
2008-06-16,580.038420499,579.63813546,507.332499276
2008-07-02,583.04586354,67.0057590962,69.1310601914
2008-07-18,585.305728443,65.8486670664,67.0895809688
2008-08-03,585.483589429,518.301099179,454.799532285
2008-08-19,584.266324976,407.030163398,58.6039676617
2008-09-04,583.097369208,410.140666839,55.8012643555
2008-09-20,581.082925647,532.693367405,77.3379799466
2008-10-06,579.286364172,520.788788932,147.15720858
2008-12-09,578.243736684,201.764737611,75.4236365016
2009-01-10,582.645585692,582.645585692,582.645585692
2009-02-11,585.809488836,479.011390737,430.553591495
2009-02-27,583.624452195,346.150648743,245.152257149
2009-04-16,576.526294546,469.184089507,364.614200114
2009-05-02,574.594692989,225.568578249,311.366055511
2009-05-18,573.438709185,563.504130623,569.426450003
2009-06-03,573.4691687,67.0057897524,74.7465297087
2009-06-19,575.520387359,343.106110069,334.151831489
2009-08-06,584.74539244,584.74539244,574.622431944
2009-09-07,582.37401458,581.286144745,497.950764025
2009-10-25,579.71616218,456.994307877,117.959393069
2009-12-12,583.265946814,273.058361561,163.408005518
2010-01-13,575.793518299,97.7920964355,59.0768601193
2010-01-29,572.012273737,494.427735577,506.227266676
2010-02-14,569.348844099,78.5559549887,45.955371491
2010-03-18,568.327081241,548.072345969,501.518299307
2010-04-19,574.963114524,506.069540454,212.832850808
2010-05-05,580.282844751,126.143791614,75.2323609696
2010-05-21,585.007364748,344.773502336,340.213565182
2010-06-06,584.748332534,67.6335307159,81.4192231956
2010-06-22,584.700770356,410.975526697,72.9324506994
2010-07-08,584.398470336,67.4102911425,68.1557699258
2010-10-28,584.257678314,470.765788368,117.486224313
2011-03-21,586.188564155,332.342398671,133.392045478
2011-04-22,586.020145899,333.576926549,132.040485125
2011-05-08,586.109004714,66.7655672368,78.2989193029
2011-05-24,585.500698046,65.9249463501,74.3311442173
2011-06-09,584.73862729,531.251476877,584.736115748
2011-06-25,586.110400722,490.938458186,142.045797783
2011-07-11,585.637448634,251.130692622,71.7311277207
2011-07-27,585.890019583,302.140258088,68.2717543918
2011-08-12,586.936229357,586.936229357,586.656025127
2011-08-28,585.46511258,379.430290081,67.0080935549
2011-09-13,586.378031356,543.324638716,164.630543612
2011-09-29,583.065794503,412.783532413,62.6463189207
2012-02-04,581.998386208,212.081647059,126.648295059
2012-02-20,581.620232304,574.378081276,580.709639216
2012-03-07,585.186337179,405.574371863,316.258419379
2012-04-08,586.154852664,232.609722581,118.68093087
2012-04-24,572.921168188,572.921168188,563.341956874
2012-05-10,540.203363183,118.536264067,68.7913971669
2012-05-26,555.039879217,451.334382914,279.825684891
2012-06-11,582.270117824,582.230090086,568.147481978
2012-06-27,585.655654844,573.060680028,405.765550662
2012-07-13,584.257722756,164.108980787,264.822298866
2012-07-29,585.362304416,234.591980491,69.2111459051
2012-08-30,585.522086168,471.626224349,165.657746963
2012-09-15,585.150354868,585.150354868,308.464084147
2012-10-01,584.613686698,310.087866686,53.5596302305
2012-11-18,583.714430861,313.928186499,59.9847893993
2012-12-20,583.565924369,572.239442302,461.41091518
2013-01-21,584.730162765,125.191802649,74.519506543
2013-02-22,585.687376583,89.8573843622,57.7643456692
2013-03-10,585.307663387,138.040123657,69.5507291072
2013-04-11,585.614526208,585.614526208,585.614526208
2013-04-27,586.857569355,104.976196823,74.3879750526
2013-05-13,585.187413262,249.902484152,85.7873329868
2013-06-30,586.650244398,67.9637758739,74.9846448055
2013-07-16,587.390317718,253.747957478,87.089194511
2013-08-01,587.060657494,195.242588582,69.6514619414
2013-08-17,585.581862757,429.798343064,102.090604029
2013-09-02,585.467129589,315.867815742,62.7664032461
2013-09-18,585.236532352,585.236532352,585.236532352
2013-10-20,582.597720947,232.470835875,61.113685693
2013-11-21,585.827714561,134.69058258,37.7480335195
2014-01-08,584.473047477,128.913165229,55.9475612321
2014-01-24,569.373178306,84.7695364958,42.6028198972
2014-02-09,565.095232796,84.1052840577,30.2625384687
2014-02-25,583.715030061,381.00033088,181.102514305
2014-03-13,584.705047922,512.348110566,399.086803597
2014-03-29,585.760230088,324.967188031,129.320242434
2014-04-30,583.780967764,88.1522195773,33.6650646758
2014-05-16,583.255443383,139.393977297,31.8499150532
2014-06-01,583.905901193,430.680818689,88.5558796726
2014-06-17,586.660258678,557.208544192,233.162883967
2014-07-03,585.242529211,318.670859215,32.1039315
2014-07-19,586.722614233,434.691317162,34.0238859045
2014-08-04,583.844868133,370.299885789,29.8222213828
2014-08-20,585.998964068,519.283626595,129.129947892
2014-09-05,586.235020625,563.358851174,373.12717553
2014-10-23,584.811471308,550.606946815,82.1205718734
2014-11-08,584.28156059,431.553166642,85.0878313327
2014-12-26,585.085248239,319.048549206,114.119000937
2015-01-11,585.367941371,74.2379976672,33.7864182723
2015-01-27,584.880870507,556.110472285,410.503161907
2015-02-12,585.717072476,356.748142348,194.492720944
2015-02-28,584.054261828,480.98646873,431.409613819
2015-03-16,585.727106426,293.22205407,168.689620378
2015-04-01,586.719751778,398.687684486,299.383588768
2015-04-17,585.917171598,244.337125853,123.663809694
2015-05-03,586.125296589,128.652937471,65.5107532854
2015-06-04,585.188680516,566.353884891,494.371022103
2015-06-20,585.869295962,582.599454649,568.046679845
2015-07-22,585.697731215,584.176583215,536.985325545
2015-08-07,585.842459357,288.66544789,56.5618398672
2015-08-23,586.033650956,540.398081531,128.027222284
2015-09-24,583.609882858,285.473058359,54.4120282401
2015-10-10,583.581611805,298.580727196,103.016933692
2015-11-11,583.772836639,211.941002712,49.9240738092
2015-12-13,582.051775137,509.085636102,376.193071437
2016-01-30,580.37985307,259.406622941,270.493502509
2016-03-18,585.299669398,364.203176747,241.067716656
2016-04-03,586.801055276,502.1412334,353.170092333
2016-04-19,585.070939424,474.724365478,343.905814324
2016-05-05,585.258858778,585.258858778,569.590595673
2016-05-21,586.11857527,585.878401879,581.488428517
2016-06-06,585.320260045,554.1497814,462.854434283
2016-06-22,585.704035054,583.061982559,564.512363561
2016-07-08,587.57368731,220.122122601,70.7704172637
2016-07-24,586.914067891,584.416480426,519.782891659
2016-08-09,587.132874329,409.665570851,67.4880048574
2016-08-25,586.875790339,459.660414667,78.0440561784
2016-09-10,585.137188215,581.965177264,460.096642493
2016-09-26,584.659245734,584.539159304,228.109094031
2016-10-12,582.569026717,437.923050528,136.61950523
2016-10-28,583.00994661,302.044543927,48.0585958215
2016-12-31,585.364661562,114.826286061,51.9228362287
2017-02-17,586.395004395,94.2203682162,60.4104117733
2017-03-05,585.80857371,581.291264446,574.281173972
2017-03-21,586.042748414,96.9928012619,55.4810546602
2017-04-06,587.027428868,301.053245985,134.727342226
2017-05-08,584.587051534,133.489334768,66.3289217227
2017-05-24,584.93254911,550.076553256,321.340632022
2017-06-09,582.814522226,143.867323173,65.1281782734
2017-06-25,581.973766241,136.913479526,67.3015445473
2017-07-11,582.510775474,175.154858591,65.8086387266
2017-07-27,583.273334218,245.79376102,79.14221455
2017-08-12,585.276107978,585.276107978,581.393396247
2017-08-28,584.786846438,320.245869757,58.1630329883
2017-09-29,583.616952598,412.397349309,54.6804601445
2017-10-15,579.12861294,399.7125087,68.955232976
2017-10-31,574.71714245,574.533950427,571.397554077
2017-11-16,572.671890891,164.07315315,41.8939808593
2017-12-18,575.577679452,165.97192993,68.7290774815
2018-01-19,584.6730535,186.81065852,139.754657241
2018-02-20,587.742411982,587.742411982,587.742411982
2018-03-24,586.937307727,310.621956124,213.639782242
2018-04-09,587.495195815,572.971130835,525.832650443
2018-04-25,587.607225486,587.567195505,579.54342911
2018-05-11,588.258156908,133.974771413,67.5298998242
2018-05-27,587.741609829,189.398551738,75.2493851094
2018-06-12,587.844441015,225.763937498,69.0535553403
2018-06-28,587.67690495,272.664542564,71.0938397108
2018-07-14,587.50338151,562.360723983,467.070571841
2018-07-30,587.812053526,381.434373918,60.4327747873
2018-08-15,587.645357306,356.715599925,61.1251713711
2018-08-31,588.393200148,300.617569474,57.002781732
2018-09-16,587.762281327,580.340956516,375.569929069
2018-10-02,587.944958465,177.73244769,58.5232365586
2018-10-18,588.231255633,0.0,588.231255633
2018-11-03,587.371404809,470.456834578,348.891083052
2018-12-05,586.936666116,527.521363869,413.393863673
2018-12-21,587.59311743,76.7848792545,38.7888051328
2019-01-06,588.038561452,273.123411125,227.677564203
2019-01-22,587.919337942,78.9485269285,47.0711043227
2019-02-23,587.61793761,85.1892330678,49.6272690283
2019-03-11,587.514807615,191.887017631,126.964621608
2019-03-27,587.839309302,128.706948921,85.7414312477
2019-04-12,587.924555448,193.136557043,90.6342790056
2019-04-28,587.648229104,112.024890387,70.908370683
2019-05-14,587.424802213,538.104692115,421.038324952
2019-05-30,587.756820379,573.895544095,450.754766384
2019-06-15,587.811537524,153.987865114,182.693302891
2019-07-01,587.643613107,164.438709729,69.5219710584
2019-07-17,587.743885017,398.423779347,92.763397789
2019-08-02,587.758316033,329.707521702,64.5958294436
2019-08-18,587.940207922,356.139554873,62.0733455826
2019-09-03,587.948003405,441.775953227,60.7655389352
2019-09-19,586.852059053,555.148629364,77.1255768255
2019-10-05,587.088964212,457.766144844,116.823424905
2019-10-21,587.479470991,571.573477993,587.479470991