Date,Rarea,NDWI,MNDWI
2000-01-02,17.1208778486,0.621541967172,0.837544834526
2000-01-11,17.1208778486,0.717263636264,1.56089082292
2000-01-18,17.1208778486,2.7676564564,9.44793547562
2000-01-27,17.1208778486,0.638084069702,2.55104466967
2000-02-03,17.1208778486,0.474289362061,0.611556813301
2000-02-12,17.1208778486,0.629984847107,0.7963189288
2000-02-28,17.1208778486,0.626384175781,2.51479012473
2000-03-06,17.1208778486,15.4825527941,0.475636417332
2000-03-15,17.1208778486,14.0391119328,0.666431858311
2000-03-22,17.1208778486,14.4854308019,2.8251539691
2000-03-31,17.1208778486,13.8336183577,0.533235309482
2000-04-07,17.1208778486,16.9750188735,10.442246889
2000-04-16,17.1208778486,7.78958823121,15.8341324156
2000-04-23,17.1208778486,13.9946101206,0.4247853946
2000-05-02,17.1208778486,14.4129956809,0.866678545776
2000-05-09,17.1208778486,17.1208778486,17.0639290462
2000-05-18,17.1208778486,15.114969275,0.682631737888
2000-05-25,17.1208778486,14.0988334489,0.67587911927
2000-06-03,17.1208778486,14.5640337825,0.538636031956
2000-06-10,17.1208778486,14.0817336526,0.497236473301
2000-06-19,17.1208778486,16.9181914458,0.274494486572
2000-07-05,17.1208778486,14.3558305155,0.423890628784
2000-07-12,17.1208778486,14.2113301624,0.524235757969
2000-07-28,17.1208778486,14.7748917108,0.433790494446
2000-08-06,17.1208778486,0.436406298281,0.531435631077
2000-08-13,17.1208778486,14.4436223934,0.607932869724
2000-09-07,17.1208778486,0.41939132196,0.605685580811
2000-09-23,17.1208778486,1.05750873947,1.32350800043
2000-10-09,17.1208778486,10.4373166767,13.7920942459
2000-10-16,17.1208778486,17.1208778486,17.1208778486
2000-11-01,17.1208778486,0.606586552612,1.12773204295
2000-11-10,17.1208778486,0.202496071411,0.691135651837
2000-11-26,17.1208778486,0.38159185498,0.555287504883
2000-12-19,17.1208778486,0.799516196661,1.06031970638
2001-01-20,17.1208778486,0.66783998417,1.20459102602
2001-02-14,17.1208778486,0.432890625122,1.02192158255
2001-03-18,17.1208778486,0.523788715637,0.910325175144
2001-03-25,17.1208778486,14.6328477644,3.83030432308
2001-04-10,17.1208778486,0.431990969849,0.733030406467
2001-04-26,17.1208778486,1.94988575572,3.00349021082
2001-05-05,17.1208778486,0.407691536621,0.715930692966
2001-05-12,17.1208778486,0.326693518982,0.570587173523
2001-05-28,17.1208778486,0.248395368225,0.38879195166
2001-06-22,17.1208778486,0.293394411194,0.420290930298
2001-06-29,17.1208778486,0.260995145813,0.366291840027
2001-07-24,17.1208778486,0.345593292786,0.517488414551
2001-08-09,17.1208778486,0.29429445636,0.377540037693
2001-08-16,17.1208778486,7.02453911706,4.30897293771
2001-08-25,17.1208778486,0.354593368591,0.616932943638
2001-09-01,17.1208778486,0.335693451416,0.570134642918
2001-09-10,17.1208778486,0.24659535022,0.458989226563
2001-09-26,17.1208778486,0.349193319702,0.599370979093
2001-10-03,17.1208778486,16.2848119263,15.98915023
2001-10-12,17.1208778486,0.281751422586,0.464837599827
2001-10-19,17.1208778486,0.580059102933,0.893616170773
2001-10-28,17.1208778486,0.205196043701,0.89268826478
2001-11-04,17.1208778486,0.0,17.1208778486
2001-11-13,17.1208778486,0.326693279663,1.17291257522
2001-11-20,17.1208778486,0.0206994949951,0.0571851733535
2001-11-29,17.1208778486,0.179996741455,0.252895060913
2001-12-06,17.1208778486,0.153897284302,0.206096167358
2001-12-15,17.1208778486,0.183596683838,0.245695267334
2001-12-22,17.1208778486,0.208796008301,0.54268743335
2002-01-07,17.1208778486,0.241195276611,0.407691183472
2002-01-16,17.1208778486,0.307793759521,0.484189185669
2002-01-23,17.1208778486,0.248395223145,0.314993520508
2002-02-08,17.1208778486,0.247495222046,0.313193620605
2002-02-17,17.1208778486,9.00480060061,17.1172780415
2002-02-24,17.1208778486,0.184496421265,0.56563450156
2002-03-05,17.1208778486,10.3767997435,17.1136780288
2002-03-12,17.1208778486,16.4754186058,16.9955110275
2002-03-21,17.1208778486,0.64438576947,0.967922537388
2002-04-06,17.1208778486,6.07671645545,13.4070069266
2002-04-22,17.1208778486,0.486889697021,0.946771151985
2002-04-29,17.1208778486,0.33299333606,0.709630502048
2002-06-09,17.1208778486,0.433790845947,0.820326361362
2002-06-16,17.1208778486,0.348293082275,0.670478744636
2002-06-25,17.1208778486,14.3303530406,0.659594644846
2002-07-11,17.1208778486,0.350993029785,0.600733281223
2002-07-18,17.1208778486,0.363592749634,0.616933467747
2002-07-27,17.1208778486,0.275394771973,0.401391200317
2002-08-03,17.1208778486,0.280794775574,0.411739157139
2002-08-12,17.1208778486,0.227695925354,0.342892468079
2002-08-19,17.1208778486,0.28619463623,0.424338212925
2002-08-28,17.1208778486,9.72510511315,11.7490911764
2002-09-04,17.1208778486,0.361792917053,0.793242639258
2002-09-13,17.1208778486,6.68791115138,9.08016599972
2002-09-20,17.1208778486,0.302394282715,0.459437199558
2002-09-29,17.1208778486,0.307794299011,0.434237893772
2002-10-06,17.1208778486,0.320393803467,0.568786627991
2002-10-15,17.1208778486,0.332993682861,0.52333537949
2002-10-22,17.1208778486,17.1172779737,17.1190779372
2002-10-31,17.1208778486,0.318593855957,0.3968871175
2002-11-07,17.1208778486,0.436491006958,0.759129441502
2002-11-16,17.1208778486,10.9067009915,12.6633565276
2002-11-23,17.1208778486,0.0296992930908,1.27376129848
2002-12-02,17.1208778486,0.350092922974,1.70888247137
2002-12-09,17.1208778486,0.0,17.0936854884
2002-12-25,17.1208778486,0.455625455131,0.839023242142
2003-01-03,17.1208778486,0.180896700806,0.254694882813
2003-01-10,17.1208778486,0.0,0.0
2003-01-19,17.1208778486,0.0,6.33534531846
2003-01-26,17.1208778486,0.243895320435,0.382491809204
2003-02-04,17.1208778486,0.20429617688,0.426591076843
2003-02-11,17.1208778486,0.315893626099,0.762771376441
2003-02-20,17.1208778486,13.1021618105,17.1208778486
2003-02-27,17.1208778486,0.817181573669,1.5698506613
2003-03-08,17.1208778486,1.22778368493,17.1208778486
2003-03-15,17.1208778486,0.253795229736,0.478336201694
2003-03-24,17.1208778486,0.4877897901,1.06106628187
2003-03-31,17.1208778486,0.46709007666,0.804127312656
2003-04-09,17.1208778486,17.0394025862,17.0812795532
2003-04-16,17.1208778486,0.523789136963,1.04846800019
2003-04-25,17.1208778486,14.7597076672,17.1208778486
2003-05-02,17.1208778486,13.3175871348,2.03187727139
2003-05-11,17.1208778486,14.5224401306,0.59938568103
2003-05-18,17.1208778486,0.361792767029,0.633133003879
2003-05-27,17.1208778486,0.312294037842,0.517936778171