Date,Rarea,NDWI,MNDWI
2000-01-13,105.710073579,18.2203683703,17.8104569606
2000-02-14,105.710073579,17.6734277786,17.4551775094
2000-03-17,105.710073579,105.68505392,16.8697169877
2000-04-02,105.710073579,105.710073579,16.5855516658
2000-04-18,105.710073579,105.70256766,15.9865220524
2000-05-04,105.710073579,105.690057812,15.6072825564
2000-05-20,105.710073579,86.7049063567,105.710073579
2000-06-05,105.710073579,105.710073579,38.2418900622
2000-06-21,105.710073579,105.710073579,25.2898954919
2000-07-07,105.710073579,105.690057841,24.8184661735
2000-07-23,105.710073579,25.7315196206,24.1940342056
2000-08-08,105.710073579,35.6460193316,105.554530736
2000-08-24,105.710073579,23.4522356903,23.2272153852
2000-09-09,105.710073579,23.0619293783,22.4326497773
2000-10-27,105.710073579,39.193138123,41.7198800477
2000-11-12,105.710073579,36.9626479786,41.4823209344
2000-12-14,105.710073579,38.3434213998,39.3529306161
2001-03-04,105.710073579,39.4220646487,39.192755952
2001-04-05,105.710073579,38.1080020466,37.757372732
2001-06-24,105.710073579,34.9818020744,32.9442653044
2001-07-26,105.710073579,31.6287132131,30.3453009085
2001-08-11,105.710073579,29.4351059738,28.8971823485
2001-08-27,105.710073579,28.6082405242,27.312377407
2001-09-12,105.710073579,27.585426552,26.6625724832
2001-09-28,105.710073579,105.710073579,105.710073579
2001-10-14,105.710073579,35.9162890618,36.0575762218
2001-10-30,105.710073579,33.8018895538,36.196793362
2001-11-15,105.710073579,33.978549145,34.6652851948
2001-12-01,105.710073579,33.5799220129,34.2509788745
2001-12-17,105.710073579,30.0532048302,33.2311560558
2002-01-02,105.710073579,31.550015036,32.6646648702
2002-01-18,105.710073579,32.2835595767,32.8455895563
2002-02-03,105.710073579,31.1187428129,31.9132688508
2002-02-19,105.710073579,30.2296697421,32.7730136671
2002-03-07,105.710073579,64.8410189817,101.601185722
2002-03-23,105.710073579,31.0817629453,30.8342345001
2002-04-08,105.710073579,39.670543894,39.7147250725
2002-04-24,105.710073579,39.4279411939,39.4281370785
2002-06-11,105.710073579,37.4997204049,37.3697349882
2002-07-13,105.710073579,35.2116466789,35.2278255798
2002-07-29,105.710073579,44.5328286948,34.3450725606
2002-08-14,105.710073579,32.8908716816,32.3513385578
2002-08-30,105.710073579,77.4917599942,46.0744986118
2002-09-15,105.710073579,31.4660946687,30.9201940274
2002-10-01,105.710073579,28.8393135991,28.3006539788
2002-10-17,105.710073579,33.7894147131,29.0900585078
2002-11-02,105.710073579,26.0221280706,25.3658465205
2002-11-18,105.710073579,27.2514361482,29.2848196536
2002-12-20,105.710073579,30.8075797613,29.4299339814
2003-01-05,105.710073579,26.8906034501,27.6512012206
2003-01-21,105.710073579,25.5227353166,28.3425495186
2003-02-22,105.710073579,27.7098565258,27.4649965667
2003-03-26,105.710073579,41.8816739021,34.1647019719
2003-04-11,105.710073579,26.2720691206,26.0655729403
2003-04-27,105.710073579,25.346380359,24.8635001401