Date,Rarea,NDWI,MNDWI
2000-01-08,35.3513177434,35.3423113689,3.98624388959
2000-01-08,35.3513177434,35.3405101025,3.99074718579
2000-02-09,35.3513177434,33.4482788149,3.25694927343
2000-02-09,35.3513177434,33.4173356602,3.25762394482
2000-02-25,35.3513177434,33.3925123636,2.88205580737
2000-02-25,35.3513177434,33.3809700738,2.87304944635
2000-04-13,35.3513177434,34.1376749519,1.6139505401
2000-04-13,35.3513177434,34.114159486,1.59773903308
2000-04-29,35.3513177434,35.3513177434,35.3513177434
2000-04-29,35.3513177434,35.3513177434,35.3513177434
2000-05-15,35.3513177434,34.7526367436,1.00331501904
2000-05-15,35.3513177434,34.7371846064,0.996109890442
2000-07-02,35.3513177434,33.5646145483,1.53919719348
2000-07-02,35.3513177434,33.5553644263,1.53649528876
2000-09-04,35.3513177434,4.1519624408,13.4455107116
2000-09-04,35.3513177434,33.3963983294,13.5181842512
2000-09-20,35.3513177434,35.3513177434,35.3513177434
2000-10-22,35.3513177434,4.40873788438,4.4879022124
2000-10-22,35.3513177434,33.0786490429,4.47079013342
2000-11-07,35.3513177434,3.93670842676,4.19879557019
2000-11-07,35.3513177434,34.6066320406,4.19339179864
2001-01-10,35.3513177434,2.52450062866,3.02065592761
2001-01-10,35.3513177434,34.5139380117,3.01637877014
2001-01-26,35.3513177434,2.93942502163,2.69494807983
2001-02-11,35.3513177434,35.3251992574,2.30924689868
2001-02-27,35.3513177434,1.83477405177,1.81749583215
2001-02-27,35.3513177434,33.8356391723,1.82740293335
2001-03-31,35.3513177434,0.746632741577,0.653865814087
2001-05-18,35.3513177434,35.3513177434,35.3513177434
2001-06-03,35.3513177434,0.299698541386,0.00540384545898
2001-06-03,35.3513177434,35.3170935165,0.00630448651123
2001-07-05,35.3513177434,1.58783214685,1.91656644006
2001-07-05,35.3513177434,34.734052997,1.91566585114
2001-07-21,35.3513177434,16.1597101895,17.3296703739
2001-07-21,35.3513177434,35.3477152031,17.4881271332
2001-08-06,35.3513177434,5.916323737,6.694550025
2001-08-06,35.3513177434,24.1406705159,6.71381332037
2001-10-09,35.3513177434,5.43628012213,5.96225620599
2001-10-09,35.3513177434,29.3772418142,5.96946146643
2001-11-10,35.3513177434,4.76980353699,5.18860280872
2001-11-10,35.3513177434,31.5795693036,5.18680181635
2001-12-28,35.3513177434,3.55123335376,4.22221246021
2001-12-28,35.3513177434,32.3591633181,4.22581510168
2002-02-14,35.3513177434,3.01744539324,3.05768114642
2002-02-14,35.3513177434,33.5431671418,3.06038315808
2002-04-19,35.3513177434,4.85524319721,1.55913816736
2002-04-19,35.3513177434,35.3513177434,1.56461273545
2002-06-06,35.3513177434,0.232365416687,0.172022361877
2002-06-22,35.3513177434,0.122144757818,0.243173049133
2002-06-22,35.3513177434,0.126746887655,0.24137175
2002-07-24,35.3513177434,34.5944593634,2.36328554962
2002-09-10,35.3513177434,2.39210589795,3.42867130939
2002-09-10,35.3513177434,2.40291365253,3.43831001757
2002-10-28,35.3513177434,2.80099784381,3.16665891779
2002-10-28,35.3513177434,2.7838856922,3.15404996191
2002-12-15,35.3513177434,2.25971147955,2.34257068164
2002-12-15,35.3513177434,2.27232057446,2.32906109442
2003-02-01,35.3513177434,1.32070494943,1.32124178082
2003-02-01,35.3513177434,1.32036946976,1.31944050891
2003-03-05,35.3513177434,0.472300078951,0.326932705261
2003-03-05,35.3513177434,0.470498792757,0.32783334259
2003-05-08,35.3513177434,35.1432844298,0.0180128051147