Date,Rarea,NDWI,MNDWI
2000-01-26,49.186124728,48.9865595983,6.27954720105
2000-02-11,49.186124728,48.9087011642,6.40334599833
2000-03-14,49.186124728,49.186124728,5.55231176611
2000-03-30,49.186124728,49.1852259562,4.82985989842
2000-04-15,49.186124728,48.8489322849,3.57727816272
2000-05-01,49.186124728,49.186124728,2.78721840314
2000-07-20,49.186124728,46.8937282376,8.09828201718
2000-08-05,49.186124728,46.2902363266,9.01800441119
2000-08-21,49.186124728,27.3624249682,9.02739846511
2000-09-22,49.186124728,31.2525673831,8.90000884298
2000-10-24,49.186124728,47.8641366393,7.78813779034
2000-11-09,49.186124728,49.1834282793,8.23339720431
2001-01-12,49.186124728,49.1717434215,6.48176937644
2001-03-01,49.186124728,49.153767033,6.07004089959
2001-04-02,49.186124728,49.1852259558,3.96354946898
2001-06-05,49.186124728,49.186124728,1.65112607813
2001-08-08,49.186124728,49.186124728,29.0259195788
2001-08-24,49.186124728,24.6047085004,9.90323656987
2001-09-25,49.186124728,43.2754085011,10.5442246234
2001-10-11,49.186124728,30.1205740885,7.96076896902
2001-12-14,49.186124728,48.2959938234,6.87905400607
2002-02-16,49.186124728,49.1484021792,6.21105450195
2002-04-21,49.186124728,48.3711604427,2.82407946912
2002-07-10,49.186124728,46.6526686038,37.4469052919
2002-08-11,49.186124728,8.35797180125,10.0823420248
2002-08-27,49.186124728,49.186124728,49.186124728
2002-09-12,49.186124728,7.02166495396,8.80848642959
2002-10-14,49.186124728,7.0998623195,8.34963581972
2002-11-15,49.186124728,47.612441529,7.59945390463
2002-12-17,49.186124728,48.2761289299,7.11455445425
2003-02-03,49.186124728,6.56266463041,6.43143505143
2003-03-07,49.186124728,49.186124728,6.66924827753
2003-04-24,49.186124728,49.1699468818,3.81818173676