Date,Rarea,NDWI,MNDWI
2000-01-01,12.8044011038,12.8044011038,1.98814642107
2000-02-02,12.8044011038,12.7444544369,1.75774802226
2000-03-21,12.8044011038,12.5046680794,1.4966931792
2000-04-22,12.8044011038,12.8044011038,12.8044011038
2000-05-08,12.8044011038,12.8017011326,1.34701661599
2000-06-25,12.8044011038,8.15355644918,1.96509263782
2000-07-11,12.8044011038,7.0141162186,1.85044763872
2000-08-12,12.8044011038,4.56397302403,2.76499011582
2000-08-28,12.8044011038,6.78063633576,3.58557893578
2000-10-15,12.8044011038,12.8044011038,4.16990718063
2000-10-31,12.8044011038,12.3532571065,2.04754628856
2000-12-18,12.8044011038,12.6704993359,1.85134751482
2001-02-20,12.8044011038,12.2873735836,1.57679271454
2001-04-09,12.8044011038,12.8044011038,1.5394505897
2001-04-25,12.8044011038,12.8044011038,12.8044011038
2001-05-27,12.8044011038,12.8044011038,12.8044011038
2001-06-12,12.8044011038,12.8044011038,9.60751499755
2001-07-14,12.8044011038,10.2432147301,2.35255496391
2001-09-16,12.8044011038,9.70634960634,7.53078438634
2001-10-02,12.8044011038,3.20869900467,2.39690881771
2001-11-03,12.8044011038,7.16095394152,2.18990993966
2002-01-22,12.8044011038,12.737674283,1.86304660362
2002-04-12,12.8044011038,12.8044011038,1.24919447888
2002-05-30,12.8044011038,1.458297007,1.14755117876
2002-07-01,12.8044011038,1.42379358551,1.5003495822
2002-09-03,12.8044011038,2.16209507304,2.54918771467
2002-10-21,12.8044011038,2.01449621488,2.53568775282
2002-12-08,12.8044011038,12.8044011038,12.7872236342
2002-12-24,12.8044011038,10.0994761589,2.02684546587
2003-02-10,12.8044011038,1.80539116327,1.76849092456
2003-02-26,12.8044011038,12.6440746998,1.66412029971
2003-03-14,12.8044011038,12.7313741137,1.54534920079