Date,Rarea,NDWI,MNDWI
2000-01-02,216.051299409,153.224700072,49.9609318575
2000-01-18,216.051299409,120.231148368,28.5686124668
2000-02-03,216.051299409,183.414859973,28.1976605779
2000-05-25,216.051299409,216.051299409,215.991321643
2000-06-10,216.051299409,216.051299409,216.051299409
2000-06-26,216.051299409,67.1866590961,36.9486267112
2000-07-12,216.051299409,162.80429345,125.449821612
2000-08-29,216.051299409,188.761052055,179.443737727
2000-09-30,216.051299409,216.051299409,216.051299409
2000-10-16,216.051299409,88.0871251095,51.2638254349
2000-11-01,216.051299409,104.105101007,65.8587999829
2000-12-19,216.051299409,168.985040171,28.7638230029
2001-01-20,216.051299409,124.040399943,24.5802087881
2001-03-09,216.051299409,142.001989337,19.4522875342
2001-07-15,216.051299409,120.526057802,85.1214170139
2001-09-01,216.051299409,158.776671712,188.938275779
2001-09-17,216.051299409,122.513011293,117.817011628
2001-10-03,216.051299409,177.70626939,139.683544939
2001-10-19,216.051299409,127.002278399,145.627960964
2001-11-04,216.051299409,34.8791051037,29.5082501602
2001-12-06,216.051299409,71.9423389307,29.0484194111
2002-01-23,216.051299409,106.036391983,24.6601796836
2002-03-12,216.051299409,166.452714645,20.0719659209
2002-03-28,216.051299409,168.718736862,15.2139834609
2002-04-29,216.051299409,215.921350169,20.5003541237
2002-09-20,216.051299409,216.051299409,216.051299409
2002-10-06,216.051299409,62.2649873682,50.4403473171
2002-10-22,216.051299409,196.678048872,162.895607196
2002-11-07,216.051299409,23.7305654414,215.621486315
2002-11-23,216.051299409,147.364861991,111.215055923
2002-12-09,216.051299409,201.942150645,28.6608758425
2002-12-25,216.051299409,21.6398433531,20.3219259922
2003-01-10,216.051299409,203.357520539,30.2414740857
2003-02-27,216.051299409,13.9444953467,12.2451579814
2003-03-15,216.051299409,11.8153436787,9.66618112598
2003-04-16,216.051299409,4.84810663184,2.58898053613
2003-05-02,216.051299409,21.8433429287,16.4045166179
2003-10-09,214.897424782,207.53013476,210.543322794
2003-11-26,211.834543006,28.6013767756,71.4192758918
2003-12-12,213.751210862,29.0184493037,29.8380999121
2003-12-28,213.303808505,193.131416555,56.3454134013
2004-01-29,214.049974609,26.2275193,24.1903690615
2004-03-01,214.767760843,112.856419117,20.1120235186
2004-06-05,214.130057746,195.139950434,125.047689759
2004-10-11,214.793119178,45.8610955314,86.7688952158
2004-10-27,212.589775119,30.842198172,52.392413106
2004-11-12,213.770419625,30.3241147942,44.6369046846
2004-11-28,213.549267367,117.489269909,31.8166645791
2004-12-14,214.573656418,213.997540996,204.608531638
2004-12-30,213.973579849,29.8968261833,29.6656186701
2005-01-31,215.025114818,143.801580923,133.920584111
2005-02-16,213.900240655,98.0155513659,77.3791533451
2005-03-20,213.784137007,156.353356932,27.4185355824
2005-04-05,214.915203334,20.7817621387,19.9320929395
2005-10-14,214.414985031,196.094022058,214.414985031
2005-10-30,213.265081326,24.6502058359,26.5594290449
2005-11-15,213.048941199,48.174586033,26.3894936299
2005-12-01,214.226050618,137.89897413,71.8309371363
2005-12-17,214.792044006,24.4315067448,23.9304605254
2006-01-02,214.918434343,31.0435574134,24.684896901
2006-01-18,214.188972966,213.69355962,209.173195944
2006-02-19,213.420813985,130.748803571,16.0836338096
2006-03-07,213.824786173,84.2747957247,13.2947467012
2006-03-23,214.331573113,132.623337146,11.3755071709
2006-04-08,214.835180351,12.9049044492,10.8382315742
2006-10-01,211.127048799,84.6064900241,133.597346415
2006-10-17,213.929363074,213.929363074,213.929363074
2006-11-02,210.938541475,88.7832034536,144.668768732
2006-11-18,208.889060673,26.8493452148,29.5582432012
2006-12-04,208.943314627,135.189593339,182.974392968
2006-12-20,210.720161744,28.8672765231,29.0118698694
2007-01-05,213.753366318,27.5090579717,27.2852043178
2007-04-11,214.221585696,83.2435523857,15.0740399229
2007-05-13,215.637463605,31.6788539808,27.8386355855
2007-06-14,215.748978496,112.423266595,202.887228008
2007-10-04,216.051299409,194.953608261,216.051299409
2007-10-20,215.327300289,77.0581090657,165.578959776
2007-11-05,214.057659279,30.7512663813,47.6511283037
2007-11-21,212.633794983,37.5687480041,28.6086178301
2007-12-07,211.967892881,26.6993934404,28.0188462607
2007-12-23,212.158868122,31.2477970405,36.7382679005
2008-01-24,214.020930966,28.0624090803,26.08067752
2008-02-25,215.718561411,199.802511573,22.5736541342
2008-03-12,216.051299409,20.9117046982,19.142409877
2008-03-28,215.50019687,19.3323449541,17.1831911514
2008-10-22,215.855317913,51.6901852874,79.6559835441
2008-11-07,215.541274828,25.847051815,29.6383690743
2008-12-25,215.881854106,183.979308628,27.8349928737
2009-01-10,216.051299409,181.286015236,25.7086215318
2009-01-26,215.79608587,110.316427422,21.8013367715
2009-03-15,215.733377776,141.961556314,15.8137452275
2009-05-02,213.293854414,8.07682772754,6.6273955625
2009-05-18,212.681576571,181.06728455,6.61395909732
2009-10-09,216.051299409,85.6652985305,193.388954318
2009-11-10,216.008536446,189.789172214,215.706135926
2009-11-26,216.051299409,57.8547510234,25.2399562734
2009-12-12,215.953212382,155.029054002,35.7037332906
2009-12-28,215.851281036,25.1200096836,24.7401474658
2010-01-13,214.790102203,104.070323691,23.6105998926
2010-01-29,213.489840575,25.3650191026,23.3167890434
2010-02-14,211.849241112,188.147872344,41.3363699681
2010-03-18,210.739765075,110.662470112,18.892521543
2010-04-03,211.505275748,21.0816651318,17.9528888789
2010-05-05,215.421215948,16.1636234717,21.5462128771
2010-09-26,214.664241983,180.091271351,214.664241983
2010-10-12,216.051299409,68.0016231615,59.5601661256
2010-10-28,215.918556842,183.274885467,214.358765557
2010-11-13,215.985712078,52.5000159472,30.5778203662
2011-09-29,215.635464885,132.933975444,129.587819589
2011-10-15,216.051299409,188.498278912,156.146209841
2011-10-31,215.451374206,212.711436203,215.451374206
2011-11-16,216.051299409,31.4200406962,42.4284894571
2011-12-18,216.007125439,28.7785525996,30.2179572246
2012-01-03,215.128688535,28.7985416689,29.5082396895
2012-01-19,216.012103303,27.8046982699,27.6789722637
2012-02-20,215.818630207,133.801010444,25.5798179668
2012-10-01,215.931689705,29.0801616847,28.8385273877
2012-10-17,216.051299409,155.849247679,182.129064016
2012-11-02,215.995865684,83.9876653332,206.523602199
2012-11-18,216.051299409,83.1160493798,133.465259004
2012-12-04,215.563219973,50.2450588053,29.59821046
2012-12-20,216.051299409,27.7389680635,28.8784988135
2013-01-05,216.051299409,91.8674997952,28.628598501
2013-05-13,216.050045138,164.956505114,148.095277592
2013-05-29,216.051299409,161.018681551,210.737421485
2013-10-20,216.044910458,156.507804198,173.154418238
2013-11-05,216.051299409,31.2778657594,48.7769612099
2013-11-21,216.012566366,60.2189535598,30.3179212803
2013-12-07,216.032406917,27.7089833076,28.7985341309
2013-12-23,216.051299409,28.2487641436,29.0784168291
2014-01-08,216.051299409,31.7418354765,29.2098836409
2014-01-24,210.386900572,32.6632146137,30.7167337347
2014-02-09,209.689080085,25.7076069916,24.6102223652
2014-02-25,216.051299409,24.180395457,22.8609157354
2014-03-13,216.031462445,22.411102917,20.9216999688
2014-03-29,215.917498194,171.828006149,20.8196112942
2014-04-14,215.84438399,20.8316099029,18.4127038262
2014-09-21,215.209415965,12.8873003028,84.9768455626
2014-10-23,215.913538684,193.895147188,215.913538684
2014-11-08,216.014291314,72.7966617795,206.177764411
2014-11-24,215.656797499,25.9663714682,94.69884925
2014-12-10,215.895270026,26.7693515576,28.3187241211
2014-12-26,216.051299409,70.3972649802,26.8593034727
2015-01-11,216.032560103,42.5362036135,45.9545921952
2015-01-27,216.051299409,27.4218756685,25.910467296
2015-02-12,215.822195191,24.7301181691,23.1810326505
2015-02-28,216.043811531,37.2880874327,28.5679638545
2015-03-16,215.791694991,22.4311150195,20.3319392061
2015-04-17,215.770486472,23.8722384672,20.4379699971
2015-05-03,215.588544735,14.2143385342,10.6357294854
2015-06-20,215.820940501,148.074148395,120.10861291
2015-07-22,215.961680284,215.961680284,215.961680284
2015-08-07,216.03318736,147.228657528,148.862958296
2015-10-10,215.918870354,95.7793649472,215.513743251
2015-10-26,215.985712078,46.3345740016,95.7712796041
2015-11-11,216.004294451,207.467313057,216.004294451
2015-11-27,215.963522853,27.5190598125,29.4182779492
2015-12-13,216.051299409,139.57412364,57.1283595828
2015-12-29,216.051299409,123.610356713,62.9022264474
2016-01-14,215.762265606,27.6589918369,27.7589377295
2016-01-30,215.193487336,27.7356127122,27.2807606728
2016-02-15,216.051299409,26.6682977322,25.9096895479
2016-03-02,215.814864036,51.4758993023,51.7988056718
2016-03-18,216.006646593,23.7205785996,22.5010566094
2016-04-03,215.579606859,23.6606111504,21.271555166
2016-04-19,215.975244802,23.246311389,21.1715972959
2016-05-05,216.013036815,40.3010116793,48.0546681867
2016-05-21,215.89542684,136.417084672,181.472796065
2016-06-06,216.051299409,126.033654947,207.427698984
2016-07-08,215.66146297,96.694667463,159.025246955
2016-08-25,215.834818464,215.514972758,202.529570843
2016-09-26,215.938414448,96.0911068562,121.474255028
2016-10-12,215.507213321,25.9708840279,32.4370112365
2016-10-28,215.836503613,79.1498857838,127.27043548
2016-11-13,216.051299409,28.5738973859,32.0304288467
2016-11-29,216.038207898,215.8572123,216.038207898
2016-12-15,215.948683689,28.2887511953,29.768144416
2016-12-31,216.030055158,28.9484845615,29.8481099912
2017-01-16,216.051299409,30.5310665464,29.6634646238
2017-02-01,216.051299409,27.8651461209,27.1391906777
2017-02-17,215.720502275,28.0899282532,25.6867419893
2017-03-05,215.870297496,25.8471765409,27.2257573261
2017-03-21,215.890604776,21.631416293,19.9920696533
2017-04-06,215.680672289,22.0609659979,23.6750872662
2017-04-22,216.051299409,37.1468361062,35.0003124103
2017-05-08,216.051299409,49.4981663299,216.051299409
2017-05-24,216.051299409,134.226815761,166.218205681
2017-06-09,215.911251271,215.911251271,215.911251271
2017-07-27,215.974161463,78.7160671349,136.115750898
2017-09-29,215.904548886,29.4400071144,29.3559227282
2017-10-15,214.580829892,27.641248698,34.2531974971
2017-10-31,212.651747812,34.8833491835,56.8516019184
2017-11-16,211.459962417,27.3991223057,30.387907835
2017-12-02,211.444475887,27.6790183438,29.438297373
2017-12-18,212.748411683,28.998476502,30.123300822
2018-01-03,214.259293478,53.8081348386,102.424442984
2018-01-19,215.749331011,29.5682384824,28.0799089731
2018-02-04,215.961680336,215.171343732,174.249361323
2018-02-20,216.046320553,25.5198548779,23.8205234082
2018-03-08,216.051299409,23.0208556357,21.8813078486
2018-03-24,216.051299409,43.1313813314,89.3690540347
2018-04-09,216.051299409,31.0621820396,29.1373434409
2018-04-25,216.051299409,16.3735502998,14.0844316865
2018-05-11,215.963522874,14.8744837539,10.9856604922
2018-05-27,216.051299409,13.2848029326,44.9993187046
2018-06-12,216.051299409,214.681524106,212.173488037
2018-10-18,215.944626899,70.1620993069,50.6177641327
2018-11-03,216.051299409,26.92928104,31.8781953245
2018-11-19,215.968869887,187.789917899,144.985217029
2018-12-05,215.843794255,28.0388507607,29.6881651689
2018-12-21,215.974357413,204.823130791,215.974357413
2019-01-06,216.051299409,27.5390492344,27.4890423311
2019-01-22,216.051299409,85.8201036078,25.6197998506
2019-02-07,216.051299409,26.5588177311,25.060022207
2019-02-23,216.051299409,24.080437585,22.8509179756
2019-03-11,216.049261218,23.2907499844,21.7413639121
2019-03-27,216.015082244,21.6913875693,20.321937041
2019-04-12,216.012573675,19.6422071719,19.1474178031
2019-04-28,216.035072227,39.7205064701,22.6883317807
2019-05-14,216.051299409,23.4066023854,47.4833427796
2019-05-30,216.051299409,13.7945581611,12.4650765449
2019-09-03,216.051299409,43.1688269843,83.7924825742
2019-10-05,216.051299409,72.2388967385,213.836215914
2019-10-21,215.88781195,22.131493317,169.086641443