Date,Rarea,NDWI,MNDWI
2000-01-03,48.9142960681,18.0831770798,16.8272050196
2000-02-04,48.9142960681,32.6152566582,28.1984609553
2000-02-20,48.9142960681,41.2955259134,43.9519817522
2000-03-07,48.9142960681,27.3519248306,24.6158415595
2000-03-23,48.9142960681,23.5911581604,5.4909206167
2000-04-24,48.9142960681,12.1983174946,20.0135647207
2000-05-10,48.9142960681,36.912022548,41.486647569
2000-06-11,48.9142960681,41.6418739241,10.5227573641
2000-06-27,48.9142960681,43.9880185409,5.07865743927
2000-07-13,48.9142960681,38.9459465956,5.00844654504
2000-07-29,48.9142960681,6.16194032914,5.47020892517
2000-08-14,48.9142960681,6.06595985042,4.83744682201
2000-08-30,48.9142960681,6.09915028116,4.7276292503
2000-09-15,48.9142960681,6.39824631745,4.69879452087
2000-10-01,48.9142960681,11.2179104817,7.54259363814
2000-10-17,48.9142960681,1.01267466046,20.0626274371
2000-11-02,48.9142960681,4.2865281189,4.49535436011
2000-12-04,48.9142960681,12.7535896221,10.2499349913
2000-12-20,48.9142960681,4.51114826319,5.29864627907
2001-02-06,48.9142960681,4.83561758661,5.32618658655
2001-03-26,48.9142960681,48.8489305816,48.9142960681
2001-04-11,48.9142960681,21.3504933855,24.2278388239
2001-04-27,48.9142960681,43.7548525222,48.7143995342
2001-05-13,48.9142960681,5.89865694563,6.13692268503
2001-05-29,48.9142960681,5.03005071124,4.81944351373
2001-06-14,48.9142960681,5.03005157397,4.7042255877
2001-06-30,48.9142960681,5.00124750342,4.58537886652
2001-07-16,48.9142960681,12.1133381174,8.7573714625
2001-08-01,48.9142960681,4.97694421924,4.3909467019
2001-08-17,48.9142960681,48.9142960681,48.9142960681
2001-09-02,48.9142960681,37.7421379652,48.9070949392
2001-10-04,48.9142960681,7.52528034872,4.48725331592
2001-10-20,48.9142960681,0.112517306091,41.9919658551
2001-11-05,48.9142960681,3.89226226849,4.09298666205
2001-12-07,48.9142960681,0.141324481873,27.5052836951
2001-12-23,48.9142960681,41.6829026594,37.6457571626
2002-01-08,48.9142960681,3.98931769636,4.92845766551
2002-01-24,48.9142960681,0.0,36.258409257
2002-02-09,48.9142960681,2.331610071,3.15688409013
2002-02-25,48.9142960681,3.78784527368,5.0824299639
2002-03-13,48.9142960681,29.1860210507,48.8864617416
2002-03-29,48.9142960681,35.0863976642,46.6343005515
2002-04-14,48.9142960681,22.7161406884,32.2772215449
2002-04-30,48.9142960681,4.35944241034,3.79504639203
2002-05-16,48.9142960681,4.32073623401,3.68255617925
2002-06-01,48.9142960681,4.59528133325,3.64767268759
2002-06-17,48.9142960681,4.3794963046,3.5124281582
2002-07-03,48.9142960681,4.38773857534,3.36750447985
2002-08-20,48.9142960681,9.28575508294,2.96420968805
2002-09-05,48.9142960681,5.43308206278,2.89309698676
2002-09-21,48.9142960681,8.56394185023,2.7796784538
2002-10-07,48.9142960681,8.01264915218,3.09228615473
2002-10-23,48.9142960681,2.251294992,6.16249769695
2002-12-10,48.9142960681,1.56430723713,2.15926911809
2002-12-26,48.9142960681,3.29186401184,11.9734741341
2003-02-12,48.9142960681,4.81749973751,14.9876536251
2003-03-16,48.9142960681,31.5187751871,38.0060620549
2003-05-03,48.9142960681,30.5393261689,40.2777727538
2003-05-19,48.9142960681,6.26414639575,6.63787096337
2003-10-10,43.7965613958,6.29099967191,5.98848967021
2003-11-27,45.0351685789,7.79099060236,9.41592060735
2004-01-14,44.0678619375,5.7283259642,6.81707639373
2004-03-18,45.3172120349,5.76456285339,6.7188611335
2004-06-06,44.7389858584,5.7807677912,5.97432710699
2004-06-22,44.5873511512,5.94279015863,6.11434918145
2004-07-08,44.7790687453,5.78706965533,5.8888127702
2004-07-24,44.420562726,5.78346935498,5.88698477423
2004-11-29,44.3695957734,0.0,0.00180028930664
2005-01-16,44.0151630312,5.62108213321,10.7973043745
2005-03-21,44.660058491,5.83556133286,6.74696121117
2005-04-22,43.5016892117,11.0153131479,17.2454589569
2005-06-25,43.653414674,5.69615387622,5.79426879358
2005-07-11,44.1254103289,7.74226905139,6.8407667074
2005-10-31,44.0696358575,10.973613351,6.69753172252
2005-11-16,44.232098802,4.61058182373,5.65294928772
2005-12-02,44.0692250129,5.00736785085,5.68457440478
2006-04-09,44.1415995451,5.57913314178,5.92841592028
2006-08-31,45.3352873488,7.47816188016,6.64232718905
2006-10-02,45.9840898091,6.684346344,5.47024181695
2006-12-05,45.5256865698,4.68001446734,5.4422253504
2006-12-21,44.9262650368,4.69064570708,5.77699783817
2007-01-06,44.2054809356,4.59747952449,5.81341442347
2007-01-22,43.9989311812,4.44833856884,5.15150674611
2007-03-27,45.0895085523,5.44321190723,11.9774291701
2007-04-28,46.1668945154,26.1623624266,43.2743624195
2007-05-14,45.4865469502,5.51792732227,5.83750516351
2007-05-30,44.5209177255,5.39910759015,5.67637911297
2007-06-15,45.1967275448,5.6115421366,5.67817884527
2007-07-01,45.8045578339,5.69704239845,5.586365997
2007-07-17,46.1005512197,5.67365231055,5.49002160175
2007-08-02,46.0334224966,5.5950091534,5.3542979499
2007-08-18,45.7475293015,5.53766545458,5.19480258526
2007-12-24,47.1478901556,4.72220166577,5.94630381768
2008-01-25,46.6637804114,1.90380567529,6.99593289414
2008-02-10,45.9058638216,4.54577236951,8.52029280758
2008-03-13,44.8735969399,5.1393390067,5.71605653483
2008-03-29,45.8139611294,4.67359143616,45.6478606271
2008-04-14,46.4968370613,5.37120656354,5.46124710247
2008-07-19,44.9615410944,5.21346666082,4.56110032256
2008-08-04,45.3086318918,5.38002074127,4.47288693682
2008-08-20,45.8543222215,5.79347892462,4.4647580484
2008-12-26,44.3172305767,0.0,44.315430319
2009-02-12,43.7486449567,2.95520830832,21.1673461139
2009-02-28,44.3313005543,4.07679119507,5.29252047833
2009-03-16,45.2235399151,12.906344641,16.2141586511
2009-04-01,45.9432017924,20.8024019145,34.4986346291
2009-04-17,46.8887973769,13.0135614191,22.191473685
2009-05-03,47.2249230957,6.24247155782,7.41322066188
2009-05-19,47.4637801152,5.75736740289,6.14172838269
2009-06-04,47.3199027975,5.85368136005,6.06341368903
2009-06-20,46.8408607849,5.90711361948,6.74829877296
2009-11-27,43.9076200095,0.0,30.2525822905
2010-03-03,47.4183552259,5.6781570484,17.2653434914
2010-03-19,47.6460892138,5.77537005255,6.85804966278
2010-04-20,46.7225013686,6.15344492391,30.5725885615
2010-05-06,45.3366298261,7.1544217828,9.2519790435
2010-05-22,44.2211534157,5.16236981537,5.22357895886
2010-06-23,44.2926538785,5.2009175205,5.03724523315
2010-11-14,43.7822019142,4.51786241223,4.85982068589
2011-03-22,43.9052528212,9.98626439913,14.0490201603
2011-04-07,44.4755651241,5.63041094435,5.96982338592
2011-04-23,44.2483752178,7.07269252957,12.0773907843
2011-05-09,44.2154351126,5.55305644396,5.98599926978
2011-05-25,44.2290046457,5.60613960217,6.14207254568
2011-08-13,44.4757354407,5.76819785275,5.65564275439
2011-08-29,44.8048489486,5.91224545487,5.58723590741
2011-12-19,44.6742498682,0.0,44.5500885671
2012-01-04,45.5832749863,5.23730454243,15.0432809949
2012-01-20,44.3465142669,5.00664251233,10.6678190339
2012-02-21,45.0035012964,2.63384653699,23.320925806
2012-04-09,44.6877927128,6.33176493173,8.05269327441
2012-04-25,48.2077661805,6.01890968758,6.59272534692
2012-05-11,48.9142960681,6.13043159306,6.58552537896
2012-05-27,48.1775432712,5.11390817628,6.47207911456
2012-06-12,43.8019479362,5.73629895831,5.8082759212
2012-06-28,43.6386374658,5.64684990062,5.73125377423
2012-07-14,43.8480321707,5.67867796439,5.61874016486
2012-07-30,43.6567882939,5.54891460134,5.49091837079
2012-08-15,43.6746390214,5.48945517254,5.26948282275
2012-08-31,43.7504677975,37.6782309142,43.7387660164
2012-09-16,43.7588909599,5.49044297151,5.42790462994
2012-12-21,44.6426167365,4.52326520801,5.37140555498
2013-01-06,44.4234667741,4.49529565364,18.9777049793
2013-01-22,44.3060185996,4.5646727124,5.26073903455
2013-02-23,44.550975445,23.1065078246,32.6100952107
2013-03-11,44.9442429498,0.217838383179,44.8965347238
2013-04-12,45.0340154682,5.29391012024,5.12098674957
2013-05-30,45.2993725414,41.2592838381,44.7338512804
2013-06-15,45.1558005734,4.98648494659,4.53586938043
2013-08-18,43.4297274709,31.781693822,33.2119013375
2013-09-03,43.6253669311,11.6518884434,8.04555001583
2013-10-21,44.2253436977,3.32696877759,4.37708420725
2013-11-06,44.0551654893,20.6622056784,19.7145770072
2013-11-22,43.8974367075,6.32655912521,6.79010402352
2013-12-08,44.4515540738,8.07625905132,8.8815923631
2013-12-24,44.2151927274,8.500269408,11.079070418
2014-01-09,44.32516459,6.69072058434,8.72050844103
2014-01-25,48.0598807919,45.9557158341,47.5186841598
2014-02-10,47.1887354651,18.4916174523,33.1514706497
2014-02-26,44.0418293509,6.27341905582,44.0418293509
2014-04-15,44.0162147607,4.85721807086,5.04894624036
2014-05-01,44.3640209164,6.64744726083,8.95922029755
2014-05-17,44.5788556635,5.19340731533,44.5788556635
2014-06-02,44.2780042098,34.5445447446,37.2535534847
2014-06-18,43.7682695532,4.74905845301,4.46385456256
2014-07-04,44.3679139578,11.9789287776,20.2502531241
2014-07-20,44.2509916863,4.80360086654,4.26222322552
2014-08-21,43.8762651836,4.73485900953,3.97330482659
2014-09-06,43.9109297171,4.9142593691,3.86165691907
2014-09-22,43.285299816,43.1039154171,43.1864020096
2014-10-08,43.6333633339,6.96673563248,3.90181936272
2014-10-24,43.7127881171,33.597890076,31.4130998792
2014-11-09,44.0212972854,17.6159579842,13.4273128224
2014-12-27,44.0884721262,18.8125579216,15.1377060839
2015-01-12,43.889771648,11.5139608174,9.189589015
2015-02-13,43.5039955684,12.3501891766,6.56771788465
2015-03-01,44.0076968599,43.7603784661,44.0076968599
2015-03-17,43.6720596558,11.8699769154,15.0563015007
2015-04-02,43.5677590497,9.69201544361,12.9429899441
2015-04-18,43.9493560723,5.24337609613,6.02022973187
2015-05-04,43.9117855377,5.46841416229,5.87977993042
2015-05-20,44.1339556649,5.60253522986,6.05980898456
2015-06-05,44.2253987758,5.58543407477,5.62053906598
2015-06-21,43.7602677796,5.5239089427,5.44321168915
2015-07-07,44.0710181985,5.38976334392,5.30008729114
2015-08-08,43.976201374,5.41434475438,5.01114484302
2015-09-09,44.0260377745,10.843180655,8.66403938993
2015-09-25,44.9304405768,44.8251231214,44.8215225071
2015-10-11,43.6348375986,6.06185480521,5.26267998746
2015-10-27,43.6231622221,6.29638696498,5.62329038752
2015-11-12,43.5333013321,6.90705653463,6.95171604111
2015-11-28,43.6084919283,7.25930699157,8.98106038744
2015-12-14,43.9843064958,8.09448810578,9.79655174584
2015-12-30,44.0549709255,1.19809585266,35.3719467203
2016-01-31,44.8627617398,19.8670230609,25.3672752898
2016-02-16,43.9160501059,4.75593925365,6.27438672964
2016-03-03,43.6940826856,43.1671048262,43.6940826856
2016-03-19,43.891780636,4.57743854802,4.63796854795
2016-04-04,43.9052273852,4.21451529987,36.1964555517
2016-04-20,44.1872617405,4.32703383508,4.36216548876
2016-05-06,44.0609513369,42.0612517734,44.0609513369
2016-05-22,44.1702884135,4.30993182117,4.13623068908
2016-06-07,44.1131902285,4.38485675433,3.95260250964
2016-06-23,44.0919801615,4.20426177849,3.75183822961
2016-07-09,43.7191267465,4.27074962464,3.55740672986
2016-07-25,43.8057426007,4.06614562665,3.38817871661
2016-08-10,43.7941727114,4.11589242944,3.24595590436
2016-08-26,44.0325220352,4.07126641063,3.14693932629
2016-09-11,44.4160050828,4.37821600458,3.24200751712
2016-09-27,45.3698338508,30.1843257134,27.7494821617
2016-10-13,45.8969175376,0.633707747009,24.0672484216
2016-10-29,45.7230655803,22.2534268966,17.4921907179
2016-11-14,44.724972844,7.50953482307,4.78089849848
2016-11-30,45.3315771969,43.5585827476,35.8034001963
2017-01-01,45.402459565,43.8619923352,43.5854795912
2017-01-17,44.8942248945,44.8933247513,44.8942248945
2017-02-02,45.3865992755,4.65472790347,6.92038540566
2017-02-18,43.784003543,43.784003543,43.784003543
2017-03-06,43.698813042,3.00185826461,6.74166695659
2017-03-22,43.7704797597,2.85726068611,2.83246865208
2017-04-23,44.3025706685,2.66446150031,2.38317474998
2017-05-09,44.524159524,2.70048286114,2.33230455145
2017-05-25,44.5473795331,2.88809989137,2.32243113323
2017-06-10,45.2857655351,16.9779006315,17.7044168638
2017-06-26,45.5885143399,3.16158799884,2.20645300124
2017-07-12,45.614598034,3.11149759005,2.12707036621
2017-07-28,45.3134994154,3.10559774905,2.04335628918
2017-08-13,44.6474621809,44.6398129389,44.4943046982
2017-08-29,44.6605102186,3.5570968013,1.94343914276
2017-09-14,44.7092814693,3.05514935241,1.94523822266
2017-09-30,45.5526591144,3.79097288249,2.19187230792
2017-10-16,46.7649199714,6.5617681989,2.50088571064
2017-11-01,47.6494321607,22.4377940171,12.4460884797
2017-11-17,48.1395011111,20.5035397001,12.7830290147
2017-12-03,48.0588997918,2.19368992609,8.83306450711
2017-12-19,47.7395969442,42.5706850952,47.7395969442
2018-01-04,47.0777254784,1.83272121088,6.09430193931
2018-02-05,44.8197217805,1.64818910437,3.57199915877
2018-03-09,45.5903255715,5.36880812555,8.35415178545
2018-04-10,45.5445738057,29.4733030579,41.4793157743
2018-04-26,45.2941315696,31.8347317971,45.2941315696
2018-05-12,44.9553388682,2.55219408707,3.25780329935
2018-05-28,45.7901806773,10.6171923463,15.4780236351
2018-06-13,45.6809348652,3.85136913143,4.28798449329
2018-06-29,45.4721419734,2.45580667395,2.32240297644
2018-07-15,45.1769789868,2.45618768822,2.32150287384
2018-07-31,45.7175030387,2.4567360271,2.28459711261
2018-08-16,46.0333737665,2.77320949463,2.53666644744
2018-09-01,46.0112030572,2.63328051105,2.44498565093
2018-09-17,45.9108234015,37.817961765,42.4928945961
2018-10-19,45.6100881941,9.98317231664,11.0803830467
2018-11-04,46.3696121214,46.3696121214,46.3696121214
2018-11-20,47.0226729449,0.0,47.0226729449
2018-12-06,46.9484796993,6.49809327043,8.67770124484
2018-12-22,47.1272123824,6.38436604177,12.1768102345
2019-01-07,46.6749174286,17.9352766424,23.7624427301
2019-01-23,46.2368857679,0.0,46.2368857679
2019-02-08,46.3927765753,0.0,1.92322031025
2019-02-24,46.8272278115,14.8718562349,24.3526991959
2019-03-12,47.0211935442,26.527556074,39.8273695643
2019-04-13,47.4654791019,30.4852795293,45.7843616371
2019-04-29,47.3660264306,6.07399844263,9.62263420447
2019-05-15,47.0288561424,5.20394674488,5.38113518652
2019-05-31,47.258532144,5.98844615301,6.87490926052
2019-06-16,47.7018121735,5.47214093351,5.33699951685
2019-07-02,47.8843310852,5.30025854516,5.14076847382
2019-08-03,47.853044895,5.15282791593,4.87162490723
2019-08-19,47.7023666972,5.18605928366,4.78701031085
2019-09-04,47.4468382919,19.8617899713,18.0452525055
2019-09-20,47.238277886,13.5344880141,18.3333174349
2019-10-06,47.6909359531,5.00004217338,5.69125837748
2019-10-22,47.9504394581,5.1410983802,6.29232762184