Date,Rarea,NDWI,MNDWI
2000-01-05,43.2997309191,6.0387135072,6.39591554403
2000-01-12,43.2997309191,6.99295785922,6.81937148157
2000-01-21,43.2997309191,5.64845066519,5.62455579075
2000-01-28,43.2997309191,29.7172636137,43.2997309191
2000-02-13,43.2997309191,25.17249411,29.6597295922
2000-02-22,43.2997309191,22.7692340985,20.2482496018
2000-02-29,43.2997309191,22.531139622,5.2960977027
2000-03-25,43.2997309191,43.0491596451,42.2938924104
2000-04-01,43.2997309191,24.0938009773,21.7042556048
2000-04-10,43.2997309191,31.3611289019,5.6160498747
2000-04-17,43.2997309191,43.2997309191,43.2997309191
2000-04-26,43.2997309191,42.8461438055,4.80431741473
2000-05-03,43.2997309191,41.3848641622,4.79080699139
2000-05-12,43.2997309191,43.2754121303,5.33123573712
2000-05-19,43.2997309191,42.8498350093,4.93075033252
2000-05-28,43.2997309191,43.0322244136,7.23180535154
2000-06-04,43.2997309191,42.7700793377,5.11415692749
2000-06-13,43.2997309191,43.0673515338,5.2902229174
2000-06-20,43.2997309191,43.0457347413,5.064618664
2000-06-29,43.2997309191,43.2186681134,5.50597471254
2000-07-06,43.2997309191,43.0682521019,4.74126875977
2000-07-15,43.2997309191,7.69352788006,4.65300048138
2000-07-22,43.2997309191,6.7440159035,4.6007601015
2000-07-31,43.2997309191,6.59214480943,4.50978973285
2000-08-07,43.2997309191,6.65278443781,4.47286117047
2000-08-16,43.2997309191,7.35817477375,4.3386573446
2000-08-23,43.2997309191,7.35494310535,4.17833339642
2000-09-01,43.2997309191,8.61198042462,4.15941873193
2000-09-08,43.2997309191,15.068808734,8.48319654936
2000-09-17,43.2997309191,5.70909509404,4.04773224597
2000-10-03,43.2997309191,33.9754607695,41.4973008855
2000-10-10,43.2997309191,42.0046408712,40.9126304653
2000-10-19,43.2997309191,3.9927896488,4.53681062811
2000-10-26,43.2997309191,4.53590973096,10.6422207985
2000-11-04,43.2997309191,0.03512715979,4.20182097107
2000-11-11,43.2997309191,3.05336246661,3.47398785712
2000-11-20,43.2997309191,4.46385420905,4.63768865588
2000-12-13,43.2997309191,4.49988188202,4.69893581348
2001-02-08,43.2997309191,4.26570076398,4.65930518646
2001-02-15,43.2997309191,2.13124207624,16.5597451113
2001-03-03,43.2997309191,0.0,43.2711345556
2001-03-19,43.2997309191,4.97239798785,5.15829105072
2001-03-28,43.2997309191,4.77009100861,17.3316800193
2001-04-13,43.2997309191,14.1366722248,20.6299219919
2001-04-20,43.2997309191,20.6817120855,22.6307916976
2001-04-29,43.2997309191,38.6878204221,38.1095820337
2001-05-06,43.2997309191,5.06059263199,5.09243795394
2001-05-15,43.2997309191,5.18749509387,4.94482589948
2001-05-22,43.2997309191,6.22755152394,5.55700094021
2001-05-31,43.2997309191,5.20235132173,4.90159260889
2001-06-07,43.2997309191,7.96989626847,6.05667122387
2001-06-16,43.2997309191,6.02741854661,4.66200747552
2001-06-23,43.2997309191,5.13742710088,4.68182278406
2001-07-02,43.2997309191,5.54919410938,4.61336984473
2001-07-09,43.2997309191,5.62789403801,4.43052851715
2001-07-18,43.2997309191,5.57544168895,4.37648665253
2001-07-25,43.2997309191,31.5604438341,23.4112187915
2001-08-03,43.2997309191,5.09117381986,4.24408417712
2001-08-10,43.2997309191,6.46819915109,4.03151985071
2001-08-26,43.2997309191,5.74409136898,4.05493785974
2001-09-04,43.2997309191,6.8294748226,3.99188917145
2001-09-11,43.2997309191,33.1105718297,29.0519128242
2001-09-27,43.2997309191,43.2997309191,43.2997309191
2001-10-06,43.2997309191,29.2991452134,3.63161055347
2001-10-13,43.2997309191,3.51632132605,3.90722372357
2001-10-22,43.2997309191,3.53343451733,3.89821674121
2001-10-29,43.2997309191,3.59738403241,3.67176011268
2001-11-07,43.2997309191,3.61179523145,3.78923318286
2001-11-14,43.2997309191,3.61539800763,3.59197986768
2001-11-23,43.2997309191,3.31456522711,3.45505984263
2001-11-30,43.2997309191,1.05831874298,5.23223222514
2001-12-09,43.2997309191,2.40742302069,2.9572094704
2001-12-16,43.2997309191,3.3650044903,3.57583445997
2001-12-25,43.2997309191,43.2997309191,43.2997309191
2002-01-10,43.2997309191,3.34969240668,3.36050076337
2002-01-26,43.2997309191,3.31723551008,3.43795311799
2002-02-02,43.2997309191,3.20377952716,3.23980738776
2002-02-11,43.2997309191,3.19387181952,3.20558087537
2002-02-18,43.2997309191,0.0,43.2997309191
2002-02-27,43.2997309191,3.09209307794,3.3460896123
2002-03-06,43.2997309191,0.0,43.2997309191
2002-03-15,43.2997309191,10.6150199021,7.76141046845
2002-03-22,43.2997309191,5.28793951988,3.26152298513
2002-03-31,43.2997309191,41.0326781546,43.2997309191
2002-04-07,43.2997309191,4.16059859428,3.15424114557
2002-04-16,43.2997309191,6.67046339783,4.67354450338
2002-05-02,43.299702662,42.0860399225,43.2716538886
2002-05-09,43.2997309191,4.21219631818,3.29925322321
2002-05-25,43.2997309191,4.55780273407,3.18666620935
2002-06-03,43.2997309191,4.8586564676,3.0614693299
2002-06-10,43.2997309191,5.50595042373,3.07497976996
2002-06-19,43.2997309191,5.24837526622,2.94257729962
2002-07-05,43.2997309191,6.82783544537,2.75703364288
2002-07-12,43.2997309191,7.43287821767,2.65885767542
2002-07-21,43.2997309191,7.1171679262,2.79396227429
2002-07-28,43.2997309191,6.16431896696,2.78947287367
2002-08-06,43.2997309191,34.8651925849,22.4509873852
2002-08-13,43.2997309191,6.47970386622,2.8146782962
2002-08-29,43.2997309191,7.37965615815,3.10560335455
2002-09-07,43.2997309191,7.86215424911,3.2129346578
2002-09-14,43.2997309191,42.3912973294,36.9591750846
2002-09-23,43.2997309191,27.9712119749,20.2585758971
2002-09-30,43.2997309191,18.7205037644,1.22584846106
2002-10-16,43.2997309191,5.89807250055,3.48930018793
2002-11-01,43.2997309191,1.25737317023,7.82210709989
2002-11-26,43.2997309191,0.0,43.2997309191
2002-12-19,43.2997309191,0.131191218902,4.49314662925
2003-01-04,43.2997309191,3.76851637537,3.88560693726
2003-01-13,43.2997309191,0.0,38.0929551051
2003-01-20,43.2997309191,0.0,43.2997309191
2003-01-29,43.2997309191,5.36815368817,6.5479182811
2003-02-05,43.2997309191,2.55797841376,26.971583892
2003-02-14,43.2997309191,1.94370468488,38.9131384652
2003-02-21,43.2997309191,4.594455104,5.94052365496
2003-03-02,43.2997309191,21.7747350538,42.5212364189
2003-03-09,43.2997309191,0.0,43.2997309191
2003-03-18,43.2997309191,19.152448725,42.7949215784
2003-03-25,43.2997309191,5.27216018994,5.70321247394
2003-04-10,43.2997309191,5.29249506287,6.24284980994
2003-04-19,43.2997309191,30.5241416415,43.2997309191
2003-04-26,43.2997309191,5.39369796617,6.1295775448
2003-05-05,43.2997309191,5.40868481421,6.04007298022
2003-05-12,43.2997309191,13.0539641533,28.8145352898
2003-05-28,43.2997309191,19.6232177891,21.0878656064