Date,Rarea,NDWI,MNDWI
2000-02-15,402.191360833,400.637885041,131.640504157
2000-04-03,402.191360833,401.890336233,120.301354583
2000-05-21,402.191360833,400.055162229,102.903508929
2000-08-09,402.191360833,101.386279943,122.349078869
2000-10-28,402.191360833,106.317256442,117.060845993
2000-12-15,402.191360833,397.721800877,266.998816078
2001-01-16,402.191360833,98.2922424528,97.283971084
2001-03-05,402.191360833,91.3653186168,86.3643583027
2001-04-06,402.191360833,85.5262256338,80.7149793027
2001-05-24,402.191360833,70.2145374092,76.5130445547
2001-09-29,402.191360833,104.91455191,139.109535182
2002-02-20,402.191360833,92.1834807217,93.800398252
2002-04-25,402.191360833,82.1123214932,81.084301667
2002-06-28,402.191360833,61.0817260846,80.6057957256
2002-08-31,402.191360833,157.819264067,258.106517002
2002-11-03,402.191360833,121.720650272,150.390372352
2003-02-07,402.191360833,111.158908464,127.228614857
2003-05-14,402.191360833,117.464411113,110.45951884
2012-05-06,347.159305009,42.048085334,35.2110509766
2012-05-22,344.65460736,161.454889759,46.6551646305