Date,Rarea,NDWI,MNDWI
2000-04-12,376.33189556,376.33189556,75.9462451508
2000-04-28,376.33189556,376.261863525,64.5827077354
2000-07-01,376.33189556,361.525665852,64.0102159955
2000-08-02,376.33189556,291.678577745,82.1446712873
2000-08-18,376.33189556,376.33189556,376.33189556
2000-09-03,376.33189556,146.288882477,88.1626070466
2001-01-25,376.33189556,376.33189556,84.8705471898
2001-02-26,376.33189556,376.32189055,74.357535707
2001-06-02,376.33189556,371.787386396,73.6162071345
2001-08-05,376.33189556,260.724949862,114.042959326
2001-09-22,376.33189556,143.636432852,99.1214100916
2001-12-11,376.33189556,373.213454128,85.1106577133
2002-02-13,376.33189556,376.33189556,78.7775522259
2002-05-20,376.33189556,70.2633518041,68.1122604056
2002-07-23,376.33189556,336.840529441,101.310413186
2002-09-09,376.33189556,72.0343341283,100.44486084
2002-09-25,376.33189556,77.2668517377,81.8720165782
2002-12-14,376.33189556,71.7240904955,72.374399225
2003-03-04,376.33189556,376.33189556,108.011952836
2003-05-07,376.33189556,56.1563442816,53.6750776371