Date,Rarea,NDWI,MNDWI
2000-01-03,583.388224682,583.388224682,371.778581731
2000-02-04,583.388224682,583.228381744,157.741460691
2000-03-23,583.385244875,580.78778657,135.081642934
2000-04-08,583.387284101,581.668962734,130.525726926
2000-04-24,583.388224682,582.988614951,126.689163742
2000-05-26,583.386342063,575.655492553,129.442641682
2000-07-13,583.388224682,473.478663677,214.608934308
2000-08-30,583.386342063,392.520614092,339.150981838
2000-09-15,583.387284101,529.295086625,499.902895064
2000-10-17,583.388224682,240.736832291,131.047279011
2000-11-02,583.388224682,536.192612976,127.998617215
2000-12-20,583.388224682,575.336085859,117.377607117
2001-02-06,583.386342063,583.386342063,120.462743036
2001-03-10,583.388224682,582.868717818,99.5534870391
2001-06-14,583.388224682,570.48577712,134.016270952
2001-09-18,583.388224682,211.113858,145.233139664
2001-10-04,583.387284101,149.518004755,124.893439474
2001-10-20,583.386342063,451.385460285,123.692058113
2001-12-07,583.385244875,567.776374138,113.541186785
2002-02-09,583.387284101,582.90773848,103.629962609
2002-04-30,583.388224682,582.828740908,84.5269935586
2002-06-17,583.387284101,110.397390122,79.1185528951
2002-08-20,583.386342063,101.909286009,127.203072994
2002-09-05,583.387284101,572.885153253,583.387284101
2002-09-21,583.388224682,279.779398638,201.958539336
2002-11-24,583.386342063,95.2280687365,97.5153922852
2002-12-26,583.388224682,96.2369713203,93.3191631016
2003-02-12,583.385244875,102.851694461,86.5652154414
2003-03-16,583.385244875,81.0501477422,78.2125896172
2003-05-03,583.386342063,72.1380671758,69.6202258398