Date,Rarea,NDWI,MNDWI
2000-02-19,11.3696286704,11.3624434959,1.92295541296
2000-04-07,11.3696286704,11.3372952984,1.79002879669
2000-05-09,11.3696286704,11.3094527157,1.83583431757
2000-08-13,11.3696286704,11.3696286704,11.3696286704
2000-09-14,11.3696286704,11.3696286704,11.3696286704
2000-09-30,11.3696286704,11.1580190867,8.07118533203
2000-10-16,11.3696286704,6.41035741407,2.17059201203
2000-11-01,11.3696286704,5.48541578707,1.99031687488
2000-11-17,11.3696286704,8.79231507812,1.95977974872
2001-02-05,11.3696286704,11.3696286704,3.57665346855
2001-04-10,11.3696286704,11.3696286704,1.68853593738
2001-05-28,11.3696286704,11.3013689345,1.79002892145
2001-09-17,11.3696286704,11.3696286704,11.3696286704
2001-10-03,11.3696286704,2.53454696174,2.0442062807
2001-12-22,11.3696286704,10.9278771489,1.91936291388
2002-01-23,11.3696286704,11.3696286704,10.3996472474
2002-02-24,11.3696286704,11.3696286704,2.62610265398
2002-05-31,11.3696286704,2.02106744233,1.7226675921
2002-08-03,11.3696286704,2.00143616779,3.30896193228
2002-09-20,11.3696286704,1.84302022943,2.26213430499
2002-10-22,11.3696286704,3.73692877857,2.12863323273
2002-11-07,11.3696286704,1.91128004224,2.03432660535
2003-01-10,11.3696286704,11.3417858244,1.96516841431
2003-02-11,11.3696286704,2.06159454568,1.92020455418
2003-03-15,11.3696286704,3.99236243185,2.04240837158
2003-05-02,11.3696286704,1.88923047599,1.7478157157
2009-01-26,9.81076139913,9.80986325192,1.66338882288
2009-02-27,9.73425865227,2.09479792984,1.6966198786
2009-12-12,9.71095418209,1.58165598865,1.63644315753
2010-10-28,9.78498279903,1.52597063422,1.7738615484
2011-03-21,9.79924479141,1.51249816309,1.4810622464
2011-04-06,9.73924659001,1.93742357248,1.61758269006
2011-06-09,9.7562278883,1.43795076648,1.42896934064
2011-07-27,9.75784502821,8.76005891407,9.29615289021
2011-10-31,9.73714535461,1.5089060448,1.7029067868
2011-11-16,9.72731649872,1.63824022791,1.73164781683
2011-12-02,9.71268875702,1.65440734375,1.73074981323
2012-03-07,9.72951618043,9.72951618043,9.72951618043
2012-04-08,9.74656579764,1.96297452318,1.54752694647
2012-07-29,9.84143004483,6.49559854049,8.60705504487
2012-09-15,9.82394139249,1.80889423236,2.20685300624
2012-10-01,9.80582774284,1.56369211517,1.74511961389
2012-11-02,9.78020690078,1.50800687006,1.63464677393
2013-04-27,9.77709308114,2.29322702921,1.41370160529
2013-11-21,9.82408860296,1.67686125134,1.75320391901
2013-12-07,9.71467552528,1.66428716315,1.74242592334
2013-12-23,9.71548259353,1.6050089502,1.65889737976
2014-02-25,9.77783651384,1.7237055226,1.52417384711
2014-03-13,9.78838064163,1.67343790602,1.62656403412
2014-04-14,9.73272836444,1.8192123833,1.49902596088
2014-09-05,9.82058909439,9.82058909439,9.82058909439
2014-09-21,9.89915479664,1.51519283795,1.78104662836
2014-10-07,9.78142154048,1.59333231372,1.969927138
2014-10-23,9.79300250079,1.59961975751,2.01187540912
2014-11-08,9.73004085424,1.54483158392,1.67685972211
2014-11-24,9.78793432488,1.64542530261,1.73883270984
2014-12-10,9.78071332434,1.63285140479,1.71637895135
2014-12-26,9.7754379403,9.76555832384,1.60770210614
2015-01-11,9.78398178038,2.16732784245,2.02249365406
2015-01-27,9.74985216746,2.27908720998,1.95724725075
2015-02-28,9.74796178299,2.27248756513,1.55920127771
2015-03-16,9.73060098842,9.73060098842,9.73060098842
2015-04-01,9.88779452657,9.88461036855,4.53513671422
2015-04-17,9.73429583391,2.05397099153,1.52776730762
2015-05-03,9.84075312615,8.31856286084,1.44334011755
2015-05-19,9.77669110429,2.00779482387,1.52866570166
2015-06-04,9.77071078749,2.15371275033,1.52686909192
2015-07-06,9.79813399893,1.71374122791,1.79451891949
2015-07-22,9.77585645085,1.75665789298,2.19833729393
2015-08-23,9.70746027456,1.67537003764,9.41761130228
2015-09-08,9.74828226723,1.47208118976,1.91981310317
2015-10-10,9.7973382017,1.63015775336,1.96513741822
2015-10-26,9.70593518149,1.76937606299,2.42857343742
2015-11-11,9.74334064728,1.51070193988,1.67057269531
2015-11-27,9.71035554754,1.57357363269,1.67416615649
2015-12-13,9.73759484749,1.58435176483,1.64452744537
2015-12-29,9.74106105565,1.52148056073,1.57985993225
2016-02-15,9.77382694437,1.70470404687,1.70560171045
2016-03-02,9.76520991388,9.76520991388,9.76520991388
2016-04-03,9.86439436547,8.93177472741,4.13621661937
2016-05-05,9.76895330313,2.7485767354,1.38226616864
2016-05-21,9.8129707685,5.83162246101,1.74961140199
2016-06-22,9.77320804929,9.77320804929,9.77320804929
2016-09-10,9.76743770033,4.06736195691,9.76743770033
2016-11-13,9.76641433435,1.43884951172,1.57357203003
2016-11-29,9.71065687182,1.6409349519,1.72176838953
2017-02-01,9.73362558844,1.53165283167,1.55022125269
2017-02-17,9.82954460105,2.1456547217,1.79840282928
2017-03-05,9.80423062359,1.65566771721,1.60051738953
2017-04-06,9.82084544965,9.5672634827,9.77132314577
2017-04-22,9.76425402439,2.70568087404,1.56908232098
2017-08-12,9.74773928687,8.83231540397,5.63401678402
2017-08-28,9.7304770228,4.74458363144,2.28316551672
2018-02-04,9.79856734297,1.63464790613,1.63734183356
2018-02-20,9.77329626858,1.77924840295,1.48824775391
2018-03-08,9.73264298533,1.8999714503,1.5035169422
2018-04-25,9.74302978295,2.46197640856,1.44693318854
2018-05-11,9.79145303283,9.78786041454,1.4145994303
2018-05-27,9.74490341776,4.99376534036,1.72535930255
2018-07-14,9.79504980296,1.50531350024,2.55681325077
2018-10-02,9.77942147226,6.78534931917,5.09381311053
2018-11-03,9.72629542665,1.5780639881,1.77026860437
2019-01-22,9.75979151258,1.62117560742,1.66518474786
2019-02-07,9.76519814431,9.73870433178,1.65620325861
2019-02-23,9.75310393226,1.98209948406,1.56638672705
2019-05-14,9.73977829053,3.26021130909,1.64093423572
2019-10-05,9.70739545767,9.66905569905,6.46144351989