Date,Rarea,NDWI,MNDWI
2000-01-16,40.3231575841,39.7225184955,4.21897287946
2000-03-04,40.3231575841,40.2094513975,3.97397703491
2000-04-05,40.3231575841,40.3231575841,6.2485845432
2000-05-07,40.3231575841,40.0483319163,3.59927749683
2000-08-11,40.3231575841,11.1563884228,4.79914959774
2000-10-14,40.3231575841,40.3097315552,22.6755046943
2000-10-30,40.3231575841,34.5701433564,5.07057006614
2000-12-17,40.3231575841,38.1683453156,4.20095848102
2001-03-23,40.3231575841,40.3231575841,40.3231575841
2001-05-10,40.3231575841,39.9326122899,4.04693534827
2001-07-13,40.3231575841,11.2695432543,4.47117447156
2001-09-15,40.3231575841,7.44165335546,4.76762438735
2001-11-02,40.3231575841,34.2780086939,4.41713128839
2002-02-06,40.3231575841,40.3231575841,3.87039423279
2002-04-11,40.3231575841,40.3231575841,11.7770001564
2002-06-30,40.3231575841,9.21359560334,3.88750789221
2002-09-02,40.3231575841,4.36669097046,5.47079703005
2002-10-04,40.3231575841,22.4406086939,5.90094201523
2002-10-20,40.3231575841,4.44055000836,4.54503352411
2003-01-08,40.3231575841,4.9509047147,4.24326404933
2003-02-09,40.3231575841,39.6171164874,4.04333247357
2003-03-29,40.3231575841,4.4279399118,3.76410926837
2003-04-30,40.3231575841,36.3498581335,3.67043438422