Date,Rarea,NDWI,MNDWI
2000-02-15,171.224784291,171.224784291,148.593441235
2000-04-03,171.224784291,166.228769247,41.3241271608
2000-05-21,171.224784291,170.966386216,137.92705599
2000-07-08,171.224784291,47.6450376825,37.7159435422
2000-09-26,171.224784291,131.792424974,113.651832939
2000-10-28,171.224784291,116.26490053,66.7622954406
2000-11-13,171.224784291,44.8563397644,30.4151863566
2001-03-05,171.224784291,171.224784291,171.224784291
2001-03-21,171.224784291,168.306485647,29.3555409018
2001-08-28,171.224784291,168.953781351,158.734536246
2001-09-29,171.224784291,79.8180971734,65.6423304861
2001-10-15,171.224784291,99.8787162143,106.287494848
2001-10-31,171.224784291,137.08611489,55.3979161613
2002-02-20,171.224784291,171.186706696,29.34133039
2002-04-25,171.224784291,74.8994305053,28.289463718
2002-06-28,171.224784291,29.7942674307,47.6207768262
2002-08-31,171.224784291,53.9761271843,87.5264488057
2002-09-16,171.224784291,94.0594521172,74.7627872644
2002-12-05,171.224784291,171.007546522,113.181203985
2002-12-21,171.224784291,171.21729319,62.1253880863
2003-02-07,171.224784291,168.84212568,102.250784485
2003-04-28,171.224784291,160.726263424,44.360432052