Date,Rarea,NDWI,MNDWI
2000-02-12,1229.58889403,1229.58889403,743.670572107
2000-03-15,1238.4374969,1076.40747405,270.433285994
2000-05-18,1213.51994951,1029.6183884,795.277559155
2000-06-19,1195.78403517,1082.2910404,1122.31023417
2000-08-22,1218.6424413,704.642435097,696.478016066
2000-10-09,1189.97491628,1187.27061801,1187.76915816
2000-10-25,1213.45152854,398.872181618,363.970905147
2000-11-10,1213.63968437,1088.10444622,322.823660586
2000-11-26,1220.5727157,1144.20775862,306.452731702
2000-12-12,1227.23066958,1190.07137105,295.758071409
2001-02-14,1213.01535914,1202.64378673,374.772966764
2001-06-06,1228.97184169,683.680145501,616.30558526
2001-07-08,1228.18745609,214.562070197,239.640782189
2001-10-12,1183.28812235,847.100600194,882.29496839
2001-10-28,1216.80405381,452.191037283,391.145337237
2001-11-13,1187.4147664,638.219514659,284.009939055
2001-12-31,1220.05718625,1107.1500264,263.172577156
2002-02-17,1230.85091165,1206.83117909,696.006902651
2002-04-06,1262.2314121,1132.03770584,717.792890852
2002-04-22,1258.83244053,1161.96731018,1011.46112455
2002-05-24,1258.08758357,1217.69633552,1256.48809777
2002-07-27,1234.77348377,637.421813968,649.33549164
2002-08-28,1219.07775637,543.315681526,950.259897781
2002-09-29,1190.24211694,321.525465666,317.064765134
2002-10-15,1176.17635615,359.132086834,622.796550056
2002-10-31,1208.48927044,318.764494515,302.45953372
2002-11-16,1201.04109017,871.035439828,300.50157937
2002-12-02,1202.96261844,1192.93936642,870.47143366
2002-12-18,1216.00960525,677.727040659,443.503567223
2003-01-19,1245.61621517,1241.40421347,323.762576944
2003-02-20,1268.12437117,425.653172156,568.857502492
2003-03-08,1273.63627902,1273.63627902,1154.36484963
2003-03-24,1246.97605432,1111.88240927,648.931837536
2003-05-27,1235.55659422,784.910976029,789.839636277