Date,Rarea,NDWI,MNDWI
2000-02-19,667.869966582,665.046247712,391.626023184
2000-04-07,667.869025441,525.993076185,218.011885012
2000-05-09,667.869025441,667.49352062,665.043602146
2000-07-12,667.869966582,272.652068881,278.036925623
2000-08-29,667.869966582,469.456520405,489.593169807
2000-09-14,667.866984539,324.631208655,311.735349089
2000-11-01,667.869966582,407.029396736,408.517589814
2000-11-17,667.869966582,531.83067286,394.433951327
2000-12-03,667.866984539,595.5689281,320.735567218
2001-02-05,667.869966582,627.222872267,256.259083972
2001-04-10,667.869966582,543.797156422,193.339275262
2001-05-28,667.866984539,347.103932985,289.268944114
2001-07-31,667.869025441,533.146392516,517.834115787
2001-08-16,667.869966582,504.001080159,439.593555685
2001-09-17,667.866984539,234.729729114,228.725767616
2001-10-19,667.866984539,303.340689489,355.490295232
2001-11-04,667.869025441,484.756442703,479.005489912
2002-03-12,667.869025441,625.865726072,170.409549445
2002-04-29,667.869966582,667.869966582,667.869966582
2002-05-15,667.866984539,277.267307573,266.542755019
2002-05-31,667.866984539,265.310168244,562.90087144
2002-06-16,667.869025441,173.68224138,80.4426465353
2002-08-19,667.869025441,369.272925572,335.690792523
2002-09-04,667.86745521,652.775133104,597.270953004
2002-09-20,667.869966582,374.006966581,660.851423163
2002-11-07,667.869025441,187.712849092,265.716689606
2002-12-09,667.86745521,436.630551316,276.442736802
2003-01-10,667.866984539,641.216905591,256.451587962
2003-02-11,667.86745521,321.535786365,275.945058364
2003-03-15,667.866984539,583.564542534,559.062049918
2003-05-18,667.866984539,245.824897546,113.027360074
2003-11-26,571.695284011,178.929003699,236.799582842
2006-11-18,575.838593294,178.089204301,225.768726159
2006-12-04,575.321218067,217.567739674,250.52066486
2006-12-20,572.505830466,231.384977893,235.163547522
2007-11-05,576.64550774,349.404575609,363.451303916
2007-12-23,583.781191044,244.375425246,256.794426332
2008-02-09,572.132973175,215.754792543,220.190016703
2008-04-13,573.996458509,160.968733872,199.359195499
2008-10-06,576.211280419,343.000667159,465.106131772
2008-11-23,571.435536215,199.819363994,235.700639896
2009-06-03,581.689115021,117.205273958,137.992685792
2010-01-13,574.309891913,264.403967255,323.048349241
2010-02-14,585.452025354,528.426214769,200.350733849
2010-03-02,588.071427007,178.417432028,194.808060947
2010-04-03,585.404630152,166.608657479,194.388097621
2010-04-19,579.601180778,193.866346369,229.081071674
2010-09-26,574.239950644,450.375308924,549.832871119
2012-01-03,572.320896573,191.890388251,226.216724166
2014-01-24,588.94564472,381.007016335,486.380398617
2014-02-09,591.901472126,241.101501818,301.531376167
2017-10-15,575.460702535,179.047884113,252.010721366
2017-10-31,582.922710985,551.342493083,509.770690217
2017-11-16,586.840570736,449.141775522,354.843200929
2017-12-02,586.982462535,313.806131972,244.57017594
2017-12-18,582.509397816,188.800028133,237.176970608
2018-01-03,576.012371084,204.094053246,212.514793423