Date,Rarea,NDWI,MNDWI
2000-02-16,13.1303705194,13.1303705194,13.1303705194
2000-02-23,13.1303705194,13.1303705194,13.1303705194
2000-03-03,13.1303705194,10.2029964688,2.37338532232
2000-05-06,13.1303705194,4.55944386619,1.85433400899
2000-05-22,13.1303705194,13.1231652609,10.7073851379
2000-05-29,13.1303705194,13.0123322337,9.0108129029
2000-07-09,13.1303705194,12.5321780667,1.71568940953
2000-08-17,11.7942785023,11.7942785023,4.62665116781
2000-09-02,12.5770944572,12.5770944572,12.0697620629
2000-09-27,13.1303705194,13.1303705194,13.0583181659
2000-10-13,13.1303705194,13.1177613985,1.55807881937
2000-10-20,13.1303705194,13.1267679203,4.65459697722
2000-10-29,13.1303705194,13.1303705194,9.5599595069
2000-11-21,13.1303705194,13.1303705194,13.1249665844
2000-11-30,13.1303705194,13.1303705194,7.07005665101
2000-12-16,13.1303705194,12.6252913785,1.95071482157
2000-12-23,11.4832481751,11.4832481751,11.4832481751
2001-01-08,11.9067687981,11.9067687981,11.8734445931
2001-02-02,13.1303705194,13.1303705194,13.1031036331
2001-02-09,12.3056256944,11.1370301322,9.30038840803
2001-02-25,12.8220310182,12.1871770875,4.74002687867
2001-03-06,13.1303705194,7.34907613462,1.85718078392
2001-03-13,11.6791639798,11.6791639798,11.6791639798
2001-03-22,13.1303705194,11.178142831,6.38033373531
2001-03-29,13.1303705194,13.1303705194,13.1303705194
2001-04-07,13.1303705194,2.06480788292,1.98161230454
2001-06-10,13.1303705194,12.8621841709,6.70803002664
2001-08-13,13.1303705194,13.1303705194,11.8352793062
2001-08-20,13.1303705194,13.1303705194,2.46771978823
2001-08-29,13.1303705194,13.1303705194,9.92921759909
2001-09-05,13.1303705194,13.1303705194,1.69179233262
2001-09-14,13.1303705194,13.1303705194,10.9439004993
2001-09-30,13.1303705194,13.0213915831,1.6453360179
2001-10-16,13.1303705194,13.0015772863,2.5747077048
2001-11-17,13.1303705194,13.1303705194,7.04407406683
2001-12-19,13.1303705194,12.6668761632,13.0669471829
2001-12-26,11.8700961631,11.8583876877,10.8271719392
2002-01-04,13.1303705194,10.8874671382,2.95071061292
2002-02-05,13.1303705194,13.0943444721,8.22312213612
2002-04-10,13.1303705194,2.57472500897,2.48380526779
2002-04-26,13.1303705194,13.1303705194,13.1294698695
2002-05-12,13.1303705194,1.54682340387,2.00689370043
2002-05-28,13.1303705194,13.1303705194,13.1303705194
2002-06-13,13.1303705194,6.996529045,1.67026582166
2002-06-20,11.4218198717,1.47194448657,1.75177481685
2002-06-29,13.1303705194,13.1303705194,11.7220681517
2002-07-15,13.1303705194,13.1303705194,13.1303705194
2002-08-07,11.9626130464,5.47984727189,3.48114287082
2002-08-16,13.1303705194,5.22495628544,3.17143837183
2002-09-17,13.1303705194,5.00653222029,2.35308454331
2002-10-03,13.1303705194,13.0916424303,3.34628358841
2002-10-19,13.1303705194,13.08984112,1.69628758237
2002-11-20,13.1303705194,8.28688143749,4.16499768632
2002-12-22,13.1303705194,7.70194913341,1.60525193432
2002-12-29,12.7849415668,8.75785017084,10.4870390053
2003-01-07,13.1303705194,4.78330841059,4.91993787401
2003-01-14,13.1303705194,12.6968216728,8.86594460066
2003-02-08,13.1303705194,13.1303705194,13.0749858906
2003-02-24,13.1303705194,3.07769216169,13.1303705194
2003-03-03,11.3569196221,9.79482939112,4.09983367545
2003-03-19,13.1303705194,12.8817799249,13.0520139032
2003-03-28,13.1303705194,13.1285692201,13.1303705194
2003-04-13,13.1303705194,2.886359244,2.40004113185
2003-04-20,12.8919008978,7.88274007864,12.1282767544
2003-04-29,13.1303705194,1.57192867566,2.17585270341
2003-05-22,13.1303705194,3.16103021826,5.0618232591