Date,Rarea,NDWI,MNDWI
2000-01-24,1018.84802923,238.043268562,113.656221046
2000-04-29,1027.28547856,712.735532425,144.526280405
2000-07-02,1024.40576975,22.6484023704,39.0196387875
2000-10-22,1021.38133853,1021.34130827,90.0983623216
2000-11-07,1021.58146064,977.364976735,23.924548321
2000-12-25,1028.90324305,1023.44168389,360.608118752
2001-01-26,1032.15461758,1030.59344198,804.47273312
2001-05-02,1032.15461758,345.191635353,166.81759743
2001-08-06,1028.42106912,34.7414921999,49.5199096612
2001-08-22,1016.79155489,1015.63069832,44.6515500454
2001-09-23,1031.76803188,1018.8849768,35.3711377511
2001-10-09,1032.1560306,1032.1560306,44.5020622808
2001-10-25,1032.14959508,1019.15010068,31.6019626274
2001-11-10,1032.15571687,1008.38158493,29.8532745649
2001-11-26,1032.1565012,1000.61770962,40.043745215
2001-12-12,1032.15571687,897.018134659,34.6168032914
2001-12-28,1019.53032786,872.573978312,35.1752755659
2002-01-13,1029.3138446,1009.81940529,53.9534530252
2002-01-29,1019.40837133,1017.28678716,47.5423261599
2002-02-14,1032.1565012,734.12592507,56.6204679907
2002-03-02,1032.15461758,990.322370394,607.637441027
2002-03-18,1011.29579332,783.812571581,222.135589289
2002-04-03,1005.8086525,363.921526947,203.998060732
2002-04-19,1024.02828448,743.659565589,343.348190649
2002-05-05,1032.1560306,53.3887436597,101.272193086
2002-05-21,1032.15571687,15.3164185498,80.8950947957
2002-06-22,1026.21047407,34.016297393,28.412444725
2002-07-08,1032.05840279,10.4479383103,23.6088742275
2002-07-24,1021.34131427,28.6061001105,44.4745340555
2002-08-09,1027.78068121,29.4930176078,40.7013156469
2002-08-25,1025.15712792,264.903277357,192.010306738
2002-09-10,1032.12966139,25.4037173449,34.570518841
2002-09-26,1030.28305732,46.6675888127,36.8965457601
2002-10-12,1032.15461758,178.744979994,133.780323762
2002-11-29,1032.15461758,24.3228926847,35.4510771105
2002-12-15,1028.05520033,30.4137683656,50.1081705063
2002-12-31,1021.2429011,28.0792790922,49.3749099555
2003-02-01,1023.59272574,469.157959933,609.306748404
2003-02-17,1030.91763659,58.1589737594,172.951914817
2003-03-05,1029.61441777,57.4073648051,202.211569473
2003-03-21,1009.82806849,71.0808567413,174.109113377
2003-04-06,1024.15557812,583.983956736,133.639867833
2003-04-22,1018.28768655,37.3768953081,89.8242993635