Date,Rarea,NDWI,MNDWI
2000-01-25,538.955128324,413.023387782,347.389837367
2000-06-01,538.955128324,70.8775465349,71.8758326171
2000-09-21,538.955128324,538.91514825,62.7622161904
2000-11-24,538.955128324,286.923322793,113.195598629
2001-01-11,538.955128324,81.1359779879,69.9648485829
2001-04-01,538.955442121,415.244212034,377.295437224
2001-04-17,538.949954385,368.016847017,245.574707339
2001-05-03,538.949954385,71.3206694213,64.0498019297
2001-07-22,538.949954385,72.6929642457,66.8484619336
2001-08-23,538.949954385,538.86999415,66.9684796562
2001-09-08,538.950111319,538.950111319,92.2683377537
2001-09-24,538.949954385,445.335785746,60.8113053828
2001-10-26,538.955442121,377.963523769,103.664696356
2001-11-11,538.955128324,368.983670863,104.132326976
2001-11-27,538.950111319,135.582854749,54.3343208633
2001-12-13,538.950111319,490.801492562,384.447281621
2001-12-29,538.950111319,225.836728457,188.932075965
2002-01-30,538.955442121,538.71302914,538.195819238
2002-02-15,538.955128324,377.732065992,272.059644221
2002-03-03,538.949954385,268.889601327,208.726361896
2002-03-19,538.955128324,94.6990709789,70.0960483529
2002-04-04,538.950111319,264.325955149,128.30836983
2002-04-20,538.949954385,72.9412348914,63.2501636602
2002-05-06,538.955128324,79.0509057006,62.6104085273
2002-07-09,538.955128324,496.035976968,61.5694896013
2002-07-25,538.955128324,92.5787403957,62.3766953026
2002-09-11,538.950111319,493.645467177,350.966387245
2002-09-27,538.950111319,524.569155791,50.8959052188
2002-10-13,538.955442121,410.60915577,47.1376590508
2002-11-14,538.955128324,268.316598842,43.219487543
2002-11-30,538.955128324,431.786164797,103.750866202
2002-12-16,538.949954385,407.081888101,209.990623661
2003-01-01,538.955128324,530.469127486,504.709801544
2003-01-17,538.955442121,59.5208882247,45.6652604188
2003-03-06,538.950111319,60.0916028672,51.5599150432
2003-03-22,538.949954385,63.1194684959,58.6123019805
2003-04-23,538.949954385,69.9563073514,66.368703332