Date,Rarea,NDWI,MNDWI
2000-01-24,8.59528018573,8.59528018573,8.59347930915
2000-02-25,8.59528018573,3.28927068388,0.999484067688
2000-02-25,8.59528018573,3.34104057107,0.997683112854
2000-03-28,8.59528018573,6.93463967465,2.93472304727
2000-05-31,8.59528018573,4.26193609554,1.0231001115
2000-05-31,8.59528018573,1.02485488857,1.02310012328
2000-10-22,8.59528018573,0.0,1.48383587553
2000-11-07,8.59528018573,8.59528018573,3.91552078996
2000-11-07,8.59528018573,8.59528018573,3.96616413954
2000-11-23,8.59528018573,8.16623629407,0.870721812744
2000-12-09,8.59528018573,3.96182113603,4.27456267589
2000-12-09,8.59528018573,3.97057117401,4.2789836681
2000-12-25,8.59528018573,1.02091172587,8.59528018573
2001-01-10,8.59528018573,7.70808190644,0.86621959552
2001-05-02,8.59528018573,1.44618511928,1.07459446506
2001-05-02,8.59528018573,1.44903828961,1.0788318527
2001-08-06,8.59528018573,7.11292935363,1.04081217274
2001-08-06,8.59528018573,1.01689968028,1.03340045805
2001-08-22,8.59528018573,8.5925788786,1.27765456944
2001-08-22,8.59528018573,8.59077800354,1.27308189272
2001-09-23,8.59528018573,8.06571165282,0.952491966717
2001-09-23,8.59528018573,8.05025948944,0.955362820801
2001-10-09,8.59528018573,8.58987759192,1.0690221281
2001-10-09,8.59528018573,8.58717629572,1.06968253501
2001-10-25,8.59528018573,8.31140692374,0.856314804077
2001-10-25,8.59528018573,8.32183076096,0.854513855103
2001-11-10,8.59528018573,7.74143941584,0.999011138577
2001-11-10,8.59528018573,7.74280596319,0.997210272
2001-11-26,8.59528018573,7.5536777233,0.998350072689
2001-11-26,8.59528018573,7.55022790974,1.00037693389
2001-12-12,8.59528018573,6.27163025149,0.878825727844
2001-12-12,8.59528018573,6.29393277244,0.885128817139
2001-12-28,8.59528018573,6.47452919509,0.875224009521
2001-12-28,8.59528018573,6.47194434902,0.873423136841
2002-01-13,8.59528018573,8.59528018573,8.53134959424
2002-01-13,8.59528018573,8.59528018573,8.5310423703
2002-01-29,8.59528018573,3.28476145469,0.89053139856
2002-01-29,8.59528018573,3.29018882277,0.885128798218
2002-02-14,8.59528018573,8.33154405155,6.27100651797
2002-02-14,8.59528018573,8.32270935973,6.09534046978
2002-03-02,8.59528018573,6.5605207269,5.92351820272
2002-03-02,8.59528018573,6.56398477253,5.90856038227
2002-03-18,8.59528018573,6.15162742344,4.34164238476
2002-03-18,8.59528018573,6.12438481314,4.40109606265
2002-04-03,8.59528018573,1.372508553,1.07819627799
2002-04-03,8.59528018573,1.36429518198,1.09710545407
2002-04-19,8.59528018573,1.5593960136,1.10512113492
2002-04-19,8.59528018573,1.55318127038,1.11015655667
2002-05-05,8.59528018573,1.52581216048,1.03351345214
2002-05-05,8.59528018573,1.53574520955,1.02811088775
2002-05-21,8.59528018573,0.938084972516,1.09855289161
2002-05-21,8.59528018573,0.769873101074,1.10261731898
2002-06-22,8.59528018573,0.971680077061,0.910450425999
2002-06-22,8.59528018573,0.962396785626,0.91422170562
2002-07-08,8.59528018573,0.977276883591,1.06332292835
2002-07-08,8.59528018573,0.985592873109,1.07150121013
2002-07-24,8.59528018573,1.11515318338,1.02129925316
2002-08-09,8.59528018573,1.89616835957,1.02643706066
2002-08-09,8.59528018573,1.90735143677,1.02660659958
2002-08-25,8.59528018573,8.59528018573,1.13475387273
2002-08-25,8.59528018573,8.59528018573,1.13205255364
2002-09-10,8.59528018573,1.21422584784,0.943766561375
2002-09-10,8.59528018573,1.23230532722,0.940055507874
2002-09-26,8.59528018573,0.991775427889,0.920185572504
2002-09-26,8.59528018573,0.994762816601,0.918275296307
2002-10-12,8.59528018573,8.07869918826,0.903137533569
2002-10-12,8.59528018573,8.07004454396,0.901336695557
2002-11-13,8.59528018573,2.45078616145,2.35308269289
2002-12-15,8.59528018573,0.883327990295,0.938254491028
2002-12-15,8.59528018573,0.879726271118,0.941856269104
2002-12-31,8.59528018573,0.868020590515,0.925648431335
2002-12-31,8.59528018573,0.867120215576,0.922046726501
2003-02-01,8.59528018573,8.59528018573,8.59528018573
2003-02-01,8.59528018573,8.59528018573,8.59528018573
2003-02-17,8.59528018573,1.58966055387,3.17365500424
2003-02-17,8.59528018573,1.58515837912,3.1773979793
2003-03-05,8.59528018573,4.36786515596,2.37321339834
2003-03-05,8.59528018573,1.16606583282,2.35349575752
2003-03-21,8.59528018573,7.16715926966,1.30100219307
2003-04-06,8.59528018573,7.61008004198,6.11624388552
2003-04-22,8.59528018573,0.929250179687,1.03840755065
2003-04-22,8.59528018573,0.935553383423,1.03550162811