Date,Rarea,NDWI,MNDWI
2000-03-06,14.8617939304,5.44511472348,3.16417340527
2000-04-23,14.8617939304,1.85680076959,2.03817233075
2000-04-23,14.8621037318,1.85478206555,2.04088872333
2000-08-29,14.8617939304,14.8564066326,1.85320941852
2000-08-29,14.8621037318,14.8549112353,1.85298346954
2000-10-16,14.8617939304,14.5701665316,1.77060509637
2000-10-16,14.8621037318,14.5822331762,1.75768236761
2000-12-03,14.8621037318,8.06866855179,1.82985803647
2001-01-20,14.8617939304,9.55577373346,3.23806518461
2001-01-20,14.8621037318,9.52949196734,3.23912010296
2001-02-21,14.8617939304,14.8617939304,14.8617939304
2001-04-26,14.8617939304,12.7897303047,1.58205108563
2001-04-26,14.8621037318,1.6632808548,1.56348362598
2001-08-16,14.8617939304,1.8397410069,1.80023495667
2001-08-16,14.8621037318,1.83680079584,1.79454419757
2001-09-01,14.8617939304,14.8617939304,2.10414155581
2001-09-01,14.8621037318,14.8621037318,2.0966094994
2001-09-17,14.8617939304,14.7429430812,1.73558786517
2001-09-17,14.8621037318,14.7313370187,1.72621514362
2001-10-19,14.8617939304,14.8608960514,1.6745324903
2001-10-19,14.8621037318,14.8612046656,1.67137184698
2001-11-04,14.8617939304,14.5431384174,2.0384644742
2001-11-04,14.8621037318,14.5659618972,2.05112778208
2001-11-20,14.8621037318,0.0,14.8621037318
2001-12-06,14.8617939304,14.8617939304,14.8617939304
2001-12-06,14.8621037318,14.8621037318,14.8621037318
2001-12-22,14.8621037318,13.5270703118,9.65661012068
2002-01-07,14.8617939304,6.36076861413,1.8830764744
2002-01-07,14.8621037318,6.37601082871,1.89422714202
2002-01-23,14.8617939304,3.10804578364,1.93581389728
2002-01-23,14.8621037318,3.11795679577,1.95098231384
2002-02-08,14.8617939304,14.8591002764,11.7839608034
2002-02-24,14.8617939304,5.43187971827,1.82088590472
2002-02-24,14.8621037318,5.43562206659,1.8134248916
2002-03-12,14.8617939304,11.0538041295,1.79933699341
2002-03-12,14.8621037318,11.0807289961,1.79634242401
2002-03-28,14.8617939304,11.2896790294,1.72571123804
2002-03-28,14.8621037318,11.2852189057,1.71722439807
2002-04-29,14.8621037318,1.61922613354,1.72171960364
2002-05-15,14.8617939304,13.1825756295,1.70595798718
2002-05-15,14.8621037318,13.1735161067,1.70643557953
2002-05-31,14.8617939304,14.6979187584,1.68261308063
2002-05-31,14.8621037318,14.6810140479,1.67946372211
2002-06-16,14.8617939304,14.1523272095,1.65567701703
2002-06-16,14.8621037318,14.1247515694,1.64709697443
2002-07-02,14.8617939304,1.85590201813,1.02985894708
2002-07-02,14.8621037318,1.85927802319,1.01325299725
2002-07-18,14.8617939304,1.68261308252,1.65298334625
2002-07-18,14.8621037318,1.6947477038,1.64979415747
2002-08-03,14.8617939304,1.57576589551,1.55062567963
2002-08-03,14.8621037318,1.57427271637,1.55898826129
2002-08-19,14.8617939304,14.8617939304,1.54074913959
2002-08-19,14.8621037318,14.8621037318,1.54010768878
2002-09-20,14.8617939304,14.8573044926,1.41414895435
2002-09-20,14.8621037318,14.8567093718,1.41963235822
2002-10-22,14.8617939304,14.8160018476,2.2945356067
2002-10-22,14.8621037318,14.8171506133,2.29729036878
2002-11-23,14.8617939304,14.6096120136,1.23726783307
2002-11-23,14.8621037318,14.613236147,1.23352502661
2002-12-09,14.8617939304,14.756269361,4.57410225634
2002-12-09,14.8621037318,14.7502853005,4.59867362538
2002-12-25,14.8617939304,14.8617939304,13.0829681633
2003-01-26,14.8617939304,14.8562378445,5.54917855198
2003-01-26,14.8621037318,14.8577070237,5.53894715688
2003-02-11,14.8617939304,14.834857373,8.32215327861
2003-03-15,14.8617939304,2.16884121759,1.2722433426
2003-03-15,14.8621037318,2.13580321982,1.27578080164
2003-05-18,14.8621037318,10.9155556804,1.05371085217