Date,Rarea,NDWI,MNDWI
2000-01-25,43.1548241541,9.48051476368,4.96051055775
2000-01-25,43.1548241541,9.48786489185,4.95222202098
2000-04-23,43.1548241541,3.40340968115,3.84052769666
2000-06-01,43.1548241541,3.55990930707,3.7442906524
2000-06-01,43.1548241541,3.55990929877,3.74608948883
2000-08-29,43.1548241541,43.1251431827,3.48345987469
2000-09-05,43.1548241541,43.1548241541,43.1548241541
2000-09-21,43.1548241541,43.1521260023,31.6893177011
2000-10-07,43.1548241541,43.1548241541,4.23328094345
2000-10-16,43.1548241541,37.8871516864,3.43938777844
2000-11-08,43.1548241541,40.1512427449,14.4204414494
2000-11-08,43.1548241541,40.1522269829,14.4413010233
2000-11-24,43.1548241541,34.3346077538,6.96225995948
2000-12-03,43.1548241541,25.1876839819,3.33145718884
2000-12-26,43.1548241541,42.7832422736,35.538986067
2001-01-11,43.1548241541,5.52809337207,3.56170873157
2001-01-11,43.1548241541,5.52695462141,3.55901069739
2001-01-20,43.1548241541,16.637735548,7.92640412899
2001-04-01,43.1548241541,18.1607878842,8.84673087997
2001-04-01,43.1548241541,18.1687558384,8.82720157317
2001-04-26,43.1548241541,2.13882820715,0.365164891663
2001-06-04,43.1548241541,3.42589608319,3.60038379889
2001-06-04,43.1548241541,3.43938708002,3.5904899552
2001-08-07,43.1548241541,41.7537750448,43.1188490428
2001-08-16,43.1548241541,5.23378933483,3.4474823139
2001-08-23,43.1548241541,43.1548241541,3.99644379748
2001-08-23,43.1548241541,16.433958051,3.97240018528
2001-09-01,43.1548241541,43.1548241541,3.8157228238
2001-09-08,43.1548241541,43.1548241541,3.53962830819
2001-09-08,43.1548241541,43.1548241541,3.54862284988
2001-09-17,43.1548241541,42.4846960513,3.31616714551
2001-09-24,43.1548241541,43.1530253111,3.51763721619
2001-09-24,43.1548241541,43.1539247188,3.51493917517
2001-10-19,43.1548241541,43.1224449723,3.57070312482
2001-10-26,43.1548241541,42.4796111852,3.40341116315
2001-10-26,43.1548241541,42.485907132,3.41690254309
2001-11-04,43.1548241541,41.4620583642,3.21183471191
2001-11-11,41.6552563437,39.6405692324,3.23072287842
2001-11-11,41.6349797462,39.6091222096,3.23252178473
2001-11-20,43.1548241541,18.9595760544,43.1548241541
2001-11-27,42.9548282299,42.9548282299,41.9329685561
2001-11-27,42.9775065495,42.9775065495,41.9254804243
2001-12-06,43.1548241541,43.1548241541,43.1548241541
2001-12-13,43.1548241541,28.5354722126,17.5801205521
2001-12-22,43.1548241541,37.7200008124,29.7408657578
2001-12-29,43.1548241541,35.3229449377,43.1321165082
2002-01-07,43.1548241541,5.93862084027,3.96782638252
2002-01-14,43.1548241541,17.960939771,28.3269162909
2002-01-23,43.1548241541,6.51487666145,3.80580121112
2002-01-30,43.1548241541,23.4077239128,9.54427731753
2002-01-30,43.1548241541,23.3968209798,9.54446101954
2002-02-24,43.1548241541,22.0369963634,4.27542772457
2002-03-03,41.0063443721,20.4531125072,6.00651534867
2002-03-03,41.0027468555,20.4992543697,5.98529629441
2002-03-12,43.1548241541,29.0235956614,3.49515157672
2002-03-19,43.1548241541,34.7492989952,9.92131209583
2002-03-19,43.1548241541,34.7557739646,9.92444066156
2002-03-28,43.1548241541,35.2979034925,3.4106062959
2002-04-04,43.1548241541,28.1278071601,3.35214410663
2002-04-04,43.1548241541,28.2419089889,3.36383698151
2002-04-20,43.1548241541,41.8649225922,3.55451330408
2002-04-29,43.1548241541,3.27299522467,3.4258964187
2002-05-06,37.4913734134,3.28468764075,3.4447841438
2002-05-06,37.4652205602,3.28558729449,3.445683823
2002-05-15,43.1548241541,39.108015753,3.41510343793
2002-05-31,43.1548241541,42.2290442558,3.3458480921
2002-06-07,43.1548241541,41.0953740779,20.440139012
2002-06-07,43.1548241541,41.1107778665,20.5101093069
2002-06-16,43.1548241541,38.8911176648,3.27569346844
2002-07-02,43.1548241541,3.39151401039,3.34092398945
2002-07-09,43.1548241541,42.4018153532,3.23611888593
2002-07-09,43.1548241541,42.3908673838,3.24421432074
2002-07-18,43.1548241541,3.88753862106,3.37373096045
2002-07-25,43.1548241541,3.31346923969,3.11289881104
2002-07-25,43.1548241541,3.31256970709,3.10660298175
2002-08-03,43.1548241541,3.26939781274,3.06612912268
2002-08-10,43.1548241541,3.38542680627,3.08052197241
2002-08-19,43.1548241541,43.1548241541,3.06522985394
2002-08-26,43.1548241541,43.1359363356,2.99057806335
2002-09-11,43.1548241541,42.1970545931,2.87365428815
2002-09-11,43.1548241541,42.1905054577,2.87725120905
2002-09-20,43.1548241541,43.1278415367,2.91322813086
2002-09-27,43.1548241541,18.3777108713,16.1861188236
2002-10-13,42.6220347101,40.3177434426,2.8106941449
2002-10-13,42.6211353373,40.2838444302,2.81249283044
2002-10-22,43.1548241541,41.9846915685,3.31652294831
2002-11-14,43.1548241541,37.3051424922,2.82598448804
2002-11-14,43.1548241541,37.3143208679,2.83048157257
2002-11-23,43.1548241541,35.647223243,2.80349661029
2002-12-09,43.1548241541,39.037691442,9.94197421676
2002-12-16,43.1548241541,37.8841758807,2.67308301221
2002-12-16,43.1548241541,37.8718206649,2.67308314063
2003-01-01,43.1548241541,31.2499937467,9.32544826859
2003-01-01,43.1548241541,31.2691076608,9.29191994048
2003-01-17,43.1548241541,33.4516005763,3.12548049335
2003-01-26,43.1548241541,29.5479273588,7.51100269676
2003-02-02,43.1548241541,35.6760184803,11.2001061505
2003-02-02,43.1548241541,35.699770022,11.1777299045
2003-02-18,43.1548241541,41.0322100971,30.7103873309
2003-02-18,43.1548241541,41.0254245143,30.691434391
2003-03-15,43.1548241541,5.17476804729,3.01306332245
2003-03-22,43.1548241541,7.08106609261,3.00317004736
2003-03-22,43.1548241541,7.06798419218,3.00317032312
2003-04-23,43.1548241541,9.80790053231,2.93661299292
2003-04-23,43.1548241541,9.81758102897,2.91952427856
2003-05-18,43.1548241541,23.9171108666,2.82508520453