Date,Rarea,NDWI,MNDWI
2000-02-03,54.9862240969,11.7363198112,4.68860134977
2000-04-23,54.9862240969,4.32026579532,4.86361177799
2000-08-13,54.9862240969,4.82707945323,4.77360646671
2000-09-14,54.9862240969,54.9139560144,4.36342528991
2000-10-16,54.9862240969,54.0635692994,4.23591788097
2000-12-03,54.9862240969,7.28657272226,4.31147159051
2001-02-05,54.9862240969,54.9345433228,7.50845454388
2001-03-09,54.9862240969,42.1398693114,19.4498089335
2001-04-26,54.9862240969,4.25065422356,4.58359608341
2001-08-16,54.9862240969,4.50179536648,3.98024603189
2001-09-01,54.9862240969,54.9862240969,25.5488477151
2001-09-17,54.9862240969,54.9662229597,3.59022160132
2001-11-04,54.9862240969,54.9862240969,54.966222981
2001-11-20,54.9862240969,54.0960956917,8.96833446359
2001-12-06,54.9862240969,31.4241480529,14.4464442657
2001-12-22,54.9862240969,50.5506937123,22.8090502142
2002-01-07,54.9862240969,8.94330956315,4.56609415226
2002-01-23,54.9862240969,12.3766242615,4.52109149699
2002-02-24,54.9862240969,53.0516678855,21.0978692106
2002-03-12,54.9862240969,50.9364839226,4.50109044205
2002-03-28,54.9862240969,54.0956864769,4.57109471085
2002-04-29,54.9862240969,4.32143271503,4.53109270621
2002-05-15,54.9862240969,54.9387214949,4.81611008732
2002-06-16,54.9862240969,54.7093750476,4.65110042936
2002-07-02,54.9862240969,4.56317289055,4.69610302702
2002-08-03,54.9862240969,4.88294843934,4.61109735661
2002-08-19,54.9862240969,8.43117361604,4.65360013712
2002-09-20,54.9862240969,54.9837239575,4.27381231458
2002-10-22,54.9862240969,54.9353685028,5.59724930379
2002-11-23,54.9862240969,54.7559762167,3.41271112012
2002-12-25,54.9862240969,54.2546338404,7.44540247129
2003-01-26,54.9862240969,51.9565597215,2.791187046
2003-02-11,54.9862240969,40.6524907537,2.32725266966
2003-03-15,54.9862240969,23.405756228,1.28218610179
2003-05-18,54.9862240969,52.8001930451,1.30718821873