Date,Rarea,NDWI,MNDWI
2000-02-03,59.2775423101,44.3043294679,17.6792555065
2000-04-23,59.2775423101,5.70643054317,5.83674794215
2000-08-13,59.2775423101,6.92473678474,5.79916684014
2000-09-14,59.2775423101,59.2441786755,5.70412663827
2000-10-16,59.2775423101,46.4007124629,5.59892736617
2000-12-03,59.2775423101,23.3206778701,5.59412449838
2001-01-04,59.2775423101,12.6762740085,5.66143059957
2001-02-05,59.2775423101,41.8069801019,5.96143650728
2001-02-21,59.2775423101,59.2775423101,57.1605304621
2001-03-09,59.2775423101,30.4097730833,7.05382662662
2001-04-26,59.2775423101,5.69393076754,5.78908904766
2001-05-12,59.2775423101,5.74393113936,5.78416641875
2001-08-16,59.2775423101,6.73761344452,5.70912605648
2001-09-01,59.2775423101,6.78952987161,5.57642695479
2001-09-17,59.2775423101,59.2491792144,5.56912296347
2001-10-03,59.2775423101,59.0966074959,5.53642620528
2001-10-19,59.2775423101,59.2775423101,22.5380894007
2001-11-04,59.2775423101,44.5464520366,5.57142761666
2001-11-20,59.2775423101,59.2775423101,59.2775423101
2001-12-06,59.2775423101,56.9139466051,33.1209514446
2001-12-22,59.2775423101,32.9880835141,8.96844949104
2002-01-07,59.2775423101,7.86134672237,5.79409080802
2002-01-23,59.2775423101,10.5457936859,5.79143412398
2002-02-08,59.2775423101,59.2775423101,59.2029391055
2002-02-24,59.2775423101,13.1673598019,6.44653466312
2002-03-12,59.2775423101,19.8443321588,6.20277609282
2002-03-28,59.2775423101,40.5379034077,5.80143330342
2002-05-15,59.2775423101,58.7208205203,6.08283885398
2002-05-31,59.2775423101,43.138473126,30.030181649
2002-06-16,59.2775423101,57.3129336094,5.88940324043
2002-07-02,59.2775423101,6.10319641293,5.9085012187
2002-07-18,59.2775423101,47.0288846397,30.0925816322
2002-08-03,59.2775423101,6.82886243418,5.80189177411
2002-08-19,59.2775423101,8.05784070164,5.81189368329
2002-09-20,59.2775423101,59.0044288985,5.610133814
2002-10-06,59.2775423101,59.2250396419,34.3281857217
2002-10-22,59.2775423101,57.647271861,5.94601023823
2002-11-23,59.2775423101,49.08100347,5.60013406497
2002-12-09,59.2775423101,54.5359208436,16.6965392479
2002-12-25,59.2775423101,57.2871935196,31.409261934
2003-01-26,59.2775423101,17.7736519757,5.68587291105
2003-02-11,54.738001161,11.7398786366,6.29479431852
2003-02-27,59.2775423101,36.6561373807,11.0418724155
2003-03-15,59.2775423101,19.0984520986,5.55513193851
2003-03-31,59.2775423101,21.927125792,5.39512775638
2003-08-22,53.5414445568,4.90601166183,4.56609088056
2003-10-25,56.0337998521,55.5812988671,4.60695063732
2003-11-26,55.6912948891,28.3202619502,4.44358416157
2003-12-12,54.6419168511,34.2072771192,4.25944527526
2004-01-13,53.4041770923,19.8575794015,3.99357684077
2004-01-29,54.1691420622,11.0217189224,4.10855538444
2004-03-17,54.3291958509,28.2215091975,9.06570090439
2004-05-04,53.3566493565,5.00011086024,5.43034179549
2004-05-20,53.9826055788,5.16516437068,5.4476195804
2004-06-05,53.3627414172,46.2074460398,33.8800974307
2004-08-08,52.7614442324,52.6587141655,5.06266158496
2004-08-24,53.1884374885,53.0780894997,4.93598047676
2004-09-09,53.2637022762,52.9853874799,4.8026159661
2004-09-25,53.6446989561,5.0511400725,4.84609651582
2004-12-14,53.9347152883,32.4455329021,4.78531304264
2004-12-30,53.9885303613,10.038400943,4.66511285184
2005-01-15,53.4256696388,26.4240899227,12.3126779717
2005-01-31,53.0678644462,22.9912930121,6.21356205756
2005-02-16,53.894581714,21.9986291517,10.2884954957
2005-04-21,52.2893228343,29.8377462327,4.67866131859
2005-05-23,53.1414402415,4.53358984834,4.61948098016
2005-06-08,52.7062242631,4.69745790648,4.69600203156
2005-08-27,53.0003386166,52.9953384889,4.23260099857
2005-09-12,52.5725135553,51.8883378879,4.0776001182
2005-09-28,53.4008193464,51.7396994934,4.01607682465
2005-11-15,54.7408904954,50.389583525,3.86443355065
2006-01-18,53.6880616339,44.7948684777,25.9456750375
2006-02-19,53.7256473842,20.1880026253,5.7421227324
2006-05-10,53.5744694688,4.71511422733,4.83019379081
2006-05-26,54.0880424746,4.71992935807,4.79890860494
2006-06-27,53.5881160266,51.4530854489,15.6338751059
2006-07-13,52.9800589653,4.82801013062,4.69351476115
2006-07-29,52.5154948668,4.76140814171,4.62507055932
2006-10-17,54.3320252281,5.29595738828,4.4038998188
2006-11-18,56.403035201,48.1515571167,28.9149121806
2006-12-04,56.4737843529,33.7979729926,9.72947165112
2007-02-06,53.6226980851,10.4940131141,4.27510486405
2007-02-22,53.7533552786,27.1838021839,4.23010145438
2007-03-10,53.9925132599,41.8556976628,18.776139681
2007-04-11,55.7797686222,30.9986989871,4.22596139741
2007-04-27,55.1254529419,52.870825238,19.1323932552
2007-05-13,54.2082280501,3.96611269554,4.00603344425
2007-05-29,53.0592237958,3.88814295833,3.92782810606
2007-09-18,53.761950553,53.7400374485,3.45985721886
2007-11-05,56.5993425986,24.7985623913,3.5519249276
2007-12-23,57.598219354,9.87516037962,4.61607142533
2008-01-08,57.3290723535,18.9701202775,5.25292955823
2008-03-12,53.1549298146,5.95844144429,12.4492447635
2008-03-28,53.9611961922,19.346439472,5.26266703987
2008-04-13,54.9387028484,54.8857514662,49.3449345627
2008-04-29,55.5217998252,50.2269633982,5.64583812417
2008-05-15,55.7002630092,5.54262964993,5.55762853177
2008-05-31,55.5602067486,53.5348792103,5.56353181022
2008-08-03,53.0318001401,6.31923688262,5.16106328165
2008-09-04,54.0028512001,53.9878501933,5.17512505179
2008-09-20,54.4567304415,54.4050222754,7.37432228758
2008-11-23,56.0628092689,41.0304552934,9.00459539693
2008-12-09,55.7823546102,15.5484595904,5.17730794645
2009-01-26,53.2848475664,24.5644337384,15.0317115004
2009-03-31,55.377584194,17.7635098394,5.62529170008
2009-06-03,57.0370245961,5.67025007601,5.69267130054
2009-07-21,54.4124725794,5.50865187708,5.25486090975
2009-08-06,53.3332273449,5.45613931041,5.13746568287
2009-10-25,55.1329700945,5.15730946135,5.1526230618
2009-11-26,54.4604189742,28.5694880535,5.09762354642
2010-03-02,58.3934512105,9.78297797501,5.77263843778
2010-03-18,58.2760234558,11.9884499177,5.91845216154
2010-04-19,56.8804492049,56.1129460379,56.8804492049
2010-07-24,53.209221431,6.56650936645,5.79394425386
2010-08-09,53.0967838207,5.48029060613,5.13277988904
2010-09-10,54.6147978396,54.6147978396,25.8345194882
2010-09-26,55.049392627,54.8929196344,5.25262359036
2010-10-12,54.4772669182,54.4772669182,8.51358433682
2010-11-13,53.6811002937,38.1909782158,5.01110063447
2010-12-31,53.480187513,43.8599702142,23.8163244079
2011-02-01,53.4304431403,25.0344644283,13.0692586466
2011-02-17,53.0319162068,53.0319162068,48.9109222095
2011-03-21,52.993611324,49.9754112997,43.5003364148
2011-05-08,53.1840469317,5.15614304369,5.36032271059
2011-05-24,52.9796990421,5.14602928466,5.21512650589
2011-08-12,52.9326835913,52.6636268623,5.16512592044
2011-08-28,53.1389281882,21.2623857986,11.5795747456
2011-09-13,52.9968078182,52.9914549394,5.14012379788
2011-09-29,53.7810853697,53.737653328,5.19348888105
2011-10-15,54.0238372755,54.0238372755,5.11629860432
2011-10-31,53.1033591713,53.1033591713,33.3908587011
2012-01-03,55.5357826353,11.0254568388,5.51497519387
2012-02-04,53.9558332206,26.1216866128,8.43494904755
2012-04-08,53.2415019715,5.08480948893,5.26317821664
2012-05-10,59.2775423101,5.79236282931,5.86939492841
2012-05-26,59.2775423101,53.0340408845,5.78346011198
2012-06-11,54.5695963934,51.6159591952,5.28094937223
2012-06-27,53.2467203115,5.35521042997,5.17508560376
2012-07-13,53.9134918743,5.90427087161,5.36101988674
2012-10-01,53.40669736,44.9715782822,4.97817007259
2012-11-02,53.4981776342,32.88217096,5.73210379845
2012-11-18,54.0146909168,29.3394742445,5.07262445755
2012-12-04,53.0024394114,16.6546462733,16.9417859732
2012-12-20,53.9093195783,37.3562758299,6.38920681482
2013-03-26,52.7139109554,51.1571255594,29.9881423231
2013-04-11,53.1361531636,52.8072955307,53.1361531636
2013-04-27,52.7762047791,42.8505192581,5.30165755656
2013-05-13,53.2661973667,40.9296749185,5.37286295472
2013-06-14,53.2040180409,48.5558656732,5.29852728556
2013-06-30,53.0495339113,5.34958320638,5.23942990876
2013-07-16,52.7616752485,5.34602399035,5.09300469335
2013-08-01,52.801038554,51.1938604902,8.76963556439
2013-08-17,53.1872281592,52.3401277152,4.96446294176
2013-11-05,53.731245829,47.3985020976,4.92860261323
2013-12-07,54.1359427336,50.0341877285,21.1608696353
2013-12-23,53.5974281161,10.2909913339,4.73359519575
2014-01-24,58.1545664247,23.5229803381,6.03313507664
2014-02-09,58.9612862024,56.1299066291,44.4430877301
2014-03-29,53.2834720402,50.6466115107,39.4500807542
2014-04-14,53.2636894606,53.2636894606,53.2636894606
2014-04-30,53.8279337083,5.0891920308,5.35071903064
2014-05-16,54.1653142969,5.10598586372,5.26512608499
2014-06-01,53.7859370832,37.9045041128,5.40625638936
2014-06-17,53.0437443938,5.33266939436,5.40598236627
2014-07-03,53.4227467826,5.3773948406,5.34856883394
2014-07-19,53.1029655959,48.2780766226,5.12489831188
2014-10-07,53.3069865905,5.02239668591,4.9489137878
2014-10-23,53.4074412681,6.76561394768,5.96274766971
2014-11-08,53.9427213372,14.9715499183,7.76937891502
2014-11-24,53.0366109218,5.04225850474,4.95098431001
2014-12-26,53.407773756,52.9211402789,51.9090494487
2015-01-11,53.292889753,24.4694300669,12.2865073384
2015-01-27,53.3493904204,34.9781100632,11.1735501151
2015-02-12,53.4379228906,5.75351122059,6.64973366078
2015-03-16,53.4287580712,41.6835777681,51.0483318712
2015-04-01,52.8962868847,36.8819783931,6.01584015489
2015-05-03,53.0268084073,31.4300753133,5.21758591748
2015-05-19,53.4424597273,5.18864418822,5.26270357889
2015-06-20,53.243366142,5.99381467103,5.8189232848
2015-07-06,53.1612922434,11.0421621754,5.78362074473
2015-08-07,53.2864139589,53.2369220426,5.17758610083
2015-09-08,53.1258584768,16.315999896,4.50758808081
2015-09-24,53.9762540463,5.17915601245,4.97196324034
2015-10-10,54.1066072219,20.4816260731,7.39876475032
2015-10-26,54.1272555302,49.18846294,4.91972904099
2015-11-11,54.0345321563,6.58632689331,5.35965515488
2015-11-27,53.5985035694,41.3884548674,4.8135593624
2015-12-13,54.5868766009,34.8698171748,6.22980950324
2015-12-29,54.2730424595,24.6862621247,4.71488800793
2016-01-14,55.4095916387,33.060454952,6.19325379206
2016-01-30,55.4854585172,11.3367652258,4.76609330537
2016-02-15,54.0057666046,4.50358822065,4.48858701508
2016-03-02,53.3203987231,4.40608807172,4.50358999824
2016-04-03,52.9948948247,11.1868323258,4.52358967011
2016-04-19,53.2753442529,15.0963827951,5.21363560582
2016-05-05,53.3692668286,11.9871303887,4.49608710346
2016-05-21,53.1903929362,5.49413354409,6.5349891076
2016-06-06,53.4127143945,6.20586063563,7.01193900661
2016-06-22,53.2422533701,4.41900932865,4.51807726101
2016-07-08,52.7913241189,4.4627153691,4.42155407196
2016-07-24,52.719089063,52.5021950002,4.27862165641
2016-08-09,52.8189747764,4.24057204603,4.10377371443
2016-08-25,53.0191266009,4.21760186407,4.08444136388
2016-09-10,53.3020864142,4.35645705149,4.09107676582
2016-09-26,53.7125295167,32.2255457625,7.72669140407
2016-10-12,54.6780970861,3.97208466038,3.83463047338
2016-10-28,54.184089817,4.51894138029,3.78126624373
2016-11-13,53.1658682043,3.97735065152,4.65823814544
2016-11-29,53.4815524638,11.0957500367,3.63825403011
2016-12-31,52.7879076736,34.6571569931,21.5615968272
2017-01-16,52.937159384,35.533369188,22.4035734686
2017-02-01,52.9170715417,10.2150324855,4.94408081987
2017-03-05,53.2477608812,36.7722109693,18.5005591684
2017-03-21,53.225120684,10.8462252575,13.2998435548
2017-04-06,52.9383050005,4.2959981721,4.80685530155
2017-04-22,53.4051355357,18.4260170435,17.1735496589
2017-05-24,53.7433073385,4.31764411213,4.3101809412
2017-06-09,54.6066359802,4.24752280746,4.23275573328
2017-06-25,54.9035618238,4.43983164522,4.36319075031
2017-07-11,54.6576144623,4.5110086466,4.25486265034
2017-07-27,54.0380582788,4.68152388682,4.17389328585
2017-08-12,53.3960550413,53.3568480933,4.06255789648
2017-08-28,53.4417073338,53.2843733912,6.82266805593
2017-09-13,53.4032930269,4.06212876555,3.85443383068
2017-10-15,55.6102044218,4.05228040959,3.91564036629
2017-10-31,56.8564579514,3.96357201435,3.91693370445
2017-11-16,57.4002118874,27.2065659758,3.85661862475
2017-12-02,57.2814524992,57.2814524992,57.2814524992
2017-12-18,56.4068581671,29.2866439014,3.74161451904
2018-01-19,53.6495977542,20.1788784896,3.35692292882
2018-02-04,52.6213304071,40.5175687615,3.53485951086
2018-03-08,52.75153089,52.75153089,51.4696986118
2018-04-09,52.8157124641,52.7229755518,44.5025060469
2018-04-25,52.5139266862,14.65777588,3.39773736927
2018-05-11,52.3332853002,3.16641141406,3.2615691141
2018-05-27,52.5711324285,47.5625603909,3.50161121863
2018-06-12,52.6616448497,52.328169604,25.5266773058
2018-06-28,52.4668376457,3.30160672729,3.35495993869
2018-07-14,52.303686605,50.3571243567,3.19937961702
2018-07-30,52.4353068131,3.77242349674,3.02734836877
2018-08-15,52.5329580801,52.5154569849,2.99925734018
2018-08-31,52.5010140655,2.9548467506,2.82234379113
2018-09-16,52.4752131914,2.99843282784,2.80679287098
2018-10-02,52.3273190434,50.6009026393,2.65854529755
2018-11-03,52.4139282802,52.058906601,8.06516272354
2018-12-05,52.6429304633,50.4094268727,2.3145984812
2019-01-06,52.3377203779,0.880915454978,52.3377203779
2019-01-22,52.0750095536,20.0845602487,2.31322397591
2019-02-07,52.0545384227,25.9369627292,14.1944737366
2019-02-23,52.0786242172,51.1430683431,51.041508102
2019-04-28,52.2248193277,45.0494234962,23.3366662959
2019-05-14,52.0223122655,13.6389160787,2.07817956327
2019-05-30,52.1029016155,2.00341471627,2.13680781294
2019-06-15,52.2099303299,2.01482779064,2.08982751672
2019-07-01,52.274187111,41.5520164395,1.98853172968
2019-07-17,52.3342572277,1.9760313122,1.89848943521
2019-08-02,52.3055645261,50.910060797,3.12903865783
2019-08-18,52.1031549837,48.5243981062,1.66622168953
2019-09-03,51.9913425059,1.70821320857,1.5785246645
2019-09-19,51.654018819,1.55102490107,1.41938550841
2019-10-05,51.7174808409,46.294225084,1.29121636165
2019-10-21,52.0147476946,6.81597692618,2.58341911907