Date,Rarea,NDWI,MNDWI
2000-02-03,159.53960176,106.692166014,50.0125182077
2000-03-31,137.436183849,13.671657322,14.3199602907
2000-04-23,159.53960176,13.7839940446,14.2114465378
2000-05-02,139.416552103,13.5457814889,13.8620975643
2000-08-13,159.53960176,17.5962565922,13.5700408115
2000-09-14,159.53960176,156.201637254,13.8472046008
2000-10-09,150.704938474,149.390975567,13.7272927226
2000-10-16,159.53960176,153.668473567,12.9032354652
2000-11-10,140.013294942,102.228529644,13.6792906638
2000-12-03,159.53960176,35.8358971284,13.7222902834
2000-12-28,142.943834085,72.1892502174,21.6406834856
2001-01-04,159.53960176,24.3451945883,13.6593169235
2001-01-29,155.803030809,115.988140685,13.5577168298
2001-02-05,159.53960176,99.2571954956,13.3731160847
2001-02-14,146.552907918,146.542815949,65.483934803
2001-02-21,146.975441483,146.965448174,146.912981163
2001-03-02,136.223179854,72.5918090102,14.3663178239
2001-03-09,159.53960176,60.6971693649,22.8040735007
2001-04-19,147.840380124,30.1673881012,26.8788786357
2001-04-26,159.53960176,12.8895986539,13.3770902762
2001-05-12,159.53960176,12.9729306099,13.2896055191
2001-05-21,147.729302259,13.0137205377,13.3862072496
2001-08-16,159.53960176,38.6180018589,13.3453587723
2001-09-01,159.53960176,14.1772360292,12.1720717364
2001-09-17,159.53960176,155.060320252,11.9968506935
2001-09-26,152.285183099,149.470961983,12.1349765239
2001-10-03,159.53960176,155.737566267,11.7529842418
2001-10-12,149.605052635,147.088569156,11.5858040073
2001-10-19,159.53960176,159.53960176,159.53960176
2001-11-04,159.53960176,138.348659329,11.4347237941
2001-11-20,159.53960176,106.021247459,13.8998711407
2001-12-06,159.53960176,57.0028342224,14.7527352211
2001-12-15,153.941967722,28.9468428977,16.1845878459
2001-12-22,159.53960176,90.800881413,43.2548523803
2002-01-07,159.53960176,17.4588188816,13.3620867544
2002-01-16,144.445218672,33.6303671815,13.5079743858
2002-01-23,159.53960176,36.1288495284,13.2981625735
2002-02-01,143.23792483,143.23792483,136.256824468
2002-02-08,159.53960176,159.43716219,159.087329005
2002-02-24,141.163552529,71.538114531,13.1038266818
2002-03-12,159.53960176,125.112283416,13.49543967
2002-03-28,159.53960176,151.341691192,13.2990966556
2002-04-22,139.434270756,12.9105992918,13.1742362084
2002-05-08,159.525794176,12.4217052957,12.5958266607
2002-05-15,159.53960176,158.507435966,13.6734577543
2002-05-31,159.53960176,107.24701331,59.7837048556
2002-06-09,144.465783763,14.23944832,12.5976750067
2002-06-16,159.53960176,157.51673755,12.5327374035
2002-07-02,159.53960176,18.0155489666,12.365001834
2002-07-11,148.84697143,146.060290992,12.1194886477
2002-07-18,159.53960176,144.208913382,94.0844539614
2002-07-27,139.012502547,136.245098405,12.2035919912
2002-08-03,159.53960176,20.1945006806,11.85530016
2002-08-12,147.638016956,12.5396597902,11.5779968448
2002-08-19,159.53960176,24.4540746418,12.195373392
2002-09-13,143.307511409,140.470093282,11.4960816091
2002-09-20,159.53960176,154.18890653,11.0198300051
2002-09-29,146.943358168,144.807298027,11.088693537
2002-10-06,159.53960176,159.479637312,91.7898164741
2002-10-15,159.530145586,156.151176,10.6300348706
2002-10-22,159.53960176,156.407018127,10.7560057993
2002-11-23,159.53960176,151.255838828,10.3667692329
2002-12-02,159.537860793,152.127266286,10.0805210166
2002-12-09,159.53960176,158.210405631,67.0210445978
2002-12-18,142.695829813,134.809680488,75.7897564993
2002-12-25,159.53960176,108.505504619,42.4909520775
2003-01-19,139.362864257,38.4034576115,10.5949122297
2003-01-26,159.53960176,18.6625504826,10.6935794208
2003-02-04,147.241533323,65.6016763584,10.6824047134
2003-02-11,159.53960176,52.3714344743,10.5228001099
2003-02-27,159.53960176,62.3562404348,17.2881539278
2003-03-08,148.159755249,104.187779561,23.4054737778
2003-03-15,159.53960176,126.12409091,10.4142363728
2003-03-31,159.53960176,128.044427749,10.0891389261
2003-04-09,141.459213828,137.997652498,10.0823942691