Date,Rarea,NDWI,MNDWI
2000-02-03,6.41728355486,0.285591334376,0.28238884137
2000-02-03,6.41728355486,0.294080274109,0.281489536865
2000-02-28,6.41749442882,1.71617304511,0.940915384947
2000-03-31,6.41749442882,0.228976615967,0.344290998481
2000-04-23,6.41728355486,0.232026541016,0.324769913072
2000-04-23,6.41728355486,0.231127223328,0.32836722783
2000-06-03,6.41749442882,0.265271405647,0.729697966215
2000-07-28,6.41728355486,0.346353626756,0.41370358328
2000-08-13,6.41728355486,0.385684146265,0.311096515918
2000-08-22,6.41749442882,0.34537214713,0.283941817692
2000-09-14,6.41728355486,6.24216434232,0.286546898352
2000-09-14,6.41728355486,6.24394891435,0.291043541723
2000-10-09,6.41749442882,6.26559779229,0.305907696378
2000-10-16,6.41728355486,4.86247544094,0.238321798828
2000-10-16,6.41728355486,4.84648847176,0.243717800842
2000-11-26,6.41749442882,0.624393733142,0.262200731628
2000-12-03,6.41728355486,0.521222453165,0.288684151306
2000-12-03,6.41728355486,0.521166045915,0.280590268799
2000-12-28,6.41749442882,1.96553828595,1.21776546671
2001-01-04,6.41728355486,1.67858374226,0.792232861772
2001-01-04,6.41728355486,1.67664397253,0.771015683346
2001-01-13,6.41749442882,1.35395451276,0.425488378861
2001-01-29,6.41749442882,0.775388095825,0.280159765381
2001-02-05,6.41728355486,0.305993783094,0.272496235229
2001-02-05,6.41728355486,0.302001496937,0.272496258179
2001-02-21,6.41728355486,1.62206355002,1.04445731073
2001-03-02,6.41749442882,2.48389947817,0.82665465482
2001-03-09,6.41728355486,0.358208048265,0.269798244141
2001-03-09,6.41728355486,0.364838455617,0.268898930847
2001-04-26,6.41728355486,0.219435958984,0.317335397547
2001-05-12,6.41728355486,0.253723277696,0.34881162472
2001-05-12,6.41728355486,0.249942580371,0.347069430346
2001-05-21,6.41749442882,0.287720245369,0.435277547996
2001-07-31,6.41728355486,0.48393171683,0.287714128161
2001-08-09,6.41749442882,0.488225543073,0.269761287239
2001-08-16,6.41728355486,1.21347434599,0.312122798668
2001-08-25,6.41749442882,1.89334017583,0.357249538138
2001-09-01,6.29990889726,0.231239965684,0.205945960693
2001-09-01,6.29990889726,0.234653919787,0.205046680969
2001-09-10,6.41749442882,6.28208125596,0.226282718811
2001-09-17,6.41728355486,6.27081962116,0.204232065167
2001-09-17,6.41728355486,6.26992028143,0.205131393536
2001-09-26,6.41749442882,6.38706310212,0.220894954712
2001-10-03,6.41728355486,6.27669863492,0.196910565605
2001-10-03,6.41728355486,6.28209465341,0.198709222831
2001-10-12,6.41749442882,6.28767318417,0.167916119873
2001-10-19,6.41728355486,6.41728355486,6.41728355486
2001-10-19,6.41728355486,6.41728355486,6.41728355486
2001-11-04,6.41728355486,6.36705176742,0.175368942139
2001-11-04,6.41728355486,6.36041435393,0.169973032654
2001-11-20,6.41728355486,4.00125208427,1.59151603437
2001-11-20,6.41728355486,3.96486638576,1.56809108537
2001-11-29,6.41749442882,5.07954650986,6.41749442882
2001-12-06,6.41728355486,2.34972314479,0.713056193172
2001-12-06,6.41728355486,2.36087485365,0.683773220165
2001-12-15,6.41749442882,2.92364325018,1.9370856052
2001-12-22,6.41728355486,5.61394991173,3.40863745136
2001-12-22,6.41728355486,5.61101223129,3.40708570428
2001-12-31,6.41749442882,0.360843925671,0.283688169345
2002-01-07,6.41728355486,0.310268367798,0.268898904358
2002-01-07,6.41728355486,0.31746299707,0.274294868591
2002-01-16,6.41749442882,0.329489949594,0.276567907654
2002-01-23,6.41728355486,0.753810547559,0.715409722341
2002-01-23,6.41728355486,0.764768311203,0.714708046083
2002-02-08,6.41728355486,6.33301897871,2.38813921242
2002-02-24,6.41728355486,0.303881123643,0.265301612
2002-02-24,6.41728355486,0.304840443447,0.264402299133
2002-03-05,6.41749442882,2.15902882774,1.65530597735
2002-03-12,6.41728355486,0.371909240028,0.264402273926
2002-03-12,6.41728355486,0.370882995707,0.266200947754
2002-03-21,6.41749442882,1.38788291746,0.277465965088
2002-03-28,6.41728355486,1.47365764359,0.281602302659
2002-03-28,6.41728355486,1.48074979761,0.284300267198
2002-04-06,6.41749442882,0.195752505371,0.258985848335
2002-04-22,6.41749442882,0.223588939697,0.338942781909
2002-05-08,6.41749442882,0.221792962402,0.239231029426
2002-05-15,6.41728355486,6.39839766698,0.619439886875
2002-05-15,6.41728355486,6.39480035861,0.630429279924
2002-05-31,6.41728355486,3.56936678584,1.60734787543
2002-06-09,6.41749442882,0.504262424518,0.415505543452
2002-06-16,6.41728355486,6.16224448594,0.407527897835
2002-06-16,6.41728355486,6.16591231283,0.416129680941
2002-07-02,6.41728355486,0.706071224993,0.444692787225
2002-07-02,6.41728355486,0.712073760194,0.437699220828
2002-07-11,6.41749442882,6.38817558527,0.409445185777
2002-07-18,6.41728355486,5.59748368123,6.22563394896
2002-07-18,6.41728355486,5.59474686782,6.23180225739
2002-07-27,6.41749442882,6.41421606843,0.413473559047
2002-08-03,6.41728355486,0.727344828834,0.284409190524
2002-08-03,6.41728355486,0.740965306337,0.274167604822
2002-08-19,6.41728355486,1.7995679713,0.412904806205
2002-08-19,6.41728355486,1.82078170922,0.415352529832
2002-08-28,6.41749442882,4.82055196097,2.51526951192
2002-09-13,6.41749442882,6.36610704119,0.183181251953
2002-09-20,6.41728355486,6.29231904598,0.165476358582
2002-09-20,6.41728355486,6.29591639278,0.162778382813
2002-09-29,6.41749442882,6.35263797069,0.161630435059
2002-10-06,6.41728355486,6.41728355486,6.41728355486
2002-10-15,6.41749442882,6.23177556808,0.175997618896
2002-10-22,6.41728355486,6.26093387973,0.184362221191
2002-10-22,6.41728355486,6.25272708345,0.187959583191
2002-11-23,6.41728355486,0.823150779706,0.226630562256
2002-12-02,6.41749442882,1.02034936115,0.200242272583
2002-12-09,6.41728355486,6.15817884142,4.16657798786
2002-12-09,6.41728355486,6.15474735988,4.1848926708
2002-12-18,6.41749442882,3.23891985344,0.420783452644
2002-12-25,6.41728355486,1.48767156831,0.949140588214
2002-12-25,6.41728355486,1.49430555671,0.950801670223
2003-01-03,6.41749442882,0.316077292297,0.250527436096
2003-01-19,6.41749442882,0.443493231611,0.254119186646
2003-01-26,6.41728355486,1.21803016841,0.671199997968
2003-01-26,6.41728355486,1.21351948176,0.675668409802
2003-02-04,6.41749442882,0.577380666854,0.24244584967
2003-02-11,6.41728355486,0.468801862374,0.223932576538
2003-02-11,6.41728355486,0.472875355571,0.22842926532
2003-02-27,6.41728355486,0.648649467261,0.27170981743
2003-02-27,6.41728355486,0.637744739946,0.273508474168
2003-03-08,6.41749442882,0.950201874638,0.377536373038
2003-03-15,6.41728355486,1.44840298721,0.223033248779
2003-03-15,6.41728355486,1.44829011525,0.223033255066
2003-03-24,6.41749442882,1.93306602975,0.211017654297
2003-03-31,6.41728355486,2.90411940784,0.191556867676
2003-03-31,6.41728355486,2.92521664245,0.194254877747
2003-04-09,6.41749442882,5.69312581506,0.196129269172