Date,Rarea,NDWI,MNDWI
2000-05-16,11.983700866,2.1301843075,2.20067651234
2000-10-07,11.983700866,11.6883555962,2.12518620191
2000-11-24,11.983700866,6.86949563885,2.14770404889
2001-01-11,11.983700866,3.1893821511,2.10987411402
2001-02-28,11.983700866,9.59049470086,5.48122563904
2001-03-16,11.983700866,5.41077327127,2.05394514537
2001-06-04,11.983700866,2.17253194349,2.15032142509
2001-08-23,11.983700866,2.18725065392,2.12870434184
2001-09-08,11.983700866,11.7806594285,2.15482500121
2001-09-24,11.983700866,11.771228456,2.14470522277
2001-11-11,11.983700866,10.3600672485,3.45735796978
2001-12-29,11.983700866,2.44731252226,2.15625903591
2002-01-14,11.983700866,3.24117163901,2.13959409559
2002-01-30,11.983700866,10.124305494,10.0148710254
2002-03-03,11.983700866,3.10813881012,2.19289155381
2002-03-19,11.983700866,6.0701762716,4.49354730883
2002-04-04,11.983700866,1.97526173468,2.10078220714
2002-05-06,11.983700866,5.69549093519,4.41056780158
2002-05-22,11.983700866,11.8853007208,2.12570543549
2002-06-07,11.983700866,2.42691759792,2.1936403678
2002-07-09,11.983700866,9.1109328909,4.20132724703
2002-07-25,11.983700866,2.24277332361,2.13951286931
2002-08-10,11.983700866,2.34455380127,2.16473282152
2002-09-11,11.983700866,11.6792143045,2.13861217046
2002-09-27,11.983700866,11.983700866,11.983700866
2002-10-13,11.983700866,11.4535208428,2.12149861998
2002-11-30,11.983700866,10.1645556345,2.00260453899
2002-12-16,11.983700866,8.29618901301,2.14343717988
2003-01-01,11.983700866,3.68447067141,2.06745582585
2003-02-02,11.983700866,4.61155197535,2.28152518109
2003-03-06,11.983700866,3.88692578461,1.91793754576
2003-03-22,11.983700866,6.21794461964,1.87830618138
2003-04-23,11.983700866,11.983700866,11.7845548773
2003-08-13,11.983700866,2.03200659375,1.98008672942
2003-09-30,11.983700866,11.9314595778,2.04186852327
2003-11-01,11.983700866,11.4694368875,2.01394645711
2003-12-03,11.983700866,6.52254845956,2.11302485183
2004-02-05,11.983700866,2.99258596344,2.02557091138
2004-05-11,11.983700866,2.09622214461,2.23708652786
2004-05-27,11.983700866,2.08064513422,2.19437158198
2004-06-12,11.983700866,6.43218152406,3.20367766443
2004-08-15,11.983700866,11.709598325,2.1734432702
2004-08-31,11.983700866,2.27010906401,2.19760709332
2004-09-16,11.983700866,11.7470150051,2.19490493262
2004-10-02,11.983700866,11.4711923362,2.13816002789
2004-11-19,11.983700866,10.4633699245,1.97791792959
2004-12-05,11.983700866,10.2915775468,1.88519044562
2005-01-06,11.983700866,4.08019479284,1.8473145851
2005-02-23,11.983700866,2.6836697426,2.13193978035
2005-03-27,11.983700866,5.93910693006,2.1947636907
2005-07-01,11.983700866,2.18673845398,2.15392428313
2005-07-17,11.983700866,2.16231325641,2.15212285356
2005-08-02,11.983700866,2.15168838239,2.13681073613
2005-08-18,11.983700866,10.5575276928,2.08727155492
2005-09-03,11.983700866,2.28343575866,2.12332472451
2005-12-24,11.983700866,6.26921140299,1.90631308814
2006-02-10,11.983700866,6.44075113244,6.03355345064
2006-04-15,11.983700866,4.67153147553,2.14131426347
2006-06-02,11.983700866,2.09595722662,2.11879647929
2006-06-18,11.983700866,3.94722479596,1.0961949037
2006-07-04,11.983700866,2.14729786353,2.13681075829
2006-07-20,11.983700866,2.19593630225,2.14401642607
2006-08-05,11.983700866,2.17431928278,2.12780363493
2006-10-24,11.983700866,10.4461786288,2.05799659863
2006-11-09,11.983700866,9.98326925265,1.83815228388
2006-11-25,11.983700866,4.23691833664,2.10303224915
2007-02-13,11.983700866,2.81880125225,1.95756889391
2007-03-01,11.983700866,8.58580875,1.8302010638
2007-03-17,11.983700866,7.88949471593,1.69546153856
2007-04-02,11.983700866,10.2748274443,1.63466167804
2007-05-04,11.983700866,1.74855402786,1.68653916285
2007-06-21,11.983700866,1.9287318277,1.81546823206
2007-07-07,11.983700866,1.8905946897,1.83475055292
2007-07-23,11.983700866,1.93022603967,1.84497982811
2007-08-24,11.983700866,1.88686473954,1.8062491964
2007-09-09,11.983700866,11.7153526864,1.7585114146
2007-11-12,11.983700866,5.86261154993,2.03773235075
2007-12-14,11.983700866,8.46287756838,5.90366905772
2007-12-30,11.983700866,2.72937691283,2.1701370825
2008-01-31,11.983700866,3.36186722695,2.24408031342
2008-02-16,11.983700866,3.26669855554,2.10708719243
2008-04-04,11.983700866,6.52701968623,2.14581785582
2008-05-06,11.983700866,9.22828788946,2.12059791704
2008-05-22,11.983700866,2.09595725458,2.12968981666
2008-08-26,11.983700866,2.08695007043,2.03110592505
2008-09-11,11.983700866,10.8971670153,2.03200650421
2008-09-27,11.983700866,1.97616219586,1.82214056567
2008-10-13,11.983700866,10.8668925451,1.66369992806
2008-10-29,11.983700866,10.2499823976,1.54324109972
2008-11-14,11.983700866,10.341186301,2.33835052156
2009-02-18,11.983700866,3.4152288403,2.36035300806
2009-03-06,11.983700866,2.31578760084,2.10348435503
2009-03-22,11.983700866,7.26748870906,4.35772595128
2009-04-07,11.983700866,0.708161997489,11.4741873026
2009-08-13,11.983700866,2.19895989848,2.14639716028
2009-08-29,11.983700866,11.6060168122,2.149099289
2009-12-03,11.983700866,11.8582827938,2.82842628725
2009-12-19,11.983700866,4.39437629579,2.11077479358
2010-02-05,11.983700866,3.23195315609,2.46040669369
2010-06-13,11.983700866,2.10766649188,2.16301612262
2010-07-15,11.983700866,2.21485128577,2.18070897011
2010-10-03,11.983700866,11.6637961479,2.07376080974
2010-10-19,11.983700866,11.0295600665,1.98156671954
2010-11-04,11.983700866,10.6132827932,1.67924889549
2010-11-20,11.983700866,8.59518516114,2.29738041992
2011-03-12,11.983700866,5.19349942384,2.21165457337
2011-04-13,11.983700866,11.9135052489,11.983700866
2011-09-04,11.983700866,2.19593620636,2.14581783336
2011-09-20,11.983700866,2.07073724463,2.12387930817
2011-10-06,11.983700866,9.26208030964,2.12027644757
2011-10-22,11.983700866,1.98967310126,2.09415575671
2011-11-07,11.983700866,8.8245213288,2.0815457981
2012-02-27,11.983700866,5.79387239264,1.95765362354
2012-03-14,11.983700866,4.44596931727,1.77022067381
2012-05-17,10.8248089997,1.48077058008,1.51531907359
2012-06-02,11.983700866,1.77980705438,1.77260136627
2012-08-05,11.983700866,11.841441135,2.03773230626
2012-08-21,11.983700866,11.8533411634,2.0239001897
2012-10-08,11.983700866,2.00858806055,2.03290730237
2012-10-24,11.983700866,10.652678325,8.50601723275
2012-11-25,11.983700866,11.1001692262,2.111269276
2013-01-12,11.983700866,2.83665008221,2.10140034585
2013-01-28,11.983700866,6.2673001988,2.41864924231
2013-02-13,11.983700866,2.30226246852,2.14860465845
2013-03-17,11.983700866,1.77620423608,1.82885173243
2013-04-02,11.983700866,11.9539773663,10.0875398855
2013-05-04,11.983700866,1.79079923991,1.77652563908
2013-05-20,11.983700866,11.9366095762,1.89730583588
2013-08-24,11.983700866,1.86447401373,1.77890636096
2013-09-09,11.983700866,1.81673623901,1.73837428894
2013-09-25,11.983700866,1.73205513302,1.68613294409
2013-10-11,11.983700866,1.55823174689,1.52220327747
2013-10-27,11.983700866,6.69110605691,4.9459382299
2013-11-12,11.983700866,10.5543732047,1.25469167676
2013-11-28,11.983700866,1.28531589679,1.20154964819
2013-12-14,11.983700866,5.41583412831,1.4303305921
2014-01-15,11.983700866,6.59178273976,1.42099856823
2014-02-16,11.983700866,2.43594587589,2.11847502863
2014-03-20,11.983700866,2.28696110716,2.16798238133
2014-04-05,11.983700866,3.10897187264,2.17944086742
2014-04-21,11.983700866,6.27166160013,2.2374926867
2014-05-07,11.983700866,11.9638852146,5.46158336663
2014-05-23,11.983700866,9.69423147615,2.15752708299
2014-06-08,11.983700866,2.10496432916,2.11135410219
2014-06-24,11.983700866,2.14999994958,2.13829069592
2014-07-10,11.983700866,2.1545035246,2.12658146271
2014-07-26,11.983700866,11.7442952364,2.12658146985
2014-08-11,11.983700866,11.983700866,11.983700866
2014-10-14,11.983700866,1.99868022223,2.05272299103
2014-10-30,11.983700866,1.94283603955,1.99237523682
2014-12-01,11.983700866,2.62359467443,2.5417002144
2015-01-02,11.983700866,3.71353043711,1.99237520502
2015-01-18,11.983700866,4.92075676827,3.03936692136
2015-02-03,11.983700866,2.16378963254,2.02119801007
2015-02-19,11.983700866,2.37927140589,1.89181685393
2015-03-07,11.983700866,8.77729756902,4.32836384824
2015-03-23,11.983700866,2.53226625496,11.8811431838
2015-04-08,11.983700866,8.98072789802,5.40102280491
2015-05-10,11.983700866,11.258955494,11.7091530238
2015-05-26,11.983700866,1.55012534558,1.53841609497
2015-06-11,11.983700866,11.983700866,11.983700866
2015-07-13,11.983700866,11.54622269,1.70504790985
2015-08-14,11.983700866,1.82844549786,1.77800563812
2015-09-15,11.983700866,1.81853767017,1.78070776367
2015-10-01,11.983700866,1.7032464765,1.71405504663
2015-11-02,11.983700866,9.66262606028,1.38619568762
2015-11-18,11.983700866,10.5165860978,1.19074108295
2015-12-04,11.983700866,1.14390403394,1.09706700745
2015-12-20,11.983700866,8.79380294402,0.970967298828
2016-01-05,11.983700866,9.10866647588,0.837661899658
2016-02-06,11.983700866,4.9182916224,1.36836559075
2016-02-22,11.983700866,2.69096733224,0.444050806519
2016-03-25,11.983700866,0.470171446594,0.526015571045
2016-04-10,11.983700866,0.510703479004,0.568349020508
2016-04-26,11.983700866,10.2528753514,1.30753983536
2016-05-12,11.983700866,9.21428280973,0.448554365356
2016-05-28,11.983700866,0.650313804688,0.68183872583
2016-06-29,11.983700866,1.02744370339,0.985378706543
2016-07-15,11.983700866,11.5893723517,1.07544992633
2016-07-31,11.983700866,11.8981331038,1.22046460248
2016-08-16,11.983700866,10.8290578513,8.54475538161
2016-09-17,11.983700866,2.37968227087,2.39589513507
2016-10-03,11.983700866,10.4122543569,1.3357558089
2016-11-04,11.983700866,10.797208146,1.18984040216
2016-11-20,11.983700866,4.83397302973,1.16642186841
2016-12-06,11.983700866,6.54917745116,1.13399620734
2016-12-22,11.983700866,11.7962324661,3.41690415773
2017-01-23,11.983700866,5.97951899687,2.6302070484
2017-03-12,11.983700866,2.4840654701,2.15253261867
2017-03-28,11.983700866,2.52444895273,2.10586508502
2017-04-29,11.983700866,2.06406492762,2.1454963999
2017-05-15,11.983700866,7.65630431675,2.10766646851
2017-05-31,11.983700866,2.02209882123,2.0852334341
2017-06-16,11.983700866,2.05992876123,2.08875153729
2017-07-02,11.983700866,2.44179929174,2.37406923223
2017-07-18,11.983700866,10.7426990892,2.15270214355
2017-08-03,11.983700866,2.17702137524,2.14279432477
2017-08-19,11.983700866,10.7295208196,2.12838293964
2017-09-04,11.983700866,2.06173016986,2.06983659937
2017-09-20,11.983700866,2.00678666467,2.04912015997
2017-10-06,11.983700866,11.7591586353,2.51887900857
2017-11-07,11.983700866,9.49897797287,1.83835339728
2017-11-23,11.983700866,9.71080816365,1.69063652625
2017-12-09,11.983700866,4.57251281557,1.8779847301
2017-12-25,11.983700866,7.55150774675,1.68703370978
2018-02-11,11.983700866,11.8352987056,6.50561451962
2018-03-15,11.983700866,10.5550020285,3.58448833657
2018-04-16,11.983700866,10.8322838447,9.06482142645
2018-05-02,11.983700866,7.71980903996,2.84152325032
2018-05-18,11.983700866,7.19789549646,0.975470863525
2018-06-03,11.983700866,9.82453139003,0.972768732727
2018-06-19,11.983700866,11.2920035478,0.970066603088
2018-07-05,11.983700866,11.7829128476,0.983577285889
2018-07-21,11.983700866,1.02771215674,1.00339294653
2018-08-06,11.983700866,11.3937060565,1.02501004352
2018-08-22,11.983700866,11.8819205349,1.07635063147
2018-09-07,11.983700866,11.8945304932,1.83353933781
2018-09-23,11.983700866,1.10607407678,1.08535774628
2018-10-09,11.983700866,1.0394214209,1.03581858514
2018-10-25,11.983700866,10.9809717587,1.0367192981
2018-11-10,11.983700866,0.990782975952,0.992584399414
2018-12-12,11.983700866,10.3032968701,0.901612477478
2018-12-28,11.983700866,10.1632026661,0.850271881409
2019-01-13,11.983700866,2.21888488111,0.848470463196
2019-01-29,11.9704904475,8.23469738923,2.62831997176
2019-03-02,11.983700866,1.25404492225,0.740385009949
2019-03-18,11.983700866,11.983700866,11.983700866
2019-04-03,11.983700866,3.35993177901,1.62052567061
2019-04-19,11.983700866,1.0430242923,1.13849978748
2019-05-05,11.983700866,2.90138478813,1.78431059985
2019-05-21,11.9233673868,1.74287784167,1.77890632556
2019-06-06,11.983700866,11.4358450825,1.84226343644
2019-06-22,11.983700866,1.76899850256,1.77440277722
2019-07-08,11.983700866,9.74456602744,1.77350207288
2019-07-24,11.983700866,1.82214052319,1.79061560321
2019-08-09,11.983700866,11.9638852284,0.226979505371
2019-08-25,11.983700866,1.79962271185,1.77079993994
2019-09-10,11.9410495751,9.12639417678,1.74287785883
2019-09-26,11.792739559,8.89946792018,1.6861329801
2019-10-12,11.9615681152,9.80717067124,1.62398380011
2019-10-28,11.983700866,1.48527408209,1.51409687946