Date,Rarea,NDWI,MNDWI
2000-06-24,38.4172038106,2.90661549267,2.82389247766
2000-09-28,38.4172038106,38.0877981387,2.57319836301
2000-10-14,38.4172038106,37.9753583703,2.52369113877
2000-11-15,38.4172038106,34.7642290035,2.36500413904
2001-01-02,38.4172038106,11.4419001976,2.28759297162
2001-03-07,38.4172038106,38.1534231327,3.83095688987
2001-05-26,38.4172038106,2.86185076574,2.95063045432
2001-06-11,38.4172038106,3.05022590692,2.98010816745
2001-07-29,38.4172038106,3.66218362539,2.80703371729
2001-08-14,38.4172038106,3.28939580133,2.72315274878
2001-09-15,38.4172038106,38.3723427231,2.59689812682
2001-10-01,38.4172038106,38.1323301014,2.56393238312
2001-10-17,38.4172038106,37.2619570134,38.4172038106
2001-11-02,38.4172038106,37.7809760092,2.53872831201
2001-12-20,38.4172038106,5.93423635908,3.23480906559
2002-01-05,38.4172038106,8.07683431406,3.13975947136
2002-01-21,38.4172038106,10.4652432849,2.99226573573
2002-02-06,38.4172038106,9.35413763449,2.94828686591
2002-03-10,38.4172038106,38.4172038106,38.4172038106
2002-03-26,38.4172038106,38.3349121906,6.40821279072
2002-04-27,38.4172038106,2.68917719031,2.73395790886
2002-05-29,38.4172038106,34.3642231508,37.2790871299
2002-06-30,38.4172038106,3.82540908382,2.66197569062
2002-07-16,38.4172038106,38.2242185846,2.6144349722
2002-09-02,38.4172038106,38.315846922,2.54349447947
2002-09-18,38.4172038106,38.1180055375,2.5324279895
2002-10-04,38.4172038106,36.8814790083,2.43251407178
2002-11-21,38.4172038106,35.6428653885,2.25428850983
2002-12-07,38.4172038106,37.8936435219,21.5216978952
2002-12-23,38.4172038106,21.2143271919,2.31855023278
2003-01-24,38.4172038106,33.1340087264,6.26653834758
2003-02-25,38.4172038106,37.7075789663,12.4495959153
2003-03-13,38.4172038106,33.8252100567,4.76356025218
2003-03-29,38.4172038106,30.396080485,1.96900035331
2003-04-14,38.4172038106,38.4172038106,38.4172038106
2003-05-16,38.4172038106,1.83813544239,1.77567030483
2003-08-20,33.1293956745,4.70088688007,3.24150643357
2003-10-07,32.8769226396,32.0750454223,0.935324971562
2003-12-10,32.7124961006,30.6949070472,0.802385336791
2004-01-11,33.0648761026,20.6892049662,0.668266854858
2004-01-27,32.9058693246,21.8355508806,0.924801605773
2004-02-28,33.0949199545,10.2687582045,1.20924298254
2004-04-16,33.3533256727,27.3588757206,2.15857646813
2004-06-19,33.3342841186,2.07838371479,2.00485217508
2004-07-21,33.2163707605,2.16479440128,1.92719775424
2004-08-06,33.4668760378,33.4282731534,2.04958184052
2004-09-07,33.1801068026,32.9191215839,1.86806335029
2004-10-09,32.9469609685,32.1708993004,1.62213198906
2004-11-26,32.7900791377,31.6796153269,1.29565443957
2004-12-12,32.8988504527,30.4588183428,1.41563469779
2005-03-02,32.8575115555,6.56745496942,1.50073676495
2005-03-18,32.8208449745,21.1683269399,1.43864345966
2005-05-05,33.3235053812,1.14812160946,1.24805684136
2005-05-21,33.1556835847,1.32843417105,1.35050729763
2005-07-08,33.2540738829,1.16005494599,1.19405113777
2005-07-24,33.1156251261,1.24421584814,1.03327899538
2005-09-10,33.3784924528,32.993792876,0.8554923385
2006-02-01,32.733824926,32.7221236117,32.1919859548
2006-02-17,32.8804503912,15.4430396435,6.83913787186
2006-03-05,32.9444712649,3.75271434893,2.66890775121
2006-06-25,32.829216584,2.75556108342,2.58255580109
2006-07-11,33.183569867,2.79064847394,2.58499447879
2006-09-29,32.8876499868,28.9398418318,2.31189887146
2006-10-15,32.7489797387,2.13941353515,2.20568462091
2007-01-03,32.7320057657,19.9123900574,2.21918677209
2007-01-19,33.1123974275,20.9378349788,1.94007543946
2007-02-04,32.9232992882,21.5724289258,1.97525057117
2007-02-20,32.797425885,30.2773214265,1.90863968201
2007-03-08,32.7613728991,32.1081507354,1.85372688404
2007-04-25,33.1192731765,31.4443412959,6.50551770082
2007-05-11,33.3085260788,31.0207069378,1.67064976516
2007-05-27,33.6435738993,1.66621905,1.57048477131
2007-06-12,33.4625502845,1.66434101095,1.55432141348
2007-06-28,33.2962737462,1.6399912112,1.4912136487
2007-07-14,33.4302418417,1.71422109823,1.35857091908
2007-07-30,33.4847904546,1.493919751,1.31313400084
2007-11-03,32.9567760204,25.3098170096,1.64779026226
2008-02-23,33.3752882327,21.0518035578,1.2957388281
2008-03-10,33.7912931819,33.7842614381,32.9023635155
2008-03-26,33.42126788,33.1242390043,18.1100947204
2008-04-27,33.2220987309,26.0138288641,1.40330079348
2008-05-13,33.1959568614,30.9735416368,1.34311590252
2008-09-02,33.4225914141,33.3602751946,1.07897340578
2008-09-18,33.2932554257,33.2568766634,0.98240939331
2008-10-04,33.1833552386,33.1748479583,16.5756613106
2008-10-20,33.1862594227,32.074720114,0.81190833136
2008-11-05,32.9140446883,31.6028095225,0.70040268846
2008-12-07,33.0388359696,19.7815429737,0.592388068038
2008-12-23,33.2743334234,29.7572077947,1.47644271284
2009-01-08,33.5051069718,29.0440816701,1.13064041383
2009-01-24,33.7187635245,12.2882797684,0.562461214224
2009-02-25,33.6290424506,33.6290424506,33.0303587538
2009-04-14,32.991743156,21.4300636504,2.44079605674
2009-05-16,32.7918518215,13.9697465713,2.93730908513
2009-06-01,32.8467912884,2.28932679059,2.25642148723
2009-06-17,32.985345123,2.52013466141,2.31192767442
2009-07-03,33.1587754603,2.47750053367,2.29282345293
2009-07-19,33.2478081122,3.14967131676,2.3361643539
2009-08-04,33.7292268504,3.27204820821,2.24509605837
2009-11-08,33.3149866683,28.7236827716,2.21401544715
2009-11-24,33.4275557338,31.721606583,1.68684302201
2009-12-10,33.420868836,32.0436049842,5.50849224163
2009-12-26,33.2717911818,31.8799361811,1.37481828792
2010-05-19,33.7759345178,2.40787467351,2.55753522836
2010-06-04,33.7722594784,33.4905163448,2.58335587292
2010-06-20,33.7898669773,2.47000747668,2.40889470348
2010-07-22,33.604127533,2.50696919059,2.37855938293
2010-08-07,33.8926879027,2.42944555176,2.2190827278
2010-10-26,33.6133152251,31.1445721658,1.91197201805
2010-11-11,33.6059672272,31.1080481858,1.75888125542
2010-12-13,33.5118381962,16.6458616548,1.99831345098
2010-12-29,33.6699737436,32.8182982649,2.60362688429
2011-01-30,33.6811279118,8.13572900174,2.7930869491
2011-02-15,33.8745061121,5.70986735164,2.63584243399
2011-03-03,33.5621180144,2.356469294,2.69451829878
2011-03-19,33.7230721674,32.9967353832,2.49135969841
2011-06-23,33.8938778755,33.8328145818,2.54852137651
2011-07-09,33.9036305488,2.95148758177,2.49415054724
2011-08-10,34.0169563364,2.9892939792,2.47734662317
2011-08-26,33.7134275424,33.6413017177,2.47436485534
2011-10-13,33.5757527722,2.2691858539,2.31320427375
2011-11-14,33.5459658783,29.0482623623,2.0481331103
2011-11-30,33.499652794,32.8068537491,2.0599391744
2012-01-01,33.076379216,9.82660826525,2.62041684835
2012-01-17,33.4521048665,9.24659919499,2.3844413648
2012-02-02,33.5420469034,9.05454191645,2.21029716035
2012-03-05,33.579397449,19.3538294066,2.30795889159
2012-03-21,33.6042234041,31.9732173314,1.42950893546
2012-04-06,33.7952622992,28.6909733317,2.16171498226
2012-04-22,33.0017256835,27.9035408285,2.16645136651
2012-06-25,33.6107460549,33.3951167892,2.12450742747
2012-07-11,33.6024639647,2.73103644667,2.00701381743
2012-07-27,33.7233921299,2.4393143592,1.94814225807
2012-08-12,33.5024378583,2.4629165723,2.02372428626
2012-09-13,33.6578998375,33.6202397013,1.73444359677
2012-09-29,33.528305681,32.754857504,1.59826233697
2012-10-31,33.6599258295,32.3752819607,1.33617041673
2012-11-16,33.6312912667,11.2992702783,0.718988247874
2012-12-18,33.4183699419,1.32032279167,1.25367948711
2013-01-19,33.5561031246,29.5120334779,30.0472480307
2013-02-04,33.6283283559,15.5212002996,0.980231774841
2013-02-20,33.6482125769,30.9322825721,10.5997012671
2013-03-08,33.6957668721,28.1188473499,0.953326304509
2013-03-24,34.0156044035,32.0847133282,0.920603852087
2013-04-25,34.036431325,25.3361082126,0.887990979062
2013-05-11,33.7927930698,29.2666640106,0.810107496948
2013-05-27,33.5953454683,33.2794175729,0.803989603006
2013-06-28,33.7736271157,33.7727269918,0.971511167189
2013-07-14,33.973394693,33.6961610371,0.564999182783
2013-07-30,34.0002537509,33.7467336849,0.502202638804
2013-10-02,33.6934362581,0.395896656722,0.138095404113
2013-10-18,33.4503893736,0.371960263235,0.0730188231036
2013-11-03,33.5421876247,32.2343268829,0.0318817467644
2013-11-19,33.8249573209,0.293282667159,0.0120791910393
2013-12-05,33.4581790108,0.289471045099,0.0720101915894
2013-12-21,33.761406241,33.233227005,2.64203120533
2014-01-06,33.4817208182,33.4817208182,27.0983892662
2014-01-22,32.7290165419,0.214661707628,0.25923369928
2014-03-27,33.6270013621,2.27286998214,2.53453229914
2014-04-12,33.8063267263,2.26921235858,2.50594577502
2014-04-28,33.4953374968,2.19728813247,2.3605293214
2014-05-14,33.4175043866,2.2215731793,2.35330246161
2014-05-30,33.420176908,2.27739880819,2.36943721781
2014-06-15,33.8645755061,2.26053331806,2.20180688021
2014-07-01,33.7708241207,2.40910155801,2.28840795155
2014-07-17,33.8350285436,2.32738079902,2.24040837073
2014-08-02,33.5740907114,33.5362858072,2.19177355216
2014-08-18,33.714230501,2.3761817004,2.13742478487
2014-10-21,33.6095400694,32.9844758044,1.79495647008
2014-11-06,33.5897811056,1.72357852739,1.75038282019
2014-11-22,33.8449298109,1.65764313946,1.74713886047
2014-12-24,33.6419864749,25.1496172595,1.70400865317
2015-01-09,33.7202050636,15.5880467806,1.73083528191
2015-01-25,33.6472420104,1.50078574529,1.77780716147
2015-02-10,33.6720616249,1.04938572429,1.49636481384
2015-02-26,33.568197667,33.5273745263,27.3764550013
2015-03-14,33.7640350413,1.08750010965,1.53069149585
2015-03-30,33.9446124136,31.3093322734,1.22956619171
2015-04-15,33.7906831509,22.1233301109,1.35643068064
2015-05-01,33.7047051949,1.17847002904,1.32849871196
2015-05-17,33.5613379771,1.14696649364,1.31157955352
2015-06-18,33.6670840193,1.2736568572,1.22070569418
2015-07-04,33.6530345722,1.72772298805,1.27524562217
2015-08-05,33.8242529904,33.604131887,1.02682978224
2015-08-21,33.8609008169,4.26848702863,0.983842845303
2015-09-22,33.5576086022,1.32634858147,0.918705637516
2015-10-08,33.5607015935,1.04335477273,0.807407737244
2015-10-24,33.344192321,32.6099897061,0.696802106002
2015-11-09,33.5577658357,32.4488499526,0.631993247725
2015-11-25,33.6082620085,0.636228505844,0.532980007247
2015-12-11,33.4181460927,33.2876429925,0.464779062768
2015-12-27,33.4362190495,32.5756728787,0.409617487333
2016-01-12,33.2345290769,1.84497523005,0.475678256389
2016-01-28,33.1235832895,27.5404745501,0.311687847992
2016-02-13,33.4732792997,24.5598378098,33.2003801883
2016-02-29,33.7913422634,26.1228716932,0.296847933989
2016-04-01,33.8398599754,2.53395881435,3.27888089109
2016-04-17,33.6267684965,0.414784634209,0.429603216461
2016-05-03,33.7289661516,4.22365405179,0.391893296282
2016-05-19,33.9396497629,0.381861220572,0.386626298532
2016-06-04,33.5632339058,0.335164322636,0.412460181259
2016-06-20,33.8030359074,0.301524719562,0.207916006205
2016-07-06,33.9810083741,33.8954865667,0.208745482589
2016-07-22,34.0143371856,0.319188026588,0.175497751855
2016-08-07,34.0397441614,0.27879577269,0.0988749636025
2016-08-23,33.9266217364,0.0623901735153,0.0
2016-09-08,33.8217992283,0.264139709842,0.0396438548491
2016-09-24,33.6357005107,0.145663151473,0.0367458257633
2016-10-10,33.4923707901,0.11347079092,0.0252420246489
2016-10-26,33.4151407632,0.0862555261072,0.0253126211993
2016-11-27,33.7016019644,29.1894564204,0.014779515197
2016-12-29,33.7762187459,32.03624517,0.0337771763334
2017-01-14,33.8322486964,14.9278719332,0.957320566902
2017-01-30,33.94977181,33.94977181,33.94977181
2017-02-15,33.7812983012,33.7272917916,32.4563763773
2017-03-19,33.8383888852,4.2290753093,2.5164508444
2017-04-04,33.9576404498,2.28832723797,2.53611633453
2017-04-20,33.6077947064,6.94978503454,2.41541125445
2017-05-06,33.6745880879,33.1715163415,2.5742311453
2017-05-22,33.6811709172,31.9436213735,2.41208158174
2017-06-07,33.3609915577,2.3334146005,2.42008440777
2017-06-23,33.4237125973,2.20255830401,2.22029989578
2017-07-09,33.4233008216,33.1886696853,2.21484544833
2017-07-25,33.3617004489,33.2631391401,2.28283131648
2017-08-10,33.6665462407,2.21700473383,2.20530375262
2017-08-26,33.557006864,33.3855638234,2.15372535867
2017-09-11,33.7385239266,2.07499914812,2.02305255829
2017-09-27,33.5870453865,30.5347527566,1.98387290112
2017-10-13,33.2872685581,29.8368178459,1.88709360915
2017-10-29,32.8041095202,32.8041095202,23.8508022003
2017-11-14,32.7457201909,31.1092529832,1.82634997479
2017-12-16,32.836115298,31.2884918146,1.61010493802
2018-01-01,33.2506377333,31.0901469971,1.49060269916
2018-01-17,33.4896709923,6.09071368928,5.09625154794
2018-02-02,33.9036756518,17.4661786239,1.41837717417
2018-02-18,34.1146647017,21.2481328962,1.48460497717
2018-03-06,33.9911388855,33.9911388855,33.9911388855
2018-04-07,34.0948143035,10.5421491754,1.3651723309
2018-04-23,34.1855834242,7.03473953442,1.44083795185
2018-05-09,34.3306840618,1.27419406955,1.35619805288
2018-05-25,34.2433007594,1.24967875909,1.30573380311
2018-06-10,34.1859614703,1.30646716142,1.298567306
2018-06-26,34.1854583535,34.0945460788,1.22549837454
2018-07-12,34.3998898507,1.36114172873,1.18299503398
2018-07-28,34.2793850274,34.2055748895,1.03189503673
2018-08-13,34.2154530592,34.2154530592,1.31027696402
2018-08-29,34.1760240138,33.9554935528,0.941624851506
2018-09-14,34.2764706288,33.8079164037,0.877617284119
2018-09-30,34.4290982931,34.0295282347,0.781064579586
2018-10-16,34.5378135329,33.0487966374,0.772302886841
2018-11-01,34.2808549946,34.2808549946,23.581594648
2018-11-17,34.0262196673,32.888270091,0.565525396139
2018-12-03,34.1507857452,32.7156557415,0.52928042127
2018-12-19,34.1680662654,33.2452746225,0.459071186895
2019-01-04,34.3115409661,33.2738873048,0.478873437506
2019-01-20,34.4101694226,32.5040497357,1.13488015334
2019-02-05,34.5088017066,29.3173972845,0.309788714842
2019-02-21,34.4864538183,13.1355060903,0.411403367437
2019-03-09,34.5076186496,19.4521484516,0.454246317167
2019-03-25,34.3952174225,9.08355286667,0.324628142274
2019-04-26,34.5898889209,8.06545915559,3.20980777574
2019-05-12,34.6209467554,12.7384441291,2.77117979306
2019-05-28,34.6561432444,2.66730854559,2.96733025587
2019-06-13,34.4328555982,24.3978869444,2.59325744098
2019-06-29,34.2779182092,34.0246021,2.63367839674
2019-07-15,34.4296401748,2.56421305388,2.47615981425
2019-07-31,34.327799822,34.1246298294,2.47319604038
2019-08-16,34.4697327959,34.3965903323,2.44784011433
2019-09-01,34.7603443803,2.37887264769,2.29584656787
2019-09-17,34.9854014811,34.8355663581,2.31625534178
2019-10-03,35.0046613474,33.8613190389,2.1603081067
2019-10-19,34.7154273158,33.4968873034,2.11036649493