Date,Rarea,NDWI,MNDWI
2000-02-03,103.063123017,30.6837532149,14.4455716193
2000-04-23,103.063123017,13.1515060359,13.5867519372
2000-07-28,103.063123017,15.2113877534,13.4741743332
2000-09-30,103.063123017,101.480747353,13.5790885165
2000-12-03,103.063123017,54.2203322238,13.4715541876
2001-01-04,103.063123017,30.5455134345,13.549264395
2001-02-05,103.063123017,64.2723537027,13.0547119725
2001-02-21,103.063123017,81.1370370791,12.8045413292
2001-03-09,103.063123017,85.1173890479,12.764474899
2001-05-12,103.063123017,13.8305525779,13.4611962669
2001-07-31,103.063123017,15.3610093933,13.1581847666
2001-09-01,103.063123017,14.8703008653,13.0255941675
2001-09-17,103.063123017,101.835723176,13.0355619444
2001-10-03,103.063123017,101.408750775,13.1281651985
2001-10-19,103.063123017,98.8144053919,13.0089068831
2001-11-04,103.063123017,84.3683451428,13.7504117109
2001-11-20,103.063123017,97.2364464443,45.2667456857
2001-12-06,103.063123017,35.0814812862,15.5610020878
2001-12-22,103.063123017,28.1356299038,14.3456049797
2002-01-23,103.063123017,22.2349076496,13.7681601885
2002-02-24,103.063123017,22.0538895047,13.4990743651
2002-03-12,103.063123017,102.004904535,66.570846396
2002-03-28,103.063123017,35.4167931161,13.2814261405
2002-05-15,103.063123017,102.447698912,13.3339232509
2002-06-16,103.063123017,101.99918202,13.0939155613
2002-07-02,103.063123017,22.7669997043,13.093052072
2002-07-18,103.063123017,33.686010648,13.1134192523
2002-08-03,103.063123017,16.6310466393,12.969614689
2002-08-19,103.063123017,63.2545885807,19.3365162645
2002-09-20,103.063123017,100.591159859,12.9913453335
2002-10-22,103.063123017,103.063123017,103.063123017
2002-11-07,103.063123017,97.4440454153,12.7064651034
2002-12-09,103.063123017,102.503588274,25.115384482
2002-12-25,103.063123017,97.6037968575,41.5559399638
2003-01-26,103.063123017,79.2756057616,14.6394897675
2003-02-11,103.063123017,78.4603503424,11.9549031623
2003-02-27,103.063123017,77.8004048912,11.8123062055
2003-03-15,103.063123017,83.9542501981,11.2844458869
2003-03-31,103.063123017,76.2934297433,11.5195670352