Date,Rarea,NDWI,MNDWI
2000-02-03,5.25774744498,3.96316997719,1.37532009471
2000-04-23,5.25774744498,0.296318220703,0.335947388672
2000-05-16,5.25774744498,0.324238785095,0.344053368103
2000-07-28,5.25774744498,0.338649406067,0.315232148315
2000-09-05,5.25774744498,0.298119556213,0.295417556641
2000-09-30,5.25774744498,5.20445642412,0.288212261047
2000-10-07,4.74925545053,4.72583821823,0.286410935425
2000-11-24,5.25774744498,3.02201089064,0.266596344055
2000-12-03,5.25774744498,5.25774744498,1.82771126916
2000-12-26,5.16576351038,2.92537276779,0.700564795244
2001-01-04,5.25774744498,1.76922031963,0.270198998169
2001-01-11,4.96270156659,1.58878772195,0.256689054687
2001-02-05,5.25774744498,4.4195084527,0.217059881226
2001-02-12,5.23436559379,5.13522891456,0.119788234741
2001-02-21,5.25774744498,4.70436189861,0.205351259094
2001-02-28,5.25774744498,5.25774744498,1.96930315572
2001-03-09,5.25774744498,4.94784148179,0.196344627808
2001-03-16,5.25774744498,4.89639417152,0.176530037292
2001-04-26,5.25774744498,4.03646676831,4.45219950477
2001-05-12,5.25774744498,0.344053349792,0.361165957764
2001-06-04,5.25774744498,0.333245395935,0.338649375061
2001-07-31,5.25774744498,0.328025088738,0.322437448425
2001-08-23,5.25774744498,0.308927494873,0.3080268349
2001-09-01,5.25774744498,0.326040104187,0.318834792786
2001-09-08,5.25774744498,0.328162849664,0.314331485413
2001-09-17,5.25774744498,5.25774744498,0.311629492737
2001-09-24,4.48287864624,4.39577208381,0.304424186035
2001-10-03,5.25774744498,5.25439909903,0.301722201538
2001-10-19,5.25774744498,5.17208907049,0.284609607117
2001-11-04,5.25774744498,4.93570878395,0.404397753296
2001-11-20,5.25774744498,3.45418131429,1.14500092366
2001-12-06,5.25774744498,0.54106898898,0.390170833223
2001-12-22,5.25774744498,0.435719689179,0.393589834229
2001-12-29,5.25774744498,0.398778374722,0.389987183228
2002-01-14,5.09301483558,0.810007051358,0.480360886481
2002-01-23,5.25774744498,5.25774744498,5.14556729491
2002-01-30,5.25774744498,4.87812620706,2.15351028401
2002-02-24,5.25774744498,0.604758261907,0.368371268127
2002-03-12,5.25774744498,3.46211802609,1.22400157167
2002-03-19,5.25774744498,2.4199528449,0.367470605347
2002-03-28,5.25774744498,0.890893634409,0.35666264917
2002-04-04,5.25774744498,0.281907616028,0.353960658325
2002-05-15,5.25774744498,5.25414478812,0.342252042053
2002-06-07,5.17751800575,0.369512192057,0.333245413452
2002-06-16,5.25774744498,5.24603880643,0.337748726685
2002-07-02,5.25774744498,0.438284043722,0.32964275592
2002-07-09,4.49746936335,0.53188243499,0.298119543945
2002-07-18,5.25774744498,1.27754221305,0.63361436418
2002-07-25,5.25774744498,0.314331488037,0.31703346582
2002-08-03,5.25774744498,0.331444091248,0.314331475769
2002-08-10,5.25774744498,0.385568659049,0.31613280127
2002-08-19,5.25774744498,0.884377213674,0.344954031982
2002-09-11,4.93385567698,4.77876128946,0.303523530457
2002-09-20,5.25774744498,5.24964147562,0.300821539551
2002-10-22,5.25774744498,5.25324412375,5.25594611649
2002-11-07,5.25774744498,5.08957762154,0.256689054199
2002-12-09,5.25774744498,5.25774744498,0.148609463806
2002-12-16,5.04821844131,4.7536908133,0.227867840027
2002-12-25,5.25774744498,4.70742034537,0.670093495972
2003-01-01,5.25774744498,3.57963907033,0.207152582825
2003-01-26,5.25774744498,4.60558201244,0.190940650146
2003-02-11,5.25774744498,4.64073621977,0.177430705933
2003-02-27,5.25774744498,3.69039825152,0.172026727539
2003-03-06,4.81895958859,3.41125383736,0.156715453247
2003-03-15,5.25774744498,4.61796885127,0.141404177795
2003-03-22,5.25774744498,5.25774744498,1.98090737436
2003-03-31,5.25774744498,2.88668177198,0.151311473694
2003-04-23,5.25774744498,3.86226292841,0.162119430359