Date,Rarea,NDWI,MNDWI
2000-06-24,57.3582927896,5.18488516898,5.22237633792
2000-09-28,57.3582927896,57.3447480796,4.71362037476
2000-10-14,57.3582927896,57.3532942271,4.68018786825
2000-11-15,57.3582927896,55.9233744509,4.55866438232
2001-01-02,57.3582927896,14.1963434155,4.5727209869
2001-03-07,57.3582927896,57.2354464269,4.52523415707
2001-05-26,57.3582927896,4.8085940625,5.28189018444
2001-06-11,57.3582927896,4.93839942255,5.52768014224
2001-07-29,57.3582927896,5.38232801492,5.14239925174
2001-08-14,57.3582927896,5.2273714075,4.8024976282
2001-09-15,57.3582927896,57.3582927896,6.1434199968
2001-10-01,57.3582927896,57.1926450141,4.57865909644
2001-10-17,57.3582927896,57.3582927896,42.3110795247
2001-11-02,57.3582927896,56.7591378583,4.49118571387
2001-12-20,57.3582927896,12.8318277798,6.48111710083
2002-01-05,57.3582927896,11.6610452191,4.9776081058
2002-01-21,57.3582927896,20.0653585323,5.01259836532
2002-02-06,57.3582927896,8.22156214798,4.97760758529
2002-03-10,57.3582927896,57.3582927896,57.3582927896
2002-03-26,57.3582927896,28.3172342273,4.8720095238
2002-04-27,57.3582927896,4.70862352954,4.84201661169
2002-05-29,57.3582927896,48.3170254137,55.469477077
2002-06-30,57.3582927896,5.26486277737,5.16821469385
2002-07-16,57.3582927896,57.3181877073,4.94948456579
2002-09-02,57.3582927896,57.2629282958,4.6720652882
2002-09-18,57.3582927896,57.0458184866,4.59615571729
2002-10-04,57.3582927896,54.9660071057,4.46119436108
2002-11-21,57.3582927896,56.5555594519,4.29874122729
2002-12-07,57.3582927896,50.5270980633,32.5274706225
2002-12-23,57.3582927896,42.3674737772,4.40277173568
2003-01-24,57.3582927896,27.0701213176,4.60865599829
2003-02-25,57.3582927896,56.6577746744,56.5350739638
2003-03-13,57.3582927896,34.3073483928,11.7942820145
2003-03-29,57.3582927896,22.7309568908,4.55772774642
2003-04-14,57.3582927896,18.5596717558,57.3582927896
2003-05-16,57.3582927896,4.59053032205,4.63254825687
2003-08-20,52.5638543809,4.61333643324,4.04802723054
2003-10-07,53.81320868,53.5423963298,3.87636567627
2003-10-23,55.3689966686,55.2038611976,3.92635160254
2003-11-08,54.44346443,53.9133013626,3.78139352368
2003-11-24,55.3059856047,55.0989072828,39.9082818805
2003-12-10,54.1028142475,47.1585496706,3.84887472656
2003-12-26,54.5098131303,49.3512091957,3.73390816577
2004-01-11,53.0445455394,50.6516539863,3.81138318726
2004-01-27,53.6340502425,48.5928835572,3.80139113257
2004-02-28,52.0902730917,27.0025470763,3.63893314258
2004-04-16,51.9020468082,49.6986195865,21.7314717519
2004-06-19,51.9074067736,4.39058511307,4.57600692402
2004-07-21,52.1545557979,4.7070087399,4.19314612528
2004-08-06,51.3165222996,51.3140230096,4.04319033622
2004-09-07,52.2985132109,51.2374273676,3.66392660474
2004-10-09,53.202344666,51.2404738219,3.65393051782
2004-10-25,54.6922236474,54.2816525508,3.17157325342
2004-11-10,54.5065796662,52.4220249937,3.61394089795
2004-11-26,54.0675784609,52.2358134137,3.72640765015
2004-12-12,53.3217671631,37.1854750926,3.73140822607
2005-03-02,53.3077907587,15.1902921058,3.95384651489
2005-03-18,53.0271020239,19.2116436052,4.01475811657
2005-05-05,51.8207255654,3.83887466187,4.1081712537
2005-05-21,52.1572400147,3.91135390356,4.39606064106
2005-07-08,51.4743990594,4.86391616903,4.99900357695
2005-07-24,52.0551139622,4.26359212275,4.03366171211
2005-09-10,51.2699569979,51.26745765,3.76639725781
2006-02-01,53.0464291783,53.0464291783,53.0464291783
2006-02-17,53.0884063917,9.41781575842,5.00002504192
2006-03-05,52.7578456193,39.0583733137,5.29078392614
2006-06-25,52.7175686618,4.7049121518,4.98244892459
2006-07-11,51.9115318891,4.88236196284,4.9693638947
2006-09-29,52.7737766218,51.5864810276,4.37372168213
2006-10-15,53.6100006002,5.47575475067,5.26424326058
2006-10-31,54.9776975415,52.7063806014,4.43526519466
2006-11-16,55.720900522,52.7900004382,4.60615640479
2006-12-02,55.7706206947,52.4790278462,6.07276189745
2006-12-18,55.0677337769,53.1249652319,4.39527725301
2007-01-03,53.5663178272,48.1059687884,4.26531296078
2007-01-19,52.1727979584,47.4736185769,4.16628230664
2007-02-04,52.5755452502,22.6330165489,4.04381840308
2007-02-20,53.085287647,51.9789645736,10.562285929
2007-03-08,53.3398874033,53.3398874033,35.0182002365
2007-04-25,54.5470682954,40.0879753989,4.50758541556
2007-05-11,53.6028102492,43.7055013278,4.27609528877
2007-05-27,52.395932356,4.07365069453,4.3646557174
2007-06-12,52.864766646,4.27859072749,4.54851567353
2007-06-28,53.3904852574,4.35595061852,4.44760401224
2007-07-14,53.7496210201,4.93483701411,4.54601435029
2007-07-30,53.6902553815,4.58993979902,4.21564111063
2007-11-03,55.8651807819,21.0304837817,4.5285634069
2007-12-05,56.8316618594,9.7663454884,4.46619329272
2008-02-23,53.3537795989,20.9328411169,4.23776987628
2008-03-10,52.3553977405,52.3553977405,52.3553977405
2008-03-26,53.0478941149,30.0901024068,6.19662579708
2008-04-27,54.8849732732,49.011953354,4.44557447977
2008-05-13,55.1620582456,52.5448373133,4.53554946781
2008-09-02,53.0641247553,53.0641247553,4.04568939115
2008-09-18,53.7539700955,53.7539700955,4.09880386719
2008-10-04,54.225679935,51.9926882363,34.9628700107
2008-10-20,54.8218526929,54.7809729185,3.99133278613
2008-11-05,55.350394168,55.056476232,3.91885373364
2008-12-07,55.2512487582,23.5948061715,4.13367524113
2008-12-23,54.7621764567,53.7609270506,14.2155174733
2009-01-08,53.8044585762,46.2416815625,4.35406772704
2009-01-24,52.5605283296,24.9082412626,3.84891250725
2009-02-25,52.906694487,52.8403871063,46.9286104507
2009-04-14,55.5608517481,31.9706966954,4.63040624946
2009-05-16,56.2448180054,3.75139991333,0.747281510254
2009-06-01,56.2599707049,4.52797067884,4.74548723514
2009-06-17,55.6984075629,5.74605112539,5.17321645654
2009-07-03,55.045043228,5.21874353915,4.85342721137
2009-07-19,53.903402672,6.42273215751,4.85338795581
2009-08-04,52.7958381325,5.46343345332,4.52210882189
2009-11-08,54.7313509657,52.7050506482,4.17128162231
2009-11-24,54.1011115115,54.0025918382,4.19877217896
2009-12-10,53.1407886935,52.5336609297,4.83356711216
2009-12-26,54.791452618,54.791452618,9.88352332892
2010-02-12,57.0329793453,47.6280735177,25.6399138573
2010-02-28,57.1768631915,11.0803008517,5.05695790368
2010-03-16,57.2117144616,7.20246409354,4.73017700741
2010-04-17,56.3640651207,3.98870400236,5.62466289084
2010-05-19,52.5166394723,4.16803387544,4.85451558093
2010-06-04,52.4154292189,52.4154292189,6.18184710367
2010-06-20,52.1874903057,4.45092289195,4.76095200581
2010-07-22,52.4384884852,4.57451526803,4.34560311771
2010-08-07,52.1255597556,4.93035208021,4.42807835428
2010-10-26,53.1023930551,51.8086168937,4.03132033032
2010-11-11,53.069522058,51.7757402569,3.98633362305
2010-12-13,53.1342118311,37.8616471222,5.66232174072
2010-12-29,52.9483679402,52.9483679402,52.3922015209
2011-01-30,52.7318769004,50.6651657918,25.2004718463
2011-02-15,51.911614722,6.04704175842,4.75462296633
2011-03-03,52.27812908,3.88635963062,4.45014347266
2011-03-19,52.0969904203,29.3167319168,16.9776230623
2011-06-23,51.9112709472,51.9112709472,5.14442915021
2011-07-09,52.0356219477,21.402645038,7.08623317505
2011-08-10,51.8058964158,4.83038660438,4.24563180252
2011-08-26,52.2592208771,52.2592208771,4.15878673901
2011-10-13,53.116851763,4.21376821167,4.28124976294
2011-11-14,53.508776584,49.7794665958,4.12879242529
2011-11-30,54.0948362821,53.0684414163,4.0488143064
2012-01-01,54.9815827588,23.3923017769,4.2886326215
2012-01-17,53.7384267351,34.3841992588,4.25114133634
2012-02-02,53.3008517446,52.514444234,43.4960619387
2012-03-05,52.5308954367,8.18654103517,4.10630091602
2012-03-21,53.1572242152,36.126618054,6.73889127282
2012-04-06,52.5647750572,51.7134147007,4.31251829035
2012-04-22,55.375955617,52.9870055272,4.45795690742
2012-05-08,57.3582927896,57.3283022161,4.99541145316
2012-06-25,52.3419650184,52.3019769791,4.35845144483
2012-07-11,53.536128908,6.08755006789,4.54054674076
2012-07-27,52.8843350284,5.58027356112,4.30311345731
2012-08-12,53.0674740327,17.5111649062,6.60438863118
2012-09-13,52.4264318214,52.4214333609,3.90135852466
2012-09-29,52.6900590823,52.5246874249,3.863868948
2012-10-31,52.9842032439,52.8077078509,3.82887797681
2012-11-16,53.3717161952,3.99371035783,3.85387006714
2012-12-18,53.1312147988,3.72390699634,3.78389299927
2013-01-19,52.3736622264,34.5987774214,11.0280802407
2013-02-04,52.9362332768,50.0535608349,0.599822629883
2013-02-20,52.4892559793,47.6619250467,30.0866670975
2013-03-08,52.4654453462,29.5975034761,3.86386913647
2013-03-24,51.7835300529,41.3446723851,3.92623227238
2013-04-25,51.5816430137,20.8518737941,3.97070928128
2013-05-11,52.2070427305,36.0902347508,3.86823964139
2013-05-27,52.3579708279,52.231134942,4.31608043525
2013-06-28,52.0493079208,52.0493079208,4.59099964497
2013-07-14,51.317161484,51.3021267303,3.86109459571
2013-07-30,51.2977062131,51.2423304681,3.72578165604
2013-10-02,52.7849623872,3.79888673975,3.52896395557
2013-10-18,54.1471351216,3.99382929614,3.61143971631
2013-11-03,53.0626082592,50.3313282053,3.45148663037
2013-11-19,52.3237030803,3.69129811173,3.44898686475
2013-12-05,53.7600848056,3.67142107617,3.55395695264
2013-12-21,52.6167908892,52.3031247077,4.53435104933
2014-01-06,52.8025741533,52.7650864318,0.342394456055
2014-01-22,56.6270020424,3.97882950635,3.97133381323
2014-02-07,57.3582927896,50.302074109,21.2560099176
2014-03-27,52.4494348275,3.81138282495,4.17878022168
2014-04-12,52.3323240486,3.94634440063,4.28312353983
2014-04-28,53.3413911892,4.00632697827,4.27375275635
2014-05-14,53.6318856935,4.00632727832,4.28562165897
2014-05-30,53.181587962,4.19056739979,4.35607199653
2014-06-15,52.1691327277,4.59294754383,4.57053469876
2014-07-01,52.7287193256,7.73414918095,5.7318627055
2014-07-17,52.161477135,5.10520354755,4.4380815806
2014-08-02,53.2179686665,53.2179686665,4.39356050581
2014-08-18,52.1993934939,7.58560150365,4.3231105806
2014-10-21,52.7271548134,52.5051254043,3.92385260791
2014-11-06,53.4495343115,4.21821705414,4.08630639209
2014-11-22,52.1192133658,3.80638465039,3.94884561377
2014-12-24,53.0007071947,22.0683281761,5.58618842457
2015-01-09,52.6042138793,7.21979757177,4.203769771
2015-01-25,52.2399411478,3.19156578833,5.83414854167
2015-02-10,53.0119788291,3.84387266455,4.12879232666
2015-02-26,53.3416841782,32.0992675252,4.26914296527
2015-03-14,52.3773538251,3.95383994482,4.15128460205
2015-03-30,51.9647963921,26.9317938374,4.14378866772
2015-04-15,52.4627318646,8.58194262894,4.1478456766
2015-05-01,52.0600757083,3.73890409473,3.91385571582
2015-05-17,52.6346809051,3.85137049097,4.04116195307
2015-06-18,52.3813657596,4.12613363056,4.26609473945
2015-07-04,52.3209119512,6.63765847905,4.97024658749
2015-08-05,52.3596911768,52.3214571647,4.01632272461
2015-08-21,52.1183742066,35.3389376706,4.4898306444
2015-09-22,53.0648387841,4.61345649714,3.98539213753
2015-10-08,53.5743532654,17.0336228883,6.66369810167
2015-10-24,53.7760365822,53.7660391865,2.05691663818
2015-11-09,53.8005654006,53.1737408702,3.80388568921
2015-11-25,53.6029257528,3.93134603271,3.80388523242
2015-12-11,53.9048729977,53.8863288163,3.86136953394
2015-12-27,53.9148402156,51.9839398749,3.72141061255
2016-01-12,54.8729082551,4.45045477066,3.92134963062
2016-01-28,54.8788365475,19.5111496448,3.85887101367
2016-02-13,53.9566224165,5.65164502145,1.30100815096
2016-02-29,52.4167644119,49.1963665462,14.7758952666
2016-04-01,52.0095499207,3.72640347485,3.31653218213
2016-04-17,52.3796709176,3.61643828174,3.84230697424
2016-05-03,52.6063112191,7.68757060562,3.89229065124
2016-05-19,51.91846674,4.07607655903,4.84638529383
2016-06-04,52.5999661788,4.37041344439,7.78795146982
2016-06-20,52.6381878052,3.81637942456,4.02069309183
2016-07-06,51.9162678943,51.7936561364,4.27561829203
2016-07-22,51.8578723155,3.93107208971,3.86573907328
2016-08-07,51.6007272554,3.8513688689,3.63393349561
2016-08-23,51.6768842373,3.7713939436,3.54645931714
2016-09-08,52.4699161298,8.62962319944,3.96558802879
2016-09-24,53.2935805472,3.80888163452,3.53146203711
2016-10-10,53.9132996985,3.8713631084,3.57145105835
2016-10-26,53.8005383988,3.87386336182,3.4914747439
2016-11-27,52.5840116654,51.82795939,3.42149529395
2016-12-29,52.5419294784,47.3442975675,3.67286232373
2017-01-14,51.8087227962,12.1252900626,4.68109847434
2017-01-30,51.8383676131,4.96487278188,3.79888913867
2017-02-15,52.1741433083,23.1312623378,9.47168589996
2017-03-19,52.2184525574,5.49633333389,4.43776417709
2017-04-04,51.8404160816,4.12629025464,4.59803087796
2017-04-20,52.790828746,6.0459311195,4.37872131445
2017-05-06,53.2013774769,50.7172084907,8.20361319393
2017-05-22,53.1839700627,33.3700983148,4.94531165229
2017-06-07,53.753269569,4.40917992472,5.32262552852
2017-06-23,54.2160394238,4.39371499731,4.68300454032
2017-07-09,54.0859487386,52.9409373877,4.81046677494
2017-07-25,53.4871550295,53.3759511716,4.47806529496
2017-08-10,52.8453043466,4.42105026972,4.33560571317
2017-08-26,52.5560732779,52.1539053461,4.08130648584
2017-09-11,52.574714639,6.91178879754,4.4070996861
2017-09-27,53.2858906508,49.5484994981,4.04131685522
2017-10-13,54.6895984077,53.2778778377,4.28374801733
2017-10-29,55.6973885457,55.6973885457,43.3444549552
2017-11-14,56.4527626974,55.624280244,4.41370883203
2017-11-30,56.3590180493,51.5271685427,4.2812472605
2017-12-16,55.8047675509,45.5734095815,4.21376859204
2018-01-01,54.7736026357,43.9867789395,4.04881641772
2018-01-17,53.1201588617,53.1201588617,53.1201588617
2018-02-02,51.4406467361,50.9016295965,0.544852020264
2018-02-18,51.5288934954,46.7055435042,4.15128460254
2018-03-06,51.7008644625,36.3271403915,3.94384741382
2018-04-07,51.5174668289,6.7313983062,4.03631983887
2018-04-23,51.4219135335,5.90248055802,4.28124924976
2018-05-09,50.975864911,3.81388279346,4.30049881831
2018-05-25,51.394762832,3.94634286157,4.31061185111
2018-06-10,51.4461418232,3.99382905591,4.51805006131
2018-06-26,51.2050254157,51.1925292353,5.23170871692
2018-07-12,51.1296041046,4.10071031808,4.23063497464
2018-07-28,51.1937627856,51.1564299379,4.06130978589
2018-08-13,51.3546381002,51.3546381002,21.8156947462
2018-08-29,51.3761605884,51.3524616695,3.83137900781
2018-09-14,51.2652796102,51.0024725926,3.78389203516
2018-09-30,50.9110471434,50.9035493216,3.79388789453
2018-10-16,50.9259161839,50.1597301413,3.72141048315
2018-11-01,51.2709760232,51.2709760232,51.2709760232
2018-11-17,51.2297059985,50.5808910497,3.64893175146
2018-12-03,51.5537305435,51.459267514,3.62393597168
2018-12-19,51.3470521057,50.9387847094,3.67392178271
2019-01-04,51.1995737263,50.8329769755,4.23626923096
2019-01-20,50.7262287334,40.3042269156,3.49897414063
2019-02-05,50.5893158687,35.3741153433,3.44648943945
2019-02-21,50.6140834757,9.54232534199,3.58894893872
2019-03-09,50.9315130302,16.8074177353,3.87636630859
2019-03-25,50.7398717905,14.1561790423,3.70391591797
2019-04-26,50.7935120991,7.70051385166,4.2297780198
2019-05-12,50.4965481825,8.46389703407,4.46045341938
2019-05-28,50.4746520276,4.00070202176,5.78239022522
2019-06-13,50.909861947,15.4778427021,4.86033605746
2019-06-29,50.956191194,45.5625013075,5.25380929712
2019-07-15,51.0997685617,4.29858389106,4.90543907914
2019-07-31,50.8160468013,47.7461691464,4.33107839716
2019-08-16,50.8989128933,50.6734290372,4.29608835322
2019-09-01,50.5721830498,4.04881558057,4.05381552637
2019-09-17,50.4776617752,50.4598630688,4.1212952019
2019-10-03,50.4125324631,49.2259990529,3.98133325977
2019-10-19,50.684815987,50.3169049856,3.93884559253