Date,Rarea,NDWI,MNDWI
2000-02-03,28.6001422991,22.7114946797,12.0548090576
2000-04-23,28.6001422991,3.09326535174,3.29574003868
2000-05-16,28.6001422991,3.26315910039,3.3549463243
2000-07-28,28.6001422991,4.13543613287,3.251492601
2000-09-05,28.6001422991,3.4236930652,3.05166359785
2000-09-30,28.6001422991,28.0764094195,3.08048612007
2000-10-07,28.6001422991,28.3886003511,3.12732265218
2000-11-24,28.6001422991,14.5570320233,3.24711604518
2000-12-03,28.6001422991,19.8097436439,7.16937781344
2000-12-26,28.6001422991,13.1899693688,5.77440306617
2001-01-04,28.6001422991,6.52607307971,3.31672097254
2001-01-11,28.6001422991,6.55496317248,3.25431817469
2001-02-05,28.6001422991,13.8023156314,3.2318041324
2001-02-12,28.6001422991,21.7742551559,4.81644641739
2001-02-21,28.6001422991,18.6271753491,3.21829360268
2001-02-28,28.6001422991,14.9461738956,4.18525044
2001-03-09,28.6001422991,24.1076228656,3.24261255977
2001-03-16,28.6001422991,24.0692067121,3.24598935742
2001-04-26,28.6001422991,3.22690838694,4.29386773595
2001-05-12,28.6001422991,3.30234140665,3.45577911719
2001-06-04,28.6001422991,3.34230791095,3.27962272835
2001-07-31,28.6001422991,4.21993061759,3.20583924191
2001-08-23,28.6001422991,3.58311449,3.08983217465
2001-09-01,28.6001422991,3.55455982712,3.17629965958
2001-09-08,28.6001422991,3.62256812611,3.15271187604
2001-09-17,28.6001422991,28.6001422991,3.43391532572
2001-09-24,28.6001422991,27.9853323677,3.10244200931
2001-10-03,28.6001422991,28.3969892653,3.13126454642
2001-10-19,28.6001422991,27.2095036797,3.05110195584
2001-11-04,28.6001422991,23.7518507287,3.8410141592
2001-11-11,28.6001422991,23.4657583406,15.8458481724
2001-11-20,28.6001422991,23.9490368003,12.3106068466
2001-11-27,28.6001422991,28.4794484721,26.3237411655
2001-12-06,28.6001422991,6.72356525649,3.43852429285
2001-12-22,28.6001422991,5.83380283906,3.42241060883
2001-12-29,28.6001422991,5.16696168801,3.39182908155
2002-01-14,28.6001422991,4.97756751184,3.32388429355
2002-01-23,28.6001422991,28.4107044932,26.3441266938
2002-01-30,28.6001422991,13.292603029,7.85606816651
2002-02-24,28.6001422991,8.87209766565,3.40220301109
2002-03-03,28.6001422991,15.507051021,4.84624316063
2002-03-12,28.6001422991,22.378062822,8.3028006349
2002-03-19,28.6001422991,14.8289252746,3.42228695788
2002-03-28,28.6001422991,11.0768857676,3.30976969408
2002-04-04,28.6001422991,3.16402530409,3.31247181566
2002-05-06,28.6001422991,3.61186253687,3.45748504985
2002-05-15,28.6001422991,28.4103659164,3.50124873664
2002-05-22,28.6001422991,28.2898977089,3.45090499734
2002-06-07,28.6001422991,4.96615362628,3.40133066206
2002-06-16,28.6001422991,28.1897677177,3.41750094271
2002-07-02,28.6001422991,5.53238551133,3.352890468
2002-07-09,28.6001422991,6.77534648355,3.35953451895
2002-07-18,28.6001422991,11.2073559837,5.73959238756
2002-07-25,28.6001422991,3.86416148294,3.18840085387
2002-08-03,28.6001422991,4.2279680601,3.21863272647
2002-08-10,28.6001422991,4.78307021659,3.23651961377
2002-08-19,28.6001422991,10.0180398779,3.76017456001
2002-09-11,28.6001422991,27.3237563832,3.15107991806
2002-09-20,28.6001422991,28.2555115602,3.19521441818
2002-10-13,28.6001422991,27.6191407995,3.14094617189
2002-10-22,28.6001422991,28.6001422991,28.6001422991
2002-11-07,28.6001422991,24.5505148187,3.08172579813
2002-11-30,28.6001422991,26.9649366019,2.99075486575
2002-12-09,28.6001422991,28.5748413057,14.8630993463
2002-12-16,28.6001422991,22.057402618,3.05827581864
2002-12-25,28.6001422991,24.1346221611,8.76352256011
2003-01-01,28.6001422991,26.5504713063,12.5712468963
2003-01-26,28.6001422991,13.3983126788,2.88965017635
2003-02-11,28.6001422991,21.4672602919,2.80554577911
2003-02-27,28.6001422991,19.2492192393,2.8226591831
2003-03-06,28.6001422991,19.5050228738,2.72302026595
2003-03-15,28.6001422991,23.9247257585,2.58363737528
2003-03-22,28.6001422991,28.5034983968,22.7643529443
2003-03-31,28.6001422991,21.7248720866,2.60416991163
2003-04-23,28.6001422991,25.2975577076,6.01882896214