Date,Rarea,NDWI,MNDWI
2000-02-13,7.99514166909,7.96908455368,0.894998185669
2000-06-04,7.99514166909,1.18497072814,1.24928629803
2000-08-23,7.99514166909,0.745682031006,1.05870623029
2000-08-23,7.99514166909,2.26382401265,1.06140466638
2000-09-24,7.99514166909,1.12567762349,0.879706738831
2000-09-24,7.99514166909,1.11953639794,0.875209214783
2000-11-27,7.99514166909,1.07257160795,0.68991320813
2001-01-14,7.99514166909,0.83318625456,0.534300491943
2001-03-03,7.99514166909,1.33038476949,0.445250453796
2001-04-04,7.99514166909,0.286039695923,0.492923762268
2001-04-04,7.99514166909,0.28693919696,0.486514426328
2001-07-09,7.99514166909,0.42546152771,0.464139850037
2001-08-26,7.99514166909,0.359798357849,0.492024225342
2001-08-26,7.99514166909,0.355300808777,0.507315563293
2001-09-11,7.99514166909,5.52740093432,4.57929174589
2001-09-11,7.99514166909,0.2491603302,4.5830099724
2001-09-27,7.99514166909,0.558357265068,0.437154981018
2001-09-27,7.99514166909,0.559577747356,0.429958933716
2001-10-13,7.99514166909,1.61272837633,0.39577815863
2001-10-13,7.99514166909,1.61493658187,0.401175127563
2001-10-29,7.99514166909,0.62006212423,0.367893830994
2001-10-29,7.99514166909,0.629409737509,0.374190283447
2001-11-14,7.99514166909,7.33813882072,6.93944531862
2001-11-14,7.99514166909,7.32112938355,6.94214381563
2001-11-30,7.99514166909,1.10511990016,0.345406425232
2001-11-30,7.99514166909,1.07830097176,0.33821032666
2001-12-16,7.99514166909,0.486097137933,0.312125054626
2001-12-16,7.99514166909,0.489808056092,0.308527077271
2002-01-17,7.99514166909,2.9654723895,1.23764189998
2002-01-17,7.99514166909,2.9367660891,1.23735627544
2002-02-02,7.99514166909,0.484855177612,0.238366362183
2002-02-02,7.99514166909,0.481874565867,0.237466852173
2002-03-06,7.99514166909,2.66156771621,0.215878948792
2002-03-06,7.99514166909,2.64027606684,0.21857741333
2002-04-23,7.99514166909,0.0323818458252,2.3830074712
2002-04-23,7.99514166909,0.0341808374023,0.147739440737
2002-05-09,7.99514166909,0.0863515777588,0.109738469299
2002-05-09,7.99514166909,0.0899495618896,0.113336453674
2002-05-25,7.99514166909,3.03634570968,0.0998440186157
2002-05-25,7.99514166909,3.01231640056,0.100743507629
2002-06-10,7.99514166909,0.0719596520996,0.094447041626
2002-06-10,7.99514166909,0.0656631908569,0.0917485754395
2002-06-26,7.99514166909,1.59795588933,0.0899495685425
2002-06-26,7.99514166909,1.59982926324,0.0899495653687
2002-07-12,7.99514166909,0.0503717612305,0.0854520828247
2002-07-12,7.99514166909,0.0512712503052,0.0827535912476
2002-07-28,7.99514166909,1.70453324503,0.0809546118164
2002-07-28,7.99514166909,1.7587640616,0.0827535874023
2002-08-29,7.99514166909,1.94364712303,0.124130396179
2002-08-29,7.99514166909,1.93008057553,0.133125296692
2002-09-14,7.99514166909,1.43839466515,0.109738460205
2002-09-14,7.99514166909,1.43680395739,0.103441976257
2002-09-30,7.99514166909,0.566916772317,0.0899495549927
2002-09-30,7.99514166909,0.559389258639,0.0863515753174
2002-10-16,7.99514166909,0.935250207172,0.0791555690308
2002-10-16,7.99514166909,0.947363124562,0.074658138916
2002-12-03,7.99514166909,4.20868343169,1.89705657065
2002-12-03,7.99514166909,4.14464306832,1.91705372536
2002-12-19,7.99514166909,0.754483747876,0.0179898991089
2002-12-19,7.99514166909,0.733848309524,0.0152914163818
2003-01-04,7.99514166909,1.25057046897,0.0134924254761
2003-01-04,7.99514166909,1.22015020224,0.0134924163818
2003-01-20,7.99514166909,0.785052704113,0.0143919179077
2003-01-20,7.99514166909,0.784636395835,0.0143919157104
2003-02-05,7.99514166909,3.73697620551,0.0260853624268
2003-02-21,7.99514166909,1.0827390656,0.0179899087524
2003-02-21,7.99514166909,1.05140496887,0.0179899085693
2003-03-09,7.99514166909,0.866941083787,0.0179899107056
2003-03-09,7.99514166909,0.845018142958,0.0206883969116
2003-03-25,7.99514166909,1.4828045772,0.0242863733521
2003-03-25,7.99514166909,1.48124572933,0.0233868742676
2003-04-26,7.99514166909,1.66342723975,0.0233868719482
2003-04-26,7.99514166909,1.62094637066,0.0278843432007
2003-05-28,7.99514166909,2.08865931291,0.0
2003-09-01,7.99514166909,0.0,0.019788897522
2003-09-17,7.99514166909,4.1457862383,0.418297823078
2003-09-17,7.99514166909,4.14598361935,0.413740320277
2003-10-03,7.99514166909,0.638917957966,0.013492427002
2003-10-03,7.99514166909,0.62044136099,0.0161909072266
2003-11-04,7.99514166909,1.16100481113,0.0152914212646
2003-11-04,7.99514166909,1.15233080306,0.0179899066162
2003-12-22,7.99514166909,0.753326554213,0.0179898978882
2003-12-22,7.99514166909,0.739890784023,0.0143919169922
2004-01-07,7.99514166909,2.34498958986,0.0224873968506
2004-02-24,7.99514166909,1.36982718846,0.0359798268433
2004-02-24,7.99514166909,1.37385916379,0.0359798209839
2004-03-27,7.99514166909,0.820377655345,0.0224873740845
2004-03-27,7.99514166909,0.810031800501,0.0197888912964
2004-04-12,7.99514166909,0.0,0.271647743042
2004-04-12,7.99514166909,0.0,0.268049764893
2004-04-28,7.99514166909,0.134924343323,0.281542166382
2004-05-14,7.99514166909,0.715139677913,0.157411743713
2004-05-14,7.99514166909,0.700116367775,0.160110229065
2004-05-30,7.99514166909,0.126828885986,0.139421829285
2004-05-30,7.99514166909,0.127728379395,0.141220823059
2004-06-15,7.97310960509,0.116034936218,0.125929394775
2004-06-15,7.97625956501,0.116034924011,0.122331402466
2004-09-03,7.99514166909,0.07555762677,0.136723338867
2004-09-03,7.99514166909,0.075557623291,0.143919298279
2004-09-19,7.99514166909,0.440737365717,0.117833917969
2004-09-19,7.99514166909,0.434296257241,0.12413036377
2004-10-05,7.99514166909,0.528626448151,0.0881505635376
2004-10-05,7.99514166909,0.526291251809,0.0890500563354
2004-10-21,7.99514166909,7.29558414867,6.23083990074
2004-11-06,7.99514166909,0.895192437354,0.0530702331543
2004-11-06,7.99514166909,0.873230727906,0.0593666871948
2004-11-22,7.99514166909,0.457576354428,0.181698100952
2004-11-22,7.99514166909,0.474098728422,0.181698110596
2004-12-08,7.99514166909,0.747283971993,0.161909194458
2004-12-08,7.99514166909,0.76699882686,0.154713253723
2005-01-09,7.99514166909,1.01347699644,0.116034917664
2005-01-09,7.99514166909,1.00357892074,0.116034917114
2005-01-25,7.95074239667,0.800187279906,0.112436939453
2005-02-10,7.99514166909,0.830392334268,0.121431889771
2005-02-10,7.99514166909,0.798585633015,0.116934379883
2005-02-26,7.99514166909,0.328152883251,0.253657787048
2005-02-26,7.99514166909,0.319475496278,0.252758268433
2005-04-15,7.63073125787,7.63073125787,7.63073125787
2005-06-02,7.98563184621,0.263552293518,0.290537174316
2005-07-04,7.81855282741,0.241064899353,0.259054825256
2005-08-05,7.99514166909,0.203286047668,0.228471949219
2005-08-05,7.99514166909,0.205984537048,0.227572450195
2005-08-21,7.99514166909,7.99424217001,7.36023272468
2005-09-06,7.83786545158,0.187994609131,0.292336126648
2005-09-06,7.83818996818,0.18799460321,0.295034602173
2005-10-24,7.99514166909,0.683279139952,0.20778349408
2005-10-24,7.99514166909,0.69975573102,0.21048199646
2005-11-09,7.99514166909,0.465087107431,0.190693071167
2005-11-09,7.99514166909,0.465644402108,0.189793567627
2005-11-25,7.99514166909,3.31978089882,1.44802905254
2005-11-25,7.99514166909,3.28195972541,1.45575732386
2006-01-12,7.99514166909,1.95446481134,0.124130377747
2006-01-12,7.99514166909,1.96045070359,0.124130384949
2006-01-28,7.99514166909,2.19332018687,1.57097762214
2006-01-28,7.99514166909,2.16694537459,1.57329838489
2006-02-13,7.99514166909,2.04683825963,1.86087991622
2006-03-17,7.99514166909,2.41005925236,2.31422607015
2006-03-17,7.99514166909,2.41521983802,2.31782391256
2006-05-04,7.99514166909,1.93913636708,1.96631885172
2006-05-04,7.99514166909,1.93149230065,1.971518123
2006-06-05,7.99514166909,1.85028376944,1.89615802329
2006-06-05,7.99514166909,1.85837913163,1.88986148697
2006-10-11,7.99514166909,2.53781834753,1.79544205667
2006-11-12,7.99514166909,7.99514166909,7.99514166909
2006-11-12,7.99514166909,7.99514166909,7.99514166909
2006-11-28,7.99514166909,2.21513763247,1.60497500616
2006-11-28,7.99514166909,2.20932111964,1.60047755975
2006-12-14,7.99514166909,2.38359633211,1.54380933953
2006-12-14,7.99514166909,2.39065109138,1.53931186358
2007-01-15,7.99514166909,1.79789629259,1.41859943725
2007-01-31,7.99514166909,3.00266085884,1.42597893739
2007-01-31,7.99514166909,2.96247974952,1.42915329517
2007-02-16,7.99514166909,2.14796841993,1.35732456504
2007-02-16,7.99514166909,2.1113147138,1.34629064817
2007-03-04,7.99514166909,3.54948567889,2.02748428606
2007-03-20,7.99514166909,2.61730247522,1.27638413538
2007-03-20,7.99514166909,2.63089379351,1.26980546434
2007-04-05,7.99514166909,4.27959567942,1.31233559002
2007-04-05,7.99514166909,4.31170240128,1.31757739788
2007-04-21,7.99514166909,0.906282500821,2.35053041915
2007-05-07,7.99514166909,2.41694874544,0.97865134198
2007-09-12,7.99514166909,7.49165964698,5.0245125178
2007-09-12,7.99514166909,7.48654485821,5.00730920874
2007-09-28,7.99514166909,1.85506755724,0.859917936707
2007-09-28,7.99514166909,1.81053353689,0.867984778249
2007-10-14,7.99514166909,1.11136653641,0.832933344604
2007-10-30,7.99514166909,1.54100910161,0.792456052979
2007-11-15,7.99514166909,1.2673229843,0.759174425476
2007-11-15,7.99514166909,1.26713248333,0.758274838135
2007-12-01,7.99514166909,1.049498132,0.711501119385
2007-12-01,7.99514166909,1.05921280959,0.71150114093
2008-01-02,7.99514166909,7.9933426766,7.73777546916
2008-02-19,7.99514166909,4.19698259767,1.36880605128
2008-02-19,7.99514166909,4.19106374586,1.36599474066
2008-03-22,7.99514166909,1.55777990833,1.24490183472
2008-03-22,7.99514166909,1.54416042085,1.2385770985
2008-04-07,7.99514166909,1.58581210294,1.23318007421
2008-04-07,7.99514166909,1.57918440265,1.22388876118
2008-07-12,7.99514166909,0.809546162659,0.859018379822
2008-07-28,7.99514166909,0.787058789856,0.821239613098
2008-08-13,7.99514166909,0.747480971741,0.800551239685
2008-08-13,7.99514166909,0.753777445068,0.808646685669
2008-09-14,7.99514166909,6.75875751819,1.16635992388
2008-09-14,7.99514166909,6.75357220349,1.162790158
2008-09-30,7.99514166909,1.79971454386,1.09648592059
2008-09-30,7.99514166909,1.80262476269,1.09828496356
2008-10-16,7.99514166909,1.18955382579,0.781661785645
2008-10-16,7.99514166909,1.16519344466,0.78525962616
2008-11-17,7.99514166909,0.804423890597,0.680918329468
2008-11-17,7.99514166909,0.811312883262,0.678219823975
2008-12-03,7.99514166909,2.17351516907,0.681789401235
2009-01-04,7.99514166909,0.911780218892,0.574749643361
2009-01-20,7.99514166909,1.38026374714,0.503717683655
2009-03-09,7.99514166909,2.12451470627,0.514483351003
2009-03-09,7.99514166909,2.11851087606,0.515382837514
2009-03-25,7.99514166909,1.08444761723,0.785231619619
2009-03-25,7.99514166909,1.05442562218,0.780734029409
2009-04-10,7.99514166909,2.00550353441,0.786131101552
2009-04-10,7.99514166909,2.0211619201,0.785231616445
2009-04-26,7.99514166909,0.563084352417,0.724965388967
2009-04-26,7.99514166909,0.561285350464,0.730362345632
2009-05-12,7.99514166909,0.530702530518,0.559486413086
2009-05-12,7.99514166909,0.525305498962,0.563084328735
2009-09-17,7.99514166909,1.00337268534,0.429959022644
2009-09-17,7.99514166909,0.990596338911,0.434456455139
2009-10-19,7.99514166909,0.945741115386,0.36519531311
2009-10-19,7.99514166909,0.934195828332,0.366094805603
2009-11-04,7.99514166909,0.799053736955,0.33641144989
2009-11-04,7.99514166909,0.80869065085,0.332813500305
2009-11-20,7.99514166909,0.911010143804,0.32201953302
2009-11-20,7.99514166909,0.892237291089,0.320220499207
2010-02-24,7.99514166909,4.33692397085,0.902294705519
2010-03-12,7.99514166909,1.29313257412,0.243763355652
2010-03-28,7.99514166909,0.741108231203,0.22844368163
2010-03-28,7.99514166909,0.732529542947,0.231142173269
2010-04-13,7.99514166909,0.1205324104,0.231170386902
2010-04-13,7.99514166909,0.122331394287,0.231170376282
2010-04-29,7.99514166909,0.11063794751,0.133125348083
2010-04-29,7.99514166909,0.113336435364,0.135823836487
2010-07-18,7.99514166909,0.0476732633667,0.0962460338135
2010-08-03,7.99514166909,0.0368793192749,0.093547541626
2010-11-07,7.99514166909,2.01791122302,0.1016429823
2010-11-07,7.99514166909,2.05688593201,0.10344197345
2010-11-23,7.99514166909,0.539081445519,0.0530702418823
2011-04-16,7.99514166909,1.33111917105,0.882405301941
2011-04-16,7.99514166909,1.32400796437,0.885075623769
2011-05-02,7.99514166909,7.99514166909,7.99514166909
2011-05-18,7.98657365605,0.586471278992,0.649435999878
2011-09-23,7.99514166909,0.769452566575,0.549591998657
2011-09-23,7.99514166909,0.779459771791,0.549591946472
2011-10-09,7.99514166909,1.11777034718,0.518109656006
2011-10-09,7.99514166909,1.10615806242,0.519009143005
2011-10-25,7.99514166909,7.97053424898,2.43629740461
2011-10-25,7.99514166909,7.9723473468,2.42561646013
2011-11-10,7.99514166909,0.624016578326,0.41376811084
2011-11-10,7.99514166909,0.623931931993,0.411069625122
2011-11-26,7.99514166909,0.642690494613,0.372391317566
2011-11-26,7.99514166909,0.639004388957,0.371491802246
2011-12-12,7.99514166909,0.627508328368,0.343607437988
2011-12-12,7.99514166909,0.640242443572,0.347205398682
2012-01-13,7.99514166909,1.02345763809,0.29773310376
2012-01-13,7.99514166909,0.996310777041,0.299532062439
2012-01-29,7.99514166909,0.866709608964,0.265351266663
2012-01-29,7.99514166909,0.857034004845,0.264451708313
2012-02-14,7.99514166909,1.18905622382,0.241964357361
2012-02-14,7.99514166909,1.18631197471,0.239265880493
2012-03-01,7.99514166909,1.21426378231,0.231170400513
2012-03-01,7.99514166909,1.21561126862,0.231170396545
2012-03-17,7.99514166909,4.75810582751,2.49754233349
2012-03-17,7.99514166909,4.76246571974,2.52003695775
2012-04-02,7.99514166909,0.971749501115,0.204185509094
2012-04-02,7.99514166909,0.965072120274,0.206883987915
2012-04-18,7.99514166909,1.72335692875,0.20145879479
2012-04-18,7.99514166909,1.71969895603,0.209554253164
2012-05-04,7.99514166909,0.11783392334,0.125029891235
2012-09-09,7.99514166909,1.11089268053,0.173599292904
2012-09-09,7.99514166909,1.0773678663,0.181924026173
2012-09-25,7.99514166909,0.438113164197,0.0737586299438
2012-09-25,7.99514166909,0.437693421218,0.0764571203613
2012-10-11,7.99514166909,0.548292109625,0.0656631713867
2012-10-11,7.99514166909,0.557749220048,0.0674621772461
2012-10-27,7.99514166909,0.236376421471,0.025185864502
2012-10-27,7.99514166909,0.233744911191,0.0305828307495
2012-11-12,7.99514166909,0.54011110092,0.00719595391846
2012-11-12,7.99514166909,0.547307105619,0.00719595391846
2012-11-28,7.99514166909,0.639352491159,0.010793944519
2012-11-28,7.99514166909,0.629331196421,0.00899494018555
2012-12-14,7.99514166909,7.47696129604,0.000899500610352
2012-12-14,7.99514166909,7.47809711673,0.000899500610352
2012-12-30,7.99514166909,7.42415511931,4.58703122989
2012-12-30,7.99514166909,7.42206344484,4.5658735831
2013-01-15,7.99514166909,1.61816651703,0.663827961731
2013-01-15,7.99514166909,1.62062195081,0.667426020264
2013-01-31,7.99514166909,1.26222646649,0.606260204712
2013-02-16,7.99514166909,1.13549652587,0.526205126709
2013-02-16,7.99514166909,1.12458287072,0.525305536377
2013-04-05,7.99514166909,1.16737394467,0.422734858998
2013-04-05,7.99514166909,1.14603637875,0.424533822438
2013-04-21,7.95440384975,0.754566129553,0.384984224731
2013-04-21,7.95211457161,0.751303362543,0.389481720703
2013-05-07,7.99514166909,1.01715160356,0.281542214722
2013-05-07,7.99514166909,1.00360260409,0.2815422099
2013-09-28,7.99514166909,0.489663451845,0.234768383972
2013-09-28,7.99514166909,0.486799114019,0.231170424011
2013-10-14,7.99514166909,0.398751372859,0.212280977905
2013-10-14,7.99514166909,0.409037383195,0.212280991638
2013-10-30,7.99514166909,0.440060482461,0.192492075378
2013-10-30,7.99514166909,0.434145005401,0.196090046387
2013-11-15,7.99514166909,0.375540703773,0.173602661987
2013-11-15,7.99514166909,0.370750386289,0.17180366571
2013-12-01,7.99514166909,0.60035336344,0.162808702698
2013-12-01,7.99514166909,0.609203802187,0.161009684692
2013-12-17,7.99514166909,0.682852755684,0.144818787476
2013-12-17,7.99514166909,0.670513886866,0.143019794312
2014-01-02,7.99514166909,0.931147785418,0.125029878357
2014-01-02,7.99514166909,0.919620173946,0.125929369934
2014-01-18,7.99514166909,1.37875662876,0.105240977966
2014-01-18,7.99514166909,1.35248434105,0.108838952271
2014-02-03,7.99514166909,1.59458650599,0.103441975586
2014-02-03,7.99514166909,1.60314385723,0.0998440131226
2014-02-19,7.99514166909,2.06516870199,0.109738460449
2014-02-19,7.99514166909,2.06167297386,0.104341487976
2014-03-07,7.99514166909,0.763115586275,0.0818540936279
2014-03-07,7.99514166909,0.755118993122,0.0872510610962
2014-03-23,7.99514166909,6.8270048168,0.303374928757
2014-03-23,7.99514166909,6.84259981801,0.29914910318
2014-04-08,7.99514166909,1.93385096554,0.375047241631
2014-04-08,7.99514166909,1.93781538522,0.382564109959
2014-04-24,7.99514166909,0.263957911932,0.259054768982
2014-04-24,7.99514166909,0.263128951628,0.260853729248
2014-05-10,7.99514166909,0.415097952783,0.169105190247
2014-05-10,7.99514166909,0.423895378419,0.168205703552
2014-05-26,7.99514166909,0.831130067571,0.160110244019
2014-05-26,7.99514166909,0.828710356977,0.162808722107
2014-06-11,7.99514166909,1.13520154592,0.143919302795
2014-06-11,7.99514166909,1.1306722841,0.143019802185
2014-06-27,7.99514166909,1.33711454371,0.133125358154
2014-06-27,7.99514166909,1.33404219415,0.135823846924
2014-07-13,7.99514166909,0.628598506033,0.128627878113
2014-07-13,7.99514166909,0.622231404436,0.127728373718
2014-07-29,7.99514166909,1.64952485479,0.117833925842
2014-07-29,7.99514166909,1.64978237273,0.118733419617
2014-08-14,7.99514166909,0.705460690721,0.111537460815
2014-08-14,7.99514166909,0.71530926434,0.112436956421
2014-08-30,7.99514166909,0.488961360172,0.144818795166
2014-08-30,7.99514166909,0.462720922839,0.143919277405
2014-09-15,7.99514166909,3.34186880433,0.153742829958
2014-09-15,7.99514166909,3.30051653162,0.156624712142
2014-10-01,7.99514166909,0.398228932212,0.116034936768
2014-10-01,7.99514166909,0.390842475262,0.112436941406
2014-10-17,7.99514166909,0.427252547749,0.0935475289307
2014-10-17,7.99514166909,0.425358186861,0.0989444941406
2014-11-02,7.99514166909,7.86352109044,6.72866402512
2014-11-02,7.99514166909,7.87251607518,6.73581750139
2014-11-18,7.99514166909,0.237999206228,0.15741172644
2014-11-18,7.99514166909,0.23913507269,0.156512223938
2014-12-04,7.99514166909,0.283689660664,0.134924315674
2014-12-04,7.99514166909,0.284165934649,0.136723301086
2014-12-20,7.99514166909,0.291301861337,0.112436956787
2014-12-20,7.99514166909,0.290666983793,0.115135446472
2015-01-05,7.99514166909,0.238397572706,0.0962460133057
2015-01-05,7.99514166909,0.229892954858,0.0944470267334
2015-01-21,7.99514166909,1.1545584151,0.0818541005859
2015-01-21,7.99514166909,1.13785592492,0.0782561010742
2015-02-06,7.99514166909,0.253872176118,0.0818540931396
2015-02-06,7.99514166909,0.258129793042,0.0818541018677
2015-02-22,7.99514166909,0.453171433693,0.0683616538086
2015-02-22,7.99514166909,0.45024366549,0.0674621622314
2015-03-10,7.99514166909,0.945117379061,0.0476732703247
2015-03-10,7.99514166909,0.928633695497,0.0431757973022
2015-04-11,7.99514166909,1.14899691533,0.0323818372192
2015-04-11,7.99514166909,1.14555763479,0.0305828388062
2015-04-27,7.99514166909,0.874304340612,0.0224873991089
2015-04-27,7.99514166909,0.868815504298,0.0233868885498
2015-05-29,7.99514166909,1.43659905455,0.0386783088989
2015-05-29,7.99514166909,1.42385454202,0.0395778078003
2015-06-14,7.99514166909,1.16527193027,0.0
2015-06-14,7.99514166909,1.13214569011,0.0
2015-06-30,7.99514166909,2.30773744928,0.0
2015-06-30,7.99514166909,2.32312760074,0.0
2015-08-01,7.99514166909,0.789155624957,0.0
2015-08-01,7.99514166909,0.766869457576,0.0
2015-09-02,7.98382934535,1.49666960343,0.0161909192505
2015-09-02,7.98382934535,1.51556973114,0.017989911438
2015-10-04,7.99514166909,0.887464317324,0.0116934320068
2015-10-04,7.99514166909,0.909404929847,0.0116934348145
2015-10-20,7.99514166909,0.367867584449,0.00809544458008
2015-10-20,7.99514166909,0.346184608968,0.00539695831299
2015-11-05,7.99514166909,2.35939349563,0.912967327067
2015-11-05,7.99514166909,2.34693799165,0.913246027888
2015-11-21,7.99514166909,0.492920319919,0.00989438568115
2015-11-21,7.99514166909,0.492821514614,0.00989439538574
2015-12-07,7.99514166909,7.99514166909,7.99514166909
2015-12-23,7.99514166909,0.440274776815,0.00539696020508
2015-12-23,7.99514166909,0.429131740412,0.00539696020508
2016-01-08,7.99514166909,1.18112908119,0.0107939273682
2016-01-08,7.99514166909,1.18150647046,0.00989444110107
2016-01-24,7.99514166909,7.99514166909,5.27663239428
2016-01-24,7.99514166909,7.99514166909,5.26820884451
2016-02-09,7.99514166909,0.552266519789,0.119632904663
2016-02-09,7.99514166909,0.547511634981,0.128627840698
2016-02-25,7.99514166909,1.98778785058,0.111537443115
2016-02-25,7.99514166909,2.02444483151,0.0998439898682
2016-03-12,7.99514166909,0.680569105944,0.083653088623
2016-03-12,7.99514166909,0.673658954905,0.0836530808105
2016-03-28,7.99514166909,0.514141859951,0.0512712495728
2016-03-28,7.99514166909,0.525122663004,0.0566682235718
2016-04-13,7.99514166909,1.12549044112,0.0395777950439
2016-04-13,7.99514166909,1.12405459843,0.0368793125
2016-04-29,7.99514166909,1.26500417129,0.0233868909912
2016-04-29,7.99514166909,1.27285259501,0.0260853746948
2016-05-15,7.99514166909,1.09132405719,0.0
2016-05-15,7.99514166909,1.11164550314,0.0
2016-05-31,7.99514166909,6.50418059594,0.0
2016-05-31,7.99514166909,6.48962271785,0.0
2016-06-16,7.99514166909,2.69333416611,0.611957514039
2016-06-16,7.99514166909,2.72508818603,0.597255224881
2016-07-02,7.99514166909,0.991255174154,0.0337293226419
2016-07-02,7.99514166909,0.955003773145,0.0323818403931
2016-07-18,7.99514166909,1.43943596816,0.0305828712158
2016-07-18,7.99514166909,1.40445108576,0.0296833619385
2016-08-03,7.99514166909,5.21731468393,0.125661109138
2016-08-03,7.99514166909,5.22667652302,0.125999726446
2016-08-19,7.9946231439,0.547547050385,0.0116934348755
2016-08-19,7.99392119482,0.543585796489,0.00899494110107
2016-09-04,7.99514166909,0.874298873541,0.00809546405029
2016-09-04,7.99514166909,0.864866686232,0.00359798651123
2016-10-06,7.99514166909,0.237479695397,0.00359797302246
2016-10-06,7.99514166909,0.24519409436,0.00449746612549
2016-10-22,7.99514166909,7.99514166909,7.99514166909
2016-10-22,7.99514166909,7.99514166909,7.99514166909
2016-11-07,7.99514166909,0.337707328138,0.00629645526123
2016-11-07,7.99514166909,0.345887321089,0.00809544775391
2016-11-23,7.99514166909,1.02764611873,0.012592932312
2016-11-23,7.99514166909,1.0307081158,0.0107939429321
2016-12-09,7.99514166909,0.511951173537,0.00719595391846
2016-12-09,7.99514166909,0.500212088073,0.00809544952393
2016-12-25,7.99514166909,0.365708304845,0.00899494073486
2016-12-25,7.99514166909,0.384551754681,0.00719594421387
2017-01-10,7.99514166909,1.79917685464,0.245562331543
2017-01-10,7.99514166909,1.76879834706,0.245562299194
2017-01-26,7.98435140106,0.76300978126,0.228471894348
2017-01-26,7.98075346655,0.756494892409,0.223974413757
2017-02-11,7.99514166909,3.02961988155,0.301325314346
2017-02-11,7.99514166909,3.02370499252,0.299991831513
2017-02-27,7.99514166909,1.66554015015,1.5952641427
2017-02-27,7.99514166909,1.65286580052,1.59976145258
2017-03-15,7.99514166909,1.71342164797,1.64095486553
2017-03-15,7.99514166909,1.71117119288,1.64005549469
2017-03-31,7.99514166909,2.42419818285,1.64293720984
2017-03-31,7.99514166909,2.42641318538,1.64653509717
2017-04-16,7.99514166909,1.79901455266,1.58267103449
2017-04-16,7.99514166909,1.78432631676,1.57599703381
2017-05-02,7.99514166909,2.86150881223,1.58896743647
2017-05-02,7.99514166909,2.82700681705,1.58948939764
2017-06-03,7.99514166909,2.41184223287,1.52112781134
2017-06-03,7.99514166909,2.42454143502,1.51002380571
2017-07-05,7.99514166909,2.52482237878,1.24010792293
2017-07-05,7.99514166909,2.51281484273,1.2374094504
2017-08-06,7.99514166909,1.71696282571,1.17024363489
2017-08-06,7.99514166909,1.70298007349,1.17202846244
2017-08-22,7.99514166909,2.42576489355,1.84504790739
2017-08-22,7.99514166909,2.41177171184,1.84101603147
2017-09-07,7.99514166909,1.53060516279,1.25748054026
2017-09-07,7.99514166909,1.5323053716,1.25927953867
2017-09-23,7.99514166909,1.77938359441,1.21614603625
2017-09-23,7.99514166909,1.77262509902,1.22064353259
2017-10-09,7.99514166909,1.70297257483,1.27098827576
2017-10-09,7.99514166909,1.71074341167,1.27906948996
2017-10-25,7.99514166909,1.25689454014,1.09918359912
2017-10-25,7.99514166909,1.25307429474,1.09648507245
2017-11-10,7.99514166909,1.36519667543,1.05240983954
2017-11-10,7.99514166909,1.35760926132,1.05240985437
2017-11-26,7.99514166909,1.24879858833,0.988545727844
2017-11-26,7.99514166909,1.25512335403,0.989445270386
2017-12-12,7.99514166909,1.04658211724,0.894098737244
2017-12-12,7.99514166909,1.05362638668,0.890500815674
2017-12-28,7.99514166909,0.9404877249,0.818541044556
2017-12-28,7.99514166909,0.9328577844,0.81404352594
2018-01-13,7.99514166909,1.77000131079,0.787058797607
2018-01-13,7.99514166909,1.76587765681,0.788857793823
2018-01-29,7.99514166909,1.30989907138,0.75827487146
2018-01-29,7.99514166909,1.31229071731,0.755576393982
2018-02-14,7.87568637918,2.39708199644,0.845723500107
2018-02-14,7.87703736904,2.39628113384,0.8491239245
2018-03-02,7.96046037844,1.67065277394,0.767269884583
2018-03-02,7.95956089382,1.67622250365,0.771767412964
2018-03-18,7.9923867814,1.63507900515,0.75017949884
2018-03-18,7.99500057375,1.62770668189,0.742084110901
2018-04-03,7.95886953995,0.34180827063,6.8404592124
2018-04-03,7.95878488132,0.345406251465,6.83597592504
2018-04-19,7.87909739434,1.3956042515,1.01724907826
2018-04-19,7.87760882579,1.41415851015,1.00825399183
2018-05-05,7.61723891192,1.17556925188,0.649435985291
2018-05-05,7.62866786658,1.16743489121,0.644938385986
2018-06-06,7.85920985509,1.24643857155,0.599064219421
2018-06-06,7.85561191331,1.23606431067,0.593667258728
2018-07-08,7.63810706332,2.06956779112,0.717769336477
2018-07-08,7.63807885811,2.07094359864,0.717769262746
2018-08-09,7.76674905029,1.11526789365,0.689885044301
2018-08-09,7.76028332723,1.12988200345,0.69081295752
2018-09-10,7.75505920803,0.824522926043,0.611657177002
2018-09-10,7.7578423652,0.841764787588,0.607159625427
2018-09-26,7.58922038762,0.739529292027,0.535200044556
2018-09-26,7.57507894696,0.743772744938,0.531602066528
2018-10-12,7.49798606404,7.49798606404,7.49798606404
2018-10-12,7.4938130472,7.4938130472,7.4938130472
2018-10-28,7.60172509541,1.51267310203,0.465039361023
2018-10-28,7.6085929884,1.47739202146,0.459614125783
2018-11-13,7.82117369362,0.765776071657,0.406572127686
2018-11-13,7.82797455343,0.729669320454,0.405672552612
2018-11-29,7.92203645233,7.92203645233,7.92203645233
2018-11-29,7.91887591281,7.91887591281,7.91887591281
2018-12-15,7.86422220065,0.604562583958,0.336411454895
2018-12-15,7.85909334872,0.606880068193,0.335511954224
2018-12-31,7.78014634298,1.33609758857,0.305828585876
2018-12-31,7.78780434921,1.29036450123,0.304029555481
2019-01-16,7.45918090933,0.687586919274,0.252758342773
2019-01-16,7.45597448408,0.688860314754,0.251858841248
2019-02-01,7.36925134368,2.45163533805,0.233868887634
2019-02-01,7.36767812887,2.46542752049,0.23117040387
2019-02-17,7.37675840997,0.628287110034,0.205984525024
2019-02-17,7.38198612116,0.635035124567,0.210481966858
2019-03-05,7.42925333765,1.047295429,0.196090065918
2019-03-05,7.42826917296,1.0380960172,0.197889052795
2019-03-21,7.38969015331,1.00810625008,0.177200644226
2019-03-21,7.39144327667,1.0031748495,0.175401631958
2019-04-06,7.42497175701,0.688991037249,0.163708205627
2019-04-06,7.42376536102,0.703538050685,0.166406692078
2019-05-08,7.37947382598,1.09684639547,0.10074350531
2019-05-08,7.38452164852,1.10153807742,0.10254249408
2019-05-24,7.24456021812,3.10987553736,0.0737586398926
2019-05-24,7.24475770736,3.1056530775,0.0728591442871
2019-07-11,7.51017385234,1.24680839243,0.0647636819458
2019-07-11,7.51059358172,1.25053345336,0.0656631778564
2019-07-27,7.44407276387,3.82463400962,0.0377788230591
2019-07-27,7.44299335289,3.81589663369,0.0413768043213
2019-08-28,7.29424415049,1.36847230115,0.0719314142963
2019-08-28,7.29414538236,1.36875797438,0.079127373708
2019-09-29,7.29110812074,7.08597945366,7.08308792727
2019-10-15,7.35703231914,0.4179526613,0.00539696148682
2019-10-15,7.35720162993,0.416841577224,0.00449746643066