Date,Rarea,NDWI,MNDWI
2000-02-03,5.08102629565,3.68684389365,1.403960826
2000-03-31,5.08102629565,0.152135083984,0.207736127854
2000-04-23,5.08102629565,0.164737976563,0.204135267014
2000-07-28,5.08102629565,0.25689427664,0.203234981736
2000-09-07,4.51065350356,0.215149622437,0.183642309448
2000-09-30,5.08102629565,4.76466014492,0.199478885346
2000-10-09,5.08102629565,4.76699004665,0.478518343445
2000-11-26,5.08102629565,1.84977760403,0.250536892283
2000-12-03,5.08102629565,1.2520782134,0.214094058701
2000-12-28,5.08102629565,1.16225667814,0.205049633795
2001-01-04,5.08102629565,0.840263553921,0.200548574652
2001-01-13,5.08102629565,2.53035015592,0.307948420447
2001-01-29,5.08102629565,5.08102629565,0.354858448996
2001-02-05,5.08102629565,1.31261467159,0.188845893561
2001-02-21,5.08102629565,1.67081169001,0.187087817001
2001-03-02,5.08102629565,2.11098229041,0.226654767767
2001-03-09,5.08102629565,4.26251402209,0.771444166561
2001-04-19,5.08102629565,2.07481959419,0.443456834989
2001-04-26,5.08102629565,0.171939644409,0.196975914995
2001-05-12,5.08102629565,0.223967948601,0.210983787984
2001-05-21,5.08102629565,0.244277265256,0.201939358693
2001-07-31,5.08102629565,0.34505454161,0.208494958234
2001-08-09,5.08102629565,0.327008031004,0.199845953613
2001-08-25,5.08012960881,1.28093064974,0.180941686829
2001-09-01,5.08102629565,1.07823901237,0.190843964233
2001-09-10,5.08102629565,1.3438569025,0.188185696878
2001-09-17,5.08102629565,5.08102629565,0.202589035745
2001-09-26,5.08102629565,5.08102629565,0.18454250885
2001-10-03,5.08102629565,5.0705627406,0.199478870454
2001-10-12,5.08102629565,5.03697274083,0.189986115396
2001-10-19,5.08102629565,4.97919366719,0.534491539929
2001-11-04,5.08102629565,4.33240793777,0.196089870102
2001-11-20,5.08102629565,4.39003629094,1.74107578225
2001-11-29,5.08102629565,3.64895903516,1.15901343519
2001-12-06,5.08102629565,0.832903433592,0.222195938583
2001-12-15,5.08102629565,1.77694004975,0.516840549315
2001-12-22,5.08102629565,0.377082241331,0.209240001207
2002-01-16,5.08102629565,0.780647223214,0.20709012681
2002-01-23,5.08102629565,0.95682311168,0.190476795991
2002-02-01,5.08102629565,5.07315030122,3.30509074508
2002-02-24,5.08102629565,0.874720616721,0.189943789062
2002-03-05,5.08102629565,5.08102629565,4.70809306003
2002-03-12,5.08102629565,4.60559781676,2.37945701703
2002-03-21,4.55294590622,1.80732561764,0.188143357971
2002-03-28,5.08102629565,1.23553499554,0.171939635132
2002-04-06,5.08102629565,0.154835713806,0.179141299133
2002-04-22,5.08102629565,0.172839851074,0.179829649766
2002-05-08,5.08102629565,0.182742076782,0.185047281864
2002-05-15,5.08102629565,5.070223797,0.217959439008
2002-06-09,5.08102629565,0.274714778709,0.214542194081
2002-06-16,5.08102629565,5.06752315137,0.22790406179
2002-07-02,5.08102629565,0.334340143636,0.22465625773
2002-07-11,5.08102629565,5.07832566833,0.214584551054
2002-07-18,5.08102629565,5.07822683371,3.15578350638
2002-07-27,5.08102629565,5.08102629565,0.207340578176
2002-08-03,5.08102629565,0.27692119012,0.203051392826
2002-08-12,5.08102629565,0.32063949789,0.190448530399
2002-08-19,5.08102629565,2.68989405592,0.105324418457
2002-08-28,5.08102629565,4.0674707603,0.342325553641
2002-09-20,5.08102629565,4.55278500501,0.19787614596
2002-09-29,5.08102629565,4.82315416962,1.60662988269
2002-10-15,5.08102629565,4.51164036239,0.189085894449
2002-10-22,5.08102629565,5.08102629565,5.08102629565
2002-10-31,5.08102629565,3.76797784275,0.204008079998
2002-11-07,5.08102629565,2.75471180824,0.182784459207
2002-11-16,5.08102629565,3.52189645098,0.177340852722
2002-12-02,5.08102629565,4.7431801879,0.406687391085
2002-12-09,5.08102629565,4.8339871965,1.66861151109
2002-12-18,5.08102629565,4.16258242227,0.228225650099
2002-12-25,5.08102629565,4.45799813229,2.01608634165
2003-01-03,5.08102629565,4.16804910774,0.117927116455
2003-01-19,5.08102629565,2.605391817,0.249890520539
2003-01-26,5.08102629565,1.04415470125,0.226485178193
2003-02-04,5.08102629565,2.33649952523,0.863767773362
2003-02-11,5.08102629565,0.947279493006,0.268611147613
2003-02-27,5.08102629565,1.03116162509,0.215682712983
2003-03-08,5.08102629565,3.07818040751,1.1367205351
2003-03-15,5.08102629565,1.41410323099,0.18184194281
2003-03-31,5.08102629565,1.98709210617,0.187243196045