Date,Rarea,NDWI,MNDWI
2000-07-03,78.5584881246,14.0845428505,13.1441725026
2000-09-05,78.5584881246,12.0684050476,11.5057486862
2000-11-24,78.5584881246,66.4119598228,9.00183499067
2000-12-26,78.5584881246,37.5307291813,9.95197885536
2001-01-11,78.5584881246,49.0011625848,8.13884788935
2001-02-12,78.5584881246,78.0268795996,7.8264363011
2001-02-28,78.5584881246,69.5091902656,6.60048606562
2001-03-16,78.5584881246,70.8126612492,5.27059224386
2001-06-04,78.5584881246,15.6429294866,16.1029934625
2001-08-23,78.5584881246,15.7880504836,15.4753371492
2001-09-08,78.5584881246,15.6530726518,14.6248532839
2001-09-24,78.5584881246,77.2116573523,14.6423652009
2001-11-11,78.5584881246,77.6002242688,25.5260012925
2001-11-27,78.5584881246,77.8984056106,62.5461581491
2001-12-29,78.5584881246,40.8639597452,17.5985617011
2002-01-14,78.5584881246,29.6282036482,16.96117421
2002-01-30,78.5584881246,54.189966348,33.369755346
2002-03-03,78.5584881246,52.9067254669,16.9011799143
2002-03-19,78.5584881246,68.8936433267,17.3310365895
2002-04-04,78.5584881246,15.6554367336,16.5109191597
2002-05-06,78.5584881246,24.4605241276,23.1150935876
2002-06-07,78.5584881246,26.1813655496,16.0631669468
2002-07-09,78.5584881246,32.2911602398,16.0354550997
2002-07-25,78.5584881246,20.0434023521,15.8980748389
2002-08-10,78.5584881246,21.8172181883,15.873059459
2002-09-11,78.5584881246,77.1040556649,20.6344245774
2002-10-13,78.5584881246,76.7242262983,16.3309766916
2002-11-30,78.5584881246,72.8344145158,13.8120499843
2002-12-16,78.5584881246,77.7038853548,1.90462604237
2003-01-01,78.5584881246,71.3361187871,13.0166029309
2003-03-06,78.5584881246,49.2967995559,9.56215080073
2003-03-22,78.5584881246,59.1622308,15.0540178856
2003-04-23,78.5584881246,55.3836343188,22.1239858033
2003-08-13,68.0975775666,19.6465825432,6.70626548901
2003-11-01,69.8802521804,65.709890585,9.13192219794
2003-12-03,69.4578853267,3.50070280504,15.8904346164
2004-01-04,69.3936290202,59.3883209482,7.09643627197
2004-02-05,68.9391512941,57.5376543677,5.61244103998
2004-03-24,69.4162802929,50.4167557815,8.5109114825
2004-04-25,67.7825459735,8.00783862457,8.2287676875
2004-05-11,68.5629978424,7.81367252826,7.97106482451
2004-05-27,68.6468351799,8.04630380927,7.92353958818
2004-06-12,68.0770339333,8.00878275702,7.74613685688
2004-08-31,68.2682201531,34.5329596439,26.4180699039
2004-09-16,68.3165176924,67.1783872962,6.10271354169
2004-10-02,68.6739147439,67.096706119,5.75751967133
2005-01-06,68.83873742,60.5927323277,1.88158901404
2005-02-23,68.8792356776,44.1245903725,2.22678199891
2005-03-27,68.6284033815,68.0806041884,66.5473893939
2005-04-28,67.998386466,4.06279274402,4.55728380675
2005-05-30,68.1512285214,4.30292752478,4.40548508728
2005-06-15,67.5912762369,4.70315106995,4.43300018543
2005-07-01,67.8159468225,5.18016999351,4.66988563365
2005-08-02,68.3707384326,5.39227763368,4.6681303429
2005-08-18,68.2836947987,66.8565736618,4.43299977576
2006-01-25,68.6959701525,34.0091617573,10.0389832846
2006-02-10,68.665100457,32.1680021087,21.541103103
2006-03-30,68.1215688292,30.5708785205,16.2312519669
2006-04-15,67.6557867208,20.7332439627,14.753499882
2006-06-02,69.0271616496,14.6249055893,14.8481715059
2006-06-18,69.0849470103,15.3752850483,15.0809194708
2006-07-04,68.1797702754,14.5697923303,14.3703995367
2006-09-22,68.5070620491,66.5303014997,14.1270880359
2006-10-24,69.3880467561,58.8147567377,13.4692156626
2006-11-09,69.982101635,54.1898959906,15.6299769816
2007-01-12,68.7120486202,52.6362138226,13.4296345654
2007-02-13,68.8352988584,57.0250280285,11.3955440547
2007-03-01,68.7853174067,63.2704504526,9.64450986895
2007-03-17,68.8583759409,60.4008938674,9.44459333222
2007-04-02,69.9339638312,65.7924093758,8.70234008667
2007-05-04,69.2050320479,11.8885716648,8.18618561528
2007-06-21,68.7881068167,15.4069731191,8.05130914863
2007-07-07,69.006683648,22.0283335381,8.30144552631
2007-11-12,70.7350621226,47.6250204992,5.9025998332
2007-11-28,71.3332113254,55.8707924092,5.70749022602
2008-01-31,69.9412719097,58.3951676706,5.52238772724
2008-02-16,69.1663438259,60.9363381751,5.50761012705
2008-03-03,68.7200188118,59.4650878036,3.07599349875
2008-03-19,68.3898505441,48.9423345341,4.91872929439
2008-05-06,69.6509122203,64.1093427434,4.86823955945
2008-06-07,69.4350539357,6.1864918954,5.37352149695
2008-06-23,68.8487957236,6.95845830698,5.43835984862
2008-08-26,68.8226157275,4.36546153626,3.60504093934
2008-09-11,68.8987607933,67.9792860063,3.35990398523
2008-09-27,69.285406152,3.63755720057,3.34739726087
2008-10-13,69.5136236918,68.7563755156,3.35990453748
2008-10-29,69.7732673944,67.5589721357,3.20270946103
2009-01-01,69.376242395,67.1221236893,3.11857911944
2009-01-17,68.7297148449,46.8183939124,5.21221600068
2009-02-18,68.3733669131,44.7019938427,8.7093103418
2009-03-06,68.8567414102,22.0973147091,7.90622482905
2009-03-22,69.2889067644,41.2655161721,7.56353149262
2009-04-07,69.9788973679,7.293381581,7.7034166585
2009-08-13,68.2102794734,8.48384609022,6.52044433393
2009-12-03,68.8316387673,47.5357883378,6.85312971332
2009-12-19,69.2078281481,55.2613511623,6.89565658051
2010-02-05,71.5971771181,19.5315373684,7.6569072535
2010-02-21,71.8759638456,27.1445643771,8.57660135346
2010-03-09,72.4669464826,20.5460367713,11.4661007506
2010-03-25,72.1919653863,67.2737839045,26.9733424749
2010-10-03,69.3348497349,68.5572138722,10.7928589465
2010-10-19,69.0430573846,61.6846678372,8.72669096576
2010-11-20,68.9773534325,63.7026522458,10.983450496
2010-12-06,68.752751302,59.8248175458,9.11162274412
2011-01-07,68.7661042217,43.9333021431,16.2600780053
2011-04-13,68.5943300069,23.6771358781,26.9289720637
2011-04-29,68.2579888382,13.9673369661,15.1508229508
2011-05-15,67.9234773733,18.1768715978,18.5590369463
2011-09-04,68.4190607686,14.9595925967,14.631555824
2011-09-20,68.3401908146,14.6047454502,14.6637614299
2011-10-06,69.3665645406,65.9322313062,14.6777369477
2011-10-22,68.8827428476,13.6019407202,14.2673216069
2011-11-07,68.6439991993,63.1998529538,12.9265636135
2011-11-23,69.3305645677,62.8576126824,12.6589113024
2012-01-10,69.6454228921,63.2807683243,11.408050398
2012-02-11,69.1660548881,51.4388350165,11.6936360326
2012-02-27,68.8144535129,43.0440490381,10.6515230257
2012-03-14,68.7487110326,51.0716176431,10.6226063022
2012-03-30,68.5988495158,66.9125318806,43.4390497787
2012-05-17,78.5584881246,11.1805626818,11.4180398401
2012-06-02,71.0842422115,10.3298960594,10.2848727105
2012-10-08,68.3347658172,18.0980466109,8.34147141303
2012-11-09,68.4152144996,65.8039717077,10.4753836631
2012-11-25,68.7046718367,57.5990539652,7.38593130414
2012-12-27,68.8337856156,48.0785076725,19.254811428
2013-01-12,68.3017713117,40.3133922097,12.6062663144
2013-01-28,68.6012439436,57.4812566817,12.3685925972
2013-02-13,68.5223816195,58.3852596493,11.0276353683
2013-03-01,68.3455377737,63.0571732658,29.005121105
2013-03-17,68.3980537816,9.03186539423,9.07313311258
2013-04-02,68.2962940702,51.592000597,9.64220898115
2013-05-04,68.0922194098,8.71167880585,9.20426147466
2013-05-20,68.6825499994,67.7952957101,9.76942451915
2013-06-05,67.914073286,9.01665552715,9.09189677241
2013-07-07,67.9580217663,10.5196912321,9.72221642078
2013-07-23,67.7348891792,10.1371244335,9.36454770063
2013-08-08,68.3284779436,15.1060751624,6.92458420866
2013-08-24,68.3192178194,15.291391754,9.56472398894
2013-09-09,68.5959003888,9.05182957288,8.12635356537
2013-09-25,68.3587110177,35.6212964701,6.31348146533
2013-10-11,69.1075805331,8.24641344208,8.00127930366
2013-10-27,68.8790719924,7.55386837679,6.5662120029
2013-11-12,68.7997342826,66.4483807024,6.11521588642
2013-11-28,68.8542810317,22.2811611623,7.90926100077
2013-12-14,68.729095486,53.1246030594,6.72806099091
2013-12-30,68.8391973636,47.2089292064,5.6587864475
2014-01-15,69.704519791,56.2011020811,5.54239785712
2014-02-16,70.1373345809,69.9972582647,68.524992343
2014-03-20,68.8252840932,12.2954134691,10.5207286726
2014-04-05,68.416976175,19.3183378731,10.4975383794
2014-04-21,68.7561412388,57.0695187014,10.3897741134
2014-05-07,68.5700549006,68.3349230788,11.9892995211
2014-05-23,68.9250638439,68.2793974692,12.7504307935
2014-06-24,68.3621738142,10.9327339604,10.3050811276
2014-07-10,68.4209165265,10.7324656798,10.0899612707
2014-10-14,68.1249817894,60.2234158343,45.1772686773
2014-10-30,68.6801636521,6.733065206,6.85063193574
2014-11-15,68.3481012996,64.2547958723,10.11069035
2014-12-01,68.4581918893,11.885979445,12.5654211831
2014-12-17,68.9172773423,35.5958046532,17.864587767
2015-01-02,68.4501945156,16.8103335667,12.39973002
2015-01-18,68.032831169,24.5549885355,11.7557458374
2015-02-03,68.8256895917,42.5228207241,10.3476055456
2015-02-19,68.7571327835,57.2188777324,13.2886123253
2015-04-08,68.5476379719,57.9118539749,9.9497281836
2015-04-24,68.0628098142,9.33702928583,9.61218798285
2015-05-26,68.0798012072,9.8501625745,9.44209278608
2015-07-13,68.592479925,68.592479925,67.2890960489
2015-08-14,68.5835676886,10.2556595876,8.47154870991
2015-09-15,68.450047826,68.450047826,68.450047826
2015-10-01,68.8001277906,9.19443462885,8.37898726557
2015-10-17,69.0998648454,66.9062476189,6.43289456147
2015-11-02,68.6980198218,65.0518092289,5.93511627582
2015-11-18,69.2546637954,63.6155544595,5.88759198212
2015-12-04,68.8166387167,5.82376590442,5.79003471284
2015-12-20,69.4533936309,68.7368644299,7.52783614251
2016-01-05,69.4640265317,66.3042219006,2.0616870763
2016-02-06,69.5558177649,64.140539687,10.0855261805
2016-02-22,68.4498571139,56.1997883505,2.62949982166
2016-04-10,68.378255667,2.99644167362,3.77276913263
2016-04-26,68.6931848811,30.2429202877,3.91966475269
2016-05-12,68.2421383498,41.1613459703,4.27650030669
2016-05-28,68.5912789026,5.26345961853,5.3197757204
2016-06-29,68.4046091731,5.62474697393,5.33228274994
2016-07-15,67.8617599657,66.9072999077,4.99459563813
2016-07-31,67.9679521776,67.9579464027,54.7501013865
2016-08-16,67.7783962713,38.8381203378,29.2210692937
2016-09-17,68.5006049925,16.4006293395,9.06405100998
2016-10-03,69.1441042993,67.6398301212,5.80254272944
2016-10-19,69.2613774205,68.1242886033,5.22614494184
2016-11-04,68.8845081383,68.4234803347,5.23289202319
2016-11-20,68.3456341673,43.770090939,5.99515056879
2016-12-06,68.7446287653,64.3738711399,5.86758104438
2016-12-22,68.4344639516,62.5130806771,3.22232463343
2017-01-23,67.9347874192,55.88109999,6.53305768665
2017-03-12,68.3543687167,18.0212071421,10.6351136834
2017-03-28,68.3918730185,19.2274801943,10.3099340535
2017-04-29,68.871491564,10.0631128335,10.1981895657
2017-05-15,68.9163244944,62.9605403226,9.987250375
2017-05-31,68.9967040303,10.3106336657,9.76962584033
2017-06-16,69.1459013792,9.92181070085,9.66221638447
2017-07-02,69.1655530508,8.97373153523,8.27143211078
2017-07-18,69.0272354058,68.4199231244,8.09383191157
2017-08-03,68.5780510781,8.46149327601,7.9987780102
2017-08-19,68.6621172503,67.511750193,8.07882546772
2017-09-04,68.5761756644,8.03125564173,7.77115202289
2017-09-20,68.6129137439,8.08679365782,7.81934459863
2017-10-06,69.0567957917,66.1190613007,7.70028620214
2017-10-22,70.0584657409,70.0584657409,70.0584657409
2017-11-07,70.7603755971,63.3612000633,5.44984768793
2017-11-23,70.8676533988,64.6837524907,5.29476052851
2017-12-09,70.4817414782,64.7694540321,2.85212469544
2017-12-25,69.9594198516,63.3017367862,2.43884477075
2018-01-26,68.1800025339,1.82099854956,2.04917931287
2018-02-27,67.7020515839,46.548975333,10.8937608963
2018-03-15,67.7680993077,46.3739291712,8.75165928033
2018-03-31,67.9995683385,54.1885936177,59.6295946138
2018-04-16,67.7275280999,67.7275280999,67.7275280999
2018-05-02,67.3206885648,38.2055494043,15.7692614104
2018-05-18,67.4779503653,25.9114577418,14.4095510253
2018-06-03,67.5723475819,53.6806263958,14.1594475086
2018-06-19,67.5594772926,65.7662221355,14.1669127296
2018-07-05,67.4310715447,66.8354811369,14.3923950244
2018-07-21,67.2126457841,14.2797848886,13.9094255105
2018-08-06,67.4095932751,66.9125373566,13.664482489
2018-08-22,67.7141293265,67.6575779592,14.3247023877
2018-09-07,67.6998814418,67.5595566444,14.3005091821
2018-09-23,67.4085778482,15.9808957667,12.808997633
2018-10-09,66.9441413617,12.4010650379,12.0760845871
2018-10-25,67.2108980244,64.2429069135,12.2461809575
2018-11-10,67.4154051867,10.0449302609,9.87467981348
2018-11-26,67.8624176607,67.8624176607,40.0691319832
2018-12-12,67.833994893,62.0251161389,9.70224210004
2018-12-28,67.5506064634,65.6915114523,8.98433700947
2019-01-13,67.1014551008,52.6705380232,7.07325711371
2019-03-02,66.9307801332,17.1186380791,9.38686358623
2019-03-18,66.936337451,17.9861785483,8.3464752746
2019-04-03,67.1731987978,39.0734645618,8.49136465923
2019-04-19,67.2124232567,9.57283918262,10.363128585
2019-05-05,66.9529975783,47.2051699967,15.2547131676
2019-06-22,67.1991486937,14.2202672948,14.4981220913
2019-07-08,67.1799393998,66.1248167047,14.3723833625
2019-07-24,67.2771450526,15.7800915029,15.0528877595
2019-08-09,66.9143703256,64.9291748017,13.6494750368