Date,Rarea,NDWI,MNDWI
2000-02-03,7.31123295121,2.62377270196,1.14847907202
2000-04-07,7.31123295121,0.683064806788,0.774816137757
2000-07-28,7.31123295121,1.00809552758,0.66360334126
2000-09-30,7.31123295121,7.26634096305,0.678554429769
2000-11-17,7.31123295121,5.40596495569,0.694278996281
2001-01-04,7.31123295121,3.687177246,0.675633461338
2001-02-05,7.31123295121,4.21215625017,0.673030355482
2001-02-21,7.31123295121,5.09427160053,0.696839713238
2001-03-09,7.31123295121,4.78370034576,0.725480871114
2001-04-26,7.31123295121,0.852389925806,0.954638374971
2001-05-12,7.31123295121,0.934738975351,0.983713964902
2001-07-31,7.31123295121,1.16199987645,0.910594066295
2001-09-01,7.31123295121,1.14225589172,0.954878558393
2001-09-17,7.31123295121,7.31123295121,0.920879361149
2001-10-03,7.31123295121,7.04547657858,0.853064554599
2001-10-19,7.31123295121,4.64271977046,0.808931943271
2001-11-04,7.31123295121,0.00630464868164,2.28631926238
2001-11-20,7.31123295121,4.65380559014,2.464054222
2001-12-06,7.31123295121,1.9756860618,0.921331480087
2001-12-22,7.31123295121,2.03043945844,0.878915448673
2002-01-23,7.31123295121,7.31123295121,7.31123295121
2002-02-24,7.31123295121,1.9898918392,0.870230193906
2002-03-12,7.31123295121,7.31123295121,7.31123295121
2002-03-28,7.31123295121,0.716389446802,0.851079574814
2002-05-15,7.31123295121,7.25100131576,0.986514868552
2002-06-16,7.31123295121,7.25881063699,1.01389858764
2002-07-02,7.31123295121,1.35636025671,0.972174861062
2002-07-18,7.31123295121,1.30468671691,0.908142837644
2002-08-03,7.31123295121,1.23598188546,0.849504244882
2002-08-19,7.31123295121,7.30633757631,6.17548338629
2002-09-20,7.31123295121,7.05145623858,0.845675595932
2002-10-06,7.31123295121,5.6571659133,0.817037957554
2002-10-22,7.31123295121,6.73251177152,0.862745852283
2002-11-07,7.31123295121,2.954621483,0.797223302463
2002-12-09,7.31123295121,3.97129646331,0.791367223038
2002-12-25,7.31123295121,2.5447339095,0.836188562691
2003-01-26,7.31123295121,2.45778937119,0.900164064396
2003-02-11,7.31123295121,3.48519527221,0.894519887826
2003-02-27,7.31123295121,3.56517412089,0.909562766721
2003-03-15,7.31123295121,2.68203736532,0.816854279098
2003-03-31,7.31123295121,4.26109834977,0.855187288785
2003-08-22,6.6405972622,0.829781426621,0.650979914398
2003-10-25,7.30222626969,7.1622168555,0.744313520362
2003-11-26,7.1896357936,6.8061287913,0.710282583837
2003-12-12,6.82516645939,6.54659228498,0.643774606415
2004-03-01,6.71241735662,1.98936907425,0.644813019275
2004-03-17,6.74465059875,2.23912883029,0.657733141774
2004-05-04,6.64496279135,0.63217542855,0.691057751818
2004-06-21,6.5554154671,5.42066981219,4.0268206239
2004-08-08,6.57093516744,6.57003449984,0.674905802004
2004-08-24,6.68258591247,6.68258591247,3.308186113
2004-09-09,6.67625651161,6.67625651161,0.681461270056
2004-11-28,6.78231251987,6.64067850663,4.29515505025
2004-12-30,6.7332774899,4.57633487224,0.608171826204
2005-01-15,6.73328102335,5.03474559112,0.716343505505
2005-01-31,6.61436847494,2.22547399039,0.841242832373
2005-02-16,6.72866820863,4.49330865784,2.24488689159
2005-03-04,6.6958592853,1.83089784459,0.789382218693
2005-04-21,6.46007916552,2.33832898523,0.784878866398
2005-05-07,6.58756392316,0.698316062795,0.76260239058
2005-05-23,6.58827033284,0.709908152906,0.748008041837
2005-06-08,6.52324231699,0.803379568852,0.799822758882
2005-09-12,6.48239800007,6.44665391451,0.712168680181
2005-09-28,6.60603289155,5.82378879617,0.67024710405
2005-11-15,6.90631464638,3.66545460451,0.737779371372
2005-12-01,6.71496043202,2.98412425868,0.753655803253
2006-01-02,6.61846910119,6.16435754714,2.51423980732
2006-01-18,6.74603869787,1.22204102434,2.88058328421
2006-02-19,6.65858232951,3.49393597068,6.65858232951
2006-03-07,6.64032526668,1.64132368728,0.77463603711
2006-03-23,6.60726906186,6.60456706595,5.5061762151
2006-04-24,6.6322122214,6.53494043466,6.57382798123
2006-07-29,6.51435928706,0.985519014211,0.686356621023
2006-08-14,6.54672671726,0.996245703854,0.722987227376
2006-08-30,6.67318365101,0.874818288769,0.743607226293
2006-12-04,7.31123295121,2.85085072598,0.750837280411
2007-01-05,6.71763064268,6.71492863963,5.15414178297
2007-01-21,6.59021296347,6.54968297091,3.5869440621
2007-02-06,6.7280077364,4.01947001591,0.65685723932
2007-02-22,6.68334531068,5.46607289902,0.583430029022
2007-03-10,6.71700193795,6.14388534628,0.623959979645
2007-04-11,7.17205337071,6.95347406709,0.704158059571
2007-05-13,6.79127681825,0.7651207369,0.7164317937
2007-05-29,6.5932116411,0.909831110376,0.722623375291
2007-09-18,6.6490635192,6.61462626846,0.689231727572
2007-10-04,6.78845119942,6.73531188088,1.3829492542
2007-10-20,7.12790659328,7.02363414857,0.742985571845
2007-11-05,7.31123295121,7.31123295121,7.31123295121
2008-01-08,7.31123295121,1.90791010022,0.84469015247
2008-03-12,6.64809570348,0.618216893152,0.756848732977
2008-03-28,6.70511668572,2.65821012224,0.678533231232
2008-04-13,6.90090706405,6.68837788554,5.95930459904
2008-06-16,6.87822098916,0.801309757692,0.743109062391
2008-07-02,6.75037602553,0.954613613232,0.73985961079
2008-08-03,6.66315978105,1.03867952601,0.623818641299
2008-09-04,6.7058584431,6.5385817454,0.62243061012
2008-11-23,7.31119056682,4.10393076333,0.573522712616
2008-12-09,7.27292807506,3.20112474638,0.619792216098
2008-12-25,7.06282551203,2.48089239376,0.619792198948
2009-02-27,6.71628850484,6.71628850484,6.71628850484
2009-03-31,7.15484534248,3.78444469984,0.885809897549
2009-04-16,7.30763027824,0.742084917076,0.814897531258
2009-05-18,7.31123295121,0.84618062545,0.887667722776
2009-06-03,7.31123295121,0.958622551015,0.911749043692
2009-08-06,6.72168893679,1.06711212448,0.757438546262
2009-08-22,6.73315033556,0.931443658761,0.692590660641
2009-09-07,6.78680174737,1.18033869129,0.692082049338
2009-11-26,6.91351642833,2.61342459886,0.72566102137
2009-12-12,6.73906293759,6.49152814373,2.90507110476
2009-12-28,7.20872639466,4.31400392684,1.42016528917
2010-01-13,7.31123295121,2.83536244682,0.913924829538
2010-03-18,7.31123295121,2.27819997976,0.859747157712
2010-04-03,7.31123295121,0.663995436328,0.779743337026
2010-05-05,7.08563178653,0.698584533219,0.82569136207
2010-05-21,6.63113143724,0.756760442372,0.848335079273
2010-06-06,6.67602693029,0.766441707565,0.74598420371
2010-06-22,6.59568050333,0.797523450805,0.701710302116
2010-07-24,6.6192391011,1.02346347919,0.652876581127
2010-08-09,6.68954752659,0.759377686563,0.572282945426
2010-08-25,6.7081860387,5.23076942378,5.67472339286
2010-09-10,6.7885429587,6.76220111712,0.555184444555
2010-09-26,6.98743097417,6.98387068942,0.757915604002
2010-10-12,6.83404240966,6.83404240966,0.682390260562
2010-10-28,6.75546921925,5.32505638116,0.619212952992
2010-12-31,6.69274049362,6.01606435712,4.51500718188
2011-02-01,6.71939664275,6.39067174441,6.51680679645
2011-02-17,6.67601986287,6.67601986287,0.147412394272
2011-03-21,6.61504657776,2.30202693378,0.783557905026
2011-04-22,6.68392100636,0.731700755091,0.85471045538
2011-05-08,6.69077665569,0.810966376977,0.880812054781
2011-07-27,6.59141028627,1.12057620558,0.849165131825
2011-08-12,6.56729015578,6.54073637536,0.749092403251
2011-08-28,6.60293176531,6.45399351284,6.37733091828
2011-10-15,6.78439998041,5.85128899086,0.761126042136
2011-10-31,6.63417952841,4.75180931318,0.722100731069
2011-11-16,6.74086426389,5.88621358132,0.720045101381
2011-12-02,6.86135905087,6.53420541414,2.72276850026
2011-12-18,6.93601185235,4.65122744165,0.736313605108
2012-01-03,7.1737593357,2.86267528841,0.728391249245
2012-01-19,6.78902693554,4.0041754423,0.682471455861
2012-02-04,6.70665313218,5.32231908761,0.675700567742
2012-03-07,6.72016308181,6.33900861249,2.15369676338
2012-03-23,6.68081640233,5.10978306009,0.695416284063
2012-04-08,6.59978826035,0.588071070762,0.659403793638
2012-04-24,7.31123295121,6.19901031722,6.65504402935
2012-05-10,7.31123295121,0.755280503835,0.805452820023
2012-06-11,6.85408317179,6.81231696099,0.805820053075
2012-06-27,6.68286495515,1.09555527535,0.82712877067
2012-10-01,6.6577628893,6.30756999352,0.56379904029
2012-10-17,6.78467549568,6.6070110402,2.08989993913
2012-11-02,6.73291722928,5.48981846673,0.574561121444
2012-11-18,6.70614098618,5.40381708436,0.543864320258
2012-12-04,6.61033842916,0.54652039585,0.547039618784
2012-12-20,6.72223995032,2.49061240931,0.619735676864
2013-01-05,6.73031416198,3.20993476826,0.87257560236
2013-01-21,6.62995527232,2.02550504766,0.539096101342
2013-02-06,6.76519638191,5.89447847408,3.77042448622
2013-02-22,6.63665197905,2.06395103187,0.466880383798
2013-03-10,6.59179529056,3.25570471061,0.415719017022
2013-03-26,6.52317873527,4.89928854779,0.345470674851
2013-04-11,6.69119342789,1.67433147307,1.45078238983
2013-04-27,6.53687589667,5.99988426663,1.33087538396
2013-05-13,6.69952900394,6.13655630958,0.500536954091
2013-06-14,6.65980082511,6.63110665029,0.557688566092
2013-06-30,6.58977495846,0.867962547557,0.526278301808
2013-07-16,6.55436292872,1.06540983522,0.546527392278
2013-08-01,6.55677176971,6.55587110315,0.541769764323
2013-08-17,6.66929492926,6.65056459625,0.494532539127
2013-11-05,6.77671783569,6.01764391714,0.407768449208
2013-11-21,6.66126664734,4.89935987177,0.445052491884
2013-12-07,6.73819761117,4.84766171418,0.55125685618
2013-12-23,6.67512630899,6.59548985729,1.72020191955
2014-01-08,6.72684217337,5.62549680949,2.74778994794
2014-01-24,7.31123295121,4.92068965187,1.761519234
2014-02-09,7.31123295121,4.5848877779,2.04365738506
2014-02-25,6.7163308497,4.54603673245,3.73368981569
2014-03-13,6.73246868586,1.80722236369,0.854523293665
2014-03-29,6.71144606564,6.34754934476,1.90811587713
2014-04-30,6.70519794437,0.663175969283,0.704846763326
2014-05-16,6.72306996599,0.676823716661,0.677996334764
2014-06-17,6.58110740703,0.813060740143,0.688917274784
2014-07-03,6.63726302695,1.22376058271,0.807239993743
2014-10-07,6.64350762942,0.892308795697,0.653847948979
2014-10-23,6.63284093711,0.707382775171,0.632669942443
2014-11-08,6.73063909943,0.821587177555,0.77362587419
2014-11-24,6.57734578313,0.728306455155,0.785793680524
2014-12-10,6.61375741689,0.867471497729,1.72657179206
2014-12-26,6.65738497287,6.62762763036,4.59238890413
2015-01-11,6.61927441083,2.01481020582,0.766247453564
2015-01-27,6.63737249715,2.66909642115,1.21076290903
2015-02-12,6.75713632832,0.564290004515,5.678298331
2015-02-28,6.72145581164,3.51172758825,1.00479629526
2015-03-16,6.73320687316,0.478712620933,0.635212990461
2015-04-01,6.61567175215,0.552676689835,1.1268283214
2015-05-03,6.62489738498,5.48928142526,0.516579414522
2015-06-20,6.61881173462,0.87805699705,0.523646888384
2015-07-06,6.62308548346,1.0098014,0.528538752298
2015-08-07,6.64933900541,6.64064315399,0.425124763229
2015-09-08,6.60193219144,0.645424028649,0.399146780299
2015-09-24,6.69557316908,0.536220990394,0.396073922681
2015-10-10,6.73055077303,4.80499659231,6.72151586376
2015-10-26,6.77212260405,6.77212260405,1.2874540492
2015-11-11,6.77831075254,0.459357130396,0.352506433456
2015-11-27,6.76068249295,5.844970501,0.457580445052
2015-12-13,6.83046095542,6.00272459282,0.351549254034
2016-01-14,7.20866281253,6.85595859655,0.423733173689
2016-01-30,7.15240823984,5.68840652715,1.25574722668
2016-03-02,6.63416896322,0.359439737344,0.398578107156
2016-03-18,6.74355570687,1.78825197836,0.528750787591
2016-04-03,6.5720724733,1.9023750322,0.419042655864
2016-04-19,6.73165628914,3.10757133393,0.566101886476
2016-05-05,6.65738143249,2.75375810994,0.481665376382
2016-05-21,6.68543979328,5.27113538487,2.88355764658
2016-06-06,6.65506089566,0.662660294086,0.683990078578
2016-06-22,6.62635260507,0.851559819978,0.729768579873
2016-07-08,6.6617858345,0.850715691454,0.648072972298
2016-07-24,6.53126353563,6.53126353563,6.31264902753
2016-08-09,6.64057606159,0.986013353279,0.772566218126
2016-08-25,6.65062465986,0.950177510315,0.729726351155
2016-09-10,6.65849750668,3.75465808898,3.59527201824
2016-09-26,6.65687636232,4.07980867299,3.08914763337
2016-10-12,6.8583356686,0.670663865494,0.649923841471
2016-10-28,6.71496042925,0.70694130353,0.69042204223
2016-11-13,6.61028188067,0.658955217484,0.697994679623
2016-11-29,6.74073007285,2.35051121719,0.741057115823
2016-12-15,6.67780359381,2.60508857774,0.775971121858
2016-12-31,6.70799882246,4.28587893778,0.735186883039
2017-01-16,6.59063325238,5.25579937028,2.9152669755
2017-02-01,6.55658809445,2.08711757792,0.766063807458
2017-02-17,6.70654007404,1.94214219511,0.822735081499
2017-03-05,6.63631641856,1.79940965186,0.820598172582
2017-03-21,6.68124728716,0.640016534045,0.778235151056
2017-04-22,6.65060348046,0.699569951096,0.788608676625
2017-05-24,6.69257803437,0.743642452533,0.841087357145
2017-06-09,6.86595781873,0.812146024387,0.839441465884
2017-06-25,6.90114727626,0.915581240867,0.85400752928
2017-07-11,6.90673848454,1.28746440683,0.935512434991
2017-07-27,6.70530388652,1.04020867195,0.781675279746
2017-08-12,6.71237500695,6.6952623446,0.781809523963
2017-08-28,6.73797509616,6.72446509732,0.76096000309
2017-09-13,6.70131622795,0.998428587968,0.737359058507
2017-09-29,6.69511049629,6.69511049629,2.23310431563
2017-10-15,7.13946337844,0.765682292863,0.783490782064
2017-10-31,7.31123295121,0.791872263562,0.798787998756
2017-11-16,7.31123295121,3.66058057733,7.31123295121
2017-12-02,7.31123295121,7.03221688753,3.52853282475
2018-01-03,7.00087384685,5.54840748641,0.764474400247
2018-01-19,6.6613196159,6.12789589531,0.72342522722
2018-02-04,6.51185152669,5.66214914223,1.84586932875
2018-02-20,6.50705857373,2.77717943609,0.821721358838
2018-03-24,6.56153651283,6.56153651283,5.85823965899
2018-04-25,6.54691036506,2.52887420832,0.79623429473
2018-05-11,6.47568715005,6.47568715005,6.47568715005
2018-05-27,6.51143827522,4.64022509795,0.796195408605
2018-06-12,6.57680185984,6.42981666542,0.951893887502
2018-06-28,6.502820129,0.945938988426,0.856455191265
2018-07-30,6.46768360734,0.975939995887,0.814713781585
2018-08-15,6.60464126498,6.59563460244,0.88161380547
2018-08-31,6.48070615703,0.921349118907,0.747993955748
2018-09-16,6.59170346857,0.777292056113,0.714125425819
2018-10-02,6.57310033278,5.91907203262,0.746630623954
2018-10-18,6.44019034781,4.00974197878,0.710434468362
2018-11-03,6.4919839192,5.01563011944,0.695211436439
2018-11-19,6.4927998036,6.05331371548,0.682602118751
2018-12-05,6.49832036934,5.93881963094,0.634866862343
2018-12-21,6.49883955801,5.82839101616,1.06645205844
2019-01-06,6.46481914287,4.62351203567,0.687017171792
2019-01-22,6.55316911174,5.77094620839,0.6952962107
2019-02-07,6.54146045696,6.18968171265,1.13461663009
2019-02-23,6.54700924463,3.74818113677,1.15711430368
2019-04-12,6.48441121929,6.48441121929,6.48441121929
2019-04-28,6.49031328002,2.86200021679,0.872208026051
2019-05-14,6.51325022875,3.65470242694,0.886413774943
2019-05-30,6.53486619727,0.817090860303,0.937398477228
2019-06-15,6.42849935298,0.850408394764,0.877986360251
2019-07-01,6.44661862653,6.44661862653,6.35071363963
2019-07-17,6.49420553339,0.98938985149,0.834132806514
2019-08-02,6.4501365288,6.44563319604,0.918244315114
2019-08-18,6.54239290538,6.5306842387,0.837668410736
2019-09-03,6.44037048157,0.770584752168,0.694413197205
2019-10-05,6.38745726785,5.72559830328,0.667107140966
2019-10-21,6.41763128569,0.547353910861,0.654681496559