Date,Rarea,NDWI,MNDWI
2000-02-03,37.6149509421,19.0832397891,4.60555626453
2000-04-07,37.6149509421,3.06426710814,3.34286416778
2000-07-28,37.6149509421,3.85766447044,3.58482855556
2000-09-30,37.6149509421,37.2126168424,3.65759887526
2000-11-17,37.6149509421,36.7290732023,3.2395819667
2001-01-04,37.6149509421,34.6122898585,3.18010639695
2001-02-05,37.6149509421,32.7093507404,3.02439539592
2001-02-21,37.6149509421,35.327593488,3.01167232633
2001-03-09,37.6149509421,36.7232873911,2.97022166895
2001-04-26,37.6149509421,3.44436610355,3.69599112229
2001-05-12,37.6149509421,3.89640944996,4.12827520091
2001-07-31,37.6149509421,4.88491609459,4.0087412532
2001-09-01,37.6149509421,4.3054655804,4.04987749574
2001-09-17,37.6149509421,37.1002320635,3.95416485651
2001-10-03,37.6149509421,34.4722724003,3.93470229911
2001-10-19,37.6149509421,30.4886631476,3.86851903307
2001-11-04,37.6149509421,37.6149509421,35.0292642543
2001-11-20,37.6149509421,27.2362818625,8.25742602294
2001-12-06,37.6149509421,14.4413204904,4.44976754986
2001-12-22,37.6149509421,12.149323806,4.04650421903
2002-01-23,37.6149509421,9.76927015165,4.06807190322
2002-02-24,37.6149509421,9.5539067148,4.02487642067
2002-03-12,37.6149509421,28.8208774815,22.7798537157
2002-03-28,37.6149509421,3.69815636916,3.96347226759
2002-05-15,37.6149509421,37.2220439735,4.05858446449
2002-06-16,37.6149509421,37.2024402312,4.102634806
2002-07-02,37.6149509421,5.35103865571,4.09186506783
2002-07-18,37.6149509421,4.26899538026,4.02245686709
2002-08-03,37.6149509421,4.16234697207,3.9602155676
2002-08-19,37.6149509421,27.6838291944,14.8183969075
2002-09-20,37.6149509421,37.0905535583,4.05519703827
2002-10-06,37.6149509421,34.2604697767,3.95913468222
2002-10-22,37.6149509421,36.4374213352,3.97465527559
2002-11-07,37.6149509421,29.5017953827,3.93583261549
2002-12-09,37.6149509421,36.0710379013,3.97538641802
2002-12-25,37.6149509421,31.5016664765,11.1141776319
2003-01-26,37.6149509421,24.1711943852,3.9565491017
2003-02-11,37.6149509421,33.4214072119,3.94568398982
2003-02-27,37.6149509421,36.3925303522,3.94442300109
2003-03-15,37.6149509421,33.6624747243,3.8147833448
2003-03-31,37.6149509421,34.7549204727,3.92714336583