Date,Rarea,NDWI,MNDWI
2000-07-03,35.5182800905,5.27962734168,5.10961872788
2000-09-05,35.5182800905,4.88660177204,4.83162511728
2000-11-24,35.5182800905,31.3158575493,4.51375152583
2000-12-26,35.5182800905,23.872987585,4.76768448929
2001-01-11,35.5182800905,30.6299151607,4.57586267551
2001-02-12,35.5182800905,35.5128625911,11.0350145462
2001-02-28,35.5182800905,20.1510390997,4.56957387144
2001-03-16,35.5182800905,31.8821744604,4.13278114346
2001-06-04,35.5182800905,6.78525837919,6.81170036826
2001-08-23,35.5182800905,6.52472813191,6.34998976596
2001-09-08,35.5182800905,6.68604212105,6.30676209579
2001-09-24,35.5182800905,34.5368850728,6.32657445071
2001-11-11,35.5182800905,32.5633310039,28.5796956614
2001-11-27,35.5182800905,35.5146777718,34.4385981686
2001-12-29,35.5182800905,17.7642141174,9.16192927363
2002-01-14,35.5182800905,15.1348331939,8.90329596233
2002-01-30,35.5182800905,28.5314186159,16.6047328671
2002-03-03,35.5182800905,29.9595691501,8.61874251994
2002-03-19,35.5182800905,32.0773007569,8.51936864136
2002-04-04,35.5182800905,8.19526430228,8.22578154718
2002-05-06,35.5182800905,14.1004340713,12.6174302342
2002-06-07,35.5182800905,11.0686461732,8.00040074216
2002-07-09,35.5182800905,12.9305461634,7.86025017819
2002-07-25,35.5182800905,8.24865969308,7.73909353239
2002-08-10,35.5182800905,9.84294141311,7.68736889217
2002-09-11,35.5182800905,34.3650207624,8.27401685732
2002-10-13,35.5182800905,34.0927148967,7.99931717454
2002-11-30,35.5182800905,34.1024539035,7.39288173744
2002-12-16,35.5182800905,32.0074088026,7.39296620743
2003-01-01,35.5182800905,31.9587642167,7.3028240193
2003-03-06,35.5182800905,31.8204396806,6.46979433754
2003-03-22,35.5182800905,32.6208858495,7.06013193938
2003-04-23,35.5182800905,26.6513876049,6.65957475916
2003-08-13,35.3350634346,12.3358729374,4.40246317484
2003-11-01,33.2628935135,31.1561570365,5.00363495657
2003-12-03,34.1249688672,33.7718969424,33.7402885625
2004-01-04,34.3376940479,31.1178646907,4.76768436038
2004-02-05,34.482406649,31.3101283208,4.52171544644
2004-03-24,34.197777382,34.197777382,22.5850791459
2004-04-25,35.5126788325,10.7979524622,10.2488341914
2004-05-11,34.925333078,4.35291317604,4.64654108317
2004-05-27,34.8374442024,4.40558020653,4.49931360043
2004-06-12,35.4254391537,4.36943038126,4.39141110603
2004-08-31,35.2023819161,8.85786276159,6.82158561731
2004-09-16,35.3196865223,34.775210863,3.78425987778
2004-10-02,34.741877451,33.4046492033,3.70591030551
2005-01-06,34.285926775,30.4807371531,2.55220905719
2005-02-23,34.3133715097,19.5743078484,2.10473939612
2005-03-27,34.9302033052,34.9302033052,26.8129396178
2005-04-28,35.5182800905,1.47422780804,1.61650425276
2005-05-30,35.3242564839,1.32293239929,1.34135030059
2005-06-15,35.5182800905,1.27069956232,1.07977944934
2005-07-01,35.5182800905,1.15272520422,0.962253762109
2005-08-02,35.0886267661,1.26619655859,0.882555366211
2005-08-18,35.2090426264,34.278971324,0.790697435852
2006-01-25,34.3885000689,24.1727324358,7.86503067881
2006-02-10,34.303253198,6.84903415325,2.84765482441
2006-03-30,35.1439150984,11.0010336394,5.72650972007
2006-04-15,35.5165778178,8.23950451185,5.41879771103
2006-06-02,34.1953299863,5.56649093588,5.62863092178
2006-06-18,34.3079716509,12.4215365086,8.00259899085
2006-07-04,34.8775990862,5.76191451401,5.69437236917
2006-09-22,34.4485947333,32.1924499505,7.37394115073
2006-10-24,33.272908826,29.4098395588,6.92728640834
2006-11-09,32.701968582,31.111887946,6.74078076243
2007-01-12,34.6118665861,32.21640484,6.44818038344
2007-02-13,34.2547851588,30.7949769915,5.76464601772
2007-03-01,33.9173790762,32.5410532381,6.57850738223
2007-03-17,33.8813066281,30.7806799572,5.38907980026
2007-04-02,35.1573283267,34.878144084,13.7581392399
2007-05-04,35.5182800905,8.2260062323,5.45482051327
2007-06-21,35.5182800905,9.43457597608,5.18062276994
2007-07-07,35.5182800905,11.258601652,5.09684123071
2007-11-12,34.2574934756,28.1958219235,4.14178697855
2007-11-28,33.8104582314,27.5477634856,3.8563484278
2008-01-31,35.0892024124,19.0187179494,3.8175813226
2008-02-16,35.506388901,21.1167900147,3.68789916165
2008-03-03,35.5182800905,20.8602179858,3.90555456187
2008-03-19,35.5182800905,8.40136711098,4.20919575867
2008-05-06,35.2771297956,25.9566267529,3.58073091696
2008-06-07,35.4168289281,3.49157439456,3.5334489707
2008-06-23,35.5182800905,3.55551462564,3.53843214363
2008-08-26,35.5182800905,3.16106498379,2.95743733608
2008-09-11,35.5182800905,34.69297004,2.8512688519
2008-09-27,35.5132015232,2.78372603873,2.64774017715
2008-10-13,35.3942862107,34.3134337618,2.46762609293
2008-10-29,35.0600520311,33.1062690099,2.27929423184
2009-01-01,35.5030443931,34.5677195589,2.30095456799
2009-01-17,35.5182800905,19.7656410035,2.19118012819
2009-02-18,35.5182800905,24.0051500695,6.81490485966
2009-03-06,35.5182800905,6.18651980249,2.42530006253
2009-03-22,35.462140411,17.0442106665,2.16863779629
2009-04-07,35.1662704704,1.71823974051,1.88766012326
2009-08-13,35.5182800905,1.69544439898,1.06093834897
2009-12-03,35.5182800905,15.4877557632,2.0308505007
2009-12-19,35.5182800905,27.8478514844,1.86874816788
2010-02-05,33.6684406437,21.0441507162,1.49591319449
2010-02-21,33.4269375138,17.4290750247,1.65173971193
2010-03-09,33.1489592327,8.45624272179,3.43213783786
2010-03-25,33.4999288659,30.3565438394,10.7258996865
2010-10-03,35.4942469647,35.1872900822,2.65404419595
2010-10-19,35.5182800905,33.7121120088,2.5675894747
2010-11-20,35.5182800905,34.2314507412,2.38657519266
2010-12-06,35.5182800905,24.4902442234,2.24248416452
2011-01-07,35.5182800905,20.9625734187,4.97524493126
2011-04-13,35.5182800905,13.2896521645,16.1147747564
2011-04-29,35.5182800905,8.86517851864,9.03567991222
2011-05-15,35.5182800905,10.2034206164,8.83532902656
2011-09-04,35.5182800905,9.25001615922,8.93211409979
2011-09-20,35.5182800905,8.98445834643,8.82415830303
2011-10-06,35.4516654339,34.1303476565,8.72660324185
2011-10-22,35.5182800905,8.53957650695,8.58283258403
2011-11-07,35.5182800905,34.353291087,8.3469103393
2011-11-23,35.5182800905,33.9013459091,10.8069601085
2012-01-10,35.4049553861,33.8480134579,7.59649564041
2012-02-11,35.5182800905,29.4699930665,7.56680125323
2012-02-27,35.5182800905,24.1976258704,7.47632374503
2012-03-14,35.5182800905,28.4812590022,7.25658394712
2012-03-30,35.5182800905,35.5182800905,35.5182800905
2012-05-17,30.8658147606,5.73039814023,5.85062247887
2012-06-02,34.1862885617,6.43374265158,6.38871416952
2012-10-08,35.5182800905,24.985920827,3.29878069531
2012-11-09,35.5182800905,35.3570781114,6.69748076235
2012-11-25,35.5182800905,31.8144243407,5.42874623822
2012-12-27,35.5182800905,15.9892482467,5.99341717875
2013-01-12,35.5182800905,14.8056903955,5.42960474142
2013-01-28,35.5182800905,29.1292082034,5.26479997085
2013-02-13,35.5182800905,29.8309314648,5.15853239041
2013-03-01,35.5182800905,35.1943481191,19.3419101824
2013-03-17,35.5182800905,4.78414503377,4.71810738187
2013-04-02,35.5182800905,32.4322393475,4.62452161549
2013-05-04,35.5182800905,4.42989819476,4.38482812295
2013-05-20,35.5182800905,35.0903295294,4.37953690842
2013-06-05,35.5182800905,4.33641866779,4.17381181791
2013-07-07,35.5182800905,4.84893766471,4.15247948941
2013-07-23,35.5182800905,4.46180371406,3.98767563107
2013-08-08,35.5182800905,7.36158829523,4.33087794829
2013-08-24,35.5182800905,4.90348577591,3.72212041653
2013-09-09,35.5182800905,4.04404109734,3.55551481045
2013-09-25,35.5182800905,20.7289275573,6.94697391897
2013-10-11,35.5182800905,3.70050354001,3.29795145956
2013-10-27,35.5182800905,8.57932557065,5.8417125613
2013-11-12,35.5182800905,34.2124168074,2.93322065604
2013-11-28,35.5182800905,14.549262819,5.10905163697
2013-12-14,35.5182800905,29.7940883093,2.82425168771
2013-12-30,35.5182800905,27.644763223,2.82785379135
2014-01-15,35.3440409495,31.3557232569,2.59370573434
2014-02-16,35.0438240204,30.6108361805,1.1152377153
2014-03-20,35.5182800905,4.13039180721,2.87079880717
2014-04-05,35.5182800905,5.05339395807,2.79695206998
2014-04-21,35.5182800905,12.417697817,2.67838734651
2014-05-07,35.5182800905,35.1514805497,3.25743594288
2014-05-23,35.5182800905,34.7047444923,5.46417793781
2014-06-24,35.5182800905,2.6542109351,2.26578494674
2014-07-10,35.5182800905,2.46402162814,2.10649726913
2014-10-14,35.5182800905,3.79886147912,1.44732376465
2014-10-30,35.5182800905,1.418461845,1.17530994186
2014-11-15,35.5182800905,32.3731287838,1.12487856045
2014-12-01,35.5182800905,1.35174970471,1.5994773757
2014-12-17,35.5182800905,20.5841220217,5.50819707886
2015-01-02,35.5182800905,19.2667788343,1.46799481143
2015-01-18,35.5182800905,11.3882387121,1.15819985538
2015-02-03,35.5182800905,19.6158803443,1.04382783017
2015-02-19,35.5182800905,28.7593795066,0.901538233977
2015-04-08,35.5182800905,29.6623235632,0.719623589629
2015-04-24,35.5182800905,0.855523936537,0.758347647735
2015-05-26,35.5182800905,0.62945368765,0.473768745757
2015-07-13,35.5182800905,35.5182800905,16.398572227
2015-08-14,35.5182800905,0.742317313003,0.383599114286
2015-09-15,35.5182800905,35.5182800905,3.6334725025
2015-10-01,35.5182800905,0.56113143912,0.384976806541
2015-10-17,35.5182800905,35.0155471302,0.463025704114
2015-11-02,35.5182800905,34.6625809832,0.247768906069
2015-11-18,35.5182800905,34.9622438929,0.149494061829
2015-12-04,35.5182800905,0.195422842407,0.119775425903
2015-12-20,35.5128624815,35.3997362315,0.0735967817603
2016-01-05,35.4802049935,35.3940329891,0.0108067387695
2016-02-06,35.5033375231,32.0796593423,0.200826546875
2016-02-22,35.5182800905,30.3029487377,0.0342213612061
2016-04-10,35.5182800905,0.224957261758,0.103564522278
2016-04-26,35.5182800905,21.0100895928,0.0711444545898
2016-05-12,35.5182800905,26.9750744839,0.0936586633301
2016-05-28,35.5182800905,0.160300545288,0.0837524607544
2016-06-29,35.5182800905,0.171107282898,0.0531333033447
2016-07-15,35.5182800905,33.7058149649,0.0342214026489
2016-07-31,35.5182800905,35.5152569661,20.8869917932
2016-08-16,35.5182800905,33.6020776245,28.3014559991
2016-09-17,35.5182800905,0.0729454484863,0.0324201413574
2016-10-03,35.5182800905,33.3135535051,0.00630392803955
2016-10-19,35.5182800905,35.0351442787,0.664680535879
2016-11-04,35.5182800905,35.4469686058,1.57605635159
2016-11-20,35.5182800905,29.6239097837,6.01514111885
2016-12-06,35.5182800905,34.532831567,0.181013746704
2016-12-22,35.5182800905,32.6012176262,0.189076623319
2017-01-23,35.5182800905,17.3692611239,0.935882929142
2017-03-12,35.5182800905,3.88415487263,2.73031047752
2017-03-28,35.5182800905,3.97409427036,2.50094740219
2017-04-29,35.5182800905,2.36394754825,2.45501828989
2017-05-15,35.5182800905,23.8038559569,2.37475456631
2017-05-31,35.5182800905,2.38736232083,2.36676237234
2017-06-16,35.5182800905,2.35588465454,2.29827665093
2017-07-02,35.5182800905,2.43973628175,2.30345387209
2017-07-18,35.5182800905,35.1574022172,2.21640958417
2017-08-03,35.5182800905,2.32716520381,2.17858568756
2017-08-19,35.5182800905,34.7603154601,2.09393204651
2017-09-04,35.5182800905,2.13171369284,2.03073685623
2017-09-20,35.5182800905,2.08218190536,1.94083541992
2017-10-06,35.5182800905,34.8411159482,1.82090440194
2017-10-22,35.1425235888,35.1425235888,35.1425235888
2017-11-07,34.7390768012,33.548981547,1.46439260684
2017-11-23,34.3919611467,33.211461711,1.34281585019
2017-12-09,34.7001048644,33.5280181977,1.29771677692
2017-12-25,35.2858000461,33.3396339439,1.18521680893
2018-01-26,35.5182800905,0.852836352722,0.913287736147
2018-02-27,35.5182800905,20.6880305138,1.5062437381
2018-03-15,35.5182800905,14.8888806159,1.39414990903
2018-03-31,35.5182800905,1.59936495178,3.37555256493
2018-04-16,35.5182800905,35.5182800905,35.5182800905
2018-05-02,35.5182800905,18.9567777036,3.33442276092
2018-05-18,35.5182800905,14.1947524191,3.10342878525
2018-06-03,35.5182800905,25.1161211266,3.09352235757
2018-06-19,35.5182800905,32.8314389445,3.04849378012
2018-07-05,35.5182800905,33.9139191115,3.02057603354
2018-07-21,35.5182800905,3.28863371557,2.99528937549
2018-08-06,35.5182800905,34.2452275611,2.83415825449
2018-08-22,35.5182800905,35.4362113648,3.41692070725
2018-09-07,35.5182800905,35.3186468068,2.79903508438
2018-09-23,35.5182800905,3.41340209572,2.60721429715
2018-10-09,35.5182800905,2.62886970099,2.46222284518
2018-10-25,35.5182800905,34.6350296937,2.35325377383
2018-11-10,35.5182800905,2.13434445532,2.20195830868
2018-11-26,35.5182800905,35.5182800905,35.5182800905
2018-12-12,35.5182800905,33.986479186,1.77058586941
2018-12-28,35.5182800905,34.1771564417,1.50581868887
2019-01-13,35.5182800905,30.6950469439,1.3752364996
2019-03-02,35.5182800905,8.69664721453,1.3878445455
2019-03-18,35.5182800905,8.32483902238,2.69276876388
2019-04-03,35.5182800905,7.45835751376,2.61534800294
2019-04-19,35.5182800905,2.37299535486,2.64503838113
2019-05-05,35.5182800905,15.8996461194,4.46779298276
2019-05-21,35.5182800905,4.0957867193,4.28579331434
2019-06-06,35.5182800905,21.8329148244,4.23454549704
2019-06-22,35.5182800905,4.16344225037,4.17949747067
2019-07-08,35.5182800905,31.6619653123,4.13728380264
2019-07-24,35.5182800905,14.0375675019,10.9678434583
2019-08-09,35.5182800905,32.4477108759,3.93814470108
2019-08-25,35.5182800905,3.90133379007,3.7986692579
2019-09-10,35.5182800905,34.3768638887,3.68249554367
2019-09-26,35.5182800905,34.8487349535,3.57442711002
2019-10-12,35.5182800905,35.3537550942,3.43127853546
2019-10-28,35.5182800905,3.18350818286,3.29344893863