Date,Rarea,NDWI,MNDWI
2000-04-12,5.32105606098,2.9714721653,1.33200861785
2000-07-17,5.32105606098,0.955729673186,0.331294059357
2001-01-09,5.32105606098,5.2630859439,0.0756408191528
2001-06-02,5.32105606098,0.222582273932,0.124884990129
2001-08-21,5.32105606098,3.75781988972,2.22073815985
2001-09-06,5.32105606098,0.0779183590588,0.0837451564331
2001-09-22,5.32105606098,5.312951685,1.65795559729
2001-10-08,5.32105606098,5.26955883914,0.290856921997
2001-10-24,5.32105606098,5.32105606098,5.32105606098
2001-11-09,5.32105606098,5.26145446914,0.269245243164
2001-12-11,5.32105606098,5.2369153377,0.168390802734
2001-12-27,5.32105606098,5.24411922937,0.129669918823
2002-01-12,5.32105606098,5.24592020257,0.0765411762695
2002-02-13,5.32105606098,5.24957864758,0.0720388325195
2002-03-17,5.32105606098,0.656256322556,0.122466101318
2002-04-18,5.32105606098,0.277215405745,0.0972807193242
2002-05-04,5.32105606098,0.566324196532,0.0810013362111
2002-05-20,5.32105606098,2.27214830916,0.197834868685
2002-06-21,5.32105606098,2.63087718334,0.245758390423
2002-07-07,5.32105606098,4.66019786529,1.97585504148
2002-07-23,5.32105606098,5.31205119886,0.172850920045
2002-08-08,5.32105606098,5.31475265796,0.122381238556
2002-08-24,5.32105606098,5.32105606098,5.32105606098
2002-09-09,5.32105606098,5.32105606098,5.31599211931
2002-09-25,5.32105606098,5.32105606098,5.32105606098
2002-10-11,5.32105606098,5.32105606098,0.109859360352
2002-12-14,5.32105606098,5.28481061313,0.0576310778809
2002-12-30,5.32105606098,5.27940769553,0.0639344802246
2003-01-15,5.32105606098,5.27141632235,0.042322786377
2003-01-31,5.32105606098,5.27310429501,0.0234126226196
2003-02-16,5.32105606098,5.27423078766,0.052228159668
2003-03-04,5.32105606098,5.32105606098,5.32105606098
2003-03-20,5.32105606098,4.42827068692,5.32105606098
2003-04-05,5.32105606098,5.2867245884,0.144077745544
2003-04-21,5.32105606098,5.2828401344,0.245084117753
2003-08-27,4.67101457639,0.853285738816,0.0432233029175
2003-11-15,4.65348161032,4.63727285928,0.100854290894
2003-12-01,4.74117492663,4.69063470443,0.0297160060425
2003-12-17,4.74825169961,4.68217720851,0.0171092628174
2004-01-18,4.70653271898,4.6476621171,0.0243131810303
2004-02-03,4.62950755452,4.58684570338,0.0342184460449
2004-04-07,4.70540624035,1.16404559855,0.254837496033
2004-04-23,4.64584688704,0.403159725006,0.213372776918
2004-08-13,4.54798000112,4.54798000112,0.193321954301
2004-09-14,4.58265052371,4.57904857974,0.127869037048
2005-02-21,4.6236137677,4.61550939313,0.0414223670654
2005-03-09,4.64389767686,4.62408698289,0.0297160089722
2005-06-29,4.6036936966,1.90473289701,0.187721361103
2005-07-15,4.56322825038,1.06399312067,0.108958749756
2006-02-08,4.57700034138,4.57700034138,1.68905974714
2006-03-28,4.67513222879,0.406179115245,0.198106864746
2006-04-29,4.66702786173,0.672892534849,0.161215170923
2006-11-07,4.7691040421,4.72948265038,0.140475773804
2007-01-10,4.57373740109,4.53681747042,0.0342184473267
2007-01-26,4.58803223612,4.58803223612,0.395081771585
2007-02-11,4.67578538587,4.65865153513,4.38973820175
2007-04-16,4.75277872918,4.71732076347,0.179196650696
2007-05-02,4.71093261321,4.71093261321,0.122465915466
2007-06-03,4.6905323254,2.38362494663,0.237936686233
2007-06-19,4.71034303206,0.937052174339,0.109816966981
2008-01-29,4.76678403269,4.68140735292,0.189960082427
2008-03-01,4.62772778382,4.56396277239,0.106257332947
2008-04-02,4.60830194962,4.56794957381,0.151281700378
2008-04-18,4.66182261559,0.258478627051,0.108958859131
2008-06-05,4.7415103346,1.23401182611,0.106257320923
2009-01-31,4.67282266743,4.64490759615,0.0225403888799
2009-02-16,4.58641841037,4.55670236868,0.0369199360352
2009-03-04,4.62393865977,4.59765505573,0.512376672546
2009-07-10,4.7535839759,1.57762289146,0.461949294617
2009-07-26,4.58016440021,0.718612331651,0.331378916809
2010-02-03,4.75053638463,4.73252666069,0.81674725298
2010-02-19,4.76699936634,4.70846776807,0.027915074646
2010-04-08,4.81865205127,0.156642142763,0.182798709656
2010-04-24,4.68428177286,0.122423665529,0.121565608459
2010-08-30,4.71138109656,2.90524652143,0.182516032732
2010-09-15,4.7363474918,4.72824311667,0.0414223823853
2010-10-01,4.61567533282,4.61207338787,0.0477258303833
2011-03-26,4.67799955706,4.56598611985,0.108058279236
2011-07-16,4.53646432952,3.07119369098,0.211988558748
2011-08-01,4.52938758586,0.912735683181,0.0342184745483
2011-08-17,4.5987286118,1.35613875229,0.0504272728271
2011-09-02,4.68077527845,2.31185255578,0.786986619163
2012-01-24,4.68946580649,4.66245122012,0.274973915123
2012-02-09,4.66922431458,4.63680681323,0.120876984271
2012-02-25,4.68974836349,4.63842065292,0.0648349676514
2012-06-16,4.61317870815,1.71588116473,0.0405219082031
2012-07-02,4.59515839586,1.1238128866,0.0171092463989
2012-07-18,4.70134860772,3.01105078296,0.0900485349121
2012-08-03,4.71310804459,4.71310804459,0.0711384932251
2012-12-09,4.54495011445,4.03996251172,3.25501255489
2012-12-25,4.66631450178,4.63209602802,0.717505776301
2013-01-10,4.61821087538,0.0701530398258,0.0558301311035
2013-01-26,4.70777218611,4.65464350423,0.0225121524658
2013-02-11,4.70190302478,4.70190302478,3.41352167369
2013-02-27,4.67151610149,4.62919325359,0.0126068028564
2013-03-15,4.69509127051,0.165036145506,0.00720389349365
2013-05-02,4.57365622684,4.56555185197,0.172851033449
2013-05-18,4.6477185023,0.215378511285,0.0540291491699
2013-06-03,4.66627559741,4.03084341338,4.1492342654
2013-11-26,4.5807823732,4.56637459342,0.00360193652344
2013-12-12,4.58138977376,4.5561761617,0.0207111657104
2013-12-28,4.63720229835,4.61649111726,0.0135072646484
2014-01-13,4.73648882055,4.70587229003,0.35569194812
2014-01-29,4.79515095455,4.76273345345,0.857120752459
2014-02-14,4.81305486479,1.22601632871,0.293558410034
2014-03-02,4.58277052565,4.54585059401,0.235026828308
2014-03-18,4.71693953134,0.233141158844,0.224221016113
2014-04-03,4.62944748026,4.58712463187,0.418118473059
2014-04-19,4.65647265013,0.488151008602,0.146779163635
2014-05-05,4.70425148862,0.258520700763,0.134172424866
2014-05-21,4.59469576667,4.57758652625,0.112560738831
2014-08-25,4.5290803499,0.543547566993,0.0288155568237
2014-09-26,4.57110660176,0.508785196202,0.0396214089966
2014-10-12,4.54164479948,0.364753372916,0.0270145856323
2014-11-13,4.59287011049,4.59287011049,4.27498081581
2014-11-29,4.55948501598,4.53967432018,0.32212617646
2014-12-15,4.72441886691,4.65918835372,0.100854448303
2014-12-31,4.67959924433,4.60722134582,0.0738398239136
2015-01-16,4.65583345399,0.491627083308,0.113193173496
2015-02-01,4.65544508676,0.0782999583755,0.00720389758301
2015-02-17,4.57673196774,4.5223637972,0.00990533795166
2015-04-22,4.59147877114,0.182756221132,0.144978241943
2015-05-24,4.62718399478,1.35243473953,0.181898208618
2015-06-25,4.52935932405,0.688687711198,0.199007243286
2015-07-27,4.67547110059,0.604367021226,0.0873471704712
2015-08-28,4.67273438005,1.49369397333,0.112560664795
2015-09-13,4.6968427396,4.6968427396,3.99371542999
2015-09-29,4.6011934171,0.294522456476,0.0306165533447
2015-10-15,4.73129781469,4.68627335985,3.49049396237
2015-10-31,4.66016295096,4.63855128366,0.0324174848022
2015-11-16,4.60938958044,4.57517110779,0.0162087317505
2015-12-02,4.70807933055,0.58152639622,0.0360194169312
2015-12-18,4.75560743275,4.70698118159,0.015308256897
2016-01-03,4.75171236385,4.71479243044,0.0324174677734
2016-01-19,4.65513073854,4.63351907155,0.339082958258
2016-02-04,4.74866133088,0.309738903117,0.325075444519
2016-02-20,4.5561337818,4.49299028499,0.235927328613
2016-03-07,4.65118273776,4.57914384567,0.722540915476
2016-03-23,4.62363853254,4.57039684445,0.181898173462
2016-04-08,4.67801374259,4.67801374259,2.83911443275
2016-04-24,4.55686831113,0.263842321228,0.264742911987
2016-05-10,4.68471265727,4.68471265727,4.01028669872
2016-05-26,4.69310652662,0.642561812655,0.458965285722
2016-06-27,4.68542948695,0.591036243101,0.398915239258
2016-07-13,4.65387008161,0.78725375163,0.423228321899
2016-07-29,4.66587303139,4.66587303139,4.49478024013
2016-08-14,4.60009878824,4.60009878824,4.29862841236
2016-08-30,4.68641128477,1.06860525977,0.346009267307
2016-09-15,4.54943840293,0.211783655617,0.244031716553
2016-10-01,4.63409826057,0.193562030946,0.210713707153
2016-10-17,4.59884859372,0.189059523772,0.174694277588
2016-11-02,4.58180296287,4.54758448472,0.146779235474
2016-11-18,4.62183394224,0.0981528775024,0.107157800293
2016-12-04,4.70228805872,4.70228805872,4.70228805872
2016-12-20,4.69598105877,4.63744945934,0.0621334945068
2017-01-05,4.64199071314,4.41029847043,3.3491995554
2017-02-06,4.66295274122,4.59969270787,0.0216116587524
2017-02-22,4.69947361516,4.69947361516,0.979183397012
2017-04-11,4.53774620836,4.48799346748,0.1080584729
2017-04-27,4.70061764286,1.84228411337,0.462365602366
2017-05-13,4.71553756374,4.6588069319,0.063934493042
2017-06-30,4.61282203703,1.68268335645,0.179288458875
2017-08-01,4.58082829229,4.58082829229,4.56461958544
2017-09-02,4.60302974491,4.58321905008,0.0306165171509
2017-10-20,4.72140298342,4.72140298342,0.857415654669
2017-11-05,4.75542368922,4.7347125074,0.0279150733643
2017-11-21,4.79356191221,4.33450280256,3.86637147323
2017-12-07,4.6860792206,4.66086561006,0.0279150761719
2017-12-23,4.76858500907,4.72716264914,0.0450242711182
2018-01-08,4.73224777927,4.68722347373,0.0198106837769
2018-01-24,4.59135163852,4.54902885154,2.9222386136
2018-02-09,4.63151332128,4.59369290496,0.035118953125
2018-04-30,4.63636193615,0.0287732103896,0.0567306258545
2018-05-16,4.63705406757,4.60643753809,0.0504272403564
2018-07-03,4.57187650666,1.24953569632,0.557382861721
2018-09-21,4.62698275482,0.076340106885,0.00810436773682
2018-10-07,4.55945675078,0.329676708236,0.0333179900513
2018-10-23,4.60728855415,4.59378126119,0.0171092054443
2018-12-10,4.60275788328,4.57214135643,0.00810437164307
2018-12-26,4.53062356263,4.49460411963,0.0207111774902
2019-01-11,4.5307824771,4.49206157708,0.0108058217163
2019-02-12,4.58122394939,4.54970693425,0.0288155753174
2019-02-28,4.52907693554,4.50476381011,0.00810437359619
2019-04-01,4.60266964156,0.283190419801,0.00720389703369
2019-05-03,4.59253829339,1.20536905416,0.0180097207642
2019-07-06,4.54228758362,4.42430977154,0.684662472219
2019-08-07,4.56264212364,0.707908984184,0.0207112493896
2019-08-23,4.58370287439,4.58280238818,0.0666358800049