Date,Rarea,NDWI,MNDWI
2000-07-03,57.4737876964,4.43922022145,5.29514830275
2000-09-05,57.4737876964,3.39271749584,2.87903247774
2000-09-28,57.4763368085,51.7044009662,2.68770278527
2000-11-15,57.4763368085,43.7618388708,2.80128948058
2000-11-24,57.4737876964,57.4737876964,53.1005636057
2000-12-10,57.4737876964,51.0750328469,4.20343760191
2001-02-19,57.4763368085,57.3901119021,45.7754763835
2001-03-07,57.4763368085,48.6730860229,3.51135662464
2001-03-16,57.4737876964,50.6015861161,54.9375576855
2001-04-24,57.4763368085,24.5335716029,24.1727464501
2001-05-19,57.4737876964,5.0826099706,8.92043330902
2001-06-04,57.4737876964,4.86437721413,6.61001058469
2001-06-11,57.4763368085,5.17422233364,7.22576021043
2001-07-22,57.4737876964,5.5116010264,6.56495000451
2001-08-14,57.4763368085,5.70846409925,5.59600997171
2001-08-23,57.4737876964,5.10564669725,4.7661262238
2001-08-30,57.4763368085,5.07433065743,4.76301382221
2001-09-08,57.4737876964,4.8445894437,4.28509577317
2001-09-15,57.4763368085,36.2973890128,30.9930938796
2001-09-24,57.4737876964,54.2871966009,4.70287927152
2001-10-01,57.4763368085,50.4847673478,4.03861549591
2001-10-17,57.4763368085,44.3575177151,3.93305387093
2001-10-26,57.4737876964,48.012701514,4.05877353431
2001-11-02,57.4763368085,47.1286537594,3.78289034271
2001-11-11,57.4737876964,45.8033554066,3.81953096006
2001-11-27,57.4737876964,46.289848444,4.84275449241
2001-12-04,57.4763368085,52.8000047294,32.1421908821
2001-12-13,57.4737876964,52.744127108,20.6413318521
2001-12-20,57.4763368085,45.274841928,5.65085947052
2001-12-29,57.4737876964,49.1130658147,5.71052683562
2002-01-05,57.4763368085,49.0311394959,5.46332569328
2002-01-14,57.4737876964,48.3382376163,5.33617266987
2002-01-21,57.4763368085,49.7777727983,5.64843816089
2002-01-30,57.4737876964,44.5690684922,35.3001227505
2002-02-06,57.4763368085,48.9402766199,13.6734549665
2002-03-03,57.4737876964,50.1745974027,9.02339181385
2002-03-10,57.4763368085,46.037740752,5.77179778016
2002-03-19,57.4737876964,5.27806255184,6.73019447024
2002-03-26,57.4763368085,51.370478847,56.5755192104
2002-04-04,57.4737876964,57.4737876964,57.4737876964
2002-04-20,57.4737876964,5.3008384525,5.73640015507
2002-04-27,57.4763368085,18.4540921163,10.2688949808
2002-05-06,57.4737876964,43.8896565166,57.4737876964
2002-05-29,57.4763368085,43.95186506,42.5512853074
2002-06-07,57.4737876964,6.48408086721,7.17902989579
2002-06-30,57.4763368085,6.90138308021,7.26216070587
2002-07-09,57.4737876964,38.6759184871,31.5319971574
2002-07-16,57.4763368085,11.8718433913,9.51531580476
2002-07-25,57.4737876964,7.58869192769,6.92070770364
2002-08-26,57.4737876964,56.3326442018,8.21272416898
2002-09-02,57.4763368085,13.079305868,12.5333383017
2002-09-11,57.4737876964,53.2704842666,57.4556013968
2002-09-18,57.4763368085,49.1322797422,5.14594995128
2002-09-27,57.4737876964,45.5074882876,4.92362529083
2002-10-04,57.4763368085,44.6551143114,4.90704569904
2002-10-13,57.4737876964,56.8441317973,34.1816487097
2002-11-30,57.4737876964,50.1303249177,4.14478465966
2002-12-07,57.4763368085,51.0236458809,4.31143450851
2002-12-16,57.4737876964,57.1943887275,14.0142575338
2002-12-23,57.4763368085,49.8009618559,4.41568310102
2003-01-17,57.4737876964,50.4603827554,4.13866477365
2003-01-24,57.4763368085,50.8496725493,4.21013363863
2003-02-02,57.4737876964,55.9641514782,16.3926482944
2003-02-09,57.4763368085,57.0571406999,40.4535652736
2003-02-25,57.4763368085,57.473841612,45.0905751535
2003-03-13,57.4763368085,51.7157503488,6.01847247412
2003-03-29,57.4763368085,43.6947232352,4.67133353244
2003-04-14,57.4763368085,45.0093390155,46.0814394067
2003-04-23,57.4737876964,57.4363085077,57.4737876964
2003-05-09,57.4737876964,4.57418980252,6.33512042897
2003-05-16,57.4763368085,4.40870992858,6.15465042329