Date,Rarea,NDWI,MNDWI
2000-01-14,42.0456395842,29.1215954361,11.1955015772
2000-04-19,42.0456395842,28.514669258,16.3778196166
2000-04-28,42.0456395842,28.2480136439,18.4102649792
2000-06-22,42.0456395842,23.3082195225,15.3857518981
2000-07-17,42.0456395842,25.4934518001,15.6654520632
2000-08-02,42.0378368762,39.4110469038,35.4070730473
2000-08-25,42.0456395842,23.6144467526,10.880278108
2000-11-29,42.0456395842,41.7011617232,8.44443707858
2000-12-31,42.0456395842,41.530674779,7.37283422384
2001-01-09,42.0456395842,41.595583163,7.75714862254
2001-02-10,42.0456395842,41.619902622,7.67335690556
2001-02-17,42.0456395842,41.6377192263,8.35346080313
2001-03-05,42.0456395842,41.9108070506,24.2700305974
2001-03-21,42.0456395842,30.1388268411,7.57957602607
2001-04-15,42.0456395842,32.4494852916,9.15687510303
2001-04-22,42.0456395842,32.5015222242,9.58720027815
2001-05-24,42.0456395842,41.9861920416,42.0456395842
2001-06-02,42.0456395842,29.2965544772,11.7514088703
2001-07-11,42.0456395842,28.7828012606,12.9356689078
2001-08-12,42.0456395842,25.5484488528,11.0768470488
2001-08-21,42.0456395842,39.8294754685,41.9698448476
2001-08-28,42.0456395842,21.7079150986,8.94801395186
2001-09-06,42.0456395842,26.4621678105,9.28805882579
2001-09-13,42.0456395842,25.9021917219,8.78645297201
2001-09-29,42.0456395842,41.805655883,6.70129953741
2001-10-08,42.0456395842,41.7691502201,6.62567433304
2001-10-15,42.0456395842,42.0456395842,42.0456395842
2001-10-24,42.0456395842,41.5725282654,10.0761852593
2001-11-09,42.0456395842,41.9432718301,31.2743170862
2001-11-16,42.0456395842,41.504748176,6.555121434
2001-12-02,42.0456395842,41.6362533383,9.0108450375
2001-12-11,42.0456395842,41.439620799,6.47508448797
2001-12-18,42.0456395842,41.5326846335,12.1018310795
2001-12-27,42.0456395842,41.5180753057,6.32190904463
2002-01-03,42.0456395842,41.4488787916,5.96902448587
2002-01-12,42.0456395842,36.4973685807,27.4224448056
2002-01-19,42.0456395842,41.5103114425,5.93404827707
2002-01-28,42.0456395842,41.4272614947,6.42408958194
2002-02-04,42.0456395842,41.4326658235,5.89319090281
2002-02-13,42.0456395842,41.674567527,13.4360068022
2002-03-01,42.0456395842,42.0456395842,42.0456395842
2002-03-08,42.0456395842,41.505874959,7.13696557906
2002-03-17,42.0456395842,29.7328314806,13.8697653569
2002-03-24,42.0456395842,24.0494169296,6.38381856905
2002-04-09,42.0456395842,42.0456395842,42.0456395842
2002-04-18,42.0456395842,26.8843018138,7.7137445368
2002-05-04,42.0456395842,26.267272954,8.43562416603
2002-05-11,42.0456395842,41.5621964824,9.00093744232
2002-05-20,42.0456395842,31.9144078959,13.8356262926
2002-05-27,42.0456395842,25.975481931,13.697590021
2002-06-21,42.0456395842,24.6525851669,13.5779143032
2002-06-28,42.0456395842,34.2819634662,26.5018907981
2002-07-07,42.0456395842,42.0200273361,41.9465603552
2002-07-14,42.0456395842,42.0456395842,42.0456395842
2002-07-23,42.0456395842,23.3412423871,12.2725691671
2002-08-08,42.0456395842,41.9606363059,10.3533178202
2002-08-15,42.0456395842,42.0456395842,42.0456395842
2002-08-24,42.0456395842,30.0322345277,12.0372195084
2002-08-31,42.0456395842,41.9129263846,9.30749319887
2002-09-16,42.0456395842,41.8859047709,8.64161713777
2002-09-25,42.0456395842,42.0312280578,35.954576589
2002-10-02,42.0456395842,20.449559063,7.76201237474
2002-10-11,42.0456395842,41.6302414916,5.9988330146
2002-10-18,42.0456395842,40.0478346654,33.0133001568
2002-12-05,42.0456395842,41.5539381091,3.9187588902
2002-12-14,42.0456395842,41.5745133867,4.81407845796
2002-12-21,42.0456395842,41.5431294665,4.79481363289
2002-12-30,42.0456395842,42.0276251753,37.2290535053
2003-01-06,42.0456395842,41.3411173151,6.7408429224
2003-01-15,42.0456395842,41.3971845101,6.98906728761
2003-01-22,42.0456395842,41.305678387,6.67354321394
2003-01-31,42.0456395842,41.3890815639,6.71332324963
2003-02-07,42.0456395842,41.5133809718,8.32758718491
2003-02-16,42.0456395842,41.2744357503,6.25616353827
2003-03-04,42.0456395842,41.3611309786,6.54086887009
2003-03-11,42.0456395842,41.3579519693,6.44720808857
2003-04-05,42.0456395842,41.4608707473,9.73803400126
2003-04-12,42.0456395842,41.6429610645,41.8873247634
2003-04-21,42.0456395842,38.1273966385,32.6533343653
2003-05-30,42.0456395842,42.0456395842,40.4969409833