Date,Rarea,NDWI,MNDWI
2000-04-07,6.5790927396,0.409519386487,0.609258964046
2000-06-10,6.5790927396,0.592709520369,1.00610323985
2000-07-28,6.5790927396,0.596820369533,0.731097154684
2000-10-16,6.5790927396,6.5790927396,0.639527789198
2000-11-17,6.5790927396,4.66607037694,0.478227585318
2000-12-19,6.5790927396,4.29596503561,0.676519322719
2001-02-05,6.5790927396,3.04969332341,0.678292228858
2001-02-21,6.5790927396,5.98240936946,1.88685636681
2001-03-09,6.5790927396,5.53548342087,0.683105803951
2001-04-26,6.5790927396,0.574323802502,0.825812716052
2001-05-12,6.5790927396,0.617113429909,0.920704531748
2001-07-31,6.5790927396,0.815567368196,1.06044130037
2001-09-01,6.5790927396,0.63782640818,0.738291406296
2001-09-17,6.5790927396,0.605405887428,0.689438085917
2001-10-03,6.5790927396,6.27477775861,0.781165685159
2001-10-19,6.5790927396,6.5122669047,0.732637164546
2001-11-04,6.5790927396,4.34455551367,6.00156630276
2001-11-20,6.5790927396,5.03550093298,0.687622761664
2001-12-06,6.5790927396,4.45985745146,0.730048502543
2001-12-22,6.5790927396,5.07347339231,0.701230217508
2002-01-23,6.5790927396,6.37222930612,1.50927518877
2002-02-08,6.5790927396,6.53635966963,5.17953971053
2002-02-24,6.5790927396,6.21309343595,0.706520622249
2002-03-28,6.5790927396,0.633588474931,0.738040667293
2002-05-31,6.5790927396,0.92491429203,0.952309267048
2002-07-02,6.5790927396,1.01457581819,1.13905941234
2002-07-18,6.5790927396,6.5790927396,6.5790927396
2002-09-20,6.5790927396,6.5790927396,6.5790927396
2002-10-06,6.5790927396,6.52701180775,5.70565036083
2002-10-22,6.5790927396,4.95551343027,0.722505019952
2002-11-07,6.5790927396,4.36695814861,0.714541038526
2002-12-25,6.5790927396,5.82903357402,2.88002200299
2003-01-26,6.5790927396,6.5790927396,1.43845803499
2003-02-11,6.5790927396,5.87499176485,0.69623300759
2003-02-27,6.5790927396,6.11415115226,0.70291840118
2003-04-16,6.5790927396,4.69982692438,0.830456837846