Date,Rarea,NDWI,MNDWI
2000-04-10,34.2749185771,8.64185782733,10.4593510255
2000-07-31,34.2749185771,14.2706979927,15.8338452752
2000-10-19,34.2749185771,26.2220447512,5.56337148832
2000-11-20,34.2749185771,25.653779419,3.67048927474
2001-02-24,34.2749185771,27.8779871538,5.5141973093
2001-03-12,34.2749185771,13.1621113173,13.1219542416
2001-03-28,34.2749185771,6.7198939219,8.69884273603
2001-04-29,34.2749185771,13.706188585,13.3764273403
2001-05-31,34.2749185771,18.5185272425,21.5750328071
2001-09-04,34.2749185771,33.200476523,34.2749185771
2001-09-20,34.2749185771,6.98221836643,10.3910221377
2001-10-22,34.2749185771,32.6618657201,16.3900722541
2001-11-07,34.2749185771,22.5893142575,4.88553156387
2001-11-23,34.2749185771,23.2041869298,3.68586757331
2001-12-09,34.2749185771,33.3095088353,14.7122847831
2002-01-10,34.2749185771,32.1742459235,16.6049049108
2002-01-26,34.2749185771,27.0705229757,4.82748160348
2002-02-11,34.2749185771,31.2847648612,20.0588548511
2002-02-27,34.2749185771,34.2749185771,34.2749185771
2002-03-15,34.2749185771,5.51748433688,7.82827834527
2002-03-31,34.2749185771,6.67650302494,9.45881508223
2002-04-16,34.2749185771,8.61632561219,11.5570827689
2002-05-02,34.2749185771,20.921907285,20.1340204992
2002-05-18,34.2749185771,12.9884514615,11.9209161586
2002-06-03,34.2749185771,11.7847124947,13.6613476492
2002-06-19,34.2749185771,16.1706344676,14.1535990453
2002-07-05,34.2749185771,16.8105321868,14.9453710755
2002-07-21,34.2749185771,11.2378364226,13.537557308
2002-08-06,34.2749185771,9.86566788546,11.9641523761
2002-09-23,34.2749185771,6.05648979204,8.19341530817
2002-11-10,34.2749185771,3.42273378591,3.89489718832
2003-01-13,34.2749185771,8.78625151697,7.95465364323
2003-01-29,34.2749185771,3.39764631761,4.47442366295
2003-02-14,34.2749185771,24.8447459138,23.5595325888
2003-03-02,34.2749185771,4.48053491589,6.37624612077
2003-03-18,34.2749185771,34.2722185423,34.2011176383
2003-04-03,34.2749185771,13.439457731,13.8455859523
2003-04-19,34.2749185771,12.7613898037,18.8711395751
2003-05-21,34.2749185771,9.58524688125,12.6999745579
2018-02-23,29.1979020275,19.7068082879,28.9363595252
2018-05-14,29.2964142096,10.3729559501,8.77514725443
2018-08-18,29.1711851726,8.52400028006,9.47938102737
2018-10-05,29.2527450434,4.12823704494,4.40813882402
2018-11-06,29.2317905717,17.3125688382,18.2534444769
2019-01-09,29.3870559461,4.98492179974,4.34342019809
2019-01-25,29.4323588579,2.91150452826,2.82135181865
2019-02-10,29.5260502234,26.2171661096,3.75311182048
2019-03-14,29.2647165755,5.28630164016,5.68651661748
2019-04-15,29.3136110538,8.22899250639,9.0020595474
2019-05-01,29.4570114257,9.21179618187,9.510469203
2019-05-17,29.448515868,11.4155486736,9.37335519236
2019-07-04,29.1681521937,23.4434487327,20.3083621924
2019-07-20,29.3002371098,13.3320124817,14.194376374
2019-08-21,29.4743942614,9.142075137,9.43848973001
2019-10-08,29.5616766282,4.69205225806,4.89513979693
2019-10-24,29.332956123,29.332956123,29.332956123