Date,Rarea,NDWI,MNDWI
2000-04-30,5.88187666367,0.535319268457,1.26789099004
2000-09-05,5.88187666367,0.362697075134,0.494092166536
2000-09-05,5.88187666367,0.364497054993,0.49769210074
2000-10-23,5.88187666367,4.40422622209,0.381918009207
2000-10-23,5.88187666367,4.39993806248,0.381339198652
2000-11-24,5.88187666367,5.88187666367,5.88187666367
2000-11-24,5.88187666367,5.88187666367,5.88187666367
2000-12-10,5.88187666367,4.70441965505,1.41335885772
2000-12-10,5.88187666367,4.70240787668,1.41246597703
2001-01-27,5.88187666367,3.87135481298,0.526897892764
2001-02-12,5.88187666367,5.08293810082,0.375502101613
2001-02-28,5.88187666367,3.76769997593,0.531397996402
2001-03-16,5.88187666367,2.33010586606,0.726198538149
2001-03-16,5.88187666367,2.33377642104,0.729784324794
2001-05-19,5.88187666367,2.14211007042,1.45324926365
2001-05-19,5.88187666367,2.14344412397,1.45858214654
2001-06-20,5.88187666367,2.09072855465,1.47749293608
2001-07-22,5.88187666367,1.76409901033,1.23820442868
2001-07-22,5.88187666367,1.75940494915,1.23380679999
2001-08-23,5.88187666367,0.876886904288,0.763390295146
2001-08-23,5.88187666367,0.868674044937,0.759056227246
2001-09-08,5.88187666367,0.61064756344,0.592787514588
2001-09-08,5.88187666367,0.610647533045,0.598469803626
2001-09-24,5.88187666367,0.00359997509766,4.28412522593
2001-10-26,5.88187666367,5.88187666367,5.27237354677
2001-10-26,5.88187666367,5.88187666367,5.28229117314
2001-11-11,5.88187666367,5.68015240425,5.34544994516
2001-11-11,5.88187666367,5.68136299435,5.34626524755
2001-11-27,5.88187666367,5.84053723392,4.5837593695
2001-11-27,5.88187666367,5.84226663417,4.58799102066
2001-12-13,5.88187666367,5.13530623911,2.57898182464
2001-12-13,5.88187666367,5.11932865869,2.57539599646
2001-12-29,5.88187666367,4.43706056242,0.450200881093
2001-12-29,5.88187666367,4.44164517407,0.44660090984
2002-01-14,5.88187666367,4.71909523949,1.05869582152
2002-01-14,5.88187666367,4.70701769246,1.05597815534
2002-01-30,5.88187666367,5.88097666398,5.13304452445
2002-03-03,5.88187666367,4.86646428153,0.628027309548
2002-03-03,5.88187666367,4.86931954044,0.631627245278
2002-03-19,5.88187666367,0.0764989497681,5.87917670035
2002-03-19,5.88187666367,0.078298928894,5.87917670035
2002-04-04,5.88187666367,5.61817974552,5.88187666367
2002-04-20,5.88187666367,0.830187829755,1.53377106127
2002-04-20,5.88187666367,0.829287904157,1.52292875403
2002-05-06,5.88187666367,2.10227111744,2.16871854488
2002-05-06,5.88187666367,2.09279466682,2.16715504494
2002-06-07,5.88187666367,0.976078350087,1.51957427687
2002-06-07,5.88187666367,0.970244254256,1.51198260566
2002-06-23,5.88187666367,2.44957511223,1.68148797024
2002-07-09,5.88187666367,5.88187666367,5.88187666367
2002-07-09,5.88187666367,5.88187666367,5.88187666367
2002-07-25,5.88187666367,1.04913312612,1.43060589865
2002-07-25,5.88187666367,1.05017428932,1.41469542622
2002-08-10,5.88187666367,1.04016152235,1.67366722662
2002-09-27,5.88187666367,3.65208889923,0.566448190637
2002-10-13,5.88187666367,5.88187666367,5.88187666367
2002-11-30,5.88187666367,3.9620567894,0.429501042897
2002-11-30,5.88187666367,3.96464740909,0.433100999928
2002-12-16,5.88187666367,5.88187666367,5.88187666367
2002-12-16,5.88187666367,5.88187666367,5.88187666367
2003-01-01,5.88187666367,3.86593475854,0.440300985341
2003-01-17,5.88187666367,4.38796368117,0.496788934487
2003-01-17,5.88187666367,4.38234851035,0.499700645192
2003-02-02,5.88187666367,5.88187666367,3.51139107113
2003-03-06,5.88187666367,4.26071917346,0.43670114153
2003-03-06,5.88187666367,4.24745932616,0.435801135426
2003-04-23,5.88187666367,1.33909910442,2.22201785103
2003-05-09,5.88187666367,0.676790716281,1.48294616534
2003-05-09,5.88187666367,0.699992913788,1.52414821109
2003-09-30,5.31419031744,4.89169732538,0.685963694572
2003-09-30,5.31523148376,4.8853162547,0.679003729322
2003-11-01,5.22182657065,5.15766975984,3.51743785463
2003-11-17,5.20259139104,4.60578313314,1.41880607636
2003-11-17,5.20007495142,4.61811466552,1.38983682754
2003-12-03,5.26367789915,1.93964069516,1.68247648862
2003-12-19,5.34485691369,4.3947944843,0.296097545898
2004-03-08,5.35712497702,1.32327185659,1.6866156488
2004-05-27,5.31927617379,0.970692595734,1.56218412244
2004-05-27,5.31927618947,0.971497332862,1.5558594595
2004-06-28,5.36451227077,0.901650909015,1.80262376159
2004-06-28,5.3663122593,0.897782620048,1.80538023673
2004-10-02,5.31294089494,4.15087239628,0.389315368796
2004-10-02,5.31384088737,4.15272883573,0.389315346397
2004-10-18,5.25382034036,5.25382034036,2.70609133006
2004-11-19,5.31102443422,1.80231163291,5.31102443422
2004-12-05,5.3002951417,4.81561858149,2.29432740333
2005-01-22,5.3603086778,4.25361505966,2.15348390394
2005-01-22,5.36171687226,4.24827509014,2.15854503356
2005-02-07,5.38087061499,3.2344368223,0.445701117909
2005-02-07,5.38087063226,3.23917677516,0.443001130482
2005-03-11,5.33033713096,4.16815519707,1.11391293714
2005-03-11,5.32804307059,4.18187755123,1.10991761346
2005-04-28,5.46704055323,0.442157699921,1.11803350578
2005-04-28,5.46614055982,0.437191855406,1.12548756811
2005-10-21,5.27608001649,4.33978213837,0.362259283149
2005-10-21,5.27695176649,4.33928798541,0.364959258613
2006-02-10,5.2681813907,3.6363563074,0.404251686241
2006-02-10,5.26728139778,3.62996102922,0.405151671044
2006-02-26,5.30287863077,3.83872410933,0.453247160247
2006-02-26,5.30305862798,3.83173244477,0.451447165007
2006-06-18,5.2915422415,0.962381093685,2.13302348183
2006-06-18,5.29064224474,0.964181037045,2.14136342908
2006-07-04,5.32843126412,0.908359997828,2.0779617209
2006-07-04,5.33023124862,0.907460008571,2.08399347103
2006-09-22,5.39138113798,2.60014933415,0.566787587296
2006-09-22,5.3940811088,2.58992830514,0.562287612565
2006-10-08,5.27960949253,5.27812009273,4.74715646254
2006-10-08,5.27898831088,5.27838478621,4.74791171652
2006-10-24,5.26926130833,5.12931861453,3.60993840693
2006-10-24,5.26592957849,5.12538337017,3.6123737323
2006-12-11,5.18491632745,3.05739743326,0.412401351246
2006-12-11,5.18491632745,3.05634214569,0.416001327137
2007-01-12,5.34451109436,4.90203299564,2.5669531244
2007-01-28,5.32261134247,4.06097602971,0.373652124413
2007-01-28,5.31991137256,4.06191841653,0.372752135582
2007-03-01,5.25352405271,4.62306732275,1.3616780017
2007-05-04,5.4415371868,1.25131398509,2.12232511415
2007-05-04,5.44058073009,1.26244215409,2.11931452951
2007-06-21,5.43382923789,0.851519378215,1.94505207572
2007-06-21,5.43519157227,0.858521591887,1.94685205296
2007-07-23,5.48534030175,0.65811311241,1.28250334799
2007-10-27,5.36049908241,4.0391715711,0.372596767212
2007-10-27,5.35959908491,4.03350338417,0.377996737671
2007-11-12,5.30156208048,5.30156208048,5.16151752902
2007-11-28,5.25100740726,4.35603293921,0.886335040436
2007-12-14,5.23669949899,5.23669949899,3.33547677309
2007-12-30,5.30898433986,3.73338674986,0.479900783009
2008-01-31,5.40182102541,5.2145532275,2.67032277047
2008-03-19,5.45705260304,4.08792669466,0.559128529615
2008-03-19,5.45525261043,4.09762534811,0.559128492994
2008-04-04,5.48297209485,0.439842439973,0.942327911287
2008-04-04,5.48404150102,0.441642423921,0.940400847574
2008-06-23,5.42965754966,0.90329544738,2.00309291935
2008-06-23,5.43145755973,0.902691881919,2.0102928256
2008-07-09,5.54493019004,0.826842256801,1.67968207578
2008-07-09,5.54673015708,0.829542206936,1.67789619271
2008-07-25,5.77573692496,1.29523743127,2.82629911887
2008-07-25,5.78023689701,1.31297965655,2.83511540309
2008-09-11,5.49914018749,4.53454354771,0.515720666875
2008-09-27,5.42097165246,5.42097165246,5.42097165246
2008-10-13,5.36493580202,5.36493580202,2.07950400535
2008-11-30,5.324524329,4.67423039638,1.33419228695
2008-12-16,5.36947085524,3.56450609343,0.433538686017
2008-12-16,5.37134142741,3.56330618917,0.436817485099
2009-01-01,5.3954861001,4.14243995826,0.77411551207
2009-01-17,5.456078321,4.53246763146,0.871693112775
2009-01-17,5.456823008,4.54172517703,0.877767123476
2009-02-02,5.56958958845,4.42923074604,0.274497606812
2009-02-02,5.56778961707,4.41775678387,0.278097596558
2009-03-06,5.42932229221,3.99969630846,0.431096365295
2009-03-06,5.43022227664,4.00616560705,0.42839635675
2009-03-22,5.38993439636,4.14438216848,0.428477456294
2009-03-22,5.3872344414,4.14515509193,0.424146879131
2009-04-07,5.34324418441,0.378953329117,0.591467717502
2009-04-07,5.345044178,0.383774462078,0.592000632131
2009-10-16,5.363125208,3.89136297544,2.31489143919
2009-10-16,5.36290992854,3.89648395287,2.34910877945
2009-11-01,5.35887236098,3.84081407552,0.287097387268
2009-11-01,5.36157233016,3.83985762747,0.287097387756
2009-11-17,5.45105591482,4.29505059021,0.350570056804
2009-11-17,5.45105592324,4.30157644328,0.347559527678
2009-12-03,5.41572356761,5.41572356761,4.42738299878
2010-02-05,5.23558064627,4.30239182153,0.166498486084
2010-02-21,5.21348678974,4.70088559256,0.209698238281
2010-03-25,5.2427592725,0.329789042856,0.368036883065
2010-06-29,5.48120755454,1.47016646787,1.97900090412
2010-06-29,5.48300752927,1.47130653528,1.97088689021
2010-07-15,5.49074023734,0.776160000928,1.3554795034
2010-07-31,5.56202268903,2.08018571141,2.9668310081
2010-10-19,5.44243718527,5.34199763512,1.71612680374
2010-10-19,5.44328070872,5.34554116901,1.70529867537
2010-11-04,5.44877612569,5.42897638436,4.40369569171
2010-11-04,5.44877613246,5.42897639382,4.4086614758
2010-11-20,5.47066161607,4.27139023612,0.414885800331
2010-11-20,5.46976160392,4.27313018557,0.413661117676
2010-12-06,5.43961746309,4.74032091444,3.05498762527
2010-12-06,5.43909510162,4.74159871673,3.04288914798
2010-12-22,5.47137112654,4.74254639155,0.233108987055
2011-01-07,5.45165264822,4.220687263,0.27269754187
2011-03-28,5.50782941191,4.15937856312,0.38634724838
2011-04-13,5.51025051666,5.21725057614,5.49675069519
2011-04-29,5.54939456868,0.354187636667,0.768547146077
2011-04-29,5.55389449538,0.351025327661,0.769923580778
2011-05-15,5.71299855991,5.42545066245,5.49438628208
2011-05-15,5.7160903005,5.43422467257,5.49061694128
2011-06-16,5.50701059643,4.07208954505,1.76556180886
2011-07-02,5.67343425426,5.36466709678,5.67343425426
2011-07-18,5.61006085313,4.66158882282,3.58255170099
2011-08-03,5.68503882984,0.709578619342,2.03550946721
2011-08-03,5.68683880298,0.701478699847,2.03822350982
2011-08-19,5.68600938448,1.01733289666,1.84246994103
2011-08-19,5.68690937526,1.01688465415,1.8336252688
2011-09-04,5.57105081879,2.18055377221,3.59313462094
2011-10-06,5.39731415851,2.51391332452,0.483345413845
2011-10-06,5.3964706141,2.50816397126,0.48694544418
2011-10-22,5.41850818773,5.41850818773,5.41850818773
2011-10-22,5.41850817955,5.41850817955,5.41850817955
2011-11-07,5.45555950524,2.92062488042,0.395096603943
2011-11-07,5.45457481247,2.92667419739,0.388796637146
2011-11-23,5.40961755919,3.21623476818,0.670468443003
2011-11-23,5.40961756468,3.21713476538,0.670468448557
2012-01-26,5.45580664598,3.56058469901,0.275397498047
2012-02-11,5.43231857978,5.4269185766,5.34756699823
2012-02-11,5.43102682437,5.42562682168,5.34267520809
2012-02-27,5.4431997896,3.46345077647,0.9276137269
2012-02-27,5.44324215351,3.47859539858,0.916813801546
2012-03-14,5.47187587323,0.312297249329,0.449738570447
2012-03-14,5.47280409947,0.315897214417,0.447208012916
2012-04-15,5.55596272116,4.82220235002,5.51713257368
2012-04-15,5.56046265127,4.83928811982,5.52433247224
2012-09-22,5.47919572196,2.30470307943,5.47739573636
2012-10-24,5.45141602039,4.55728295795,5.45141602039
2012-11-09,5.4731993359,5.4731993359,5.4731993359
2012-11-09,5.47390169309,5.47390169309,5.47390169309
2012-11-25,5.45083721858,5.31242960075,4.61011037421
2012-11-25,5.45186425571,5.3199506837,4.61941366349
2012-12-27,5.43455280421,2.7109837648,0.404572932693
2012-12-27,5.4352304428,2.71653542091,0.403672942214
2013-01-12,5.4839392902,5.4839392902,5.4115942203
2013-01-12,5.4788887869,5.4788887869,5.40471550732
2013-01-28,5.45332555711,3.793116892,1.28856562667
2013-01-28,5.45287733332,3.80206741861,1.30092556323
2013-02-13,5.47656635652,3.06931007911,0.438296309021
2013-03-17,5.61834429821,0.338397055725,0.442796253906
2013-03-17,5.62824419006,0.334797086548,0.43919625769
2013-04-18,5.76322168857,5.76322168857,5.76322168857
2013-04-18,5.7632216929,5.7632216929,5.7632216929
2013-05-04,5.62871002415,5.61691133178,5.62871002415
2013-05-20,5.52239882282,4.60276622588,2.09982617454
2013-05-20,5.52149884076,4.60773204388,2.11460368977
2013-06-05,5.75263709943,5.75263709943,5.75263709943
2013-06-05,5.75179357654,5.75179357654,5.75179357654
2013-09-25,5.52128679889,0.866542719079,0.0107999033813
2013-11-12,5.46030295331,5.46030295331,5.46030295331
2013-11-12,5.46451348968,5.46451348968,5.46451348968
2013-11-28,5.4469585756,0.334525362829,0.43040113274
2013-11-28,5.44791502451,0.339025328771,0.429501144337
2013-12-14,5.51047655266,5.45319872791,4.86537927024
2013-12-14,5.50782952138,5.4557539536,4.87194741766
2013-12-30,5.45929709444,2.78126295953,0.394196635742
2013-12-30,5.4595371035,2.78529347068,0.39239666217
2014-01-15,5.4335536825,2.83299354094,0.417801340443
2014-01-15,5.43495836795,2.83646993289,0.426801265248
2014-01-31,5.17298357104,4.90829626317,3.83799777926
2014-01-31,5.17199890791,4.91193858908,3.84047535443
2014-02-16,5.40385043159,5.38655661924,4.89422889672
2014-02-16,5.40667746736,5.38758367399,4.89271131347
2014-03-20,5.45458196333,4.58359310645,3.25130516468
2014-04-05,5.56285206481,3.63215130721,1.59802561703
2014-04-21,5.4494748963,5.4494748963,5.4494748963
2014-05-07,5.48806854923,5.48806854923,5.48806854923
2014-05-07,5.4865085873,5.4865085873,5.4865085873
2014-05-23,5.46613707593,3.09270339311,1.59516040223
2014-05-23,5.46613707672,3.10482326799,1.5819322995
2014-06-24,5.5263902413,0.774924720398,2.2263393743
2014-06-24,5.52549025082,0.777501219166,2.22195240288
2014-07-10,5.50386240891,0.586438010684,2.00544988129
2014-10-14,5.60893492573,0.291597420044,0.362696914062
2014-10-14,5.6107348949,0.295197395813,0.359996936707
2014-10-30,5.46258659966,0.0,5.46258659966
2014-11-15,5.48910971459,5.48548154921,5.1645932228
2014-11-15,5.49090969304,5.48910972795,5.18598110232
2014-12-01,5.4602783849,0.33209690564,0.386996418701
2014-12-01,5.46117837104,0.332096904236,0.385196437134
2014-12-17,5.44348914839,2.51216976732,0.392396621887
2014-12-17,5.44168916847,2.51550509186,0.398696574341
2015-01-02,5.5907870773,3.02611417158,0.395096633362
2015-01-02,5.59242116776,3.0300069528,0.395996638733
2015-01-18,5.63577933036,3.15339702944,0.345596941956
2015-01-18,5.64033575103,3.14398069351,0.343796975342
2015-02-03,5.47532751206,3.30333196565,0.531894533875
2015-02-03,5.47262753813,3.30838249217,0.536394473755
2015-02-19,5.44590321451,3.43833762808,2.9905497945
2015-02-19,5.44386678128,3.43950577847,3.00107438768
2015-03-07,5.46390304031,3.26288931929,0.434696151367
2015-03-07,5.46566068821,3.26645754135,0.424796221558
2015-04-08,5.49656724558,2.8608368323,0.994102930013
2015-04-08,5.49566725242,2.8504392489,0.985974800069
2015-04-24,5.62646883467,0.405603963136,0.977656073407
2015-05-10,5.48948030072,5.1875367624,5.48948030072
2015-05-10,5.49125204003,5.19239670901,5.49125204003
2015-07-13,5.48544623764,5.48544623764,5.48544623764
2015-07-13,5.48694975791,5.48694975791,5.48694975791
2015-09-15,5.46517003482,0.625798908377,2.78860114357
2015-09-15,5.46787000778,0.615140152418,2.79006227488
2015-10-01,5.43383971908,1.50856066647,3.08568474418
2015-10-17,5.42983734977,1.80723679674,0.486200764088
2015-10-17,5.43343731828,1.81616962215,0.488900735707
2015-11-18,5.41648587058,3.34479530965,1.82364760234
2015-11-18,5.41828587046,3.34651059736,1.82215465582
2015-12-04,5.43279518054,5.43279518054,5.43279518054
2015-12-04,5.43195516844,5.43195516844,5.43195516844
2015-12-20,5.40599292762,4.80902141014,5.40599292762
2016-01-05,5.39020610478,4.40227355465,4.36195165529
2016-01-21,5.41352089478,5.41352089478,3.91333755156
2016-02-06,5.42407037474,1.84785067904,0.283497513733
2016-02-06,5.42079510912,1.8280295651,0.278997567871
2016-02-22,5.596857521,2.69491286461,0.297318577175
2016-02-22,5.60315742274,2.69472208753,0.301497397644
2016-03-09,5.46827593139,3.38362896776,0.349503850959
2016-03-09,5.46827589483,3.37742793736,0.336903970343
2016-04-10,5.59879157823,0.22139808374,0.632510916096
2016-04-10,5.60689146916,0.219598094482,0.638810858295
2016-04-26,5.50147667914,3.24194166976,0.570595740682
2016-04-26,5.50597658539,3.24465209452,0.563409949614
2016-05-12,5.54646876744,4.9326771969,3.21645459851
2016-05-12,5.54752405552,4.93207369028,3.22074279267
2016-05-28,5.52811964816,0.55683381359,1.42930664935
2016-05-28,5.53351958004,0.560956106314,1.43422658496
2016-06-29,5.61671377766,0.614570825204,1.4866874802
2016-06-29,5.62131255437,0.613490804182,1.46564888182
2016-07-15,5.8171932533,5.80189337891,1.33377871102
2016-07-15,5.82170735026,5.81000744449,1.32475416363
2016-07-31,5.73200428701,4.87514394188,1.62921779553
2016-07-31,5.73740424062,4.87629803438,1.63640364746
2016-08-16,5.80812621935,5.80812621935,5.80812621935
2016-10-03,5.4756169858,2.35639156093,0.233098030762
2016-10-03,5.47471701436,2.35558336367,0.234898005249
2016-10-19,5.46610884862,4.44286522226,1.18236706399
2016-10-19,5.45339602091,4.43184311279,1.21131149026
2016-11-04,5.47462877148,5.44720907909,4.18975367526
2016-11-04,5.47552875311,5.44990903985,4.20211699636
2016-11-20,5.6088890607,3.45631226964,0.181798401123
2016-11-20,5.61158903012,3.4415312937,0.18089842926
2016-12-06,5.50082024473,4.09950229972,0.185398375183
2016-12-06,5.49880850071,4.0964529222,0.182698400452
2016-12-22,5.48918035783,4.93827324521,0.256966756814
2016-12-22,5.49368029084,4.93299676957,0.252466812539
2017-01-23,5.8684895917,5.8684895917,5.8684895917
2017-02-24,5.4743111198,3.97220895301,0.268197665466
2017-02-24,5.47431107537,3.97444294666,0.269097652588
2017-03-12,5.48172986143,5.48172986143,5.48172986143
2017-03-28,5.592774048,5.33483367239,2.50895013396
2017-04-13,5.52930205309,2.11059879847,4.8615715979
2017-04-13,5.52890324845,2.12444804942,4.87922901183
2017-04-29,5.4749358289,0.428014884964,0.640864928076
2017-04-29,5.47600521269,0.421196155838,0.647433142562
2017-05-15,5.4687347267,4.11326707931,0.938465422694
2017-05-15,5.46783472389,4.11510932633,0.940265444009
2017-06-16,5.43268205436,1.40845918359,1.12710741279
2017-06-16,5.43358205778,1.41426152009,1.13713437239
2017-07-18,5.43057863357,4.94661086504,0.995944417208
2017-07-18,5.43057863527,4.94621557131,1.00044436692
2017-09-04,5.51077649297,0.612295883033,0.476388721816
2017-09-04,5.51209645382,0.614688843512,0.47908867427
2017-10-06,5.4363527867,3.69071788033,0.38868010272
2017-10-06,5.43725277962,3.69083077838,0.387458966193
2017-10-22,5.42537607916,3.51352213727,0.390596682251
2017-10-22,5.42631844271,3.50512580517,0.392396677979
2017-11-07,5.30143866134,4.7982387971,5.30143866134
2017-11-23,5.28839418631,3.18233640773,0.386301416676
2017-11-23,5.28479420896,3.1784929312,0.385401432484
2017-12-09,5.31411607313,0.0482993790221,3.27286401767
2017-12-25,5.39913534553,5.2654495281,1.79616401855
2018-01-26,5.72013851112,3.80758369847,5.72013851112
2018-01-26,5.71115269158,3.78888158511,5.71115269158
2018-02-27,5.87762018358,3.5270155105,0.434851611046
2018-02-27,5.87762018358,3.53434253878,0.434851591637
2018-04-16,5.88187666367,3.85851231447,0.825048875826
2018-04-16,5.88187666367,3.86078876496,0.822348874361
2018-05-18,5.88187666367,4.06206459209,1.55297638286
2018-05-18,5.88187666367,4.06129157276,1.55729283723
2018-06-19,5.88187666367,3.90732536313,2.03494173837
2018-06-19,5.88187666367,3.89603482419,2.03388636094
2018-07-05,5.88187666367,4.350151945,1.62556883764
2018-08-06,5.88187666367,4.17324954272,1.64902883435
2018-08-06,5.88187666367,4.16589785209,1.64797710233
2018-08-22,5.88187666367,4.13873237743,1.14596508646
2018-08-22,5.88187666367,4.13367126036,1.14311335031
2018-09-23,5.88187666367,0.51989584008,1.440522003
2018-09-23,5.88187666367,0.522017004835,1.45579002167
2018-10-09,5.88187666367,0.403196562439,0.494095865601
2018-10-09,5.88187666367,0.395996586731,0.494995837402
2018-10-25,5.88187666367,3.96675425194,0.444917377616
2018-10-25,5.88187666367,3.97600824175,0.44851735546
2018-11-10,5.88187666367,0.378896688843,0.423896352295
2018-11-10,5.88187666367,0.373496733765,0.422096380737
2018-12-12,5.88187666367,4.08634671734,0.357296881226
2018-12-12,5.88187666367,4.08260554432,0.359096869019
2018-12-28,5.88187666367,4.76545129869,3.4541872902
2019-01-13,5.88187666367,4.49656129328,0.296097389771
2019-01-13,5.88187666367,4.4944401862,0.29699738031
2019-01-29,5.88187666367,5.65472181796,2.73549441347
2019-01-29,5.88187666367,5.65830766841,2.75214605144
2019-02-14,5.88187666367,4.27857686089,0.289797447144
2019-02-14,5.88187666367,4.27633921006,0.287097472717
2019-03-02,5.88187666367,4.58019972178,0.279897547302
2019-03-02,5.88187666367,4.57131275766,0.276297568237
2019-04-19,5.88187666367,0.411674209201,0.751270483471
2019-05-21,5.88187666367,0.729014856469,1.25340262833
2019-05-21,5.88187666367,0.725414814598,1.24732849133
2019-06-22,5.88187666367,4.65406116842,5.4506889436
2019-07-08,5.88187666367,5.19219326995,1.38293502053
2019-07-08,5.88187666367,5.18149232692,1.38888559928
2019-07-24,5.88187666367,5.88187666367,5.88187666367
2019-08-09,5.88187666367,3.92624644682,1.1021897399
2019-08-09,5.88187666367,3.91605359174,1.10128978683
2019-09-10,5.88187666367,5.46546824991,0.853036840212
2019-09-26,5.88187666367,4.28687486743,0.406853004959
2019-09-26,5.88187666367,4.27645967929,0.398696608093
2019-10-12,5.88187666367,5.66805009055,1.24875695291
2019-10-12,5.88187666367,5.66845595358,1.25559340507
2019-10-28,5.88187666367,5.78305085043,5.88187666367
2019-10-28,5.88187666367,5.78336144681,5.88187666367