Date,Rarea,NDWI,MNDWI
2000-01-14,8.35415598432,0.52389458667,0.647704121689
2000-01-21,8.35415598432,6.21319758964,0.679534696418
2000-04-10,8.35415598432,1.25687662691,2.18745780664
2000-04-19,8.35415598432,1.18337008192,2.0994678821
2000-06-13,8.35415598432,2.59594076545,3.85452208925
2000-06-22,8.35415598432,8.06279134834,8.12518023725
2000-07-31,8.35415598432,3.12215561856,4.57248825277
2000-10-03,8.35415598432,5.73102588526,1.04993198204
2000-10-19,8.35415598432,8.02725300898,6.83910574847
2000-10-19,8.35415598432,8.02545264772,6.84690008942
2000-10-28,8.35415598432,5.8445053526,0.746259339022
2000-11-20,8.35415598432,5.62177764474,0.717372939917
2000-11-20,8.35415598432,5.6194723291,0.721633705634
2001-02-17,8.35415598432,8.35415598432,8.35415598432
2001-02-24,8.35415598432,6.25601036498,0.99176447793
2001-02-24,8.35415598432,6.2653119703,0.99807977226
2001-03-05,8.35415598432,7.17625348539,1.4636393902
2001-03-12,8.35415598432,5.80576348283,7.08833416388
2001-03-12,8.35415598432,5.83514744621,7.10411689714
2001-03-21,8.35415598432,0.636984081932,1.24066198923
2001-03-28,8.35415598432,0.851410526613,1.46490862394
2001-03-28,8.35415598432,0.850651540444,1.46592173781
2001-04-22,8.35415598432,1.66798788853,2.47631554594
2001-04-29,8.35415598432,8.2571108427,8.35415598432
2001-04-29,8.35415598432,8.25531051037,8.35415598432
2001-05-15,8.35415598432,2.2116239133,3.27191579379
2001-05-24,8.35415598432,2.03324645195,3.94836500808
2001-05-31,8.35415598432,2.34338264328,3.88784924637
2001-07-11,8.35415598432,2.75189453172,4.31834271652
2001-08-12,8.35415598432,1.78669519794,3.25229129809
2001-08-28,8.35415598432,1.22434939813,2.6093024249
2001-09-04,8.35415598432,6.81780010561,8.35415598432
2001-09-04,8.35415598432,6.80443884873,8.35415598432
2001-09-13,8.35415598432,1.5343601961,1.9303789857
2001-09-20,8.35415598432,2.04118592273,2.45136507618
2001-09-20,8.35415598432,2.05670045442,2.44514862146
2001-09-29,8.35415598432,5.89209873003,1.16263614813
2001-10-15,8.35415598432,8.35415598432,8.35415598432
2001-10-22,8.35415598432,6.97047338232,1.17842535347
2001-10-22,8.35415598432,6.97930901144,1.1767662343
2001-11-07,8.35415598432,5.54233142084,0.782855263516
2001-11-07,8.35415598432,5.53713862107,0.78538631496
2001-11-16,8.35415598432,5.92751178259,0.699313165787
2001-11-23,8.35415598432,5.58428987702,0.707961726478
2001-11-23,8.35415598432,5.59263132463,0.707569957451
2001-12-02,8.35415598432,7.34272930162,4.50915358928
2001-12-09,8.35415598432,6.12791082931,1.32893789824
2001-12-09,8.35415598432,6.14336889417,1.33677458593
2001-12-18,8.35415598432,6.75767049688,3.23678505529
2002-01-03,8.35415598432,5.69749835512,0.59552631493
2002-01-10,8.35415598432,6.03299405884,0.787324381896
2002-01-10,8.35415598432,6.047721327,0.793526696313
2002-01-19,8.35415598432,5.92568776469,0.746485366716
2002-01-26,8.35415598432,7.603310519,2.72068646636
2002-01-26,8.35415598432,7.59995350501,2.73836848712
2002-02-04,8.35415598432,5.87458029606,0.785933863654
2002-02-11,8.35415598432,8.34116197035,6.47403025419
2002-02-27,8.35415598432,8.35415598432,8.35415598432
2002-02-27,8.35415598432,8.35415598432,8.35415598432
2002-03-08,8.35415598432,0.770684974705,1.14233528676
2002-03-15,8.35415598432,0.756818903059,1.21603213251
2002-03-15,8.35415598432,0.762654064968,1.21532964623
2002-03-24,8.35415598432,8.34958454428,8.35415598432
2002-03-31,8.35415598432,0.836012173746,1.51466753988
2002-03-31,8.35415598432,0.842765122274,1.502262899
2002-04-09,8.35415598432,6.39344833612,8.34245392005
2002-04-16,8.35415598432,1.07588678912,1.87428460161
2002-04-16,8.35415598432,1.06640501168,1.87033099563
2002-05-02,8.35415598432,4.58777758059,5.28209622533
2002-05-11,8.35415598432,8.35415598432,8.35415598432
2002-05-18,8.35415598432,1.96089755731,1.29370467708
2002-05-18,8.35415598432,1.967255234,1.29730530415
2002-05-27,8.35415598432,7.50873538899,8.35415598432
2002-06-03,8.35415598432,0.655742995063,1.74559395542
2002-06-03,8.35415598432,0.634742660315,1.73752775318
2002-06-19,8.35415598432,5.1187523304,0.702149472661
2002-06-19,8.35415598432,5.07987248676,0.694372821278
2002-06-28,8.35415598432,8.35415598432,8.35415598432
2002-07-05,8.35415598432,4.17569322702,2.57664562582
2002-07-05,8.35415598432,4.16749288788,2.57069754974
2002-07-21,8.35415598432,0.444856995028,1.64705591801
2002-07-21,8.35415598432,0.446657336642,1.64795608049
2002-08-06,8.35415598432,0.168330473938,1.75305333524
2002-08-06,8.35415598432,0.168330473938,1.75330397181
2002-08-15,8.35415598432,7.63840859077,7.95336591831
2002-08-31,8.35415598432,6.62611254872,2.92926087586
2002-09-16,8.35415598432,5.8865023085,1.66113233771
2002-09-23,8.35415598432,0.761604821283,1.35547919063
2002-09-23,8.35415598432,0.764305264276,1.35305753912
2002-10-02,8.35415598432,0.681560817644,1.25585046198
2002-10-18,8.35415598432,1.91067155176,6.32816982789
2002-11-10,8.35415598432,0.5779042677,0.758681464087
2002-11-10,8.35415598432,0.586905832825,0.773588784064
2002-12-05,8.35415598432,5.40064005704,0.64620358693
2002-12-21,8.35415598432,6.05168219026,0.700523943869
2003-01-06,8.35415598432,5.39395446205,0.684684645541
2003-01-13,8.35415598432,0.540814178002,0.696888134247
2003-01-13,8.35415598432,0.551799681274,0.69238729483
2003-01-22,8.35415598432,5.37726457663,0.665216558832
2003-01-29,8.35415598432,0.525832775774,0.714358459534
2003-01-29,8.35415598432,0.524611381372,0.73126388746
2003-02-14,8.35415598432,0.538435176958,0.921879589659
2003-02-14,8.35415598432,5.37272578305,0.948884469481
2003-02-23,8.35415598432,6.01354532165,1.71571990005
2003-03-02,8.35415598432,0.529433727861,1.01103829465
2003-03-02,8.35415598432,0.535565409066,1.00151420778
2003-03-11,8.35415598432,5.79315718846,1.15124868908
2003-03-18,8.35415598432,8.04173951017,8.3075239594
2003-03-27,8.35415598432,5.91926083282,1.71698505564
2003-04-03,8.35415598432,1.44557906235,2.40580769259
2003-04-03,8.35415598432,1.46278112239,2.44512192338
2003-04-19,8.35415598432,1.13734133195,3.40748337569
2003-04-19,8.35415598432,1.12836791787,3.45485301631
2003-05-14,8.35415598432,5.9757664531,3.56241323449
2003-05-21,8.35415598432,0.367418517751,1.86516738428
2003-05-21,8.35415598432,0.362017536245,1.86087834614