Date,Rarea,NDWI,MNDWI
2000-03-20,8.56062393715,0.636672327328,3.21012891615
2000-04-28,8.56062393715,0.663271426863,4.36484348278
2000-04-28,8.56062393715,0.659670262922,4.37925508423
2000-05-07,8.56062393715,0.722520879503,4.59627012068
2000-07-10,8.56062393715,0.878009170577,5.06326487824
2000-07-17,8.56062393715,0.801392960785,4.70269465796
2000-07-17,8.56062393715,0.80454219295,4.73390468369
2000-08-02,8.56062393715,0.847222974444,5.9590048489
2000-09-28,8.56062393715,2.54380945338,2.54279856776
2000-10-05,8.56062393715,1.71836535801,1.99823012494
2000-11-15,8.56062393715,0.990672541627,0.838166913208
2000-11-22,8.56062393715,1.04868638125,1.24886236113
2000-12-01,8.56062393715,0.98632644916,0.973167263993
2001-01-09,8.56062393715,4.47986300917,4.03725961096
2001-01-09,8.56062393715,4.48176247542,4.02924172842
2001-01-18,8.56062393715,0.898451356755,1.45124273687
2001-02-03,8.56062393715,7.70439258414,7.36442797744
2001-02-10,8.56062393715,0.913650431706,2.27450233394
2001-02-10,8.56062393715,0.908234525915,2.25234823484
2001-02-19,8.56062393715,8.28678033843,5.37411652639
2001-03-07,8.56062393715,1.10804175378,6.2185558713
2001-03-23,8.56062393715,7.30037381198,8.56062393715
2001-03-30,8.56062393715,5.5963385081,8.52224012427
2001-04-15,8.56062393715,0.653721308173,4.32262535698
2001-04-15,8.56062393715,0.657378916134,4.31481233998
2001-04-24,8.56062393715,4.32656396017,7.4414574665
2001-06-02,8.56062393715,0.822463260911,5.35724196508
2001-06-02,8.56062393715,0.834078720242,5.37420609397
2001-06-11,8.56062393715,0.886365961058,5.59936637251
2001-08-21,8.56062393715,0.658713487847,3.50990281398
2001-08-21,8.56062393715,0.657742584111,3.5152868925
2001-09-06,8.56062393715,3.08850435065,5.76765387274
2001-09-06,8.56062393715,3.07366566342,5.74686251122
2001-09-15,8.56062393715,4.15057495482,6.37074025838
2001-10-01,8.56062393715,8.42245361297,6.88224450735
2001-10-08,8.56062393715,1.33698144363,1.53759213387
2001-10-08,8.56062393715,1.32471278607,1.55448220675
2001-10-24,8.56062393715,8.33580567576,8.48259164178
2001-10-24,8.56062393715,8.33054518821,8.48457581719
2001-11-02,8.56062393715,8.48940285244,4.7236382331
2001-11-09,8.56062393715,1.70362933977,2.26317057175
2001-11-09,8.56062393715,1.70445897668,2.26254215099
2001-12-11,8.56062393715,5.65106624722,5.61024134599
2001-12-11,8.56062393715,5.67544459235,5.62401746995
2001-12-20,8.56062393715,6.04988713756,4.42779310295
2001-12-27,8.56062393715,8.43486985478,7.58242839104
2001-12-27,8.56062393715,8.42282718229,7.55725215498
2002-01-05,8.56062393715,0.905671454512,1.81896780205
2002-01-12,8.56062393715,2.66865170588,3.80207019119
2002-01-12,8.56062393715,2.66541770195,3.78958616786
2002-01-21,8.56062393715,8.5087354035,5.91493381637
2002-01-28,8.56062393715,0.942314975095,2.53675663339
2002-01-28,8.56062393715,0.942191436549,2.53893844032
2002-02-06,8.56062393715,0.936412322858,8.15861706737
2002-02-13,8.56062393715,0.893734677984,2.47380719479
2002-02-13,8.56062393715,0.900234384269,2.48202278402
2002-02-22,8.56062393715,1.11587291554,3.65587975361
2002-03-01,8.56062393715,8.53434987265,8.56062393715
2002-03-01,8.56062393715,8.53449109314,8.56062393715
2002-03-10,8.56062393715,2.53079530403,6.19014602111
2002-03-17,8.56062393715,0.663681003964,4.26907421149
2002-03-17,8.56062393715,0.668182416683,4.28468263462
2002-03-26,8.56062393715,7.92293982544,8.56062393715
2002-04-18,8.56062393715,7.41363841871,8.50809967239
2002-04-18,8.56062393715,7.40851553675,8.50562474612
2002-05-04,8.56062393715,0.718061800223,4.32311495813
2002-05-04,8.56062393715,0.717232090884,4.32746449255
2002-05-20,8.56062393715,8.19885953168,8.56062393715
2002-05-20,8.56062393715,8.1858459567,8.56062393715
2002-06-21,8.56062393715,0.922730534216,5.3682137763
2002-06-21,8.56062393715,0.915948362371,5.35825409537
2002-06-30,8.56062393715,0.930169363737,5.90309330699
2002-07-07,8.56062393715,8.54238158153,8.56062393715
2002-07-07,8.56062393715,8.53788012737,8.56062393715
2002-07-16,8.56062393715,2.27281884862,6.81082174723
2002-07-23,8.56062393715,0.827134106958,5.24285014876
2002-07-23,8.56062393715,0.83735853294,5.2300766968
2002-08-01,8.56062393715,4.88907534881,8.12087397668
2002-08-08,8.56062393715,1.74545645768,4.4509840436
2002-08-08,8.56062393715,1.74896225762,4.44526097707
2002-08-17,8.56062393715,0.742313038956,5.00949371825
2002-08-24,8.56062393715,0.748251393256,5.51715573748
2002-08-24,8.56062393715,0.754563944674,5.51110442162
2002-09-02,8.56062393715,0.653241140386,3.55757937792
2002-09-18,8.56062393715,8.56062393715,8.51267208301
2002-09-25,8.56062393715,8.56062393715,8.56062393715
2002-09-25,8.56062393715,8.10373568178,8.56062393715
2002-10-04,8.56062393715,1.01275637636,2.47546423827
2002-10-11,8.56062393715,1.02597484498,2.48800930694
2002-10-11,8.56062393715,1.02711522729,2.48891303078
2002-11-05,8.56062393715,5.20563918737,6.16024777169
2002-11-12,8.56062393715,0.923140571322,0.966946513738
2002-11-21,8.56062393715,0.923024040387,1.11211792178
2002-12-07,8.56062393715,1.03944739956,0.924156351708
2002-12-14,8.56062393715,4.86751133001,4.27054832191
2002-12-14,8.56062393715,4.83566931018,4.27479892738
2002-12-23,8.56062393715,8.49009468349,7.2486117019
2002-12-30,8.56062393715,8.46045578403,8.21131211995
2002-12-30,8.56062393715,8.45885294536,8.21001990413
2003-01-15,8.56062393715,3.71625364214,4.6859332307
2003-01-15,8.56062393715,3.72111871653,4.67858967785
2003-01-24,8.56062393715,0.925061120313,1.71232816396
2003-01-31,8.56062393715,0.936553066483,1.71987643627
2003-01-31,8.56062393715,0.935214935717,1.73983797868
2003-02-09,8.56062393715,4.58650858969,5.26980076288
2003-02-16,8.56062393715,0.956292316704,2.15065054783
2003-02-16,8.56062393715,0.949778474359,2.15302655874
2003-02-25,8.56062393715,5.59912424793,4.99328665501
2003-03-04,8.56062393715,3.25131113838,4.57665165862
2003-03-04,8.56062393715,3.2534859489,4.6013584226
2003-03-13,8.56062393715,0.858543158828,2.51736247301
2003-03-29,8.56062393715,1.3008132376,3.02378041359
2003-04-05,8.56062393715,1.30290305325,3.75039585702
2003-04-05,8.56062393715,1.31513634398,3.73021880666
2003-04-14,8.56062393715,0.684751233587,4.11097641175
2003-04-21,8.56062393715,8.54982054915,8.56062393715
2003-04-21,8.56062393715,8.55072083229,8.56062393715
2003-05-16,8.56062393715,0.844804555375,4.67391639279