Date,Rarea,NDWI,MNDWI
2000-01-21,10.8080576768,4.73992118263,3.10050502362
2000-06-13,10.8080576768,2.7107549307,6.25176945346
2000-10-03,10.8080576768,3.87609232201,3.39413483268
2000-10-19,10.8080576768,10.0934637128,9.67005076634
2000-11-20,10.8080576768,6.19423647407,4.40569779491
2001-02-24,10.8080576768,4.29349959908,3.03294905023
2001-03-12,10.8080576768,6.74725987503,10.3321929098
2001-03-28,10.8080576768,1.81043959586,3.70326648697
2001-04-29,10.8080576768,10.8080576768,10.8080576768
2001-05-15,10.8080576768,2.38936397625,5.63919193536
2001-09-04,10.8080576768,10.6923714269,10.8080576768
2001-09-20,10.8080576768,4.32948640086,10.782857858
2001-10-22,10.8080576768,7.09576220423,2.68715355524
2001-11-07,10.8080576768,4.5710436054,2.82857456034
2001-11-23,10.8080576768,4.7171062382,2.66348228608
2001-12-09,10.8080576768,5.48931927174,3.16454755223
2002-01-10,10.8080576768,5.7574748342,3.18108519447
2002-01-26,10.8080576768,6.16909200384,3.96315619272
2002-02-27,10.8080576768,10.8080576768,10.8080576768
2002-03-15,10.8080576768,2.14197377368,3.20455188141
2002-03-31,10.8080576768,2.1557632313,3.65166665762
2002-04-16,10.8080576768,2.16333365049,4.11993378347
2002-05-18,10.8080576768,2.60438948889,2.65259139535
2002-06-03,10.8080576768,2.02317547827,2.91146375537
2002-06-19,10.8080576768,10.3900846707,0.483866161439
2002-07-05,10.8080576768,10.7985953437,0.0917987497559
2002-07-21,10.8080576768,2.27806947699,3.4104872295
2002-08-06,10.8080576768,2.42186885272,5.02745327775
2002-09-23,10.8080576768,2.53969747261,3.45164118
2002-11-10,10.8080576768,2.33635677865,2.77727545694
2003-01-13,10.8080576768,2.19235889278,2.49976496727
2003-01-29,10.8080576768,2.1572593428,2.51423885518
2003-02-14,10.8080576768,5.40514512212,2.66649929135
2003-03-02,10.8080576768,5.34051820221,4.71799152509
2003-04-03,10.8080576768,6.35826140549,7.33601281716
2003-04-19,10.8080576768,7.41964674713,10.8080576768
2003-05-21,10.8080576768,1.81077813446,2.72686444659
2019-01-09,9.22413377983,2.66482490007,3.13247754618
2019-02-10,9.2323995321,6.13016907895,7.76869361063
2019-05-17,9.22159200598,2.23648819656,1.96083638903
2019-08-21,9.214399372,2.15914356272,2.98631321744