Date,Rarea,NDWI,MNDWI
2000-02-05,46.9669702277,42.2204002742,3.61152099099
2000-05-27,46.9669702277,40.5830142024,5.35477847579
2000-09-16,46.9669702277,34.1033242144,26.779603641
2000-10-18,46.9669702277,17.3774295882,12.654889672
2000-12-05,46.9669702277,18.7346705404,4.52882166266
2001-02-23,46.9669702277,46.7256478105,20.2598850062
2001-04-12,46.9669702277,38.9999679542,18.9333895701
2001-08-18,46.9669702277,39.9877580449,30.9002852776
2001-09-03,46.9669702277,24.952481003,15.1435698818
2001-09-19,46.9669702277,26.5833865931,15.8074132482
2001-10-21,46.9669702277,13.9587338809,6.12044395956
2002-01-25,46.9669702277,42.10477638,3.92804119769
2002-02-26,46.9669702277,46.2444972008,3.73756883708
2002-03-30,46.9669702277,44.8812337981,37.420521036
2002-05-01,46.9669702277,46.7726795657,12.2496263807
2002-07-20,46.9669702277,31.1588069228,6.794065458
2002-09-06,46.9669702277,9.57314459074,5.63450705513
2002-10-08,46.9669702277,4.50810510938,5.06364467183
2002-11-09,46.9669702277,4.42433811273,4.79554791465
2002-12-11,46.9669702277,20.6143144849,27.7073734772
2003-01-12,46.9669702277,4.2086138157,4.30814517841
2003-03-01,46.9669702277,46.5390009332,26.5926132119
2003-04-02,46.9669702277,45.7531524054,11.1852440541
2003-05-20,46.9669702277,4.37708352051,2.97808498841