Date,Rarea,NDWI,MNDWI
2000-03-06,27.744539323,12.0290685755,10.8296279299
2000-04-23,27.744539323,18.7922081562,8.02157359325
2000-08-13,27.744539323,5.15503048388,5.84262265633
2000-09-30,27.744539323,23.4013190883,2.59832775284
2000-12-19,27.744539323,21.3612463138,11.5676376138
2001-01-20,27.744539323,25.6411959183,20.7148726823
2001-04-10,27.744539323,27.5842221206,23.4410663392
2001-04-26,27.744539323,15.3749918853,4.91497918796
2001-08-16,27.744539323,17.3587088161,3.33040119457
2001-09-01,27.744539323,18.7501618469,6.16220097519
2001-09-17,27.744539323,16.3990525847,3.93230827235
2001-10-19,27.744539323,23.1482402228,1.96674478131
2001-11-04,27.744539323,22.1071398368,2.97222601712
2001-12-06,27.744539323,20.7250927797,14.1835160688
2001-12-22,27.744539323,27.549088999,27.084324656
2002-01-07,27.744539323,3.76013488162,2.21302011144
2002-01-23,27.744539323,22.8539694671,20.0486000548
2002-02-08,27.744539323,27.744539323,27.744539323
2002-02-24,27.744539323,23.6560132057,24.004247604
2002-03-12,27.744539323,2.32710485834,1.52859215039
2002-03-28,27.744539323,3.30543803761,1.45301768182
2002-05-15,27.744539323,9.21915055125,1.87317678186
2002-05-31,27.744539323,22.5860893399,3.97568789394
2002-06-16,27.744539323,18.7041892648,2.00751020864
2002-07-02,27.744539323,2.14870238658,1.89416366225
2002-07-18,27.744539323,3.20137403591,2.10860609799
2002-08-03,27.744539323,2.0087199881,1.62216097699
2002-08-19,27.744539323,20.8778543304,1.67631114625
2002-09-20,27.744539323,22.9577984385,2.64760167711
2002-11-23,27.744539323,18.9639502205,5.59835892265
2003-01-26,27.744539323,1.70285478461,0.612698914429
2003-02-11,27.744539323,3.54307515157,2.79299903615
2003-03-15,27.744539323,11.1791710641,10.4378268278
2003-05-02,27.744539323,2.99659347796,1.74991823138