Date,Rarea,NDWI,MNDWI
2000-01-27,46.2686081546,39.317729994,23.1191315058
2000-03-31,46.2686081546,7.78161987584,8.99473773775
2000-06-03,46.2686081546,8.81258842335,8.7221718504
2000-08-22,46.2686081546,44.81715806,6.13751911428
2000-10-09,46.2686081546,44.0821712189,6.16949986817
2000-11-10,46.2686081546,44.1936134984,15.8507628234
2000-12-12,46.2686081546,46.1299047013,46.2686081546
2000-12-28,46.2686081546,11.3025716153,6.22718805472
2001-01-13,46.2686081546,27.5327692887,13.0580980483
2001-02-14,46.2686081546,46.2686081546,46.2686081546
2001-03-02,46.2686081546,46.2686081546,46.2686081546
2001-04-03,46.2686081546,27.1545675311,20.7170600594
2001-04-19,46.2686081546,11.2172102821,6.29692431717
2001-05-21,46.2686081546,4.40944493071,0.982914982855
2001-06-22,46.2686081546,6.74618440956,6.27296019744
2001-08-25,46.2686081546,44.4749463494,6.11133741355
2001-09-10,46.2686081546,44.6490199483,6.25464280163
2001-09-26,46.2686081546,45.1062926131,6.28876424624
2001-10-12,46.2686081546,42.3495161828,6.06138418893
2001-10-28,46.2686081546,44.4939793986,7.75282674296
2001-11-29,46.2686081546,27.9059539249,6.1053931469
2001-12-15,46.2686081546,46.2686081546,46.219080053
2001-12-31,46.2686081546,46.2686081546,39.7781939241
2002-01-16,46.2686081546,36.1215679805,26.6052935845
2002-02-01,46.2686081546,10.3356067903,6.06968649905
2002-03-05,46.2686081546,35.625019846,19.1660688375
2002-03-21,46.2686081546,18.1991199614,6.00489189653
2002-04-06,46.2686081546,22.3607830298,5.94095481633
2002-04-22,46.2686081546,35.9437919965,14.3130994489
2002-05-08,46.2686081546,5.87432667492,5.99896584737
2002-07-11,46.2686081546,44.979586605,6.12621761631
2002-07-27,46.2686081546,45.7579065659,6.30881537271
2002-08-12,46.2686081546,10.1233383556,6.15282819232
2002-08-28,46.2686081546,45.4333548717,6.17427462896
2002-09-29,46.2686081546,46.2569012909,6.47776791965
2002-10-15,46.2686081546,42.5185120001,5.86597504
2002-12-02,46.2686081546,27.6455513873,5.73991678401
2002-12-18,46.2686081546,43.5362217853,19.137532956
2003-01-03,46.2686081546,32.748829276,16.7841780846
2003-01-19,46.2686081546,22.7482835444,8.95209119308
2003-02-20,46.2686081546,23.8137798217,10.3767804248
2003-03-24,46.2686081546,17.2769888694,8.34937938875
2003-04-09,46.2686081546,9.95984813714,6.09355222175
2013-07-09,39.6154484196,34.6897328846,5.27565337866
2013-07-25,39.4835945081,34.7490569384,4.95732481006
2015-09-01,39.4574362323,5.76380519458,5.15604347847
2016-07-17,39.4643096395,30.6541364378,7.98270889781
2016-08-18,39.484484386,4.89625746357,4.13879731996
2018-05-04,39.6132852999,5.03599501942,5.35755463536
2018-05-20,39.5910385937,39.5910385937,39.5910385937
2018-07-07,39.6996438738,39.6996438738,39.6996438738
2018-07-23,39.6297715936,9.22930353308,6.42716890507
2018-09-09,39.6007820585,39.6007820585,39.6007820585
2018-09-25,39.7242971666,5.08056881354,4.97600965864
2018-10-11,39.7757826159,4.94533634695,4.94720835968
2018-10-27,39.7466375386,4.78418936565,4.77699605225
2018-11-12,39.5321310066,4.634545021,4.60525196071
2019-01-31,39.9829687806,18.4627211445,7.13732346717
2019-02-16,39.8160679237,21.7025812509,14.8712432337
2019-03-20,39.72042376,39.5848700141,35.1449503947
2019-04-05,39.7015022835,8.23539726246,5.24370084231
2019-04-21,39.6721858891,5.11404367495,5.31195686282
2019-05-07,39.6665043772,4.98615937659,5.1789661404
2019-05-23,39.9462695065,17.1287817984,6.24707248811
2019-06-08,39.528432105,5.03603817452,5.21171722862
2019-07-10,39.6356550878,31.0250568489,5.179297968
2019-07-26,39.4562353476,32.4316170674,5.06161661657
2019-08-27,39.8563096317,5.31717040398,4.93687833146
2019-09-12,40.0651804141,39.5683297557,4.86460011245
2019-09-28,40.076649805,4.72002324705,4.58273845705
2019-10-14,39.6804255132,4.64885496894,4.46036777936
2019-10-30,39.5056296635,39.4957240072,4.64743539658