Date,Rarea,NDWI,MNDWI
2000-01-27,203.811219266,203.811219266,203.607855696
2000-03-08,203.811219266,178.640862622,139.725319223
2000-03-31,203.811219266,29.7516789736,31.671947448
2000-04-25,203.811219266,29.3013494756,30.922022398
2000-06-03,203.811219266,73.264523334,75.8248612778
2000-06-12,203.811219266,30.156643995,33.1570800606
2000-08-22,203.811219266,199.92376018,30.7205861067
2000-08-31,203.811219266,201.634159215,29.8617581016
2000-10-02,203.811219266,200.213780861,30.0819178965
2000-10-09,203.811219266,194.620671251,29.7416702041
2000-11-03,203.811219266,198.040201043,31.7231233271
2000-11-10,203.811219266,182.398678197,35.2717713969
2000-12-05,203.811219266,49.9970476901,29.381405334
2000-12-12,203.811219266,203.811219266,203.811219266
2000-12-28,203.811219266,137.11703158,88.886833171
2001-01-06,203.811219266,59.5950017828,38.5622443874
2001-01-13,203.811219266,84.1616345162,33.7743378718
2001-02-14,203.811219266,203.811219266,203.811219266
2001-03-02,203.811219266,203.811219266,203.811219266
2001-03-11,203.811219266,67.8313298857,55.56237418
2001-03-27,203.811219266,140.037565845,102.802925416
2001-04-03,203.811219266,65.8695014678,45.3167222065
2001-04-12,203.811219266,192.10840657,131.258843528
2001-04-19,203.811219266,60.2582892518,38.3797603438
2001-04-28,203.811219266,38.7718088653,30.6017891753
2001-05-21,203.811219266,41.7478902221,8.21520367615
2001-06-15,203.811219266,47.0949077909,39.9176901218
2001-06-22,203.811219266,30.4276285581,32.3626162447
2001-07-17,203.811219266,30.4976794498,31.1925413765
2001-08-18,203.811219266,33.6196796899,30.6017916489
2001-08-25,203.811219266,199.624061524,29.8917802832
2001-09-03,203.811219266,203.57716502,32.2071660333
2001-09-10,203.811219266,196.166997523,29.8134483547
2001-09-19,203.811219266,187.513752203,29.2312971514
2001-09-26,203.811219266,194.609330064,29.8118788876
2001-10-05,203.811219266,121.390363026,37.9234513392
2001-10-12,203.811219266,190.764434148,41.4052328254
2001-10-21,203.811219266,185.277115881,29.54152854
2001-10-28,203.811219266,151.932976601,71.4592551617
2001-11-06,203.811219266,190.537653365,34.7645917971
2001-11-22,203.811219266,199.305601463,47.3676238576
2001-11-29,203.811219266,97.3326141961,29.7839696571
2001-12-08,203.811219266,145.418847082,85.9154678216
2001-12-15,203.811219266,170.159188942,109.890170572
2001-12-24,203.811219266,57.441263594,32.3099360879
2001-12-31,203.811219266,128.456635497,114.57039578
2002-01-09,203.811219266,155.196156926,110.815512443
2002-01-16,203.811219266,123.483812437,58.5144571572
2002-01-25,203.811219266,87.1840761915,50.6540917096
2002-02-01,203.811219266,70.3584064126,33.8534969072
2002-02-10,203.811219266,78.8014815438,49.3504351847
2002-02-26,203.811219266,119.316846135,77.7771077781
2002-03-05,203.811219266,160.312210179,107.913966074
2002-03-14,203.811219266,202.396329607,156.830361571
2002-03-21,203.811219266,48.6874120412,29.6816259658
2002-04-06,203.811219266,42.9115339749,29.5215106025
2002-04-22,203.811219266,130.692960086,63.9661193263
2002-05-01,203.811219266,31.7100518556,33.1662131079
2002-05-08,203.811219266,28.9463870827,30.7919338843
2002-06-02,203.811219266,203.811219266,203.721153509
2002-06-18,203.811219266,29.8872334449,31.3357463497
2002-07-11,203.811219266,203.174436037,34.5010180679
2002-07-27,203.811219266,203.776841188,34.9270956771
2002-08-12,203.811219266,53.739846467,33.706490078
2002-08-28,203.811219266,203.43706152,30.4720113912
2002-09-06,203.811219266,203.343737433,29.9458604892
2002-09-22,203.811219266,203.811219266,35.5548728577
2002-09-29,203.811219266,203.811219266,31.8952509722
2002-10-15,203.811219266,189.696840948,29.2313054219
2002-10-24,203.811219266,197.235716121,30.3460187422
2002-11-25,203.811219266,179.303043544,137.577558791
2002-12-02,203.811219266,68.0994756893,29.8481026724
2002-12-18,203.811219266,195.541288796,141.644333947
2002-12-27,203.811219266,104.950209799,50.5437259768
2003-01-03,203.811219266,146.745798001,78.5255383771
2003-01-19,203.811219266,42.4252659177,29.1512397549
2003-02-13,203.811219266,60.2882974184,32.5947370656
2003-02-20,203.811219266,90.2779666778,40.4134106814
2003-03-01,203.811219266,48.9180248686,29.6716177207
2003-03-24,203.811219266,90.0163740517,37.6814009058
2003-04-02,203.811219266,39.1954388645,33.6418166596
2003-04-09,203.811219266,31.7344977641,29.9458583691
2003-05-04,203.811219266,40.3435009178,30.1214406245