Date,Rarea,NDWI,MNDWI
2000-03-08,6.34385581712,3.06632467729,4.0976056696
2000-04-25,6.34385581712,0.490500108958,0.84182410084
2000-06-12,6.34385581712,0.514819366649,1.21897922981
2000-08-31,6.34385581712,1.65149076572,0.778032449411
2000-10-02,6.34385581712,1.95418717512,1.2983655154
2000-11-03,6.34385581712,5.82717145175,4.03503212188
2000-12-05,6.34385581712,0.595502069104,0.589677458164
2001-02-23,6.34385581712,0.799066786497,0.910341847018
2001-03-11,6.34385581712,1.41063005952,1.99345513682
2001-04-28,6.34385581712,0.483294403758,0.86216256785
2001-06-15,6.34385581712,0.508514374339,0.90532615055
2001-08-18,6.34385581712,0.540081717775,1.21682803196
2001-09-03,6.34385581712,5.70477374392,2.37155936075
2001-09-19,6.34385581712,1.58120718928,0.692496502183
2001-10-05,6.34385581712,2.37496494324,1.41054815402
2001-10-21,6.34385581712,2.50809378867,1.16295107183
2001-11-06,6.34385581712,0.863095069295,0.637415245579
2001-12-24,6.34385581712,2.94334608493,3.48813620678
2002-01-09,6.34385581712,5.27857010658,1.57029573696
2002-01-25,6.34385581712,2.78042739484,3.1181243188
2002-02-10,6.34385581712,0.585173895359,0.845448149274
2002-02-26,6.34385581712,0.700489914794,0.699772838367
2002-03-14,6.34385581712,6.34385581712,5.94709023635
2002-05-01,6.34385581712,0.00144820483757,0.386282004979
2002-05-17,6.34385581712,0.595216009965,1.12048715822
2002-06-02,6.34385581712,3.80684064055,2.84010727444
2002-06-18,6.34385581712,0.512117222117,0.865920837604
2002-07-04,6.34385581712,5.55857121025,6.29315445447
2002-08-21,6.34385581712,6.27726311621,5.97786952836
2002-09-22,6.34385581712,2.88211639613,1.78296710623
2002-10-08,6.34385581712,0.669042374132,1.84859145715
2002-10-24,6.34385581712,2.1019747295,1.90903825169
2002-12-27,6.34385581712,5.66332982264,5.18633006723
2003-02-13,6.34385581712,1.54056217135,1.6458606719
2003-03-01,6.34385581712,6.23856777452,6.25261881743
2003-03-17,6.34385581712,0.97968283752,1.46673899006
2003-04-02,6.34385581712,0.556351069248,0.696184116213
2003-05-04,6.34385581712,0.618443731019,0.88618158572
2003-08-08,5.8033785846,0.995055134411,1.64635207306
2003-10-11,5.79222741979,0.901140415516,0.760318417845
2003-11-12,6.16401709189,5.53878479709,2.35982642137
2003-11-28,6.10605003279,1.71043676789,1.71879016928
2003-12-14,5.90785777648,0.51532447193,0.598190073004
2003-12-30,5.96723775275,0.564457488316,0.694863041826
2004-01-15,5.74489582123,0.476187614903,0.545948712225
2004-03-19,5.89227014999,1.72628200034,2.02697531055
2004-04-04,5.79280669881,0.474908937789,0.645002370667
2004-05-22,5.84460652727,0.532056545255,2.35300159206
2004-06-07,5.70908277437,0.434655895091,0.709790133311
2004-07-25,5.68928120174,0.900942673397,0.652893349854
2004-08-26,5.6993586084,1.73569891679,0.772462051391
2004-09-11,5.7390464866,1.20871094733,0.628210289141
2004-11-14,5.81204310103,0.644642087857,0.532031806675
2004-11-30,5.89454842226,0.640957998998,0.573828425247
2004-12-16,5.76792582602,5.24430416791,4.1346714485
2005-01-01,5.81820679174,1.76875715197,2.24419611424
2005-04-23,5.65997802145,0.522925781451,0.689204418446
2005-05-09,5.77125669638,5.68484825183,5.33116462901
2005-06-10,5.62470185254,0.438258746837,0.867436118674
2005-09-30,5.78953941434,1.19812500379,0.494484434955
2005-10-16,5.8274082098,5.48461449718,3.73796229652
2005-11-01,5.91189156751,0.981512334538,0.446365188853
2005-11-17,5.8849620004,5.47372483291,3.48060676594
2006-01-04,5.73482551448,4.88874513516,4.31943446197
2006-02-21,5.77095644806,0.431053058116,0.548188138978
2006-05-12,5.78016491777,0.557449570932,0.668781248525
2006-05-28,5.79684753859,0.425648765452,0.704124519188
2006-06-13,5.81131192024,0.433755193309,0.747877998995
2006-06-29,5.74275530142,0.405833091197,0.651445195983
2006-07-15,5.68271129034,0.087309118931,0.364863014276
2006-07-31,5.63763678753,0.412138079173,0.611587760811
2006-08-16,5.72244863787,0.456273013682,0.620255779502
2006-09-17,5.77210795019,1.94513405324,0.790882633684
2006-10-03,5.77307578701,0.439569192306,0.971855292395
2006-11-04,6.17205287158,1.51272114484,0.976553154707
2006-12-22,6.07282256185,0.580861023802,0.534677458436
2007-01-07,5.79053900929,0.77148013977,0.799822588907
2007-02-08,5.79075448113,0.500407957103,0.67294923432
2007-03-12,5.88164878841,0.495904388194,0.587876024754
2007-03-28,5.84714971676,1.5723837973,2.14150705935
2007-04-13,6.17157249466,1.28940094208,1.75281949509
2007-05-15,5.7938169071,0.511131735617,0.63003998752
2007-05-31,5.82866567143,0.474287273692,0.777273006868
2007-06-16,5.76836028243,0.443663025645,0.766450339481
2007-07-18,5.8385699885,3.40077828025,4.64696213268
2007-08-03,5.81733435092,0.434263817766,0.65540123803
2007-08-19,5.91562862715,1.42186929074,2.29125508172
2007-09-04,5.82675474796,0.541840751414,0.582217438277
2007-09-20,5.77168408799,1.2269125666,0.540064060604
2007-10-06,5.80797753596,0.43225397975,0.883465335648
2007-10-22,6.08695138552,0.953996462954,0.548106905891
2007-12-25,6.34385581712,6.34385581712,3.92189379235
2008-02-11,5.97104197855,1.05205395884,1.57556991504
2008-02-27,5.88911587361,0.464008507965,1.2067401398
2008-03-30,5.81820680763,2.91069128835,3.78814117138
2008-06-02,6.11829267856,0.480592263804,0.801973775245
2008-06-18,5.89225604595,5.52915566535,5.89045461809
2008-07-04,5.76675666854,0.456894663009,0.807325051607
2008-07-20,5.75997128761,0.737090558759,1.81618348576
2008-12-11,6.15509826855,0.700864253411,0.527881475924
2009-01-28,5.6870771185,0.495678316763,0.578868890232
2009-04-18,6.33714462994,0.545443604198,0.65157234587
2009-06-05,6.34385581712,0.459875862132,0.722658035972
2009-06-21,6.31285719475,0.472485845714,0.808352940138
2009-07-23,5.84574388811,4.56604633876,0.115535034548
2009-08-08,5.70859532004,0.425648772105,0.73914993881
2009-08-24,5.79551590905,1.32430250249,1.14860683618
2009-10-11,5.9176667498,0.505911140476,0.523430906012
2009-11-12,5.88270140384,0.495904393504,0.564457504551
2009-11-28,5.82620019565,4.11932075856,5.76195990666
2009-12-30,6.10594760427,5.70513020536,5.07625239367
2010-01-15,6.34385581712,0.562214468411,0.641918797093
2010-05-07,5.92599217343,0.487624883571,0.679476772377
2010-06-08,5.72580425507,0.388062526401,0.767923261457
2010-07-10,5.73938557811,0.437358040904,0.703163788074
2010-08-27,5.84152997027,1.02223867965,0.610196060137
2010-10-14,5.86327778472,0.468180080114,1.04334718223
2011-02-19,5.67771675593,1.00319316704,1.27536054821
2011-03-07,5.71836540701,1.07775789653,1.88332024574
2011-03-23,5.74054768051,0.523826492015,0.730397085043
2011-06-11,5.72101811264,0.501506436118,0.599585285294
2011-06-27,5.66819391403,0.607928354178,0.642886671744
2011-07-29,5.70173578771,1.49348117219,0.780187114052
2011-08-14,5.70529978055,1.98642212869,1.10580017156
2011-08-30,5.76205882642,5.57412078871,3.74435186102
2011-09-15,5.70152737446,2.74534197262,1.05200469447
2011-10-01,5.84033961132,1.39462174238,0.702602164326
2011-10-17,5.77964920967,4.19018462124,2.68251087252
2011-12-20,5.89992800605,1.17673021439,0.693414646075
2012-01-05,6.16099000058,0.572938353334,0.825424199331
2012-02-22,5.82807226494,0.451490396591,0.566781669296
2012-03-09,5.72401693833,2.04014388715,2.62029128082
2012-03-25,5.79547704962,4.17723508632,4.88281092361
2012-04-10,5.69475614132,5.06781037394,3.68756139197
2012-04-26,6.34385581712,0.628980283065,0.983062943962
2012-05-12,6.34385581712,0.458975147349,0.88279422176
2012-05-28,6.34385581712,2.57323119862,2.35679559748
2012-07-15,5.77417430139,1.93217074702,0.75396755319
2012-07-31,5.72963316796,1.25721525534,0.603725058747
2012-08-16,5.75044845415,1.58979382716,0.573757834786
2012-09-01,5.70911456855,0.448166592113,0.611658415514
2012-10-03,5.71775435285,0.581556901121,0.431462785201
2012-10-19,5.82243839477,0.785284086227,0.498804347509
2012-11-04,5.70922406644,0.4679823072,0.405861351803
2012-12-22,5.81280252693,3.2968034354,2.5307663681
2013-01-07,5.75890457522,1.4968721336,1.78053316002
2013-01-23,5.74006023547,0.4517694463,0.490500117747
2013-02-24,5.69443117746,0.371676626202,1.5210961872
2013-03-12,5.85561642066,2.92304309139,5.66534680501
2013-03-28,5.65550623814,5.55360899988,5.34963460595
2013-04-13,5.70223380887,3.69483845133,3.64888066202
2013-04-29,5.68911167245,0.427072233942,0.516087427885
2013-05-15,5.86301992707,0.441861600902,0.662027693795
2013-05-31,5.79228393057,0.554479005284,0.666782046527
2013-07-02,5.69462896227,0.422045919017,0.611149791711
2013-07-18,5.65738535794,3.57878416213,3.05975079995
2013-10-06,5.76337986851,0.748305387393,0.490500123363
2013-10-22,5.92916758039,0.413038784373,1.09057989064
2013-11-07,5.80894887629,0.612965266683,0.537337211192
2013-12-09,5.79822157115,0.738146725191,0.746306191394
2013-12-25,5.76104154609,0.373887787861,0.477890138499
2014-01-10,5.73625959222,1.95973608882,1.608715922
2014-02-11,6.34385581712,4.73969730127,5.83473783163
2014-03-15,5.76021854107,5.76021854107,5.76021854107
2014-03-31,5.7699427152,0.960333270304,0.98967181968
2014-04-16,5.73654215233,0.0153121220703,0.547474498729
2014-05-02,5.79110416409,0.329272485667,0.989255010825
2014-05-18,5.79492955259,5.74104213093,5.79492955259
2014-06-03,5.78523716589,0.434655900279,0.652557853178
2014-06-19,5.67423400943,0.393223092967,0.569946555802
2014-07-05,5.73496678653,0.402230235179,0.568494827379
2014-07-21,5.73972115864,5.72765160794,5.59550828079
2014-08-06,5.79259830347,0.42038929649,0.549120633853
2014-08-22,5.67783686032,0.425648763988,0.566961831621
2014-09-07,5.80430050269,0.512823628683,0.952780981331
2014-09-23,5.65844856913,0.980565599311,0.632692549729
2014-10-09,5.80629267159,1.08116655396,0.643211606986
2014-10-25,5.71829124064,0.504010798106,1.38620113743
2014-11-10,5.76336574828,0.395533156511,0.489207326433
2014-11-26,5.69302887734,4.90532872684,5.69302887734
2014-12-28,5.73931846535,1.0322418638,5.49580786584
2015-01-29,5.80032676666,4.7543124934,5.52716334422
2015-02-14,5.74753085218,0.485138225709,0.534733970493
2015-03-18,5.74452140902,0.539195175154,0.568060354588
2015-04-03,5.68872311238,0.368794341158,0.715282766729
2015-05-05,5.79095934781,0.531777509139,0.639103649723
2015-05-21,5.73448642431,0.375268868044,0.549721108386
2015-06-06,5.76537556736,2.52233263658,5.48889197372
2015-06-22,5.78306486276,0.45447158314,0.660547691188
2015-07-08,5.70956669043,0.0269648915472,1.07109273794
2015-07-24,5.71613307095,0.468505014643,0.647294814099
2015-08-09,5.76124642959,0.46637865006,0.563585034969
2015-08-25,5.75223222294,0.868598155585,1.50540929438
2015-09-10,5.75695479811,0.454669378881,0.579797871212
2015-10-12,5.83882783386,4.44403322508,5.40786317754
2015-11-13,5.82298233995,0.444563742686,0.558095995668
2016-02-01,6.06907842969,2.62693068393,2.12695370167
2016-02-17,5.84694838187,0.541890271668,2.02155674721
2016-03-04,5.76357767568,0.742434727408,1.98084775381
2016-04-05,5.65568991283,5.16269610469,4.11384949774
2016-04-21,5.72980269866,0.370705276317,0.570592957063
2016-05-07,5.73008175955,0.339801970687,0.48467549939
2016-05-23,5.726634325,0.454785918102,1.79626240754
2016-06-08,5.80574517795,0.449657207087,1.00575034568
2016-06-24,5.71799805834,2.08301662579,3.84557404436
2016-07-26,5.658847695,0.42654948994,1.03692932872
2016-08-11,5.67030971008,0.585608352592,0.508570907067
2016-08-27,5.78406801262,0.501308644176,1.24886851895
2016-09-12,5.78631096754,0.450420140353,0.518422222728
2016-09-28,5.89146479433,0.457173725291,0.55985503065
2016-10-30,5.91754661739,0.410817026386,0.451769453685
2016-12-01,5.75517455811,0.343320057132,0.383795638386
2017-01-02,5.75045906993,0.00360285333252,5.75045906993
2017-02-03,5.83079559447,1.22567299005,1.80507123023
2017-02-19,5.72603031719,0.455983473848,1.59171252828
2017-03-07,5.76967780664,3.20766426138,2.82477318166
2017-03-23,5.72985216638,1.06026655809,1.46582038948
2017-04-08,5.68398996875,0.443663023997,2.01867770666
2017-05-10,5.77019349234,0.840509806155,1.56557272637
2017-05-26,5.81037942371,0.436457326854,0.675693815337
2017-06-27,5.90501083319,5.13308279065,5.90501083319
2017-07-13,5.86034605555,0.399771800144,0.586781052167
2017-08-14,5.71333202168,0.428350903453,0.541081337474
2017-08-30,5.77332658017,0.747076156666,0.486141360156
2017-09-15,5.77205498501,2.82568155884,1.43002157584
2017-10-01,5.8028558268,0.402738862993,0.511725153825
2017-10-17,6.19120802925,0.468882995921,0.625098454687
2017-11-02,6.34385581712,0.624879537502,1.28834149012
2017-11-18,6.34385581712,6.20976615979,2.87707558473
2017-12-04,6.34385581712,0.423398745333,0.544147292059
2018-01-05,6.01773425126,0.526539202547,0.568812659852
2018-02-06,5.64230989503,0.476131102052,0.63096548223
2018-02-22,5.68202252877,4.35559764506,4.67546700367
2018-04-11,5.650949689,3.45804865634,3.9394251764
2018-04-27,5.72892317882,0.511061096602,0.587678232134
2018-05-13,5.61677557435,0.413038780223,0.667463766504
2018-05-29,5.67052519554,0.370765300478,0.640064423641
2018-06-14,5.65129938077,5.41380076889,0.0
2018-06-30,5.61900087146,0.394632445268,0.632685653461
2018-08-01,5.70654664023,0.456273010081,0.608691352033
2018-08-17,5.63007786327,0.433755185191,0.579656606388
2018-09-02,5.72636232682,0.465280140574,0.574252313725
2018-09-18,5.62187961193,0.430152328136,0.538629986426
2018-10-04,5.6015941416,2.9143472791,5.6015941416
2018-10-20,5.61472336927,1.4629379559,0.877760584325
2018-11-05,5.67874462741,0.42384734077,0.523727604326
2018-11-21,5.67747656036,0.654818485383,0.542345874273
2018-12-07,5.78455544993,0.726310342637,0.707985273659
2018-12-23,5.64064623493,1.20640775521,1.12812709451
2019-01-08,5.69625379085,0.901476007868,0.841555616858
2019-01-24,5.57637417804,2.01238644266,1.46993501554
2019-02-09,5.57782238557,0.531131116306,0.586480809149
2019-02-25,5.59399636281,0.462620389161,0.544850211597
2019-03-13,5.60996548598,2.27511898966,1.7868375057
2019-03-29,5.60011414948,0.516928092518,0.582369330651
2019-04-14,5.6830398043,0.551126937421,0.58410365085
2019-04-30,5.73629136528,4.56292444582,4.97949147593
2019-05-16,5.5853954513,0.356240862683,0.465788782619
2019-06-01,5.61743962335,1.01839604277,3.38162649096
2019-06-17,5.61866529589,1.72830242385,5.54947289785
2019-07-03,5.70281309671,4.89397671612,3.32274446829
2019-07-19,5.65182566938,0.440060182994,0.596063719638
2019-08-04,5.60916367468,2.9899432831,1.84647212988
2019-08-20,5.63857635864,0.467138089765,0.629877553447
2019-09-05,5.61536268482,0.793750782919,0.547637129004
2019-09-21,5.69057399516,0.873617521214,0.616596434472
2019-10-07,5.57994169869,0.395925245189,0.481394102129
2019-10-23,5.5913330803,0.856401530921,1.43559879563