Date,Rarea,NDWI,MNDWI
2000-03-08,6.5411412619,2.68699882989,3.45315634591
2000-04-25,6.5411412619,0.550720973719,0.789632557589
2000-06-12,6.5411412619,0.568735243494,1.02568307281
2000-08-31,6.5411412619,0.935509338988,0.765313298495
2000-10-02,6.5411412619,2.46013819854,1.95304329073
2000-11-03,6.5411412619,6.25026392738,4.75978036462
2000-12-05,6.5411412619,0.612347435832,0.616473044825
2001-02-23,6.5411412619,1.08104011664,1.32202501328
2001-03-11,6.5411412619,1.2904541021,1.61105514053
2001-04-28,6.5411412619,0.545316692774,0.843152605325
2001-06-15,6.5411412619,0.572338100672,0.898233885373
2001-08-18,6.5411412619,0.599359503138,1.17715828784
2001-09-03,6.5411412619,6.49340341254,2.83553477702
2001-09-19,6.5411412619,1.18188452942,0.726805159774
2001-10-05,6.5411412619,2.34902986146,1.12890482839
2001-10-21,6.5411412619,2.28534338406,1.7194266635
2001-11-06,6.5411412619,0.693595329348,0.643731101698
2001-12-24,6.5411412619,2.71108777878,3.09982515918
2002-01-09,6.5411412619,5.82317712098,1.62298380449
2002-01-25,6.5411412619,3.57278897252,4.25244246768
2002-02-10,6.5411412619,0.638736580288,0.817300338674
2002-02-26,6.5411412619,0.675665854946,0.689204767241
2002-03-14,6.5411412619,6.5411412619,6.38018911343
2002-05-01,6.5411412619,0.00630499603271,0.24264869787
2002-05-17,6.5411412619,0.787322585538,2.45493253845
2002-06-02,6.5411412619,3.6292048488,4.2505916891
2002-06-18,6.5411412619,0.56423167483,0.863219082869
2002-07-04,6.5411412619,2.98929784048,5.40756963403
2002-08-21,6.5411412619,6.30025861024,5.118719606
2002-09-22,6.5411412619,3.1134031348,1.78204560157
2002-10-08,6.5411412619,0.893218010468,2.12358210376
2002-10-24,6.5411412619,0.998357945953,0.853897513197
2002-12-27,6.5411412619,5.8974065625,5.50904003843
2003-02-13,6.5411412619,1.03411450356,1.16530437251
2003-03-01,6.5411412619,6.20410512595,6.40141402672
2003-03-17,6.5411412619,0.899713920313,0.99403093928
2003-04-02,6.5411412619,0.634865271648,0.682210989058
2003-05-04,6.5411412619,0.644264483469,0.827882827447
2003-08-08,5.90401886456,0.51774067007,1.10433472799
2003-10-11,6.08989082184,0.831408132915,0.743318207246
2003-11-12,6.5151371576,4.91048928555,1.97397928888
2003-11-28,6.47135544659,2.26844898987,1.42469218924
2003-12-14,6.25596132973,0.610694393643,0.600260192713
2003-12-30,6.31867217963,0.620831816571,0.654278283666
2004-01-15,5.97794095674,0.582228279503,0.585848784388
2004-03-19,6.26946142093,1.32040004415,1.50157057984
2004-04-04,6.17280947835,0.562808203899,0.627995113663
2004-05-22,6.09392111384,0.581253379714,2.08043612882
2004-06-07,6.00912683414,0.504784588282,0.66443337778
2004-07-25,5.93196571158,0.851237860827,0.647192659918
2004-08-26,6.06778977256,1.7413832526,0.722725426686
2004-09-11,5.94305331731,0.905616242374,0.592376302585
2004-11-14,6.19417234297,0.703044050675,0.561529526819
2004-11-30,6.26301513617,0.66108140374,0.545602788957
2004-12-16,6.09440500076,4.81142078025,4.28871729917
2005-01-01,6.07852421931,2.1935281349,2.36996195314
2005-04-23,5.87498760575,0.550049850332,0.57912697691
2005-05-09,5.94892738557,5.89426992273,5.71463222807
2005-06-10,5.9200621395,0.501181740137,0.846370455931
2005-09-30,6.04688969291,1.37853699179,0.533752238903
2005-10-16,6.11671799802,5.45079368536,3.24694112047
2005-11-01,6.28097289634,1.05743788094,0.490079986072
2005-11-17,6.25179332133,6.0837307748,3.37099317763
2006-01-04,6.00637523592,4.15909246262,3.77045803809
2006-02-21,6.01685178842,0.533985363445,0.597794721694
2006-05-12,5.99547838176,0.568897720073,0.654935282121
2006-05-28,6.15031640613,0.505685303003,0.724894231332
2006-06-13,6.0597505119,0.510188864283,0.772699176761
2006-06-29,5.97608301429,0.510188868616,0.703178215346
2006-07-15,5.86738630711,0.185847301239,0.361560572187
2006-07-31,5.86140273613,0.511990297205,0.663546812819
2006-08-16,5.9219589614,0.50838743252,0.622763909407
2006-09-17,6.0177666325,2.10601717589,0.807660951491
2006-10-03,6.14018949268,0.522798866663,1.08692108893
2006-11-04,6.53572638989,1.70036399107,0.931044554049
2006-12-22,6.48150348017,0.729274300563,0.66887345235
2007-01-07,6.01967049996,2.11533176364,1.90917065334
2007-02-08,5.98676795004,0.545019976874,0.62996960295
2007-03-12,6.06575880446,0.534253798488,0.604777890763
2007-03-28,6.12985430553,4.29148788862,4.36454772205
2007-04-13,6.52808269549,0.982106243084,1.18078600204
2007-05-15,6.14981483306,0.600892494059,0.661745389845
2007-05-31,5.95380889793,0.479479822161,0.733452759323
2007-06-16,6.04963423585,0.519196006922,0.800663661199
2007-07-18,6.23399800981,4.04284730833,5.20050452463
2007-08-03,6.23364832661,0.511089591883,0.676142674411
2007-08-19,6.10554210913,1.91042756947,3.1444472351
2007-09-04,6.00202357022,0.494580020209,0.574376159377
2007-09-20,6.05918887618,1.74274360044,0.61670973091
2007-10-06,6.12784091704,0.571826018479,0.865324251517
2007-10-22,6.49208597275,1.69824461298,0.655203723047
2007-12-25,6.5411412619,6.5411412619,3.10059476793
2008-02-11,6.42142061791,1.92421795138,2.12859188923
2008-02-27,6.05080341335,0.441829981546,0.699059543924
2008-03-30,6.22895754145,2.08345036694,3.08463417993
2008-06-02,6.51131177777,0.534508131922,0.816049958185
2008-06-18,6.37077933347,6.00508949527,6.37077933347
2008-07-04,6.10422806118,0.498479601587,0.822241932148
2008-07-20,5.92128784168,0.36539300533,1.24407212626
2008-12-11,6.53596658037,0.802380457254,0.530004555201
2009-01-28,5.97178431136,0.558668460309,0.614007568678
2009-04-18,6.5411412619,0.593333542074,0.664380409881
2009-06-05,6.5411412619,0.516493862818,0.730468053906
2009-06-21,6.5411412619,0.520997429957,0.816512690709
2009-07-23,6.14131282188,3.47357522681,0.366505767585
2009-08-08,5.94886733479,0.502082445154,0.80236971587
2009-08-24,6.01755116087,1.11582184341,0.963173792159
2009-10-11,6.37413847239,0.62856028532,0.60746591836
2009-11-12,6.32373031244,0.608744579021,0.625480184229
2009-11-28,6.22338724433,2.34171049688,3.40225285988
2009-12-30,6.50012174504,3.16672569621,3.31033831068
2010-01-15,6.5411412619,0.597035324443,0.647097303675
2010-05-07,6.37228051711,0.599038097616,0.688081537464
2010-06-08,6.00624454064,0.453419201412,0.771197961258
2010-07-10,5.95565270938,0.49037316012,0.715788186866
2010-08-27,6.0310265629,0.949157961853,0.599596137099
2010-10-14,6.19495649301,0.505932556205,0.94592571126
2011-02-19,5.93072237335,1.63229855792,2.16827276502
2011-03-07,5.94849998441,1.65992385135,2.48773604352
2011-03-23,5.95191210056,0.52617916872,0.662437673772
2011-06-11,6.04966599945,0.600567553547,0.655217868908
2011-06-27,5.89344342754,0.687470508411,0.718080591607
2011-07-29,6.02764620074,1.73325581785,0.849658929358
2011-08-14,5.96957667152,2.48961868481,1.00075268987
2011-08-30,5.93822831942,5.27659255987,4.20640669935
2011-09-15,5.94614753079,3.79882210516,1.07274973283
2011-10-01,6.15420892819,1.443102264,0.695057635592
2011-10-17,6.03849719156,5.51654241091,3.81676463455
2011-12-20,6.38231199991,1.09573711658,0.558668392177
2012-01-05,6.52224395851,0.725632644099,1.01655625823
2012-02-22,6.25418812507,0.558304650432,0.619397719211
2012-03-09,5.93181382549,2.15936026159,2.71695521502
2012-03-25,6.14088890062,2.74452307921,3.73981564937
2012-04-10,6.0336474297,4.5480632188,3.59304878674
2012-04-26,6.5411412619,0.837133841846,0.95105107447
2012-05-12,6.5411412619,0.964318033054,2.43909717421
2012-05-28,6.5411412619,4.33663986257,4.43385681317
2012-07-15,6.1228145825,2.10709764907,0.814679459885
2012-07-31,6.00585953143,1.53591103868,0.646493308777
2012-08-16,5.98375850815,1.89279140211,0.636525406569
2012-09-01,6.01163470524,0.512891010828,0.647319835055
2012-10-03,6.05478771158,0.894761868573,0.489472458948
2012-10-19,6.08055168374,1.17206870537,0.49445993388
2012-11-04,6.02373958721,0.580684755564,0.452486694435
2012-12-22,6.20465239654,3.12043465846,2.16729261556
2013-01-07,6.09309099581,2.32252004115,2.36387166904
2013-01-23,6.00025746244,0.530382496074,0.528203129053
2013-02-24,6.01789731112,0.650445845149,2.25410470626
2013-03-12,5.97345504766,1.02173027278,2.70626164958
2013-03-28,5.96848522495,5.83331095854,5.69769527387
2013-04-13,5.92546997565,5.1951288737,4.27720588447
2013-04-29,5.98995751807,0.499394441624,0.564500125094
2013-05-15,5.97936443943,0.450656990312,0.636638415822
2013-05-31,5.95762368598,0.544892811078,0.648418332336
2013-07-02,5.90458048824,0.485869594568,0.674931123249
2013-07-18,5.87580709889,5.40183382354,4.63875965561
2013-10-06,6.07513679931,0.83758954917,0.539248350478
2013-10-22,6.162212911,0.438417890703,1.06699231383
2013-11-07,6.03672402414,0.587689070276,0.520096696192
2013-12-09,6.16059161401,0.9540428249,0.913175070114
2013-12-25,5.98004262101,0.400217040727,0.4642524667
2014-01-10,6.06114568238,1.94379274768,1.41251658721
2014-02-11,6.5411412619,4.20597873514,5.16449732283
2014-03-15,5.98409406774,5.98409406774,5.96228264802
2014-03-31,5.94839048584,0.683337752231,0.832697213037
2014-04-16,5.96050596685,0.0126099828491,0.220974993486
2014-05-02,6.00639644896,0.349568692004,1.23684565605
2014-05-18,6.17255167062,6.16385889574,6.17018862014
2014-06-03,6.00294900966,0.479564601038,0.685524210171
2014-06-19,5.97645036148,0.472065736682,0.633724373725
2014-07-05,5.97000407696,0.495777448023,0.654370129806
2014-07-21,6.04342104981,4.68450571937,3.8735138974
2014-08-06,6.06534549282,0.478822850973,0.58658349169
2014-08-22,5.98075612806,0.499380310755,0.623000568454
2014-09-07,5.91976898888,0.476212516186,0.552773153881
2014-09-23,5.99158940753,1.47382575212,1.03524869502
2014-10-09,5.95988783378,0.99702994009,0.608688030089
2014-10-25,5.98658427361,0.499987840625,0.896679576655
2014-11-10,6.08680720676,0.466053912134,0.546217407801
2014-11-26,5.93144294509,3.73471205367,5.91252796951
2014-12-28,5.94002621203,0.854851211779,3.80818083685
2015-01-29,5.99173070772,4.94593112991,5.44931381446
2015-02-14,5.96412648263,0.551367359829,0.576827523177
2015-03-18,5.94900509115,0.592800192043,0.60498628873
2015-04-03,5.90460874505,0.454136218405,0.847977565525
2015-05-05,5.91067708287,0.536503815397,0.620383175733
2015-05-21,6.00792587476,0.44908871184,0.6126335441
2015-06-06,5.96551464231,4.64983787825,5.96337412478
2015-06-22,5.90179710371,0.46575718421,0.711916892689
2015-07-08,6.00149373212,0.0291301408584,2.08385931947
2015-07-24,6.02020030167,0.469925216525,0.679141503697
2015-08-09,5.99531236011,0.478911151359,0.577325565472
2015-08-25,5.949072209,0.435330727952,1.17314188528
2015-09-10,5.99880571551,0.493322567192,0.58811999939
2015-10-12,6.02922513578,5.08292785078,5.91745189518
2015-11-13,6.08276641069,0.479479822832,0.575262743319
2016-02-01,6.48793209726,1.30679445502,1.49131363209
2016-02-17,6.0154071139,0.75406673471,3.0413596651
2016-03-04,5.95560679075,0.466279936301,1.52454756158
2016-04-05,5.97563794848,5.38599538235,4.98018685706
2016-04-21,5.96610451756,0.46785533407,0.63832682582
2016-05-07,6.06770500045,0.449547903247,0.568971909804
2016-05-23,5.99921544502,1.00722367255,3.87964597544
2016-06-08,5.96882431907,0.40845055577,1.35934980159
2016-06-24,5.95210283836,1.21743977808,2.93436601227
2016-07-26,5.86884864146,0.506586005762,1.39098083791
2016-08-11,5.8622469402,0.80589139474,0.558163330763
2016-08-27,5.94174640331,1.26607115435,1.88021327501
2016-09-12,5.9478394616,0.463351752588,0.51739455691
2016-09-28,6.18338499041,0.468756037073,0.547340627231
2016-10-30,6.11332710593,0.414713225977,0.448039621668
2016-12-01,6.06174617456,0.401117764482,0.431826795801
2017-01-02,6.05456870836,0.00360285333252,6.05456870836
2017-02-03,5.93828483761,1.2247059065,1.73357336548
2017-02-19,6.00396273494,0.753628969794,1.9460148836
2017-03-07,5.97893350541,5.29990467812,3.41524836122
2017-03-23,5.9846026967,1.85975138183,2.34740849092
2017-04-08,6.00027864903,0.643314517756,2.08617366911
2017-05-10,6.04680493956,0.478663902247,0.680981772357
2017-05-26,6.03510273851,0.479564601465,0.741569770134
2017-06-27,6.29776149199,4.38460003317,6.29776149199
2017-07-13,6.27697441911,0.466113961246,0.664069579237
2017-08-14,5.99072402432,0.499380304712,0.62391541841
2017-08-30,6.0662638612,0.604633092724,0.554592279818
2017-09-15,6.0046550579,3.82710346919,1.53788148392
2017-10-01,6.19195763477,0.486477150989,0.586986172377
2017-10-17,6.53979195922,0.528203132654,0.681561074538
2017-11-02,6.5411412619,0.571741155684,1.1593065066
2017-11-18,6.5411412619,5.63806103843,4.08323565539
2017-12-04,6.5411412619,0.492089820818,0.607465916468
2018-01-05,6.45072381815,0.616116245369,0.6208953624
2018-02-06,5.84702664248,0.595989754447,0.770198355585
2018-02-22,5.93534954878,4.819517572,5.48350224012
2018-04-11,5.95457184836,4.44561888536,5.24851127786
2018-04-27,5.8698659138,0.504049873449,0.579780436049
2018-05-13,5.86220807798,0.489472457483,0.78405873792
2018-05-29,5.92494012122,0.444666386605,0.716667706876
2018-06-14,5.97744290026,5.75173807927,0.0
2018-06-30,5.91729995161,0.487671039454,0.758206514678
2018-08-01,5.82251662997,0.477763173426,0.623014684096
2018-08-17,5.86481485158,0.522798856531,0.679759660231
2018-09-02,5.84821699731,0.484068156214,0.58248257759
2018-09-18,5.86457112316,0.50388386941,0.616473052454
2018-10-04,5.84310941384,5.53385749652,5.84310941384
2018-10-20,5.93425102086,2.23886381296,1.54426522604
2018-11-05,5.84010704208,0.457862694414,0.551621666285
2018-11-21,5.86504798606,0.684528137444,0.583146636316
2018-12-07,5.9035808706,0.996002057475,0.883511728687
2018-12-23,5.89640694422,1.07271797607,1.12243745995
2019-01-08,5.88718786893,0.627302815444,0.639598376096
2019-01-24,5.823929513,2.1710632113,2.37287970602
2019-02-09,5.83159794026,0.624311013556,0.675393807963
2019-02-25,5.82330784434,0.552268078579,0.625480186121
2019-03-13,5.92282785803,1.20306349554,1.39722197496
2019-03-29,5.84778253043,0.617373768335,0.675902477753
2019-04-14,5.86623479594,0.580207845248,0.603485110174
2019-04-30,5.81881487901,4.49265022774,5.43343670138
2019-05-16,5.90855418598,0.489995239726,0.599274743669
2019-06-01,5.79324520469,2.17715298902,4.32829362051
2019-06-17,5.81571712265,2.06453778868,5.62542630781
2019-07-03,5.82702019707,5.69920368565,4.79259510041
2019-07-19,5.82427920302,0.504784573023,0.67263870761
2019-08-04,5.92198365731,0.63734134456,1.93308305076
2019-08-20,5.79354191084,0.508387423548,0.667813701197
2019-09-05,5.7769016694,0.877065462554,0.577979010817
2019-09-21,5.77392401797,0.842421537745,0.578879715773
2019-10-07,5.76694436835,0.488571733118,0.556361900954
2019-10-23,5.84367456769,1.22391403769,2.00798703697