Date,Rarea,NDWI,MNDWI
2000-01-27,147.150356669,103.29246578,59.17667869
2000-03-31,147.150356669,57.4760844054,99.4436922775
2000-06-03,147.150356669,21.6385451578,28.9153533321
2000-08-22,147.150356669,21.7095405789,22.5432778878
2000-09-07,147.150356669,147.145355429,24.4866296491
2000-09-23,147.150356669,144.463588931,80.2526887298
2000-10-09,147.150356669,137.024691167,22.2055779749
2000-11-10,147.150356669,124.57114543,25.1193430929
2000-12-28,147.150356669,60.1235686291,38.9548995194
2001-01-13,147.150356669,89.7753679144,57.3062139867
2001-02-14,147.150356669,39.5156014314,31.0730603263
2001-04-03,147.150356669,22.5017349325,22.3776130698
2001-04-19,147.150356669,144.699755666,136.874298791
2001-05-21,147.150356669,20.8014878108,23.4860720009
2001-08-09,147.150356669,21.2904083088,22.340437736
2001-08-25,147.150356669,146.390283814,24.9741308429
2001-09-10,147.150356669,137.856778426,21.4929259114
2001-09-26,147.150356669,147.150356669,51.1534658817
2001-10-12,147.150356669,113.343193374,20.1253348265
2001-12-15,147.150356669,147.150356669,142.940061492
2001-12-31,147.150356669,115.647016056,136.201707231
2002-01-16,147.150356669,34.4280647053,28.5309156132
2002-02-01,147.150356669,82.4264900394,56.1353087886
2002-03-05,147.150356669,147.062794162,139.393618825
2002-03-21,147.150356669,61.7502494182,22.1943185299
2002-04-06,147.150356669,57.0655426453,20.3029613284
2002-04-22,147.150356669,85.6208960831,35.8953110613
2002-05-08,147.150356669,19.7512068384,20.9431446914
2002-05-24,147.150356669,20.5802537565,22.2894158445
2002-06-09,147.150356669,20.0835869656,21.4848654067
2002-07-11,147.150356669,143.597769272,22.0811782776
2002-07-27,147.150356669,147.132852167,27.134244066
2002-08-12,147.150356669,26.5049698146,19.0806509621
2002-08-28,147.150356669,146.927526464,18.4162580131
2002-09-13,147.150356669,140.69589061,82.0828549897
2002-09-29,147.150356669,147.150356669,18.2262971528
2002-10-15,147.150356669,134.94634424,16.7969325884
2002-11-16,147.150356669,128.762142343,37.6763734513
2002-12-02,147.150356669,75.2133651058,15.6491200704
2002-12-18,147.150356669,89.2973041051,15.4365630596
2003-01-03,147.150356669,38.227096514,16.8451702339
2003-01-19,147.150356669,22.5992955221,15.4489537681
2003-02-20,147.150356669,19.4980172128,14.4938831099
2003-03-24,147.150356669,24.022365072,23.3276561624
2003-04-09,147.150356669,22.3899765666,22.9718665372
2005-04-14,126.017984724,92.8132694649,34.2448050608
2005-06-17,126.02357464,25.2337371634,24.8113637876
2007-05-22,126.131261534,14.3523125383,16.0935563885
2007-06-07,126.349319204,16.9021375429,21.5076729441
2007-09-27,125.59813621,125.235545697,29.1758112834
2008-03-05,126.039148875,33.0474040023,26.9146510883
2008-03-21,126.087249792,72.4181517481,62.5933391581
2008-08-12,126.556985362,30.7233050726,26.7224162132
2008-08-28,125.818205896,125.815705246,19.3733630744
2009-02-20,126.423752848,15.1516339905,15.7167871719
2009-03-08,125.707929938,121.779640529,124.878440862
2009-08-31,126.061821934,114.54083821,15.0438695054
2010-08-18,126.850249004,11.9793156773,12.1329510956
2010-10-21,125.885773588,125.47383473,10.2150624715
2010-11-06,126.560289462,123.398450684,9.47765198899
2010-11-22,126.011563215,112.079046108,38.3231637885
2011-04-15,126.959493861,11.3879689661,13.4727379295
2011-07-20,127.089892659,11.4901728149,11.051613
2011-08-05,127.411372923,10.108803515,9.7059638996
2011-08-21,126.967605973,10.3244715188,9.45926524818
2011-09-06,126.709545491,119.028915259,8.82718386922
2011-10-24,125.85622716,125.025992731,7.60958849658
2011-11-09,126.0268512,94.0349559882,7.20447759351
2012-02-29,126.017218939,96.8467297684,98.9024285679
2012-03-16,126.219099737,21.7470848724,7.20431966729
2012-04-17,126.491682261,15.8420834405,7.38076726067
2012-06-20,126.430057348,7.35783166305,8.78864048187
2012-07-22,126.565054066,6.86293341357,7.12100357687
2012-08-07,126.616562299,103.023552767,6.51838499479
2012-08-23,126.81669346,126.625551848,6.91731109699
2012-09-08,126.867117145,125.494885489,73.1912226068
2012-09-24,126.505186304,126.505186304,6.74089877551
2012-10-10,127.004949408,126.83490737,5.22119984602
2012-10-26,125.777725659,90.9793103065,6.92926605395
2012-12-29,125.677492624,103.380590996,27.1000241375
2013-01-30,125.97326915,89.0603846352,60.5647120698
2013-02-15,126.189513666,74.5710778325,61.3124164856
2013-03-19,126.865666094,13.4494383648,9.59512707056
2013-04-20,127.449069474,29.1676161538,15.7013907295
2013-05-06,126.815211978,76.209760356,51.7298309806
2013-05-22,126.098203986,29.9445928817,10.079882375
2013-06-07,127.178564875,116.308429559,60.9100954457
2013-06-23,126.69523898,116.420565174,37.8881526457
2013-07-09,128.179433953,109.730154059,10.5553500768
2013-07-25,128.015877918,106.530890127,8.60854215005
2013-08-10,127.58403601,127.58403601,126.452626221
2013-08-26,127.183017674,34.4379000392,22.5782618898
2013-09-11,126.707732189,126.673193737,6.02165584033
2013-09-27,126.873001684,126.873001684,5.69383012459
2013-10-29,126.293080542,22.38662308,19.1434713408
2013-11-14,126.441902548,4.16477400986,3.46322028597
2013-11-30,125.757847975,4.01032084302,3.29317360359
2013-12-16,126.598880206,49.9872354614,3.34113476378
2014-03-06,126.187169627,94.0307544924,82.750439507
2014-03-22,126.406935804,104.02730173,119.277510505
2014-04-07,127.650974426,82.8179090959,79.4118197771
2014-04-23,125.930962332,20.7685121783,20.4265983221
2014-05-09,126.342770445,17.79816799,20.2918672187
2014-05-25,126.088042463,21.5020770388,20.1903544902
2014-06-10,126.358922584,17.9556299371,21.275043057
2014-06-26,126.649294052,17.9456307947,20.4900418263
2014-07-12,127.126371528,17.869428902,20.0433493119
2014-08-13,126.251589329,51.3418333582,41.5805062802
2014-08-29,127.380707735,117.275891925,17.9790026144
2014-09-14,127.430425011,17.5921402786,17.4845322967
2014-09-30,127.090511203,43.3451646457,19.8747100914
2014-10-16,126.954465418,105.238020114,126.954465418
2014-11-01,126.658441658,34.4442770503,27.491156152
2014-12-03,126.873038911,28.8933356239,15.5515070025
2015-01-20,127.573113015,82.5312124051,63.6052784627
2015-02-05,125.685661848,19.6956209988,16.9519850418
2015-02-21,125.949144603,45.8354124564,35.8013836278
2015-03-25,126.838130303,20.44749013,15.421706801
2015-04-10,126.76792477,96.4636080804,112.235285178
2015-04-26,127.075723699,15.0038592835,16.5201829954
2015-05-12,126.543776155,14.8874551697,18.4954574123
2015-05-28,127.351208023,14.453788802,16.6977027624
2015-06-13,126.364727889,14.7622633348,20.5763047109
2015-07-15,126.539676727,13.9541134636,15.2798406934
2015-07-31,127.061592952,14.3500428908,15.2352277123
2015-08-16,126.847838579,13.618719126,13.4761749661
2015-09-01,127.798379691,14.0755890087,13.028282329
2015-09-17,126.202987298,12.7718431489,12.0830682552
2015-10-03,126.650528115,14.2613959998,12.3856479188
2015-10-19,125.884214503,24.777360472,20.4548393923
2015-11-20,125.75031545,39.3204318688,26.2346110395
2015-12-06,126.068264649,23.5991433775,19.8644417134
2016-02-24,127.494335285,67.0561630114,37.3908588514
2016-03-11,126.4513489,20.6793270681,43.1270357789
2016-03-27,127.165540157,8.09722016772,8.68311348369
2016-04-12,126.916710122,9.85895008173,14.2444379786
2016-04-28,126.432971859,11.5407960845,9.10501159512
2016-05-14,127.267675666,8.14973640479,9.19159806638
2016-05-30,126.770964362,10.8837138994,13.756445074
2016-06-15,126.455909398,8.12222717944,10.1164544001
2016-07-01,127.335420779,7.922174646,9.6816186264
2016-08-02,127.497604031,124.183430889,39.6144157984
2016-08-18,127.947457543,21.8537281496,17.8203426767
2016-09-03,126.987513082,39.6057356932,26.015717158
2016-10-05,125.455246449,6.00312982771,4.91111492488
2016-10-21,125.477115803,7.14996279111,4.45348986043
2016-11-06,126.124780961,5.8055739991,4.00586701351
2016-11-22,126.507236276,4.7905382561,3.51823495223
2016-12-24,126.132340918,3.75353520947,3.38843360571
2017-01-25,127.768362865,14.6091091857,12.5518359174
2017-02-10,127.42786768,60.437523195,98.8057956116
2017-02-26,126.881102014,47.7788233799,41.1481900083
2017-03-14,127.130707311,23.0402595279,52.7721043753
2017-03-30,127.497062014,24.7065303308,22.8890626839
2017-05-17,126.087544106,19.720660321,19.7148041257
2017-06-02,125.794024257,17.6257782219,20.5323964885
2017-07-20,125.490187,61.4857227105,23.8135137633
2017-08-05,126.139647711,17.8733435175,19.9064520149
2017-08-21,126.423547497,30.8526365532,30.3928073921
2017-09-06,126.38353729,17.5423616982,17.7145947186
2017-09-22,126.333247626,17.4195173101,17.3745054549
2018-01-28,127.015051494,127.01005004,92.7534593331
2018-03-17,127.344629839,82.2835589597,119.207128421
2018-04-02,127.786070445,20.7612748073,20.631529828
2018-04-18,127.658507939,18.671045794,18.6179929944
2018-05-04,128.333298992,16.8703377359,18.8934754007
2018-06-21,127.945420045,19.6207985227,25.3037748538
2018-07-23,128.307233161,63.1276000917,68.6087200223
2018-08-08,127.891562277,113.364700223,74.9359288475
2018-08-24,127.984891679,19.2688303383,19.1742244635
2018-09-09,128.168823012,35.2858323397,22.9777303199
2018-09-25,128.566537318,17.1013795332,16.7493337581
2018-10-11,128.765601614,16.5370101106,16.2894428633
2018-10-27,128.53580488,15.794308019,15.6215267179
2018-11-12,127.932425694,16.4695492702,16.2016954622
2018-11-28,127.518617882,81.6451715713,14.7362867354
2018-12-14,127.822267125,37.3929506521,15.0963775863
2019-01-31,129.475419926,38.0528564029,24.4646993165
2019-02-16,129.073457762,36.1328642539,21.1439470278
2019-03-20,128.582827473,80.3826090983,70.2075162078
2019-04-05,128.633634861,17.4116986406,16.596151237
2019-04-21,128.683834281,16.0253431648,17.9659618255
2019-05-07,129.047991611,16.0119456174,17.9206287207
2019-05-23,129.785375503,33.1545079315,21.1765137546
2019-06-08,128.796905331,24.9152391992,28.6475723575
2019-06-24,128.335348937,15.6851713647,18.1864576049
2019-07-10,128.346351847,93.801744787,17.795651167
2019-07-26,128.330915578,99.946166961,16.8715168568
2019-08-27,129.279620149,16.4923624268,15.3242065734
2019-09-12,129.914900089,129.802369613,14.7431996483
2019-09-28,130.159719015,14.4039312947,14.0611030638
2019-10-14,129.037616406,68.7699340266,62.8293272705
2019-10-30,128.576884605,101.140037594,22.2061643333