Date,Rarea,NDWI,MNDWI
2000-02-28,32.6936172664,27.3789008528,26.5245941439
2000-03-31,32.6936172664,3.2370008233,11.4496098638
2000-06-03,32.6936172664,2.30103448372,9.34976587489
2000-08-22,32.6936172664,2.22787975409,6.83607766628
2000-10-09,32.6936172664,10.3870860645,7.31238760603
2000-11-10,32.6936172664,30.6369616234,31.9118370512
2000-12-28,32.6936172664,2.26474269849,3.02803283362
2001-03-18,32.6936172664,4.01958826703,6.25479522741
2001-05-21,32.6936172664,2.20178910534,6.83382374912
2001-08-09,32.6936172664,3.55872056883,8.61676899742
2001-08-25,32.6936172664,32.3663426192,32.672033399
2001-09-10,32.6936172664,8.98729491131,5.46382347571
2001-09-26,32.6936172664,32.6936172664,24.6337198542
2001-10-12,32.6936172664,5.13848531,3.78157138805
2001-12-31,32.6936172664,13.2887994876,11.5702505826
2002-01-16,32.6936172664,6.8636341019,6.79717655637
2002-03-05,32.6936172664,26.7923407918,25.8284823233
2002-03-21,32.6936172664,12.1272370353,16.0450567508
2002-04-06,32.6936172664,2.46704633818,5.48303258033
2002-04-22,32.6936172664,2.06335151605,7.51449957503
2002-05-08,32.6936172664,2.14605105413,7.69021773765
2002-05-24,32.6936172664,2.18145960201,6.5651995201
2002-06-09,32.6936172664,2.24759511871,8.37367258084
2002-07-11,32.6936172664,31.2123368802,26.5215414946
2002-07-27,32.6936172664,9.51497643733,8.29264075209
2002-08-12,32.6936172664,2.20718679046,5.90995152501
2002-08-28,32.6936172664,17.2762175747,8.73032653532
2002-09-13,32.6936172664,29.3345072525,20.2123864419
2002-09-29,32.6936172664,14.4784350382,9.14443897554
2002-10-15,32.6936172664,4.91021253009,2.63335126666
2002-12-02,32.6936172664,2.85664285634,2.55153685767
2002-12-18,32.6936172664,21.0083922232,9.79153572249
2003-01-03,32.6936172664,6.21291993134,5.46565065982
2003-01-19,32.6936172664,2.46233918576,3.23680915158
2003-02-20,32.6936172664,31.9216926073,28.7402024998
2003-03-08,32.6936172664,25.7646932592,19.0228263716
2003-03-24,32.6936172664,32.4431567922,32.6936172664
2003-04-09,32.6936172664,2.7772793668,7.42225957413