Date,Rarea,NDWI,MNDWI
2000-03-24,334.70260786,183.501997354,162.95150917
2000-04-09,334.70260786,75.3165419374,76.9731511686
2000-06-12,334.70260786,139.424599679,124.163177144
2000-08-15,334.70260786,248.472035293,213.36968349
2000-08-31,334.70260786,206.195948297,124.702710925
2000-10-02,334.70260786,334.70260786,308.554980022
2000-10-18,334.70260786,329.203215048,137.599867873
2000-12-05,334.70260786,305.143212979,264.325680482
2000-12-21,334.70260786,116.682212776,64.347466378
2001-01-06,334.70260786,71.2806440182,56.1800454366
2001-02-07,334.70260786,261.965989552,152.453956987
2001-02-23,334.70260786,325.016966641,221.983889556
2001-03-11,334.70260786,85.3839781836,71.1806017178
2001-04-28,334.70260786,58.6631006637,60.827944344
2001-05-30,334.70260786,60.6265983825,62.0086517015
2001-08-18,334.70260786,333.719275225,237.087413351
2001-09-03,334.70260786,208.992787437,93.0805759669
2001-09-19,334.70260786,334.024116912,267.736021621
2001-10-05,334.70260786,333.431842687,71.2735757994
2001-11-06,334.70260786,333.772045586,85.0486893618
2001-12-24,334.70260786,172.781216551,155.737663271
2002-01-09,334.70260786,193.358513466,177.209828255
2002-02-10,334.70260786,132.107554676,126.329980499
2002-03-14,334.70260786,326.731731773,299.209690904
2002-05-17,334.70260786,85.401150736,75.0592343137
2002-06-02,334.70260786,205.325641353,116.220055518
2002-06-18,334.70260786,107.58663665,67.0507863352
2002-07-04,334.70260786,134.24633827,72.7016588312
2002-08-05,334.70260786,232.214249414,124.749422394
2002-08-21,334.70260786,334.659796653,178.160238872
2002-09-22,334.70260786,333.231446768,61.4416566209
2002-10-24,334.70260786,334.32708834,63.9165144211
2002-11-09,334.70260786,334.70260786,300.415160594
2002-11-25,334.70260786,312.333572704,57.4585224517
2002-12-11,334.70260786,333.441851144,155.488790121
2002-12-27,334.70260786,315.010672668,164.749668572
2003-01-12,334.70260786,283.211902757,174.285912511
2003-01-28,334.70260786,312.066520407,172.799170424
2003-02-13,334.70260786,285.263560117,135.561836255
2003-04-02,334.70260786,272.380744143,130.119010951
2003-05-04,334.70260786,300.707757754,51.5976563728
2018-02-06,285.3913646,195.043808248,109.854017341
2018-04-27,286.244623671,88.1125363771,44.334448315
2018-05-13,285.93466818,61.5548463773,76.7762512536
2018-05-29,285.284713598,40.8845609687,42.8773291055
2018-06-14,285.309200568,252.588297841,41.4973853029
2018-06-30,285.877896471,43.7838060879,41.3195892739
2018-07-16,286.354766927,277.849981103,265.266400904
2018-08-01,286.14455882,46.1862901095,39.5959382344
2018-08-17,285.395642588,81.9319103737,40.0421242952
2018-09-02,285.836690746,54.9415028846,40.5374198417
2018-09-18,285.878169173,124.285107403,41.3658807821
2018-11-05,285.434448309,64.7953807801,34.5107493955
2019-01-08,286.885869746,237.238967392,145.838249526
2019-01-24,288.204780601,93.776970938,60.2693984109
2019-02-09,287.978248037,284.778488191,258.811030773
2019-02-25,287.560506019,148.24458394,145.971731983
2019-03-29,287.045100429,79.7997312002,45.45392576
2019-04-14,287.60093036,78.8935494267,40.7121057449
2019-04-30,288.506450619,212.612307083,142.918822005
2019-05-16,289.241950967,35.2011625059,36.6765419908
2019-06-01,288.340777472,34.9910407888,35.7795810843
2019-06-17,287.023011645,39.7756505548,38.3433254581
2019-07-19,286.818606757,39.1873745121,34.8641703077
2019-08-04,287.311934584,131.345569151,75.4434991243
2019-09-05,289.613195252,289.603188974,123.474961968
2019-09-21,291.048091497,290.507778686,35.2860783097
2019-10-07,289.330783222,289.050617658,284.893804454
2019-10-23,287.576240683,263.193321173,42.2026498138