Date,Rarea,NDWI,MNDWI
2000-02-28,99.600551456,70.2281532927,57.3108223057
2000-03-31,99.600551456,16.1866715871,21.8906691514
2000-06-03,99.600551456,12.7576349621,13.0987655046
2000-08-22,99.600551456,25.1108024645,13.9440311426
2000-10-09,99.600551456,98.797491785,18.8595764697
2000-11-26,99.600551456,36.3708967512,12.8680455603
2000-12-28,99.600551456,25.3581646908,13.0402034595
2001-01-13,99.600551456,18.7303319538,12.7631451646
2001-01-29,99.600551456,27.3039152681,12.770637387
2001-03-02,99.600551456,59.5588820353,36.8545871735
2001-05-21,99.600551456,12.8755409749,12.7906527447
2001-08-09,99.600551456,16.4824059484,13.0603712556
2001-08-25,99.600551456,68.3045065075,27.4380905622
2001-09-10,99.600551456,98.6548331477,13.7075570704
2001-09-26,99.600551456,98.7163710155,13.1854388295
2001-10-12,91.3814004997,90.069590128,11.7690741248
2001-10-12,99.600551456,98.1454812015,11.7840583271
2001-11-29,99.600551456,97.2919855128,97.1588399079
2001-12-15,99.600551456,92.7161850608,53.9204033666
2001-12-31,85.0612312432,17.3116596462,12.8505672207
2001-12-31,99.600551456,21.0167815861,12.8555597734
2002-01-16,99.600551456,77.4657349116,62.3349734828
2002-03-05,99.600551456,49.3681161856,38.8493440428
2002-03-21,99.600551456,23.6076188125,12.871589637
2002-04-06,99.600551456,12.4958977363,12.758152269
2002-04-22,99.600551456,12.7506610295,12.8797089175
2002-05-08,99.600551456,12.6132896853,12.6722523598
2002-06-09,99.600551456,12.9671790651,12.7137961447
2002-07-11,99.600551456,99.2376532031,13.4385043987
2002-07-27,99.600551456,98.8583366559,13.6263865415
2002-08-28,99.600551456,26.1240158222,13.6540332086
2002-09-13,99.600551456,97.9396780039,11.7818253816
2002-09-29,89.4612487339,88.5438901413,30.3818128767
2002-09-29,99.600551456,98.4111769316,30.4178948361
2002-10-15,86.9664567757,83.1024150353,11.2320767244
2002-10-15,99.600551456,94.6892332127,11.3020093677
2002-12-02,93.5685161088,49.0763167212,10.2404953337
2002-12-02,99.600551456,53.7542547088,10.2679763103
2002-12-18,99.600551456,97.6101043416,77.4011310878
2003-01-03,99.600551456,21.1896769999,9.85086491675
2003-01-19,99.600551456,37.1517446636,10.4709158168
2003-02-04,99.600551456,20.0364185167,10.3404076621
2003-03-08,99.600551456,36.8731882361,15.1653793212
2003-03-24,99.600551456,45.0571963024,13.2275883732
2003-04-09,99.600551456,67.8272052395,9.02549721899
2003-08-31,88.311043497,88.1449287889,6.08247502349
2003-11-19,86.2584844265,83.6872851985,12.3395404409
2003-12-05,87.3300658211,63.5777537055,4.81656517412
2004-03-26,87.435705558,57.1951468365,31.921251466
2004-05-29,88.076332753,7.66621297726,7.5548653014
2004-06-14,88.8569882733,74.4225289048,7.72806243784
2004-07-16,88.2815176515,8.2267523285,7.90402015439
2004-08-17,88.6601768011,88.1934462916,11.4150644709
2004-09-02,88.4016918411,87.7127258517,9.05659010148
2004-09-18,88.4698928702,87.7147270403,7.83599579709
2004-10-04,87.8257441303,86.5236038443,7.34399668433
2004-11-05,86.8569515873,80.9958681004,6.30166079126
2004-11-21,87.3745167297,84.5010010205,9.70313325915
2004-12-23,87.651878687,87.651878687,78.4487286922
2005-01-08,87.858109448,81.9667622631,36.9570183205
2005-02-09,88.0008900321,80.1497362591,44.1542381073
2005-02-25,87.5726936093,48.353613989,6.15448005299
2005-03-13,87.725998535,44.0579298424,18.1978510492
2005-04-30,89.2603775148,42.186149544,6.36253285474
2005-05-16,88.4465918034,78.1208822151,7.70610465413
2005-06-01,88.8186191954,84.7122289808,6.28436235428
2005-06-17,89.6825000384,7.88579705393,6.34407821179
2005-07-19,88.5280681419,6.93885694674,5.82401536708
2005-08-20,88.4694161983,87.8357856633,5.78768828835
2005-09-05,89.1158756092,88.2952544141,5.47437781891
2005-09-21,88.7992617981,87.8690192438,5.01826361385
2005-10-23,87.2311477333,86.3226140555,3.79149648828
2005-11-08,87.0278835318,80.1258895571,21.5463438822
2005-11-24,87.297725087,80.3664159639,3.12961351587
2006-03-16,88.0173786149,10.4777847808,6.64884050488
2006-04-01,88.4831074319,14.0708778635,8.01474704311
2006-07-06,88.1721105657,13.9224182469,10.3934942261
2006-07-22,89.1165044083,15.7145578722,11.0264297451
2006-08-07,88.690637855,12.3412465422,10.06701778
2006-10-26,86.6939730153,84.4771466101,9.37129273706
2006-11-11,85.9940366261,82.4950634285,8.76436928076
2006-11-27,85.9173463773,66.0134424398,9.08902555866
2006-12-13,86.0691319308,29.5534349975,9.45122589697
2007-01-14,88.0786734921,88.0786734921,88.0786734921
2007-03-03,87.3223267434,39.2718533409,9.63741841919
2007-05-06,88.9720683661,9.12153655371,9.03281769688
2007-05-22,89.8736734989,9.07595260856,8.93342102624
2007-06-07,90.0276334727,10.0136995413,8.89826131481
2007-06-23,89.5103056137,9.61179364384,8.58967882054
2007-07-25,89.1802327049,10.1731179916,8.20675823354
2007-08-10,89.4417249958,17.8461581788,8.14310962509
2007-10-13,88.990166185,9.93110146567,6.69212522851
2007-10-29,88.0638901799,80.9889412118,6.64113217107
2007-11-14,87.1985924082,51.0624348461,6.58889576245
2008-02-18,89.0138599492,13.4621688046,11.2695294451
2008-03-21,89.8848184633,44.7141433553,26.0694223998
2008-04-22,88.4653755671,11.0822044326,11.2484114268
2008-05-08,88.4743368703,11.3044961946,11.4677336152
2008-07-27,91.0694903534,88.998384906,13.3717265867
2008-08-12,90.4326399246,16.5923972845,11.7774792752
2008-08-28,89.6811174492,86.9547790786,11.936407163
2008-09-13,89.3977235016,85.3406707767,14.9713516935
2008-10-31,88.2353972596,87.4771931555,25.7372785016
2008-12-02,88.0794918453,87.2104002572,73.0399212476
2008-12-18,88.3605525562,30.2563824137,12.1769258174
2009-01-03,89.0746673467,87.539309515,23.592568423
2009-02-20,90.1956264562,24.1565740097,32.5528583271
2009-03-24,88.6835833343,19.3214597458,11.4040816933
2009-04-09,88.1069929332,27.2715604116,11.1972049842
2009-04-25,87.8399643243,48.6412151031,11.2841957995
2009-05-11,87.5451667634,11.2872000397,11.2039164339
2009-05-27,87.5430414222,81.6913440165,11.3192724613
2009-06-12,87.8291988693,87.4884949355,13.1929893713
2009-06-28,88.2652857318,12.7883487076,11.2490626462
2009-07-14,88.904265895,14.2898258101,11.4945404935
2009-11-03,88.7168728137,88.6569288866,61.4320371723
2010-02-07,86.9974699787,15.4789090346,11.2209652322
2010-03-11,86.65507824,23.1488903287,11.1193454259
2010-07-17,90.3806782417,12.7981226373,11.4214109901
2010-08-02,90.5423628942,16.9748142734,12.2202803487
2010-08-18,90.3852029865,21.2982066235,12.7075438369
2010-09-03,89.4489942531,89.4489942531,75.8707287618
2010-09-19,88.8088678768,85.8310837186,11.3319692224
2010-10-05,89.2128790926,88.1439186771,39.0847515237
2010-10-21,89.4896209498,87.0408218906,10.5835217533
2010-11-06,90.0385571645,87.4526679211,10.2529798267
2010-11-22,89.7393077919,89.7393077919,89.7393077919
2011-02-10,90.4656592384,34.378728209,20.0472473879
2011-03-30,90.408279954,23.2098717896,11.4956823994
2011-04-15,90.4380670666,85.7138812524,86.407828772
2011-08-21,90.8161008451,13.2797967044,11.5955893135
2011-09-06,90.4896166306,87.2033485878,11.5617561897
2011-10-08,89.1991766613,85.2079127788,11.1723756236
2011-10-24,89.6622073818,79.6473874656,11.2746635922
2011-11-09,89.7129569794,55.8299588215,10.6925702622
2011-11-25,89.0196812957,66.4394799743,19.9952108195
2012-02-29,89.740864796,15.7857289655,11.3952278676
2012-04-17,90.253474271,38.0136415546,11.5713804662
2012-08-23,90.42907513,88.296044062,11.6449700809
2012-09-24,90.1888371187,85.6245828634,11.3244805403
2012-10-10,90.5321631736,66.9126100051,34.634170247
2012-10-26,89.6392475781,68.6331763316,18.0557999185
2012-11-11,90.0736598841,50.8810107281,11.6042211401
2012-12-13,90.0466472349,37.8479130165,15.1674685242
2012-12-29,89.4729577447,62.8692605995,26.7447339891
2013-01-14,90.5781219189,90.5231719513,81.7741638867
2013-02-15,90.0327610425,41.2728267542,28.6192379719
2013-03-03,90.7339264928,11.5159252343,12.3324199866
2013-03-19,90.903728731,17.2657467465,11.6268072001
2013-05-06,90.623873643,30.4232486797,11.5399765201
2013-05-22,90.1267009593,74.9609423783,11.7465492
2013-06-07,91.0065380574,75.2550877479,11.7688198702
2013-07-09,92.5262386257,91.1777677977,13.1620761087
2013-08-26,90.8207273136,14.7700777727,11.8713238555
2013-09-11,90.4606840597,88.472260305,11.5542184016
2013-09-27,90.6174013672,88.6275368459,11.7041631158
2013-10-29,89.9322054577,49.7530511462,19.3106254909
2013-11-14,89.9401976479,86.7126521284,89.0636926142
2013-11-30,89.5391601678,11.5392791423,11.6816054044
2013-12-16,90.4140415345,73.440358221,67.3679780988
2014-01-01,89.6641594862,19.7276381467,11.5536761662
2014-01-17,88.0755713943,47.5820479483,22.0357781117
2014-02-18,88.955154329,14.457255133,11.4618538237
2014-04-07,91.0652174666,30.6288220456,15.6276745374
2014-04-23,89.639558628,89.639558628,89.639558628
2014-05-09,89.9125563415,11.2645360271,11.479443305
2014-05-25,89.6704306889,79.6519310428,11.5371577133
2014-06-26,90.3325942739,12.3010583574,11.7123933079
2014-07-12,90.5857110566,12.2411573078,11.5296034423
2014-08-13,90.0875129005,13.2886093374,11.7144254402
2014-08-29,91.1708330231,87.8536733083,11.4943209414
2014-09-14,91.1596796962,13.648466211,11.4593543142
2014-09-30,90.5680595438,17.7508975322,13.2776496616
2014-11-01,90.0921444705,65.0044402146,44.1659586167
2014-12-03,90.3327693804,51.9628823512,9.83583050568
2014-12-19,89.5344219483,71.7153836705,12.271164073
2015-01-04,90.5696118405,18.0487431529,11.4568569163
2015-02-05,89.6656415784,17.5795714549,12.2011692891
2015-02-21,89.6933827613,14.4492629356,11.48183374
2015-03-09,90.7726146818,32.5530867682,20.1408233533
2015-03-25,90.5528441266,75.6955897918,21.1217650723
2015-04-10,90.4533171818,11.4344526144,12.0668640867
2015-04-26,90.8389279314,11.3644458962,11.6117132122
2015-05-12,90.1875641369,76.2295501231,62.5879228112
2015-05-28,90.7993337624,11.6316983525,11.6406674406
2015-09-01,91.5307369402,16.7690486787,10.9848355848
2015-09-17,90.0279121533,15.7285035998,10.667593938
2015-10-03,89.9618441025,10.6825810559,10.1056160881
2015-10-19,89.5768989934,10.3179163225,9.58860065283
2015-11-04,90.0695214544,87.4994273726,5.33716001791
2015-11-20,89.4265512566,9.67441345866,8.71191960205
2015-12-06,89.7619235364,14.3621762165,10.537947692
2015-12-22,89.1368805556,57.6681003532,8.89048873752
2016-01-07,88.7914377122,60.8993914765,14.3968889904
2016-01-23,88.5229014717,55.9490446956,9.28547870516
2016-02-08,88.9183532779,86.7626588389,59.5518471418
2016-02-24,90.83585585,41.2704085029,7.45730458874
2016-03-27,90.5740064115,7.60045563232,7.30322946191
2016-04-12,90.5758302552,7.45309331274,7.14837601636
2016-04-28,90.1988067021,63.110845927,6.85864583618
2016-05-14,90.7247531102,44.9883988516,37.1232560633
2016-05-30,90.4646014589,7.29324303149,6.62366220561
2016-06-15,90.3049280333,7.31595948029,6.42405371973
2016-07-01,90.8305284965,9.87126213498,7.14730854714
2016-07-17,91.7288002251,89.9538513761,62.4581054889
2016-08-02,91.3203782364,90.079386115,6.04065369664
2016-08-18,91.6821813982,9.52092950542,6.02941321338
2016-09-03,90.5916959124,8.31229100659,5.52988232813
2016-10-05,89.4077644444,6.57923123045,4.74311494531
2016-11-06,89.9822190785,13.8158027069,4.31100512964
2016-11-22,90.3370115661,5.21052555535,4.34632702337
2016-12-08,89.9941676659,49.5263166507,4.71314028052
2016-12-24,90.1952170979,10.6812458466,53.6751162238
2017-01-09,90.7952692301,16.5576503927,6.40158132251
2017-02-10,91.1084259367,22.7889614909,43.5818178285
2017-03-14,90.6168793796,8.60951801978,8.75687874316
2017-04-15,90.574017769,63.1420892866,86.3372047953
2017-05-01,89.9751095171,20.1317938356,21.0059883414
2017-05-17,90.0680761631,35.5920255456,9.60561692893
2017-06-02,89.5692214031,9.94826489307,9.85210393126
2017-06-18,89.2497979992,89.0075192189,88.7846467225
2017-07-04,89.0789559474,80.8682392363,62.8516930427
2017-07-20,89.2857914842,83.3072041343,9.9282857124
2017-08-05,89.8763050328,11.3972199401,10.0469191949
2017-08-21,90.2943973787,11.1621371091,9.86084604053
2017-09-06,90.2111021545,11.215655114,9.4033826722
2017-09-22,90.1308929492,10.7250315874,9.09905695557
2017-10-08,89.278232686,52.2868624334,46.034856897
2017-10-24,88.1708678263,41.685947741,44.6786389798
2018-01-28,91.1312648974,40.9018383041,12.5268842506
2018-02-13,92.3979798314,47.2783347431,24.6431303094
2018-03-01,91.8371032695,16.8408304247,8.64698022534
2018-04-18,92.1526539026,71.1944730289,12.6154775515
2018-05-04,93.3984056871,10.05815798,10.0681493589
2018-05-20,93.2410223966,86.7488052574,29.5590850702
2018-06-05,92.5412062094,10.3413637776,10.0038990029
2018-06-21,92.7326562466,11.0643149461,10.4706704028
2018-07-07,93.846002719,24.1612193864,13.8527505356
2018-07-23,93.1781422019,11.377925667,9.85188411024
2018-08-08,92.7131609484,22.7013365818,11.262118607
2018-09-09,92.95620534,9.64260645797,9.06908678882
2018-09-25,93.4600441279,11.5119419488,8.97916487622
2018-10-11,94.1932164057,9.21678034473,8.31479018848
2018-10-27,93.5173514891,8.4296779834,7.82524499146
2018-11-12,92.7039182914,8.1674241123,7.3856559043
2018-11-28,92.01890889,87.1228298046,20.046249619
2018-12-30,92.9694004822,6.71628252612,6.6201699241
2019-03-20,94.3219315389,14.2062998526,7.80182316036
2019-04-05,94.2715658051,30.8657452701,8.12007749306
2019-04-21,94.528421496,23.7301677039,29.5147687585
2019-05-07,95.163006773,15.2300121027,17.3009974134
2019-05-23,96.1549102881,72.41450485,8.88827398685
2019-06-08,94.7091759059,8.46168014378,8.37227142613
2019-06-24,93.9240670735,8.6390183635,8.23963050663
2019-07-10,93.7746591426,89.3174057797,8.2276048924
2019-07-26,93.9362495554,88.2168714288,8.00632576109
2019-08-27,95.2207280057,16.707571335,9.81629328864
2019-09-12,96.1502871902,91.7655533093,7.30572797217
2019-09-28,96.7086857493,8.50298864448,7.00351099536
2019-10-14,95.5001931873,95.0354120061,82.5862173652
2019-10-30,94.5457100166,94.5282258882,40.0248261275