Date,Rarea,NDWI,MNDWI
2000-01-20,118.604509208,19.6060347892,17.7408452293
2000-01-20,118.604509208,19.5298389878,17.7181340967
2000-03-08,118.604509208,54.6011362572,44.417325737
2000-03-08,118.604509208,54.6320770144,44.5294132901
2000-03-24,118.604509208,20.1820511137,16.8771690552
2000-03-24,118.604509208,20.1591956683,16.7912408547
2000-06-28,118.604509208,18.9722387388,21.7373748235
2000-07-14,118.604509208,21.4738145688,20.7378592725
2000-08-15,118.604509208,24.5707035958,18.3560952764
2000-08-15,118.604509208,24.5381513357,18.383214614
2000-10-18,118.604509208,72.7489879144,16.9601665063
2000-10-18,118.604509208,72.7416871611,16.9557872736
2000-12-05,118.604509208,59.8383382329,28.6462859411
2001-01-06,118.604509208,26.7558723874,22.0497159197
2001-02-07,118.604509208,18.6310457967,16.7320853537
2001-02-07,118.604509208,18.6347192901,16.7073789708
2001-03-27,118.604509208,79.34640789,104.312398693
2001-04-12,118.604509208,15.7116888099,17.8282769093
2001-05-14,118.604509208,15.9988713581,18.3309227755
2001-05-14,118.604509208,15.9849378603,18.2364527706
2001-07-17,118.604509208,24.2821292424,23.1103333744
2001-07-17,118.604509208,24.2255769236,23.0790764367
2001-08-18,118.604509208,27.3969983333,18.1114443242
2001-08-18,118.604509208,27.3980173532,18.1191336285
2001-09-03,118.604509208,21.3385427265,15.8929604605
2001-09-03,118.604509208,21.3238723004,15.8973163578
2001-09-19,118.604509208,118.604509208,118.409349285
2001-10-05,118.604509208,97.5159323796,22.3262973481
2001-10-05,118.604509208,97.5370473656,22.2539121404
2001-10-21,118.604509208,118.604509208,118.604509208
2001-10-21,118.604509208,118.604509208,118.604509208
2001-11-06,118.604509208,65.3713103942,19.8577859786
2001-11-06,118.604509208,65.4271996111,19.8565341667
2001-11-22,118.604509208,85.6884140556,59.0524958408
2001-12-08,118.604509208,21.9186469372,17.2221994726
2001-12-08,118.604509208,21.8990205884,17.2050229796
2001-12-24,118.604509208,18.7376703533,16.7635422913
2001-12-24,118.604509208,18.7640438579,16.7185899327
2002-01-09,118.604509208,18.3186185664,16.6579774623
2002-01-09,118.604509208,18.3666114086,16.6142685388
2002-02-10,118.604509208,18.3158445047,16.3269691537
2002-02-10,118.604509208,18.3491738127,16.3000081517
2002-03-14,118.604509208,20.0971872841,16.2731167541
2002-03-14,118.604509208,20.0613506574,16.235618269
2002-05-01,118.604509208,26.5398391357,61.3576873482
2002-05-17,118.604509208,15.7979199987,18.3004343858
2002-05-17,118.604509208,15.8192324203,18.2181306757
2002-06-02,118.604509208,117.590409672,118.073000359
2002-06-18,118.604509208,17.4396611864,17.9069813775
2002-06-18,118.604509208,17.440524423,17.8101769131
2002-07-04,118.604509208,20.536853876,20.6533904438
2002-07-04,118.604509208,20.4645870506,20.558096847
2002-08-21,118.604509208,25.8523959652,18.7284745637
2002-08-21,118.604509208,25.8336014074,18.6717579272
2002-10-08,118.604509208,103.535945935,70.0600557808
2002-11-09,118.604509208,38.8924662028,14.9227072899
2002-11-09,118.604509208,38.9270813464,14.8848169621
2002-11-25,118.604509208,27.8158189625,14.7124174652
2002-11-25,118.604509208,27.8654564522,14.7029355753
2002-12-11,118.604509208,26.2203483163,15.2139213141
2002-12-11,118.604509208,26.0633484288,15.1162899529
2003-01-12,118.604509208,20.5218086854,15.6065670083
2003-01-12,118.604509208,20.4599701102,15.5262086819
2003-01-28,118.604509208,20.0321817875,14.658362231
2003-01-28,118.604509208,19.9481805649,14.6395574026
2003-02-13,118.604509208,47.351598601,33.6540064012
2003-02-13,118.604509208,47.0593280051,33.6861716901
2003-03-17,118.604509208,37.636893704,18.5929355308
2003-04-02,118.604509208,28.8937010724,15.0989792258
2003-04-02,118.604509208,28.8791329471,15.0697082256