Date,Rarea,NDWI,MNDWI
2000-01-20,15.6676785915,4.75948319828,3.72513657446
2000-01-20,15.6676785915,4.76109888621,3.70842989756
2000-03-08,15.6676785915,2.3968636884,2.36895701147
2000-03-08,15.6676785915,2.38529669391,2.3538481054
2000-03-24,15.6676785915,2.30331251174,2.33817969545
2000-03-24,15.6676785915,2.31050890621,2.34066701804
2000-06-28,15.6676785915,2.77707236365,6.15025561004
2000-07-14,15.6676785915,2.519202578,4.27386176231
2000-08-15,15.6676785915,3.6834766725,3.76553448968
2000-08-15,15.6676785915,3.6862038146,3.74628057977
2000-10-18,15.6676785915,6.08757266159,2.10254390069
2000-10-18,15.6676785915,6.10835086781,2.10507318049
2000-12-05,15.6676785915,4.10093968882,2.66333616661
2001-01-06,15.6676785915,15.4107941479,13.1015794895
2001-02-07,15.6676785915,2.20084906888,2.1279431962
2001-02-07,15.6676785915,2.18907072121,2.10725377493
2001-03-27,15.6676785915,15.5489404895,15.6676785915
2001-04-12,15.6676785915,1.82426501284,2.70555602309
2001-05-14,15.6676785915,1.97808766762,3.82778418338
2001-05-14,15.6676785915,1.97269035305,3.82483503896
2001-07-17,15.6676785915,4.40392452182,4.87725299805
2001-07-17,15.6676785915,4.36526118348,4.87194730613
2001-08-18,15.6676785915,3.6170754766,2.72003939019
2001-08-18,15.6676785915,3.59105923012,2.71708676082
2001-09-03,15.6676785915,3.03630904283,1.91690635619
2001-09-03,15.6676785915,3.04026380495,1.94905374762
2001-09-19,15.6676785915,15.6676785915,14.2952627828
2001-10-05,15.6676785915,10.3163186476,1.77010067694
2001-10-05,15.6676785915,10.333822477,1.75570803417
2001-10-21,15.6676785915,15.6676785915,15.6676785915
2001-10-21,15.6676785915,15.6676785915,15.6676785915
2001-11-06,15.6676785915,2.33347124811,1.69523298124
2001-11-06,15.6676785915,2.33399000289,1.68231839834
2001-11-22,15.6676785915,14.7531138457,14.5156795109
2001-12-08,15.6676785915,2.0460412986,1.90212606779
2001-12-08,15.6676785915,2.02984969234,1.88395206567
2001-12-24,15.6676785915,1.93449749214,1.89360729212
2001-12-24,15.6676785915,1.93359806899,1.87945465673
2002-01-09,15.6676785915,2.18811815754,2.31167524019
2002-01-09,15.6676785915,2.19702893826,2.31150621036
2002-02-10,15.6676785915,2.69176297081,3.89832518426
2002-02-10,15.6676785915,2.66854409571,3.87327214743
2002-03-14,15.6676785915,2.20706131471,2.26930972273
2002-03-14,15.6676785915,2.19536749843,2.26729902244
2002-05-01,15.6676785915,1.50576981995,3.55234901427
2002-05-17,15.6676785915,2.07685495056,4.49516515591
2002-05-17,15.6676785915,2.08642310036,4.42573894159
2002-06-02,15.6676785915,15.6667790293,15.6676785915
2002-06-18,15.6676785915,2.36466011647,3.89946503304
2002-06-18,15.6676785915,2.3744422297,3.86948047985
2002-07-04,15.6676785915,3.51742280468,5.5025859391
2002-07-04,15.6676785915,3.52771318715,5.48978761692
2002-08-21,15.6676785915,2.8613599794,4.93988344161
2002-08-21,15.6676785915,2.87073278347,4.93781272257
2002-10-08,15.6676785915,15.6676785915,15.3104670821
2002-11-09,15.6676785915,2.08333099852,1.58731466794
2002-11-09,15.6676785915,2.07901685446,1.58800265484
2002-11-25,15.6676785915,2.11660781677,1.76649831958
2002-11-25,15.6676785915,2.12290444977,1.77317644613
2002-12-11,15.6676785915,2.88207923341,1.97915915905
2002-12-11,15.6676785915,2.86080453437,1.97909222572
2003-01-12,15.6676785915,14.9905783678,14.351110745
2003-01-12,15.6676785915,14.9920950106,14.3341882702
2003-01-28,15.6676785915,1.7374982148,1.61789977914
2003-01-28,15.6676785915,1.73120141664,1.61498951696
2003-02-13,15.6676785915,7.57892156925,5.38820815052
2003-02-13,15.6676785915,7.58776248177,5.37176291187
2003-03-17,15.6676785915,5.83529912294,2.83749621858
2003-04-02,15.6676785915,2.20982768829,1.84442799645
2003-04-02,15.6676785915,2.2097781004,1.84849887142
2003-08-24,15.6676785915,2.25334631007,2.01374592956
2003-08-24,15.6676785915,2.26586940489,2.02397978699
2003-10-27,15.6676785915,14.1355256917,7.25455916267
2003-10-27,15.6676785915,14.1390145249,7.2247750708
2003-11-28,15.6676785915,15.4389807356,4.97431175755
2003-12-14,15.6676785915,2.35344170662,1.56482563608
2003-12-14,15.6676785915,2.34827037157,1.56392592032
2003-12-30,15.6676785915,3.96588090353,1.52434776346
2003-12-30,15.6676785915,3.98082737276,1.52614677017
2004-01-15,15.6676785915,14.8201005067,8.42341388389
2004-02-16,15.6676785915,2.65137543314,2.45940336056
2004-02-16,15.6676785915,2.66798704414,2.47322082057
2004-03-19,15.6676785915,2.12520206856,2.17503359596
2004-05-06,15.6676785915,1.86024678847,3.57716698614
2004-05-06,15.6676785915,1.85305036574,3.5524698196
2004-05-22,15.6676785915,2.3394504639,4.01248199929
2004-05-22,15.6676785915,2.3432885547,4.00932811851
2004-09-11,15.6676785915,6.61912286208,2.14473246212
2004-09-11,15.6676785915,6.57819507881,2.14322980432
2004-09-27,15.6676785915,15.6676785915,14.5209918401
2004-10-29,15.6676785915,2.37234014667,1.82209642648
2004-10-29,15.6676785915,2.37003361789,1.81400066312
2004-11-30,15.6676785915,3.6398595637,8.17595542285
2005-01-17,15.6676785915,2.13329922579,2.16191467761
2005-02-18,15.6676785915,7.7686332851,7.34660343531
2005-03-06,15.6676785915,2.1458918976,2.06065729901
2005-03-06,15.6676785915,2.1270015967,2.04391858432
2005-05-25,15.6676785915,2.82673632202,3.89579752481
2005-05-25,15.6676785915,2.81910266577,3.89750495848
2005-06-26,15.6676785915,15.6298978594,15.6676785915
2005-06-26,15.6676785915,15.6352950583,15.6676785915
2005-07-12,15.6676785915,6.66509509231,4.8940747671
2005-07-12,15.6676785915,6.64631433025,4.86545457196
2005-07-28,15.6676785915,9.77123709293,6.1670815773
2005-08-13,15.6676785915,6.81220757284,3.30497575135
2005-08-13,15.6676785915,6.8152444721,3.29111548785
2005-08-29,15.6676785915,6.7519419772,3.51714226697
2005-08-29,15.6676785915,6.75985115049,3.5054480246
2005-09-14,15.6676785915,15.5327479161,5.834419305
2005-09-14,15.6676785915,15.5255515785,5.84146393272
2005-09-30,15.6676785915,14.0305841229,2.11592164465
2005-09-30,15.6676785915,14.0294341079,2.11105701647
2005-10-16,15.6676785915,15.6676785915,15.6676785915
2005-10-16,15.6676785915,15.6676785915,15.6676785915
2005-12-03,15.6676785915,2.10684433288,1.8323870993
2005-12-03,15.6676785915,2.10594465453,1.81979354907
2006-02-05,15.6676785915,9.93514969786,9.58968595117
2006-02-05,15.6676785915,9.89029999012,9.54813825589
2006-03-09,15.6676785915,2.101814657,2.26026915414
2006-03-09,15.6676785915,2.09191979567,2.24663499687
2006-04-10,15.6676785915,1.72174514398,4.18004958902
2006-04-10,15.6676785915,1.71994604944,4.15995210752
2006-04-26,15.6676785915,1.8323753232,3.85585303404
2006-05-12,15.6676785915,3.30469078929,3.81145912453
2006-05-12,15.6676785915,3.27243094991,3.77098304764
2006-06-13,15.6676785915,2.57144724248,5.22932096733
2006-06-13,15.6676785915,2.56884755428,5.21745731742
2006-07-15,15.6676785915,3.86073961083,5.31417736934
2006-07-15,15.6676785915,3.85585052902,5.28428730501
2006-07-31,15.6676785915,4.79422649774,4.78820434856
2006-07-31,15.6676785915,4.77406962886,4.78627465998
2006-09-01,15.6676785915,2.40813065266,2.56398953978
2006-09-01,15.6676785915,2.37307647156,2.54326838628
2006-11-20,15.6676785915,2.12250615126,2.06137800772
2006-11-20,15.6676785915,2.11890796102,2.06227753787
2006-12-06,15.6676785915,2.02265489107,1.91784400507
2006-12-06,15.6676785915,2.02085601479,1.89265684668
2006-12-22,15.6676785915,2.02129006695,2.1329314568
2006-12-22,15.6676785915,2.02058814255,2.10967046728
2007-01-23,15.6676785915,2.15356466754,1.93094148264
2007-01-23,15.6676785915,2.15359311416,1.90144008712
2007-02-08,15.6676785915,2.19086922469,1.99930689645
2007-02-08,15.6676785915,2.18147900363,1.98401479251
2007-02-24,15.6676785915,6.57452528906,4.31714105695
2007-02-24,15.6676785915,6.56380181362,4.30478363881
2007-03-12,15.6676785915,2.53466966724,2.17976462499
2007-03-12,15.6676785915,2.51654835632,2.18452699964
2007-05-15,15.6676785915,8.45968376028,3.83262938849
2007-05-15,15.6676785915,8.41349336225,3.79675349166
2007-05-31,15.6676785915,12.5439834957,13.6933294597
2007-05-31,15.6676785915,12.5478778969,13.6778816395
2007-06-16,15.6676785915,3.30441413561,4.6153331678
2007-06-16,15.6676785915,3.30460869863,4.57984091403
2007-07-02,15.6676785915,15.6667790703,15.6676785915
2007-07-02,15.6676785915,15.6658795463,15.6676785915
2007-07-18,15.6676785915,4.13382018046,5.45254435134
2007-07-18,15.6676785915,4.09432097813,5.43051836608
2007-08-03,15.6676785915,2.34157051319,3.12168327933
2007-08-03,15.6676785915,2.3459520696,3.11317839769
2007-08-19,15.6676785915,1.88960333881,2.49022360163
2007-08-19,15.6676785915,1.87854416698,2.48486516245
2007-09-04,15.6676785915,1.8668074153,2.3073380585
2007-09-04,15.6676785915,1.87199327947,2.2944059856
2007-09-20,15.6676785915,12.8198204341,1.83221761696
2007-09-20,15.6676785915,12.812398528,1.82592096175
2007-10-22,15.6676785915,15.6676785915,15.6676785915
2008-01-10,15.6676785915,15.6676785915,13.4938035607
2008-01-26,15.6676785915,10.3250188731,9.99538189205
2008-02-27,15.6676785915,14.877649548,15.6676785915
2008-02-27,15.6676785915,14.866487699,15.6676785915
2008-03-30,15.6676785915,15.6676785915,15.544505072
2008-04-15,15.6676785915,1.74963047668,2.55267319451
2008-04-15,15.6676785915,1.76762139233,2.54220313223
2008-06-02,15.6676785915,3.82074072701,5.49563255975
2008-06-02,15.6676785915,3.82836037645,5.49738885955
2008-08-05,15.6676785915,5.08450103709,4.18424885538
2008-08-05,15.6676785915,5.12258908697,4.17019473783
2008-08-21,15.6676785915,4.06670213734,3.34570890212
2008-08-21,15.6676785915,4.08867304294,3.30455248986
2008-09-06,15.6676785915,15.475850805,2.03298656757
2008-09-06,15.6676785915,15.4670811565,2.01482638326
2008-09-22,15.6676785915,14.957258297,1.90755424478
2008-09-22,15.6676785915,14.954333651,1.91244718109
2008-10-24,15.6676785915,3.38516178975,1.89046261368
2008-10-24,15.6676785915,3.4152107384,1.8715724028
2009-02-13,15.6676785915,4.81254289671,2.54019704803
2009-02-13,15.6676785915,4.80231642619,2.52584691799
2009-03-17,15.6676785915,15.6676785915,12.631533756
2009-04-02,15.6676785915,15.6676785915,15.6586832039
2009-05-04,15.6676785915,1.83328873401,4.38743366418
2009-05-04,15.6676785915,1.83077340322,4.38779683372
2009-05-20,15.6676785915,4.94134135547,6.35720820494
2009-05-20,15.6676785915,4.93817353448,6.36198392299
2009-06-05,15.6676785915,2.50375754653,4.08694478107
2009-06-05,15.6676785915,2.50896782045,4.04124406956
2009-07-07,15.6676785915,4.79761902506,4.80710277589
2009-07-07,15.6676785915,4.79968616531,4.80691609784
2009-11-12,15.6676785915,2.03742601902,1.92324184918
2009-11-12,15.6676785915,2.04999148094,1.89895446863
2009-11-28,15.6676785915,9.28517053263,5.33119217068
2009-11-28,15.6676785915,9.28263713283,5.35886623854
2010-01-15,15.6676785915,15.6676785915,15.6676785915
2010-01-31,15.6676785915,3.31597652137,10.4276664688
2010-01-31,15.6676785915,3.31706758633,10.3609876917
2010-02-16,15.6676785915,2.28061202769,2.36807634963
2010-02-16,15.6676785915,2.27611458506,2.36110231884
2010-03-20,15.6676785915,10.9949893491,8.43742087508
2010-03-20,15.6676785915,10.9170985498,8.39030479621
2010-04-21,15.6676785915,2.01896373602,3.25972795845
2010-05-07,15.6676785915,5.98762925755,2.7227977119
2010-05-07,15.6676785915,5.98080030267,2.73429766322
2010-05-23,15.6676785915,2.28031052323,3.46936735288
2010-05-23,15.6676785915,2.28201065,3.44871660425
2010-06-08,15.6676785915,3.31798970282,3.9297008912
2010-06-08,15.6676785915,3.32554255225,3.93693220756
2010-06-24,15.6676785915,4.99412380756,5.04008073844
2010-06-24,15.6676785915,4.9720056826,5.02155301594
2010-07-10,15.6676785915,6.50452399013,4.79476057684
2010-07-10,15.6676785915,6.48893875878,4.77150993886
2010-07-26,15.6676785915,6.54381066259,4.20010521122
2010-07-26,15.6676785915,6.50619199248,4.19076731875
2010-08-27,15.6676785915,6.10041174853,2.46496571226
2010-08-27,15.6676785915,6.08249095391,2.43755955668
2010-09-12,15.6676785915,3.12681546647,1.96462152478
2010-09-12,15.6676785915,3.10342105049,1.95400773873
2011-03-07,15.6676785915,2.69541749474,1.91569113875
2011-03-07,15.6676785915,2.6882956574,1.90013099521
2011-03-23,15.6676785915,3.5413052391,2.0367507804
2011-03-23,15.6676785915,3.55112993434,2.03146646878
2011-04-24,15.6676785915,2.00772985456,15.5716379491
2011-04-24,15.6676785915,2.00916191988,15.5777230916
2011-05-10,15.6676785915,1.81529770551,3.72700641015
2011-05-10,15.6676785915,1.81799639441,3.70174842256
2011-06-11,15.6676785915,15.6676785915,15.6676785915
2011-06-11,15.6676785915,15.6676785915,15.6676785915
2011-08-30,15.6676785915,12.8480112915,2.96329819064
2011-08-30,15.6676785915,12.8255334806,2.97425863223
2011-09-15,15.6676785915,7.05301839959,2.4956358349
2011-09-15,15.6676785915,7.03772576301,2.51225120305
2011-10-01,15.6676785915,2.90821353633,1.96748617138
2011-11-02,15.6676785915,3.9653755005,2.5367857646
2011-11-02,15.6676785915,3.99586829034,2.53823556558
2011-11-18,15.6676785915,14.8441310567,1.34205518449
2011-12-04,15.6676785915,12.4943785835,8.05327808075
2011-12-20,15.6676785915,15.6676785915,6.55528525744
2012-01-21,15.6676785915,15.628996921,7.19263119664
2012-01-21,15.6676785915,15.6262982029,7.17865577429
2012-02-22,15.6676785915,2.21810685753,1.96192157507
2012-02-22,15.6676785915,2.19841590687,1.92683949481
2012-03-09,15.6676785915,2.45570332132,2.16122326806
2012-03-09,15.6676785915,2.43352171026,2.14021277023
2012-03-25,15.6676785915,4.31319249093,2.82425818625
2012-03-25,15.6676785915,4.36350018016,2.84274642767
2012-04-10,15.6676785915,2.52111531716,2.19231276435
2012-04-10,15.6676785915,2.51026460336,2.17429376709
2012-04-26,15.6676785915,4.66611090462,4.0953191882
2012-04-26,15.6676785915,4.62806168259,4.04834129311
2012-05-12,15.0286036383,1.96532464457,4.70622616537
2012-07-31,15.6676785915,15.2599823506,3.02037028537
2012-07-31,15.6676785915,15.2586769549,3.02439493348
2012-08-16,15.6676785915,15.6676785915,15.3043217452
2012-08-16,15.6676785915,15.6676785915,15.318269005
2012-09-01,15.6676785915,15.6595827424,15.3691329856
2012-09-01,15.6676785915,15.6577836658,15.3621766936
2012-09-17,15.6676785915,4.59117822401,1.94914508814
2012-09-17,15.6676785915,4.59072370881,1.93205384522
2012-10-03,15.6676785915,8.5147096906,6.69950101463
2012-10-03,15.6676785915,8.51685142164,6.71840639132
2012-10-19,15.6676785915,8.5974836874,5.61029280514
2012-10-19,15.6676785915,9.04839176211,5.18771064708
2012-11-04,15.6676785915,8.12083407714,9.58110278866
2012-11-20,15.6676785915,1.83261306839,5.28177761598
2012-11-20,15.6676785915,1.83148778224,5.27055273664
2012-12-22,15.6676785915,1.98976733144,2.09415636151
2012-12-22,15.6676785915,1.97897283535,2.08516109448
2013-01-23,15.6676785915,2.09911662178,2.26823067629
2013-01-23,15.6676785915,2.10451419704,2.24484274318
2013-02-08,15.6676785915,4.60754863215,4.18513214955
2013-02-08,15.6676785915,4.62396625453,4.19514711039
2013-03-12,15.6676785915,1.70354235223,2.26962061248
2013-03-12,15.6676785915,1.69477287201,2.26687624381
2013-03-28,15.6676785915,2.19626766445,2.20579566415
2013-03-28,15.6676785915,2.20186238899,2.17106268436
2013-04-13,15.6676785915,2.61232875848,3.09333133801
2013-04-13,15.6676785915,2.59883241086,3.07635595701
2013-04-29,15.6676785915,9.52531881676,9.42501731722
2013-04-29,15.6676785915,9.47695223449,9.37730977224
2013-05-31,15.6676785915,5.02937365428,4.07901437743
2013-05-31,15.6676785915,5.01546450374,4.07878501902
2013-06-16,15.6676785915,7.49287358687,4.45947149771
2013-06-16,15.6676785915,7.50228570275,4.46029725594
2013-08-03,15.6676785915,12.4829534952,3.41607310831
2013-08-03,15.6676785915,12.4766101527,3.41351232939
2013-08-19,15.6676785915,1.99605771089,2.48845629418
2013-08-19,15.6676785915,1.99802626151,2.48054395017
2013-10-22,15.6676785915,15.3482068518,13.1008254309
2013-11-07,15.6676785915,15.6676785915,15.1734878355
2013-11-23,15.6676785915,1.62279441772,1.97591960727
2013-11-23,15.6676785915,1.63808674524,1.95541371426
2013-12-25,15.6676785915,12.2724324212,15.3677658792
2013-12-25,15.6676785915,12.282186279,15.3749481063
2014-01-10,15.6676785915,11.0690639146,1.79571428063
2014-01-10,15.6676785915,11.0673306887,1.8217126409
2014-01-26,15.6676785915,7.15928703935,6.38031296309
2014-01-26,15.6676785915,7.15236924848,6.40800161482
2014-02-11,15.6676785915,1.99386995815,2.052776755
2014-02-11,15.6676785915,1.99656849788,2.02737806906
2014-02-27,15.6676785915,2.02625338265,1.93403585529
2014-02-27,15.6676785915,2.01276033235,1.89895351862
2014-03-15,15.6676785915,2.0586371133,2.07401340383
2014-03-15,15.6676785915,2.04064630373,2.06041804569
2014-03-31,15.6676785915,2.37527753664,2.75705340157
2014-03-31,15.6676785915,2.37055400907,2.76402414773
2014-05-02,15.6676785915,1.75952575342,2.55178854717
2014-05-02,15.6676785915,1.77481804767,2.53019939466
2014-05-18,15.6676785915,2.06436204693,2.97391885982
2014-05-18,15.6676785915,2.07330097648,2.97423279188
2014-06-03,15.6676785915,2.62925092194,3.44518695341
2014-06-19,15.6676785915,3.60236101456,3.87292100206
2014-07-05,15.6676785915,4.57960788729,3.70164991053
2014-07-21,15.6676785915,15.631696856,3.89639801688
2014-08-06,15.6676785915,13.4560045112,8.38237065082
2014-08-06,15.6676785915,13.4243120436,8.33539889213
2014-08-22,15.6676785915,2.73738154486,2.23248649536
2014-08-22,15.6676785915,2.73098193763,2.23184117177
2014-09-07,15.6676785915,4.2511505777,2.08330191945
2014-09-07,15.6676785915,4.21369801412,2.0689655953
2014-09-23,15.6676785915,15.472253123,1.96512209893
2014-11-10,15.6676785915,15.6676785915,15.6676785915
2014-12-12,15.6676785915,15.6676785915,15.6676785915
2014-12-12,15.6676785915,15.6676785915,15.6676785915
2015-01-13,15.6676785915,3.26128125517,2.66284318903
2015-02-14,15.6676785915,14.3002973852,1.91055080833
2015-02-14,15.6676785915,14.2616326787,1.91917238218
2015-03-18,15.6676785915,13.8679476686,10.9429302804
2015-03-18,15.6676785915,13.8903697474,10.9405136641
2015-04-19,15.6676785915,1.89260502318,3.12703971043
2015-04-19,15.6676785915,1.90070076378,3.1396719868
2015-05-05,15.6676785915,5.36313047774,2.46523746694
2015-05-05,15.6676785915,5.36516254028,2.45777351383
2015-06-22,15.6676785915,3.53280297344,3.87641149965
2015-06-22,15.6676785915,3.48253770918,3.8150127868
2015-07-08,15.6676785915,3.94527519775,3.87303628722
2015-07-08,15.6676785915,3.93499884236,3.86611539359
2015-09-10,15.6676785915,1.78071964172,1.84767922491
2015-09-10,15.6676785915,1.78953147648,1.82519055005
2015-10-12,15.6676785915,1.81170066412,2.04698384824
2015-10-12,15.6676785915,1.81458268917,2.01798668829
2015-10-28,15.6676785915,1.63808678119,1.71094871069
2015-10-28,15.6676785915,1.65337909174,1.70735060547
2015-11-13,15.6676785915,7.72680564783,7.53750571185
2015-11-13,15.6676785915,7.69814280927,7.4865945439
2015-11-29,15.6676785915,1.57601797998,1.70824898578
2015-11-29,15.6676785915,1.58591270905,1.69655490601
2015-12-15,15.6676785915,15.6676785915,15.6536947361
2015-12-31,15.6676785915,2.66730825228,1.88146774735
2015-12-31,15.6676785915,2.6655797493,1.8636603547
2016-02-01,15.6676785915,10.4325755568,8.76734779907
2016-02-01,15.6676785915,10.3958143786,8.76243409945
2016-03-04,15.6676785915,1.6335888783,2.00043271193
2016-03-04,15.6676785915,1.63898613586,1.98274874594
2016-03-20,15.6676785915,15.6676785915,15.6133460477
2016-04-21,15.6676785915,15.6676785915,15.6676785915
2016-05-23,15.6676785915,1.82879137378,3.00983913554
2016-05-23,15.6676785915,1.82789175909,2.99628264492
2016-06-08,15.6676785915,2.21716861388,3.88426342524
2016-06-08,15.6676785915,2.20639928359,3.8800940735
2016-06-24,15.6676785915,2.5186419338,4.01255852888
2016-06-24,15.6676785915,2.51554470737,4.01851300725
2016-07-10,15.6676785915,14.5836841943,3.41548812513
2016-08-11,15.6676785915,14.149644052,2.27079360744
2016-08-11,15.6676785915,14.134718506,2.26770339528
2016-08-27,15.6676785915,1.7964063371,2.09644570093
2016-09-12,15.6676785915,1.66003904008,2.67150364507
2016-09-12,15.6676785915,1.64599902118,2.69286688266
2016-12-01,15.6676785915,0.0746634451294,15.6676785915
2016-12-17,15.6676785915,4.36441024982,2.52019700129
2016-12-17,15.6676785915,4.36498515213,2.55021047509
2017-01-02,15.6676785915,1.50675212817,1.62998832202
2017-01-02,15.6676785915,1.51664713275,1.62998853125
2017-01-18,15.6676785915,2.83813906263,2.53801777335
2017-01-18,15.6676785915,2.81763289083,2.52793943321
2017-03-07,15.6676785915,15.6623555421,15.3152133
2017-03-23,15.6676785915,2.02175634835,2.02276744718
2017-03-23,15.6676785915,2.02355537715,2.01239284457
2017-04-24,15.6676785915,15.6336556901,15.6676785915
2017-05-10,15.6676785915,1.97697741108,5.56904088804
2017-05-10,15.6676785915,1.97267735818,5.54178677994
2017-06-11,15.6676785915,2.04984118485,3.91427659227
2017-06-11,15.6676785915,2.05637794659,3.91919369215
2017-06-27,15.6676785915,2.54823314902,4.5903560748
2017-06-27,15.6676785915,2.51598336283,4.54025588855
2017-07-13,15.6676785915,15.6676785915,15.6676785915
2017-07-13,15.6676785915,15.6676785915,15.6676785915
2017-07-29,15.6676785915,2.73015051977,3.12998234168
2017-07-29,15.6676785915,2.71255820359,3.11387191173
2017-08-30,15.6676785915,15.6550848895,8.60324500564
2017-09-15,15.6676785915,15.6676785915,13.9342563701
2017-09-15,15.6676785915,15.6676785915,13.9335261297
2017-10-01,15.6676785915,2.67973675271,1.77841383929
2017-10-17,15.6676785915,14.0319270066,15.4117288222
2017-10-17,15.6676785915,14.0556261631,15.4047584034
2017-11-02,15.6676785915,1.58951100806,1.76941868311
2017-11-02,15.6676785915,1.59490819135,1.76291012576
2017-11-18,15.6676785915,2.39440375064,1.76851900452
2017-11-18,15.6676785915,2.40483120348,1.74423143225
2017-12-20,15.6676785915,1.97245116193,1.99467036672
2018-01-05,15.6676785915,1.93539963259,2.03748449036
2018-01-05,15.6676785915,1.94169632942,2.02288022012
2018-02-06,15.6676785915,2.13997208395,2.01409699945
2018-02-06,15.6676785915,2.15790674257,1.98330106027
2018-02-22,15.6676785915,14.3068743188,14.0002190515
2018-03-10,15.6676785915,1.93920920273,1.75845443569
2018-03-10,15.6676785915,1.95630048013,1.75575614162
2018-03-26,15.6676785915,15.2729438733,10.3429890742
2018-04-27,15.6676785915,15.6676785915,15.6676785915
2018-05-13,15.6676785915,15.6376061798,15.615999979
2018-05-13,15.6676785915,15.6435537345,15.6259089778
2018-05-29,15.6676785915,15.6601896501,15.6676785915
2018-06-14,15.6676785915,9.75582589188,4.40922802929
2018-06-14,15.6676785915,9.72646164381,4.44716835257
2018-06-30,15.6676785915,2.28092067045,3.38492756194
2018-07-16,15.6676785915,2.44687644133,3.47315120542
2018-07-16,15.6676785915,2.44589217483,3.44524761047
2018-08-17,15.6676785915,15.6676785915,15.6676785915
2018-08-17,15.6676785915,15.6676785915,15.6676785915
2018-09-02,15.6676785915,14.6439163693,10.5493568329
2018-09-18,15.6676785915,6.66238682169,4.52357281087
2018-09-18,15.6676785915,6.67176580348,4.51090925461
2018-10-04,15.6301986913,15.6301986913,15.5960156697
2018-10-20,15.6360049868,15.6360049868,15.6360049868
2018-11-05,15.6676785915,14.2852241338,15.6095892103
2018-11-21,15.6676785915,1.96998724566,3.56797453738
2018-12-07,15.6676785915,15.4600869659,14.9222760486
2019-01-08,15.6676785915,3.15862189454,2.4226339438
2019-02-09,15.5246193686,15.4665212873,14.6190930187
2019-02-25,15.5405110344,2.48148499427,2.6053810195
2019-02-25,15.5459081583,2.44207429116,2.57589021808
2019-03-13,15.5909972279,2.01077798651,2.06227606662
2019-03-13,15.5875261346,2.00807944293,2.05486819665
2019-03-29,15.6006132924,2.04514374184,2.07418228058
2019-03-29,15.597071649,2.03614840993,2.06366661984
2019-04-14,15.6323892745,2.16568366976,2.45422437781
2019-04-30,15.5704421628,2.33167419516,2.81783098526
2019-05-16,15.4547454473,1.92414342401,5.42550345142
2019-05-16,15.4496445785,1.92144465094,5.41352694518
2019-06-01,15.5318436698,1.9169471684,4.70063517699
2019-06-01,15.5276987762,1.92594264978,4.69234494545
2019-06-17,15.6122647178,2.22849912948,4.48884060102
2019-06-17,15.6064054859,2.23777314489,4.47695203601
2019-07-03,15.6446368362,8.57677790288,4.24825171707
2019-07-19,15.6236797856,2.68691438118,4.08404397158
2019-07-19,15.6231894638,2.66317702889,4.05896962279
2019-08-04,15.6112205822,3.37994305999,4.32164192053
2019-08-04,15.6106455996,3.32401223324,4.285138021
2019-08-20,15.5642829819,2.38616987444,2.32407913317
2019-09-21,15.1542368363,15.1533372945,3.00159383307
2019-09-21,15.1446524108,15.143752869,3.01760194953
2019-10-07,15.365966596,1.94102399261,2.05152434029
2019-10-07,15.3471046706,1.93833937146,2.03152264518
2019-10-23,15.4834069324,13.2718044925,1.92953908844
2019-10-23,15.4773077769,13.2638293459,1.9097490683