Date,Rarea,NDWI,MNDWI
2000-01-06,41.9261487956,10.372227516,10.708488942
2000-02-07,41.9261487956,8.81441173821,10.0379931057
2000-03-26,41.9261487956,30.1714058472,4.99911144271
2000-04-11,41.9261487956,28.6081160404,4.44674714782
2000-06-14,41.9261487956,41.9261487956,3.29037462485
2000-08-01,41.9261487956,31.6109014531,39.10960654
2000-08-17,41.9261487956,17.5998733298,30.6046124745
2000-09-02,41.9261487956,5.56992167644,5.69380105895
2000-11-05,41.9261487956,3.82463296033,5.1608449545
2000-12-23,41.9261487956,3.76699966883,5.99089878912
2001-01-08,41.9261487956,3.09544807518,6.14119778289
2001-01-24,41.9261487956,3.11535614909,4.82696349905
2001-03-29,41.9261487956,41.9261487956,41.9261487956
2001-04-30,41.9261487956,4.30882694901,2.13015575775
2001-06-01,41.9261487956,12.7918022822,2.07886042346
2001-08-20,41.9261487956,5.73319275266,7.80126583215
2001-11-08,41.9261487956,4.65660336381,5.38875850314
2001-12-10,41.9261487956,3.91433909402,6.29746374403
2001-12-26,41.9261487956,3.50786184296,6.43163670663
2002-02-12,41.9261487956,3.08580103082,4.49741503677
2002-04-17,41.9261487956,4.20786738346,2.97282912103
2002-05-19,41.9261487956,4.25457549394,2.32573656677
2002-07-22,41.9261487956,4.90054653638,3.33882378323
2002-09-08,41.9261487956,4.91956353035,8.33413347949
2002-10-26,41.9261487956,4.07661097607,7.6822271408
2002-12-29,41.9261487956,3.39335713912,6.28383745705
2003-02-15,41.9261487956,0.0,41.9261487956
2003-03-03,41.9261487956,40.5360416077,41.9261487956
2003-03-19,41.9261487956,8.4182226035,8.93645885234
2003-05-06,41.9261487956,7.7043446763,12.5061778959
2003-08-10,40.5086659098,10.081236946,26.9399725495
2003-08-26,41.2696818226,10.0357374667,27.8912039738
2003-09-27,41.669422835,7.64655764068,21.5757638606
2003-10-13,39.9168012812,6.26902689043,7.88775018084
2003-10-29,41.3094045811,5.48408673962,10.0341340947
2003-12-16,40.5199908866,0.0971910091553,0.916699841375
2004-02-02,40.6127621289,4.77663858904,10.2868327505
2004-03-05,40.528830996,9.96301444078,18.600780839
2004-03-21,41.3151990002,6.01365793166,6.52561276761
2004-04-06,41.046686433,8.52277376563,23.1495878825
2004-05-24,41.2712874869,5.54750732723,4.24752025047
2004-06-25,40.7885973996,4.54879387257,3.75494202065
2004-07-11,40.9266286113,6.28349083309,5.59462337412
2004-07-27,40.5558064821,6.18721463748,4.46284694022
2004-08-12,40.4779630774,4.17551577124,3.86366315869
2004-08-28,41.0027322625,4.27951315034,4.32889355918
2004-09-13,40.9781732147,25.9588671936,37.4211287654
2004-09-29,41.7406025803,17.9649615091,30.370391229
2004-10-15,39.7965836702,10.5356228947,31.7378439642
2004-10-31,40.7910534089,3.54988709373,7.74570850098
2004-11-16,39.9039734499,3.17698622471,4.43459073556
2004-12-02,40.4291246437,2.89232010327,5.20627302859
2005-01-03,40.2120549557,2.23627854504,7.36927676926
2005-01-19,39.4541193152,3.15959520288,10.9581996074
2005-02-20,40.5677878176,11.362429857,7.6915895927
2005-03-24,40.561598175,7.51293653256,8.08634653988
2005-04-09,39.6231705943,39.5986789722,39.6231705943
2005-05-11,40.4968399595,7.3833939699,7.27097810157
2005-05-27,40.575065234,7.22260240222,6.93133125721
2005-06-28,39.213734048,25.8784680664,18.3437806302
2005-07-14,40.3318952523,31.9248508536,33.6686863173
2005-07-30,40.759422572,6.31396544082,6.89175078876
2005-08-15,40.8066730116,7.42127921314,19.7681760036
2005-08-31,40.489714597,5.9743090851,6.83580165546
2005-09-16,40.0951755896,5.96682570699,6.70507562809
2005-10-02,41.570844078,6.14195409171,7.53017145286
2005-10-18,39.83966677,6.01791044314,8.81691032172
2005-11-03,40.3566586565,7.23259823851,10.9835625238
2005-11-19,40.3274268299,4.18403836729,13.2168258478
2005-12-05,39.7806380648,3.57085776025,5.54854751722
2005-12-21,38.4412281658,3.09030070471,6.45259488919
2006-01-06,39.563987814,3.3502231312,6.2245546248
2006-02-07,40.4431348133,3.21718994391,8.50759858654
2006-03-11,40.424557821,5.80918399792,7.10208553486
2006-04-12,39.7311147545,3.8427356787,3.03898696031
2006-04-28,40.174332956,3.91927147351,2.81602134919
2006-05-14,41.1351484513,5.7930077291,2.72626767944
2006-05-30,41.4014976173,3.84788962258,2.57913369264
2006-06-15,41.3391011553,27.030973306,3.48086375034
2006-07-01,40.9852777647,3.71877929429,2.47217929848
2006-07-17,40.011821957,3.63812606739,2.77072986826
2006-08-02,39.9569940492,0.0,39.9569940492
2006-08-18,40.7745588812,4.40765656168,6.06079365727
2006-09-03,41.2765247414,6.19278116332,7.08608603273
2006-10-05,39.088012916,6.01671493736,7.01000709855
2006-10-21,40.1877116371,6.4916633783,8.88921512383
2006-11-06,41.1244587949,5.2294092572,13.8554688537
2006-12-08,41.4959198854,5.36152811727,8.98822780694
2006-12-24,41.0007732787,5.35000053204,8.86532801513
2007-01-09,39.9978262732,5.24921028271,8.91988413383
2007-01-25,39.6349435311,5.15921850311,7.13669912405
2007-03-14,41.0467957301,7.7451158453,8.88147406785
2007-03-30,41.1762580162,7.89272843773,9.12406998811
2007-04-15,41.9218081856,7.58559452677,7.89109557561
2007-05-17,41.4403663438,7.5856178255,7.37316385398
2007-06-02,40.9459504527,10.545481779,8.22939835731
2007-07-04,41.7153245007,9.32746772394,9.0954374256
2007-07-20,41.7342433367,37.9603066709,40.5974215646
2007-08-05,41.7110085386,8.0162429721,11.2501274104
2007-08-21,41.6377113978,41.5359921224,41.6377113978
2007-09-06,41.5367255559,34.5449907246,40.6113873496
2007-10-08,40.3734251939,7.09156211549,8.92105579633
2007-10-24,41.4088803549,8.25580570054,13.7993720117
2007-11-09,41.8793654025,14.9441482204,19.3312812866
2007-12-27,41.9261487956,11.2003803843,8.83256162307
2008-02-13,41.7081112351,6.23326745766,10.3320806323
2008-02-29,41.2068127027,8.86693586018,10.0510845866
2008-03-16,40.9879635234,7.25575377486,8.20902959743
2008-04-01,41.7285052339,6.78995968667,7.11704479203
2008-04-17,41.9261487956,6.88412486992,6.84800050149
2008-05-03,41.9261487956,6.68046395492,6.55938311456
2008-05-19,41.9261487956,7.16679223927,6.69823836427
2008-06-04,41.9261487956,7.41980168361,6.57752128417
2008-06-20,41.9088745426,6.30332619962,6.08852921993
2008-08-23,41.7757053692,7.3034721614,11.2410622252
2008-09-08,41.9261487956,7.15378525602,7.93955527258
2008-10-10,40.0679210038,6.90750763909,8.64832229126
2008-10-26,40.5153252509,7.65714971293,11.9264701506
2008-11-27,41.0403943544,5.84291430126,7.76944230559
2008-12-13,40.9137616025,5.44988832233,8.67580508061
2009-01-30,39.3912801195,5.04929967432,16.6099148074
2009-02-15,39.6661314066,8.24008904392,11.0252553878
2009-03-03,40.5893258965,32.2795356944,40.5893258965
2009-03-19,41.3001478865,7.20411902567,8.49664412636
2009-04-04,41.7692544017,6.81108747555,7.18876001307
2009-04-20,41.9261487956,7.71834972901,8.47502753986
2009-05-06,41.9261487956,7.47953206926,7.68543298045
2009-05-22,41.9261487956,7.42470640135,7.31681803288
2009-06-07,41.9261487956,7.23181370901,7.03766303834
2009-06-23,41.9261487956,7.06565076161,6.69376662888
2009-07-09,41.7971615615,18.4617495719,8.11556643938
2009-07-25,41.3800873033,7.09283536552,6.85594791406
2009-08-10,40.6197184127,20.5108222351,32.9504338263
2009-09-11,41.6592100656,6.40648798914,10.052720248
2009-09-27,41.9215682147,22.2206178384,36.6688399871
2009-10-13,40.0647060569,5.6884464439,7.47177007803
2009-10-29,40.1856862336,6.47939197429,9.02903991121
2009-11-14,40.030226781,3.58975592871,10.4257256494
2010-01-01,40.9920074705,2.94723659178,5.3671508595
2010-01-17,41.759126181,2.28847467523,12.7743910604
2010-02-02,41.9261487956,2.15618758771,7.45633914609
2010-02-18,41.9261487956,32.0452169199,37.8837659797
2010-04-07,41.9261487956,4.43534695492,4.18197508823
2010-04-23,41.9261487956,4.557100386,3.81357304513
2010-05-09,41.2921301881,4.46820214031,3.61429936179
2010-05-25,40.4103534554,3.92751207412,3.19775467616
2010-06-10,40.2829227797,3.96279909257,2.82826725489
2010-06-26,40.4535317977,3.86545201171,2.54029397107
2010-07-12,40.536390436,4.01181132432,2.64570414659
2010-08-29,41.3043017034,6.8909157309,7.82476234742
2010-09-14,41.8096646784,7.11252250125,10.5205058642
2010-09-30,40.478386829,7.24908566492,9.73046814294
2010-10-16,39.8659026143,7.29156897816,9.92146938441
2010-11-01,39.0254013857,6.21002389079,10.6277270634
2010-11-17,39.8075802513,0.0,39.8075802513
2010-12-03,39.7933514276,5.80806047418,13.7328785224
2010-12-19,39.4971890792,5.31760373755,8.02950554611
2011-01-04,39.9106795624,0.0134990690308,0.788389073667
2011-03-09,40.3274137494,6.88108215692,7.36471665144
2011-03-25,40.1457760895,6.16250890143,6.53628084041
2011-04-26,40.5750368404,6.52452393841,6.42643577744
2011-05-12,40.3404924586,6.42277176367,6.30023415245
2011-05-28,40.6507703653,6.93771487262,6.45842263086
2011-06-13,40.7937779068,7.06274766925,5.95663408989
2011-08-16,40.6481271974,11.0758052139,40.6481271974
2011-09-17,41.0891229738,7.11789364603,8.85981736631
2011-10-03,41.9226621906,7.46567015498,11.1715497516
2011-10-19,40.1211147887,7.17582631292,9.8966676823
2011-11-04,39.3522133013,39.3522133013,39.3522133013
2011-11-20,40.5784251681,6.23432154289,12.498612138
2011-12-06,40.7355101163,5.97004527869,13.0774769993
2011-12-22,41.1979865754,5.65777060199,9.72836432941
2012-01-23,40.3587836154,0.0530960715942,37.6326740343
2012-02-08,41.057863077,5.04492577649,13.1627838335
2012-02-24,41.2458189169,7.19980682564,9.13361626665
2012-04-12,40.7409801992,5.27761902086,5.14473202899
2012-05-14,41.1464963454,5.25754512504,4.02621280072
2012-05-30,41.9261487956,5.63421644322,3.63834831055
2012-06-15,39.8291147206,5.96269979429,2.99580823071
2012-07-01,39.0553510966,7.73697309392,2.48465513672
2012-07-01,39.0653844356,7.73660236713,2.48735480353
2012-07-17,39.4843158813,4.35567267473,2.52839990374
2012-08-02,38.932850392,38.9244018274,38.9217021006
2012-08-18,39.3257839504,4.31916366267,4.87303662761
2012-09-19,39.0875726825,4.81801551189,5.34533660512
2012-10-05,39.5999141988,5.38878744737,6.7030272595
2012-11-06,39.516653215,6.92568755419,9.05929509053
2012-11-22,40.5282808709,4.35828632001,9.69501708703
2012-12-08,39.8767359032,4.23683641918,10.7878182258
2012-12-24,40.8922666977,3.84190179031,7.01219125288
2013-01-09,40.5428593818,4.14415658838,6.36321453675
2013-01-25,40.6700528748,3.8700464294,8.84391622659
2013-02-10,40.9683489251,5.59195105609,10.5617265204
2013-04-15,40.8662575591,7.39104650146,12.0923575519
2013-05-01,40.916518028,30.1903054862,39.3352526195
2013-05-17,41.5012802658,7.390652435,7.38953290193
2013-06-02,41.0006221219,7.74372279849,7.42381421876
2013-06-18,41.2767965564,7.01893895245,6.86357059232
2013-07-04,40.8943877694,6.81068199626,6.84159440169
2013-08-05,41.1904451658,15.8392693728,21.6471457155
2013-08-21,38.6615095163,6.53820341316,7.3730396598
2013-09-06,39.0070177624,6.38959678313,10.5236760301
2013-09-22,39.1468410174,6.74400627209,10.8450187491
2013-10-08,40.1486590426,40.0387872974,40.1315602973
2013-10-24,40.4875477944,9.35316267896,18.0601301483
2013-11-09,40.3588682905,6.262218848,13.0178811342
2013-11-25,40.4209546352,6.21992298661,12.5957598507
2013-12-11,40.4851057684,0.00449960327148,40.4851057684
2013-12-27,40.5660204374,5.45169038519,9.25818198116
2014-01-12,41.0267193306,5.60287778326,7.88769585326
2014-01-28,41.9261487956,4.77765158881,16.3398553456
2014-02-13,41.9234103264,5.49627444581,9.75859719762
2014-03-01,39.8785049374,39.8785049374,39.8785049374
2014-03-17,40.0755332146,8.79242831682,15.8020804329
2014-04-02,39.8252820247,0.0,39.8252820247
2014-04-18,40.2831026479,0.521706748352,40.2831026479
2014-05-04,40.3507794503,7.42512721773,11.3918535423
2014-05-20,40.8528401825,8.21144573274,7.92036919942
2014-06-05,40.4022964071,7.17869470053,7.18727629743
2014-06-21,39.7192478799,23.5311577946,32.3268988895
2014-07-07,40.3899805051,6.70149619398,6.49799322533
2014-07-23,40.245412395,30.3564198799,30.2028593532
2014-08-08,40.7593523614,40.0553437735,40.7593523614
2014-08-24,39.8056505688,6.00572337515,7.07043656841
2014-09-09,40.0607077473,6.98493302679,8.62980674466
2014-09-25,38.7360212158,9.84000376857,20.6158391394
2014-10-11,39.1541611852,6.8152544258,9.33896455441
2014-10-27,39.5175847755,7.66193059034,12.2685401601
2014-11-12,40.1251727442,7.93069776162,10.9593976742
2014-11-28,39.7590771436,4.70386044965,21.1159133396
2014-12-30,39.7911280068,0.0,39.7911280068
2015-01-15,39.9233561978,5.13401870911,15.1346765095
2015-01-31,40.8186788451,5.11961880316,12.5973193395
2015-03-04,39.7695855618,18.38513821,31.0012466139
2015-03-20,39.5705284056,7.14307825968,9.20943488015
2015-04-05,39.3191294733,9.06981762204,13.9403467864
2015-04-21,39.2768312044,7.02033731484,7.63818635299
2015-05-07,39.6836451862,7.13012783486,8.03696462945
2015-05-23,39.9401645477,7.15279536255,7.2923277251
2015-06-08,40.3448292035,7.25408056286,7.26084739961
2015-07-10,40.1960859641,40.1960859641,40.1960859641
2015-08-11,40.1939793798,6.79751801085,9.60662216414
2015-08-27,39.9337661104,7.25789878257,11.1636945528
2015-09-12,40.4374392713,6.99268034447,8.04673641486
2015-09-28,41.1027206007,7.35150484023,9.40405741469
2015-10-14,39.0274944682,39.0274944682,39.0274944682
2015-10-30,38.9281989376,7.41340202071,10.8698319556
2015-11-15,39.5024798603,6.33968409829,11.7059827401
2015-12-01,39.0815073383,6.29641617295,15.0300244305
2015-12-17,40.1367550494,6.48409036614,10.0671964764
2016-01-02,40.3024844225,0.0,6.86933784208
2016-01-18,41.0682949596,0.0,41.0682949596
2016-02-03,40.8264710581,6.74907465275,13.0423297474
2016-03-22,39.7901613294,7.18725776587,7.79296760992
2016-04-07,39.2395654964,7.03120781916,7.72743550777
2016-04-23,40.2353192931,7.21542237017,7.36822798576
2016-05-09,40.1535360424,9.71086276165,13.2100585803
2016-05-25,40.0857567248,7.23458760828,7.05294766175
2016-06-10,40.4139212611,12.3680100275,9.53340172078
2016-06-26,40.2639361962,7.11120595986,6.59442410758
2016-07-12,39.4420045513,27.5678709745,26.5431173486
2016-07-28,39.6645285545,20.4432861676,28.536037691
2016-08-13,39.6906228871,7.69743614881,11.6252513185
2016-08-29,40.2909617875,6.75830704838,7.27432204971
2016-09-14,40.68778679,6.95359297704,8.14856484867
2016-09-30,41.4573021137,7.70429115276,13.6433040823
2016-10-16,41.7096321103,7.18183691886,8.98046055534
2016-11-01,41.4666962281,8.42895330601,12.3167453266
2016-11-17,40.8831966691,5.25280584418,15.353154611
2016-12-03,41.437924021,4.96393064728,13.7194821263
2016-12-19,41.5460987733,0.0,7.09076710507
2017-01-04,41.3944856042,0.0,41.3944856042
2017-01-20,40.9277120935,0.0296969990845,40.9277120935
2017-02-05,41.3785344375,0.418458421814,40.3633681518
2017-02-21,39.4301721838,7.85466869702,9.31292836446
2017-03-09,39.8473632741,39.0364547016,39.5874423934
2017-04-10,39.9208529042,4.72831171725,4.23592105684
2017-04-26,40.58538041,5.11718440384,4.17425555229
2017-05-12,40.804004979,5.36223070041,3.79014787498
2017-05-28,40.921137413,5.16778663829,3.37461101759
2017-06-13,41.4296909404,5.06506331115,3.21483690442
2017-06-29,41.5377032176,37.8523131791,37.0282839371
2017-07-15,41.4534976732,4.70155618745,5.57721242907
2017-08-16,40.7533001392,4.80098477758,4.86769744902
2017-09-01,40.9845613011,5.68668316268,9.58439957426
2017-09-17,40.9188788484,5.18322438139,5.84735854569
2017-10-03,41.5864456142,5.28878015453,6.97739509543
2017-10-19,41.9261487956,5.46313878171,9.05879642465
2017-11-04,41.9261487956,14.4527951277,18.0870283417
2017-11-20,41.9261487956,3.44666531512,10.2177718218
2017-12-06,41.9261487956,3.18748949976,10.280419191
2017-12-22,41.9261487956,3.37596355944,5.65296218057
2018-01-07,41.9261487956,3.11639543329,5.7321593227
2018-01-23,41.6455034075,0.0,41.6455034075
2018-02-08,40.7607250367,2.72763332031,9.77505210353
2018-03-12,41.4163935325,4.93723558925,23.8492054852
2018-03-28,41.5445954126,3.83177193849,4.25820506537
2018-04-13,41.5609134514,3.73984077615,3.41381668011
2018-04-29,41.2979035771,3.94121910852,3.54353328204
2018-05-31,41.5489464189,3.95851971766,3.63046844199
2018-06-16,41.6059822874,41.5881247998,40.0194764975
2018-07-02,41.340463372,3.81066785303,2.72088030198
2018-07-18,41.262200412,39.6435977607,41.262200412
2018-08-03,41.5748106209,4.60804692844,5.45455713397
2018-08-19,41.6321567412,5.11930384824,18.3802984714
2018-09-04,41.6844564445,6.58337682212,17.3263610725
2018-09-20,41.6274844488,5.86509525984,7.36317136202
2018-10-06,41.4846869476,5.98614617241,7.69436250611
2018-10-22,41.4899202746,6.10820612859,8.8709481787
2018-11-07,41.8749471205,6.47795810465,9.69678979542
2018-11-23,41.9261487956,4.71105253992,11.2150891807
2018-12-25,41.9261487956,3.99291550177,7.37739061554
2019-01-10,41.9170687962,0.0,41.9008700083
2019-01-26,41.7522058729,4.3834802381,12.3369911597
2019-02-11,41.8493550381,0.0,22.3726898092
2019-02-27,41.9261487956,7.7373466846,11.6281934926
2019-03-15,41.9261487956,7.9954285943,10.574761635
2019-03-31,41.9261487956,7.65679708518,8.56802039774
2019-04-16,41.9261487956,41.9261487956,41.9261487956
2019-05-02,41.9261487956,7.51728548741,8.16164590108
2019-05-18,41.9261487956,7.48990281486,7.54239121513
2019-06-03,41.9261487956,7.48282046718,7.69154726392
2019-06-19,41.9261487956,8.47513257822,8.41855740378
2019-07-05,41.9261487956,9.1401502223,7.20069741214
2019-07-21,41.9261487956,9.77223659944,10.1139349307
2019-08-06,41.9261487956,30.458039505,35.2076724704
2019-08-22,41.9261487956,6.89069115212,8.53475712834
2019-09-07,41.9261487956,6.97039894291,8.40815221481
2019-09-23,41.9261487956,16.2472724832,26.6271778836
2019-10-09,41.9261487956,7.11794414007,10.3674336917
2019-10-25,41.9261487956,7.30550242702,11.6799314916