Date,Rarea,NDWI,MNDWI
2000-02-14,10.7807049238,4.38744312639,2.97113576938
2000-03-17,10.7807049238,9.94736668124,2.36539099173
2000-04-18,10.7807049238,10.3979009566,1.94678996667
2000-05-20,10.7807049238,10.5392776252,1.90810644641
2000-06-21,10.7807049238,10.6127499826,2.3417298504
2000-08-24,10.7807049238,9.92235651281,2.22382030065
2000-10-11,10.7807049238,10.2762616521,3.10508983893
2000-11-28,10.7807049238,4.70275004911,3.46175560599
2001-01-15,10.7807049238,4.88634168492,3.53205332679
2001-03-04,10.7807049238,3.65838656631,2.1230861391
2001-04-21,10.7807049238,10.4292904332,1.88381598773
2001-05-23,10.7807049238,10.7803697715,1.98097666504
2001-08-11,10.7807049238,10.4825185933,3.67751459731
2001-08-27,10.7807049238,9.95708954977,3.53154145834
2001-10-30,10.7807049238,10.72179539,9.40980750932
2002-01-02,10.7807049238,5.75893384764,4.24119999053
2002-01-18,10.7807049238,5.21954863323,3.71733141075
2002-03-23,10.7807049238,10.1118477127,2.02507754496
2002-04-24,10.7807049238,10.7370568352,1.84610919557
2002-05-26,10.7807049238,2.38195024295,1.71734201799
2002-08-30,10.7807049238,10.7807049238,10.7807049238
2002-09-15,10.7807049238,10.0050478862,3.8325428155
2003-02-22,10.7807049238,4.51991490212,4.23447011196
2003-03-10,10.7807049238,4.06753673298,3.9530385733
2003-04-27,10.7807049238,3.71853434375,3.72311029347
2003-05-13,10.7807049238,3.74152934132,3.73888015294
2003-05-29,10.7807049238,3.8041641471,3.77360195247
2003-08-01,10.7807049238,10.7807049238,10.7807049238
2003-09-02,10.7807049238,3.81968130889,3.97777112597
2003-09-18,10.7807049238,4.1331225872,5.28345091505
2003-10-20,10.7807049238,3.69908846342,4.86727611558
2004-01-24,10.7807049238,3.43170470644,5.26331400501
2004-02-25,10.7807049238,4.29692572882,4.17645969491
2004-03-12,10.7807049238,4.19283161443,4.56231203554
2004-03-28,10.7807049238,3.24895137983,2.39067094668
2004-04-13,10.7807049238,3.17158352894,2.21398099329
2004-04-29,10.7807049238,2.63107532062,10.7807049238
2004-05-15,10.7807049238,3.23885791064,2.3534257066
2004-05-31,10.7807049238,3.49859638576,2.41550007025
2004-06-16,10.7807049238,5.45023134323,2.45418461627
2004-07-02,10.7807049238,3.73041621042,2.99829293054
2004-07-18,10.7807049238,9.28878293092,8.96528097682
2004-08-19,10.7807049238,4.31379685107,3.88958480026
2004-09-04,10.7807049238,3.70654269244,3.74069977278
2004-09-20,10.7807049238,4.6476488388,4.57741638602
2004-10-22,10.7807049238,4.40627207959,4.57424438746
2004-11-07,10.7807049238,5.05685372074,4.90304172541
2004-11-23,10.7807049238,2.98991458629,5.69540955315
2004-12-09,10.7807049238,5.34694658793,5.1081893959
2004-12-25,10.7807049238,3.58816573599,4.24256733227
2005-01-10,10.7807049238,3.95602762438,4.38538225884
2005-01-26,10.7807049238,0.0,10.7807049238
2005-03-15,10.7807049238,10.7807049238,10.7807049238
2005-03-31,10.7807049238,4.19883502831,4.31027490068
2005-04-16,10.7807049238,4.11966785528,4.26630629473
2005-05-02,10.7807049238,10.7807049238,10.7807049238
2005-05-18,10.7807049238,4.17724391369,4.25011337914
2005-06-03,10.7807049238,4.20712914995,4.25250192092
2005-06-19,10.7807049238,4.21904638806,4.25808293253
2005-07-05,10.7807049238,5.05014211162,5.04054254845
2005-07-21,10.7807049238,4.41160856125,4.76248267732
2005-08-06,10.7807049238,4.21772702581,4.27548312937
2005-08-22,10.7807049238,4.85638674307,4.72713697092
2005-09-07,10.7807049238,6.120272979,10.7807049238
2005-09-23,10.7807049238,4.36353326041,5.21605742863
2005-10-09,10.7807049238,4.53946160056,5.07908883515
2005-10-25,10.7807049238,10.4313127925,8.74763950825
2005-11-26,10.7807049238,3.74745722578,7.99009958614
2005-12-12,10.7807049238,4.64155789748,6.1524925548
2005-12-28,10.7807049238,4.26025082118,5.47473923599
2006-01-13,10.7807049238,3.9773591147,6.26063292759
2006-01-29,10.7807049238,10.7807049238,10.7807049238
2006-03-02,10.7807049238,9.26990968822,10.7807049238
2006-04-03,10.7807049238,10.7807049238,10.7807049238
2006-04-19,10.7807049238,3.79068049484,3.58137397339
2006-05-05,10.7807049238,3.73761718453,3.53212042919
2006-05-21,10.7807049238,6.77177536271,3.43892510512
2006-06-06,10.7807049238,3.87499142194,3.51514030821
2006-06-22,10.7807049238,5.62334652326,3.4971898066
2006-07-08,10.7807049238,8.81317086849,3.68220316423
2006-07-24,10.7807049238,10.7807049238,10.7807049238
2006-08-09,10.7807049238,3.7803618512,3.78119069287
2006-08-25,10.7807049238,4.74421814479,4.920343093
2006-09-10,10.7807049238,3.94833752606,4.38956350254
2006-09-26,10.7807049238,5.36064735196,6.61836825757
2006-10-12,10.7807049238,4.51275639248,5.02313778003
2006-10-28,10.7807049238,5.23427507219,5.78950856273
2006-11-13,10.7807049238,5.53937184329,6.02517283935
2006-11-29,10.7807049238,3.74412603341,6.86475169406
2006-12-15,10.7807049238,0.0,0.0408433316947
2006-12-31,10.7807049238,0.624343713135,10.6218721129
2007-01-16,10.7807049238,4.13241633916,6.29310868805
2007-02-01,10.7807049238,3.85913742299,5.78916117108
2007-02-17,10.7807049238,5.42004391083,5.60096851764
2007-03-05,10.7807049238,4.77608354336,4.84226555033
2007-04-22,10.7807049238,4.14395812975,4.2823870778
2007-05-08,10.7807049238,4.27624491449,4.33386326859
2007-05-24,10.7807049238,4.16734803485,4.22751008086
2007-06-09,10.7807049238,4.16734831164,4.20591917351
2007-06-25,10.7807049238,4.77398596745,4.47027816068
2007-07-11,10.7807049238,4.51105268484,4.63446958356
2007-07-27,10.7807049238,4.24111742803,4.30777417331
2007-08-12,10.7807049238,4.77175169157,4.45575685313
2007-08-28,10.7807049238,5.41227759819,4.73642014622
2007-09-13,10.7807049238,5.24979920083,4.92904216074
2007-09-29,10.7807049238,4.4467599886,4.68663666468
2007-10-15,10.7807049238,5.24898711003,5.17589979454
2007-10-31,10.7807049238,5.31581013494,5.30096927796
2007-11-16,10.7807049238,6.08072279399,5.95416834857
2007-12-02,10.7807049238,0.601001452928,10.2645889271
2008-01-03,10.7807049238,0.0575770499268,7.29521759909
2008-01-19,10.7807049238,4.57509387075,5.90784713122
2008-02-04,10.7807049238,0.497800499357,10.7527073645
2008-02-20,10.7807049238,5.58475618663,5.28539714594
2008-03-07,10.7807049238,9.40253066755,9.09509327126
2008-03-23,10.7807049238,4.21262605564,4.12887615742
2008-04-24,10.7807049238,4.08260385734,4.09339937266
2008-05-10,10.7807049238,7.76211587599,2.91762938979
2008-05-26,10.7807049238,4.2263710109,4.2618023951
2008-06-11,10.7807049238,8.81575670871,5.722969076
2008-06-27,10.7807049238,4.29799181742,4.32377042247
2008-07-13,10.7807049238,5.08523640542,4.96741691074
2008-07-29,10.7807049238,4.73643181686,5.14853433646
2008-08-14,10.7807049238,4.21862691473,4.83250019589
2008-08-30,10.7807049238,4.20603221844,4.84497848806
2008-09-15,10.7807049238,4.26211884471,4.9289969532
2008-10-01,10.7807049238,4.97222066934,5.71947184945
2008-10-17,10.7807049238,4.61686774695,5.18141787126
2008-11-02,10.7807049238,5.3147420584,5.81409860994
2008-11-18,10.7807049238,3.87880166456,7.31524017987
2008-12-04,10.7807049238,4.40919326893,5.04324631598
2009-01-05,10.7807049238,4.57175002,5.16471020346
2009-01-21,10.7807049238,3.924086296,4.79742158991
2009-02-06,10.7807049238,4.03534373776,5.4160729432
2009-03-10,10.7807049238,4.16955722019,4.29707075939
2009-03-26,10.7807049238,9.6200223865,10.7807049238
2009-05-13,10.7807049238,3.96066783247,3.93034525995
2009-05-29,10.7807049238,3.91145322583,3.86890630994
2009-06-30,10.7807049238,7.00726086362,6.08471908158
2009-07-16,10.7807049238,4.45400008864,3.7023551933
2009-08-01,10.7807049238,6.70067249669,3.80487370119
2009-08-17,10.7807049238,10.232745251,10.7807049238
2009-09-02,10.7807049238,10.7807049238,10.7807049238
2009-09-18,10.7807049238,4.42714321297,3.82342214299
2009-10-04,10.7807049238,4.9207772656,4.26379578664
2009-10-20,10.7807049238,5.27889519703,4.61359164765
2009-11-05,10.7807049238,10.2616915842,10.5295426853
2009-11-21,10.7807049238,2.73321493021,4.41575869839
2009-12-07,10.7807049238,2.40156703646,6.10377694505
2009-12-23,10.7807049238,2.58421373392,3.09754260424
2010-01-08,10.7807049238,2.24277465909,2.92287671597
2010-02-09,10.7807049238,0.269886605286,4.98030269692
2010-03-13,10.7807049238,8.39027961547,10.5638271107
2010-04-14,10.7807049238,2.92365074693,1.51046796216
2010-05-16,10.7807049238,10.1235580828,9.25964869921
2010-06-01,10.7807049238,2.86110087683,1.74257319244
2010-06-17,10.7807049238,2.97349615621,2.19690353854
2010-07-03,10.7807049238,3.11189898004,2.369619271
2010-07-19,10.7807049238,4.9323542765,2.19756250685
2010-08-20,10.7807049238,10.694863565,10.6655357304
2010-09-05,10.7807049238,4.13977041856,4.74884851778
2010-09-21,10.7807049238,4.17954803934,4.910834547
2010-10-07,10.7807049238,4.60568109458,5.85921311029
2010-10-23,10.7807049238,4.58691922122,5.64716180725
2010-11-08,10.7807049238,4.04378915656,5.55867120263
2010-12-26,10.7807049238,4.03054960957,5.38254253846
2011-01-11,10.7807049238,4.09533733613,5.14962778297
2011-01-27,10.7807049238,4.10055436614,5.88587034418
2011-04-01,10.7807049238,4.04212080344,4.36643734105
2011-04-17,10.7807049238,5.05574286491,6.09644096301
2011-05-03,10.7807049238,4.01241911083,3.99091286822
2011-05-19,10.7807049238,4.0609987957,4.00260815539
2011-06-04,10.7807049238,4.06198314288,3.96032570587
2011-06-20,10.7807049238,4.04999521582,3.93844215863
2011-07-06,10.7807049238,4.2171146033,4.20030046321
2011-07-22,10.7807049238,4.03650101557,4.06221331128
2011-08-07,10.7807049238,4.55818492324,5.28984849198
2011-08-23,10.7807049238,4.00980485083,4.2592086978
2011-09-08,10.7807049238,4.05020319603,4.76901868567
2011-09-24,10.7807049238,4.1289183521,4.56251342424
2011-10-10,10.7807049238,4.26688562663,5.05619007668
2011-10-26,10.7807049238,4.60998189424,5.34460699831
2011-11-11,10.7807049238,3.94971343443,4.54126172837
2011-11-27,10.7807049238,3.82212561634,5.29443636462
2011-12-13,10.7807049238,4.00422820956,5.08612174785
2011-12-29,10.7807049238,3.87961004351,5.16192917398
2012-01-30,10.7807049238,3.63776552298,5.61150699137
2012-02-15,10.7807049238,4.80914161581,4.93016842578
2012-03-02,10.7807049238,4.94567392511,4.84350062975
2012-03-18,10.7807049238,5.85726248154,4.5537023504
2012-04-03,10.7807049238,3.74973545226,2.7385756866
2012-05-05,10.6335214458,3.69215976097,3.42881646493
2012-05-21,10.7601727266,3.76592879234,3.60986543038
2012-06-06,10.7807049238,3.79420917913,3.55469476107
2012-06-22,10.7807049238,4.1367841156,3.34055631177
2012-07-08,10.7807049238,10.754171487,10.7793148833
2012-07-24,10.7807049238,6.08111637706,2.65136368626
2012-08-09,10.7807049238,8.07811819565,5.10712268458
2012-08-25,10.7807049238,5.76217810854,3.37567638364
2012-09-26,10.7807049238,3.70543446342,4.12813866407
2012-10-12,10.7807049238,4.04985359392,4.50256306568
2012-10-28,10.7807049238,4.74924859171,5.17367639319
2012-11-13,10.7807049238,2.52255653839,6.0688961394
2012-11-29,10.7807049238,2.38920577401,4.62339014918
2012-12-31,10.7807049238,2.96508342356,3.47689289602
2013-01-16,10.7807049238,2.41909796698,5.54573554453
2013-02-01,10.7807049238,0.0,10.7807049238
2013-02-17,10.7807049238,4.80683649932,4.66413502367
2013-03-05,10.7807049238,4.4859642562,4.47438274148
2013-03-21,10.7807049238,4.28028116298,5.21095056561
2013-05-08,10.7807049238,5.43568693446,6.36174997472
2013-05-24,10.7807049238,4.2006343532,4.23290806456
2013-06-09,10.7807049238,4.21893737474,4.21761454015
2013-06-25,10.7807049238,4.80460859393,4.24932766793
2013-07-11,10.7807049238,5.2068168554,4.64233062103
2013-07-27,10.7807049238,7.65934871194,5.33406986332
2013-08-12,10.7807049238,5.09088267422,4.66918630853
2013-08-28,10.7807049238,8.9891383129,9.91110817488
2013-09-13,10.7807049238,4.48656806562,5.57102171458
2013-09-29,10.7807049238,4.93834688397,5.63060919462
2013-10-15,10.7807049238,4.64382861141,5.02907346009
2013-10-31,10.7807049238,6.04018872265,6.74694893522
2013-11-16,10.7807049238,3.86489446232,7.54282559005
2013-12-02,10.7807049238,0.0,10.6852943333
2013-12-18,10.7807049238,3.95481532722,5.54253180516
2014-01-03,10.7807049238,4.63493608038,5.25118703096
2014-01-19,10.7807049238,3.86999989044,6.7058288382
2014-02-04,10.7807049238,3.83292081361,7.22678805093
2014-02-20,10.7807049238,6.06430890355,6.13201543425
2014-03-08,10.7807049238,4.66561758366,4.68829598519
2014-04-09,10.7807049238,4.19523668121,4.30847578569
2014-04-25,10.7807049238,4.18624037603,4.3584568079
2014-05-11,10.7807049238,4.16199255811,4.29020117997
2014-05-27,10.7807049238,4.19529310123,4.24371759865
2014-06-12,10.7807049238,4.50584835906,4.36954716283
2014-06-28,10.7807049238,4.32017176238,4.31477380876
2014-07-14,10.7807049238,4.86967681211,4.33546527629
2014-07-30,10.7807049238,6.74871295568,7.09716956868
2014-08-31,10.7807049238,4.19793544891,4.39124081017
2014-09-16,10.7807049238,4.24831403771,4.58612866181
2014-10-02,10.7807049238,5.20592802233,5.42875810717
2014-10-18,10.7807049238,4.63494844897,5.34517738097
2014-11-19,10.7807049238,4.11813673022,6.20945379608
2014-12-05,10.7807049238,4.2103048774,6.20265240666
2014-12-21,10.7807049238,10.6988846156,10.7807049238
2015-01-06,10.7807049238,6.21341229353,6.46636973599
2015-01-22,10.7807049238,10.7231286312,10.779805294
2015-03-11,10.7807049238,10.7807049238,10.7807049238
2015-03-27,10.7807049238,4.14935560461,5.48701013789
2015-04-12,10.7807049238,4.16289217798,4.35276852436
2015-04-28,10.7807049238,4.1655488413,4.30217849315
2015-05-14,10.7807049238,4.19887718933,4.28082754594
2015-05-30,10.7807049238,4.18268399323,4.24381618633
2015-06-15,10.7807049238,4.39034219969,4.43462169394
2015-07-01,10.7807049238,4.52371361752,4.37055073167
2015-07-17,10.7807049238,9.82192162652,10.7807049238
2015-08-18,10.7807049238,4.17004714495,4.6240572186
2015-09-03,10.7807049238,10.7807049238,10.7807049238
2015-09-19,10.7807049238,4.20423257482,5.21125330738
2015-10-05,10.7807049238,4.40941382913,5.43741962559
2015-10-21,10.7807049238,4.53420059679,5.37617431926
2015-11-06,10.7807049238,4.88265911503,5.82392645018
2015-11-22,10.7807049238,0.0701703948364,10.6318883582
2015-12-08,10.7807049238,0.0,10.7807049238
2015-12-24,10.7807049238,4.48244012331,5.40446901776
2016-01-09,10.7807049238,3.80975288133,4.05746725139
2016-01-25,10.7807049238,2.0186247636,8.9740365899
2016-02-10,10.6978032148,2.96111163971,8.87455326404
2016-02-26,10.7807049238,5.38475089698,5.66827435868
2016-03-29,10.7807049238,4.18924986711,6.41563015459
2016-04-14,10.7807049238,4.16644863763,4.297680364
2016-04-30,10.7807049238,4.20501942986,4.27698936705
2016-05-16,10.7807049238,4.21592779949,4.25179987724
2016-06-01,10.7807049238,8.48587348013,4.86425973365
2016-06-17,10.7807049238,5.1024748613,4.3345658831
2016-07-03,10.7807049238,10.7153310567,10.5546761657
2016-07-19,10.7807049238,4.22132562127,4.30597509036
2016-08-04,10.7807049238,4.21412876214,4.31747244756
2016-08-20,10.7807049238,4.189839057,4.29678113188
2016-09-05,10.7807049238,4.32189784357,4.45636706583
2016-09-21,10.7807049238,4.81802260764,5.5982114512
2016-10-07,10.7807049238,4.96573098198,5.54403770441
2016-10-23,10.7807049238,7.95633922268,10.2448728573
2016-11-08,10.7807049238,5.00270734712,5.32116457285
2016-11-24,10.7807049238,0.00629744256592,10.7807049238
2016-12-10,10.7807049238,3.66073241151,8.59236699212
2016-12-26,10.7807049238,4.18929787234,4.7625327357
2017-01-11,10.7807049238,3.73481101384,4.25389913992
2017-01-27,10.7807049238,2.36422734192,10.1088908352
2017-02-12,10.7807049238,3.46892925714,5.12296166922
2017-02-28,10.7807049238,5.30699133181,5.41955717743
2017-03-16,10.7807049238,10.0048723388,10.7366405351
2017-04-01,10.7807049238,3.7465999446,3.10371826971
2017-04-17,10.7807049238,3.4912760366,2.18690558822
2017-05-03,10.7807049238,0.0,10.7804932497
2017-05-19,10.7807049238,3.60462830497,2.35792147675
2017-06-04,10.7807049238,3.51556587498,2.05924285272
2017-06-20,10.7807049238,3.74475852625,2.53605104126
2017-07-06,10.7807049238,3.64691064793,2.83202986816
2017-07-22,10.7807049238,9.81510956828,10.7807049238
2017-08-07,10.7807049238,5.59610978946,6.53797938478
2017-08-23,10.7807049238,9.60756297004,9.75085746665
2017-09-08,10.7807049238,3.68829296348,3.77102161543
2017-09-24,10.7807049238,4.8165646224,5.02743253445
2017-10-10,10.7807049238,4.16735972391,4.27831059789
2017-10-26,10.7807049238,4.50855323199,4.22214282866
2017-11-11,10.7807049238,8.15027264217,5.79844084705
2017-11-27,10.7807049238,1.62640784498,3.79824866098
2017-12-13,10.7807049238,1.40971054382,7.70597947236
2017-12-29,10.7807049238,1.57108910191,2.56292474821
2018-01-14,10.7807049238,1.05252593111,3.42035641034
2018-01-30,10.7807049238,0.78626870636,3.88416652978
2018-02-15,10.7807049238,7.82308527629,8.94077487352
2018-03-03,10.7807049238,0.0,10.7698000924
2018-03-19,10.7807049238,3.29839495703,2.97301262684
2018-04-04,10.7807049238,4.50704544294,2.98870750899
2018-05-06,10.7807049238,3.22276771766,4.54268734102
2018-05-22,10.7807049238,3.71258307133,3.5504644755
2018-06-07,10.7807049238,9.71565185965,8.31097500922
2018-06-23,10.7807049238,3.7780444018,3.66278550214
2018-07-09,10.7807049238,3.90605591956,3.77326982026
2018-07-25,10.7807049238,4.23559967664,5.00903450222
2018-08-10,10.7807049238,4.3763606083,4.57745013875
2018-08-26,10.7807049238,3.99352791405,4.25176664612
2018-09-11,10.7807049238,4.27947825171,4.37022706309
2018-09-27,10.7807049238,4.0636127943,4.31303204072
2018-10-13,10.7807049238,4.60741152055,5.19117047173
2018-10-29,10.7807049238,10.6743801161,10.6830843197
2018-11-14,10.7807049238,0.0,10.4393512869
2018-11-30,10.7807049238,3.74740184809,5.31543101718
2018-12-16,10.7807049238,4.08572459004,4.56125331046
2019-01-01,10.7807049238,10.7241476694,10.7807049238
2019-01-17,10.7807049238,2.74403864284,4.77998408361
2019-02-02,10.7807049238,2.13211353302,6.45921861171
2019-03-06,10.7807049238,4.17203684591,3.64425096802
2019-03-22,10.7807049238,3.78670857372,3.84285912899
2019-04-07,10.7807049238,3.64277288219,3.77252654093
2019-04-23,10.7807049238,4.62375808188,5.5040997709
2019-05-09,10.7807049238,3.83631485824,3.83536943391
2019-05-25,10.7807049238,3.93574317066,3.90309209113
2019-06-10,10.7807049238,3.97561936316,3.92198404243
2019-06-26,10.7807049238,3.93754260712,3.85940215783
2019-07-12,10.7807049238,5.64963354497,3.96460578468
2019-07-28,10.7807049238,8.03927954015,8.73886130989
2019-08-13,10.7807049238,3.91570485526,3.84890519404
2019-08-29,10.7807049238,4.71683555145,4.51942228946
2019-09-14,10.7807049238,4.2539589034,4.26317771713
2019-09-30,10.7807049238,5.16560124013,4.91446512173
2019-10-16,10.7807049238,5.96135023975,5.7106625563