Date,Rarea,NDWI,MNDWI
2000-03-03,95.9643447465,81.032762796,32.3606768635
2000-03-19,95.9643447465,67.9772931835,22.2796098246
2000-05-06,95.9643447465,87.9447562788,25.3224480802
2000-07-25,95.9643447465,86.3466902644,95.7116429201
2000-08-26,95.9643447465,70.2785308283,69.9852008726
2000-09-11,95.9643447465,17.7987812375,17.6155302899
2000-10-13,95.9643447465,38.7371897754,25.9042121362
2000-11-30,95.9643447465,31.3235966433,41.6617447378
2001-01-01,95.9643447465,95.580126707,95.9643447465
2001-02-02,95.9643447465,31.6550586504,37.6582344325
2001-02-18,95.9643447465,31.127111006,36.2265002121
2001-04-07,95.9643447465,91.529740277,15.1040679394
2001-05-25,95.9643447465,93.4805556905,12.6549247433
2001-07-28,95.9643447465,95.8496851646,95.8260193736
2001-08-13,95.9643447465,55.5171010424,55.928749774
2001-08-29,95.9643447465,42.9009947611,38.6614722644
2001-09-30,95.9643447465,37.2597476564,24.4849771547
2001-12-19,95.9643447465,35.8940402276,48.1595121925
2002-01-20,95.9643447465,38.0293265228,49.1338745172
2002-03-25,95.9643447465,82.9411863572,26.6009739351
2002-04-10,95.9643447465,63.0094347163,16.5792805441
2002-06-13,95.9643447465,13.9950249356,16.3151194362
2002-07-15,95.9643447465,9.7165809402,18.9188692469
2002-10-03,95.9643447465,10.7006067634,22.0157326475
2002-11-20,95.9643447465,5.61805529946,20.4865121106
2002-12-22,95.9643447465,39.3203145326,57.982913984
2003-01-23,95.9643447465,7.84835737804,31.2000711382
2003-02-08,95.9643447465,3.17501859668,13.4372773168
2003-03-12,95.9643447465,18.756214822,28.9387148339
2003-04-13,95.9643447465,10.1641905359,17.2617824721
2003-04-29,95.9643447465,10.3986707047,13.3728893953
2003-05-31,95.9643447465,10.3824914469,12.8672323703