Date,Rarea,NDWI,MNDWI
2000-02-02,5.18833884308,5.12078500605,1.57547501431
2000-03-05,5.18833884308,5.11199685212,0.196342326649
2000-04-06,5.18833884308,5.12993349821,0.102681814331
2000-05-24,5.18833884308,5.18833884308,3.22551236491
2000-09-13,5.18833884308,1.06513231646,0.78092231073
2000-10-15,5.18833884308,2.63520709288,0.696254834717
2000-12-02,5.18833884308,0.588168691284,0.57848332068
2001-01-19,5.18833884308,0.614070533976,0.76492827897
2001-02-20,5.18833884308,4.91756551131,0.284368929727
2001-04-09,5.18833884308,5.11808288178,0.106284684692
2001-04-25,5.18833884308,5.03431615412,0.0711566957397
2001-05-11,5.18833884308,5.07664987622,0.0432344488525
2001-08-31,5.18833884308,0.702948373371,1.92711901944
2001-09-16,5.18833884308,1.91439986716,0.494494040161
2001-10-18,5.18833884308,4.39595108985,0.46126638086
2001-12-21,5.18833884308,0.426911958229,0.390303942457
2002-02-07,5.18833884308,0.261208131348,0.236888753662
2002-03-27,5.18833884308,5.16886568612,0.0927739204102
2002-05-30,5.18833884308,5.18653740827,0.0928374993581
2002-07-17,5.18833884308,5.18743812494,4.45027634421
2002-09-19,5.18833884308,1.46364166956,0.683114866744
2002-10-05,5.18833884308,0.410727285034,0.423337335144
2002-12-08,5.18833884308,0.654443861091,0.670981659751
2003-01-25,5.18833884308,4.0618876822,4.60470235904
2003-02-10,5.18833884308,4.94858552477,0.684040276957
2003-03-30,5.18833884308,0.180828783409,0.0666531077271
2003-05-17,5.18833884308,5.18563669104,0.0153121998901
2003-10-24,5.18833884308,0.647616069458,0.750340291359
2003-11-25,5.18833884308,4.35882733885,0.764207771027
2003-12-27,5.17926455921,0.595374432251,0.61774401043
2004-01-12,4.84441659138,0.521515579102,0.509156312545
2004-03-16,5.18833884308,4.65626199789,0.169334926208
2004-04-17,4.85375932438,4.65987899396,0.0756602836304
2004-05-03,5.08749735721,0.0901141501235,0.0396315778809
2004-05-19,5.18833884308,0.0938265124971,0.0252200947266
2004-06-04,5.1389300885,0.260473388941,0.0117093295898
2004-09-08,5.15874586865,0.683644783386,0.782723748718
2004-09-24,5.18833884308,0.847395344734,1.03527099809
2004-10-10,4.76966054218,4.75885192749,4.17110716449
2004-10-26,5.16001040543,3.53261150777,0.710666318787
2004-11-11,5.07927080532,4.56583002434,0.814958799884
2004-11-27,5.02601896709,0.730913021833,0.533224908203
2004-12-13,4.85792736926,0.375599293091,0.428741643372
2004-12-29,5.02834317257,2.37430592631,0.603509131046
2005-01-14,4.85517575811,0.44405384668,0.45958857361
2005-02-15,5.05531878296,4.21661652098,0.276506201485
2005-03-19,5.11130455726,4.84035460883,0.130604062378
2005-04-04,4.81871964055,0.0882703306274,0.0783624376221
2005-04-20,4.68640596666,0.069355255249,0.0396315775146
2005-05-06,4.82646935271,4.71460024223,0.0297236828003
2005-05-22,5.06186046372,4.96269676865,0.0261208123169
2005-06-07,4.77970619736,4.7616918475,0.0099078939209
2005-09-27,5.18833884308,3.5927754271,4.45861264811
2005-10-13,4.81439972667,0.632303873596,0.739952024421
2005-11-14,5.08674499413,0.67192131678,0.580062232056
2006-01-01,4.82002655451,4.22412244398,0.755613846199
2006-01-17,4.88487472815,3.91625012234,0.530787665872
2006-02-18,5.0808497097,4.10528776506,0.287498495136
2006-03-06,5.04145479529,4.45362881895,0.205010410878
2006-03-22,4.98470958014,0.126100473022,0.151419472108
2006-04-07,4.7921113799,0.0795845855399,0.0819653085937
2006-05-09,5.13103556579,0.0532800888073,0.0315251185303
2006-05-25,5.18833884308,0.321305393443,0.0189150709839
2006-06-10,5.18833884308,5.14269895843,0.0442340643928
2006-06-26,5.18550953152,4.64881612082,4.37643561833
2006-09-30,5.18833884308,0.65662324823,0.789028766968
2006-10-16,4.93317085682,0.603480901855,0.686346945984
2006-11-01,5.18833884308,0.707049304876,0.777488973564
2006-11-17,5.18833884308,0.753346182935,0.579161514465
2006-12-19,5.18833884308,0.455763173401,0.503501220093
2007-01-04,5.02344044221,0.372897139404,0.475578969116
2007-01-20,4.77113701099,0.473777532349,0.502699400086
2007-02-05,4.97622517021,0.417032310486,0.289130386169
2007-02-21,5.12115593001,4.41485561012,0.325621812524
2007-03-09,5.18399420794,4.93094555679,0.216172248169
2007-03-25,5.18833884308,0.174739230042,0.166632772461
2007-04-10,5.18833884308,0.138710518066,0.116192579712
2007-04-26,5.18833884308,0.113490420166,0.081064590271
2007-05-12,5.18833884308,0.145916246338,0.0468373187866
2007-10-19,5.18833884308,0.640410324707,0.743992878052
2007-11-04,5.18833884308,0.753762983329,0.627800279663
2007-11-20,5.18833884308,0.705039448173,0.578260797302
2007-12-22,5.18833884308,0.604381610657,0.486387581787
2008-01-07,5.18833884308,0.705767104615,0.847455277059
2008-02-08,5.18833884308,3.98274779994,0.395962578717
2008-02-24,5.18833884308,0.415343895455,0.693729173089
2008-04-12,5.18833884308,5.14777829836,0.0981782267456
2008-04-28,5.18833884308,0.117382930367,0.0603480836792
2008-05-14,5.18833884308,0.177261212536,0.0315251183472
2008-09-03,5.18833884308,0.637708174133,0.764709392822
2008-10-05,5.18833884308,0.618793099609,0.767411546814
2008-10-21,5.11876461534,0.602580178284,0.708864886597
2008-11-06,5.18833884308,0.771717269151,0.93944855684
2008-11-22,5.18833884308,0.69322061675,0.530522755859
2008-12-24,5.13950937371,0.378301446594,0.436848104675
2009-01-25,4.83457579757,0.441351686523,0.559253826523
2009-02-10,4.82361176389,4.301976247,0.662564331419
2009-02-26,4.93076895564,4.53532569088,0.172951927973
2009-03-14,5.18833884308,0.488266677054,0.269314579956
2009-03-30,5.18833884308,0.149561513588,0.108986837708
2009-04-15,5.18833884308,0.234610447431,0.0887153929747
2009-05-01,5.18833884308,1.27821360277,0.798742138797
2009-05-17,5.18833884308,0.251109464962,0.0208154085701
2009-06-02,5.18833884308,0.392709318494,0.00829013471464
2009-06-18,5.18833884308,1.51962387995,0.362922098788
2009-07-04,5.18833884308,4.63001046187,3.81481854296
2009-09-22,5.18833884308,0.592672280945,0.732283549316
2009-10-24,5.02797935209,0.633204582703,0.712467760254
2009-11-25,4.8285427661,0.698239930868,0.520614864502
2009-12-11,4.83981055783,0.589970128784,0.60674466842
2009-12-27,5.13148768949,1.04204572702,1.11089578943
2010-01-12,5.18833884308,0.307144742371,0.444954563843
2010-02-13,5.18833884308,4.65334796026,0.961521343184
2010-03-01,5.18833884308,4.52643854793,0.186448563171
2010-03-17,5.18833884308,0.271130162422,0.149519136719
2010-04-02,5.18833884308,0.194413737961,0.106284684692
2010-04-18,5.18833884308,4.93951474807,0.0718030933917
2010-05-04,5.18833884308,5.12078502686,0.0225179416504
2010-05-20,4.96761007669,1.61193507044,0.00605070179013
2010-06-05,4.97422593316,4.93369364111,0.0510053302023
2010-09-25,5.18833884308,0.577360078979,0.770869600307
2010-10-27,4.77290665085,0.623275473259,0.688317908835
2010-12-14,4.77141605907,0.395415089417,0.470174670166
2010-12-30,4.85264666613,4.05637338994,4.44637704278
2011-01-15,4.94274319503,0.477168468524,0.462054068914
2011-01-31,4.83013226663,3.89236877367,0.881728357132
2011-02-16,4.75412580881,3.59320684833,0.290864686721
2011-03-04,4.9328317644,4.1461486043,0.239862873823
2011-03-20,4.78747709848,4.53567532011,0.0927739200439
2011-04-05,5.05059266326,0.0873696141357,0.0729581308594
2011-05-07,4.97812904738,0.193686100784,0.0108086119995
2011-06-08,5.10518321148,1.3447678953,0.00810645684814
2011-09-28,5.18833884308,1.38076821405,2.43743727674
2011-10-14,4.90815209311,3.01418646601,0.663829000549
2011-11-15,4.92892513126,0.639891062697,0.520614861328
2011-12-01,5.13444063073,0.458465328735,0.510706963623
2011-12-17,5.12522152405,0.417032311646,0.471976096802
2012-01-02,5.18833884308,0.322456943176,0.423337339905
2012-01-18,5.13874994472,0.254002391968,0.303541870056
2012-02-19,5.18833884308,0.225179422241,0.356595854857
2012-03-06,5.03794376322,0.145015545471,0.14501554541
2012-03-22,5.17933167121,0.106284684387,0.113490426392
2012-04-07,5.0976666354,0.114490042176,0.0837667436523
2012-04-23,5.18833884308,0.0780198063024,0.0576459310913
2012-05-09,5.18833884308,4.96587572834,4.53904854644
2012-05-25,5.18833884308,0.142380477916,0.0234186593018
2012-06-10,4.89670062615,1.56488551464,0.604420316329
2012-09-30,4.82620795491,0.542232090515,0.689949820007
2012-10-16,4.94893518964,3.47425893575,0.698956992432
2012-11-17,5.04360945234,0.654789998351,0.535026345093
2012-12-03,4.83977170359,0.669233283447,0.477380405396
2013-01-04,5.11975363824,0.271116030029,0.355783502258
2013-01-20,5.01157922807,0.218874401306,0.263910289124
2013-02-05,5.15631216616,4.18562126761,0.855194239119
2013-02-21,5.03533697943,3.86876996755,0.198691251014
2013-03-09,5.05829291585,0.155824159363,0.132405498474
2013-03-25,4.96240356863,0.13871052002,0.113490427673
2013-04-10,5.11663821745,5.0718707875,0.0864688963013
2013-04-26,4.9838371212,4.91583471232,0.0630502370605
2013-05-12,5.14401296019,5.12509789037,0.0297236821899
2013-05-28,5.18833884308,0.531289132521,0.00540430487061
2013-06-13,5.1607733654,4.98970762533,3.68760903206
2013-09-17,4.72636250528,0.571055062012,0.699857715027
2013-10-19,5.10173928857,0.642211760559,0.741474405528
2013-11-04,4.94126672457,0.9821601887,1.19880575363
2013-11-20,4.75797946891,0.774112116764,0.589069416443
2013-12-06,5.14785248747,0.523317010803,0.5737572099
2013-12-22,4.9656673461,0.621495258179,0.838448098712
2014-01-07,5.00618905057,0.390010781616,0.468373232483
2014-02-08,5.18833884308,0.471976093201,0.401720109253
2014-02-24,4.91506467675,1.17750300878,1.46682744517
2014-03-12,4.84830202702,0.36929426001,0.336515204205
2014-03-28,4.84447309198,0.352728114728,0.28497648362
2014-04-13,4.74167117742,4.65397660457,0.172937797974
2014-04-29,5.06965608588,0.413122075031,0.172037077515
2014-05-15,5.10226912386,0.364610472369,0.133306216125
2014-05-31,5.03229573155,0.362416958837,0.10358253418
2014-07-02,4.96481608196,1.92847511748,1.18145522354
2014-08-19,4.96510572304,0.768933885202,1.55659570591
2014-10-06,4.82615143226,0.59357300116,0.753533417374
2014-10-22,4.75333458794,0.602569575375,0.667721507474
2014-11-07,4.8878735915,0.62712913699,0.631272456891
2014-11-23,4.74462411176,0.60425090986,0.428741648987
2014-12-25,5.03830405107,0.625868139508,1.00869429174
2015-01-10,4.96268614867,0.278321769409,0.326960529907
2015-01-26,4.96771603662,0.0,1.33017619826
2015-02-27,4.838994633,0.164831336792,0.144662322919
2015-03-15,4.73012785605,4.73012785605,4.61377629236
2015-03-31,4.78845904975,0.15621623475,0.125199758484
2015-04-16,4.79621935104,0.538735047746,0.292577759537
2015-05-02,4.81774826481,0.450683779613,0.0694541627204
2015-05-18,4.86798008165,0.207988045143,0.0396315770874
2015-06-03,4.88315805301,3.70954018077,2.2859364097
2015-09-07,4.7877985298,0.826039278209,1.14769787919
2015-10-09,4.71483332304,0.550024176022,0.634105309692
2015-10-25,4.74959396148,1.68281254604,2.01113642369
2015-11-10,4.73315497572,2.16714795,0.480082562317
2015-11-26,4.83494668052,4.36819827886,0.726999280207
2015-12-12,4.91976252451,0.326059815613,0.3792021651
2015-12-28,4.88008150284,0.27291746582,0.297236848389
2016-01-13,5.16879151455,0.144114829224,0.212569377014
2016-01-29,5.18833884308,3.81213420685,0.378460353511
2016-02-14,5.02456015912,0.223377989929,0.120696169678
2016-03-01,4.77742790149,0.217072967651,0.16356326427
2016-03-17,4.81048249119,0.210767933105,0.113137205426
2016-04-02,4.83034065623,4.79683395091,4.78094950782
2016-04-18,4.8834936139,0.157604384195,0.0657523903809
2016-05-04,4.90100640718,4.31752503666,3.61205809934
2016-05-20,4.75513955775,0.24082006525,0.00720574133301
2016-06-05,4.99574778852,0.250756214191,0.0
2016-06-21,4.96111431347,4.96111431347,4.96111431347
2016-09-25,5.18833884308,0.63140315033,0.829561069031
2016-10-11,5.18833884308,0.933186092827,1.65347433006
2016-10-27,5.18833884308,0.672285134037,0.738588575562
2016-11-12,5.12556061742,0.783765698931,0.623296688354
2016-11-28,5.18833884308,0.788046751355,0.592672280945
2016-12-14,5.18833884308,0.483685427063,0.544033522339
2016-12-30,5.18833884308,0.448557434021,0.502600505493
2017-01-15,5.09579455644,0.260307420166,0.456663895508
2017-01-31,5.11822771901,0.418833743164,0.334166272461
2017-02-16,4.72314817789,0.260307418762,0.292210487758
2017-03-04,4.79362669152,0.21887439801,0.211583877775
2017-03-20,4.79188177186,0.166632773193,0.163029902405
2017-04-05,4.74130382659,4.71788516948,0.245019908674
2017-04-21,4.92366211165,0.13869639179,0.103582534485
2017-05-07,5.04568993137,0.196017344651,0.0927739225464
2017-05-23,5.04579237066,0.281666735061,0.063950954895
2017-06-08,5.18833884308,5.18833884308,5.18833884308
2017-06-24,5.18833884308,5.18833884308,5.18833884308
2017-09-12,5.11114913978,0.119795453003,1.74871363707
2017-09-28,5.18833884308,0.607083770081,0.736787140686
2017-10-14,5.18833884308,0.616090944153,0.734084985657
2017-10-30,5.18833884308,0.707759267487,0.762106127652
2017-11-15,5.18833884308,0.990920125979,0.607083770935
2017-12-01,5.18833884308,0.453961740295,0.538629216858
2017-12-17,5.18833884308,0.395415086243,0.530522755615
2018-01-02,5.18833884308,0.344974888062,0.470174662842
2018-01-18,5.18833884308,0.316151918396,0.369294269836
2018-02-03,5.10125537577,0.392712922729,0.278321771118
2018-02-19,5.09676591769,0.607069525637,1.0834608354
2018-03-23,5.18833884308,0.179242820862,0.160327749756
2018-04-08,5.18833884308,0.225543232146,0.142313395081
2018-04-24,5.15717049662,0.142313392273,0.115291864868
2018-05-10,5.04574998314,0.357913375075,0.0945753587646
2018-05-26,5.15885536797,0.349100463562,0.0657523895264
2018-06-11,5.18833884308,4.86958709895,5.18833884308
2018-10-01,5.18833884308,0.620594534668,0.734084987427
2018-10-17,5.11314837906,0.63974625903,0.761106516663
2018-11-02,5.18833884308,0.705279630565,0.750124814163
2018-11-18,5.18833884308,0.801790627695,0.585466538757
2018-12-04,5.18833884308,0.0,0.951274469076
2018-12-20,5.18833884308,0.445855279846,0.501699784973
2019-01-05,5.18833884308,0.0,0.535927062195
2019-01-21,5.18833884308,1.80651846624,2.1471661245
2019-02-06,5.17937405899,4.12837783032,0.640816406493
2019-02-22,5.18833884308,0.308946173523,0.339167889309
2019-03-10,5.18833884308,0.262108851501,0.239742785796
2019-03-26,5.18833884308,0.188249997253,0.163930620178
2019-04-11,5.18833884308,0.179242819397,0.140511960388
2019-04-27,5.18833884308,0.212085443262,0.117994018372
2019-05-13,5.18833884308,0.352562040296,0.106577860821
2019-05-29,5.18833884308,0.409091776442,0.0927739213257
2019-06-14,5.18833884308,5.11898358496,0.11373766238
2019-07-16,5.18833884308,4.18681860158,3.10366844697
2019-10-04,5.18833884308,1.88529807377,3.37078994772