Date,Rarea,NDWI,MNDWI
2000-01-24,36.7231249811,3.5763974433,3.76302791667
2000-04-13,36.7231249811,33.5422117088,0.261049737915
2000-07-02,36.7231249811,36.7231249811,36.7231249811
2000-08-03,36.7231249811,35.2481408824,27.1975325758
2000-09-20,36.7231249811,26.2956728358,3.78571269246
2000-10-22,36.7231249811,22.4813584321,3.14431095007
2000-11-23,36.7231249811,3.08942838166,3.06149452521
2001-01-10,36.7231249811,3.69110333532,2.73954019061
2001-02-11,36.7231249811,3.63017582696,2.66810155468
2001-03-31,36.7231249811,34.6948486089,1.78054281781
2001-04-16,36.7231249811,34.9683168322,2.61724258357
2001-09-07,36.7231249811,34.5347206427,20.1057646059
2001-09-23,36.7231249811,32.0876049475,19.5611072522
2001-10-09,36.7231249811,36.7231249811,36.4611709166
2001-11-10,36.7231249811,22.8274285664,5.4676266597
2002-01-13,36.7231249811,1.95030716944,2.42713424028
2002-03-02,36.7231249811,30.060514105,0.547092954873
2002-05-21,36.7231249811,36.4114234338,1.16588489848
2002-09-10,36.7231249811,16.549189324,26.7959510665
2002-10-28,36.7231249811,21.9883800146,6.98518156891
2002-12-15,36.7231249811,5.32023842586,6.08686287589
2003-02-01,36.7231249811,3.75193457776,4.63591331915
2003-03-05,36.7231249811,2.05869732721,2.56189317786
2003-04-22,36.7231249811,34.4571561091,1.10901192688