Date,Rarea,NDWI,MNDWI
2000-02-02,206.747911813,194.061056785,39.7502736927
2000-03-05,206.747911813,194.032636428,32.3153141435
2000-05-24,206.747911813,201.343301009,28.0834708331
2000-07-27,206.747911813,206.747911813,206.747911813
2000-09-13,206.747911813,146.066542224,28.2158958159
2000-10-15,206.747911813,195.001203858,61.1697605884
2000-12-02,206.747911813,41.4402739849,27.1418074045
2001-01-19,206.747911813,160.023203888,90.3531393779
2001-02-20,206.747911813,202.876607639,39.7553420494
2001-04-25,206.747911813,204.544025382,20.1098041583
2001-05-11,206.747911813,204.324444647,17.8257624454
2001-08-31,206.747911813,203.727258943,159.679892667
2001-09-16,206.747911813,203.898548422,149.607333032
2001-10-18,206.747911813,174.270974663,22.9514007548
2001-12-21,206.747911813,50.0962947985,24.5614814338
2002-03-27,206.747911813,200.268153511,16.4465291872
2002-05-30,206.747911813,206.527742602,60.2521232536
2002-09-19,206.747911813,203.655268415,149.99174662
2002-10-05,206.747911813,43.0723576954,43.9813263496
2002-11-22,206.747911813,47.4924351582,40.7905617393
2002-12-24,206.747911813,61.8843601539,39.9130621825
2003-02-10,206.747911813,197.459489606,36.6658370744
2003-03-30,206.747911813,70.3522529931,30.2052905684
2003-05-17,206.747911813,205.938700191,29.9118096228