Date,Rarea,NDWI,MNDWI
2000-02-02,70.2380147526,51.1348013636,11.6175064737
2000-05-24,70.2380147526,68.4685228199,26.5608293257
2000-07-27,70.2380147526,50.3148773515,40.6181424546
2000-09-13,70.2380147526,29.7168575769,23.6891356136
2000-10-15,70.2380147526,20.4486948683,16.1190585475
2000-12-02,70.2380147526,14.3886086361,16.7670657235
2001-01-19,70.2380147526,19.3270076397,19.414171743
2001-03-24,70.2380147526,62.5016010922,9.51758751121
2001-04-25,70.2380147526,67.5903115123,8.16070973556
2001-05-11,70.2380147526,63.7268606456,6.79164327763
2001-09-16,70.2380147526,24.2478967467,21.2588935473
2001-10-18,70.2380147526,23.5696892101,22.6650424206
2001-11-03,70.2380147526,19.9510561975,15.5576419577
2002-01-06,70.2380147526,16.5872635459,19.8536890236
2002-03-27,70.2380147526,60.4856714667,11.5456296332
2002-05-30,70.2380147526,68.8041782004,8.46597750151
2002-09-19,70.2380147526,30.7087211942,27.44508358
2002-10-05,70.2380147526,15.7581856105,16.5563427058
2002-11-06,70.2380147526,37.9797789479,16.4006570297
2002-12-24,70.2380147526,16.3439591826,17.8639350727
2003-02-10,70.2380147526,64.8026625483,13.9481000965
2003-03-30,70.2380147526,13.239087105,11.1156400417
2007-11-20,59.9674759569,13.8972960738,13.299438852
2007-12-22,60.1100601071,14.6965285711,12.5651985974
2008-01-07,60.0978847861,15.5876100522,20.5223518135
2008-10-05,60.0131603896,13.5542182537,15.0785663702
2009-05-01,60.0977670286,12.5505956747,8.36468632182
2010-03-01,60.3466020366,60.209051821,16.7717513609
2010-03-17,60.5277227282,12.0628955949,11.2669917715
2010-04-02,60.3573233389,11.2622078436,10.2473915803
2010-04-18,60.0323131122,58.0709206223,9.09673427758
2012-04-23,60.1941563342,9.96115301234,8.6587035882
2012-05-09,64.9228749277,11.1284031752,7.84310032858
2012-05-25,61.7020926857,9.12747564678,5.98429006582
2014-01-23,60.4338571688,8.73590884354,12.2005101314
2014-02-08,60.8097721722,13.8579966807,12.3932296763
2017-10-30,60.1482628667,13.8567480787,15.9428578169
2017-11-15,60.4155689215,14.1936681306,14.0186056023
2017-12-01,60.5129954847,32.6038009918,59.0066949561
2017-12-17,60.2719917413,0.0,10.236488975