Date,Rarea,NDWI,MNDWI
2000-02-02,149.088333911,133.249109444,28.0718108693
2000-05-24,149.088333911,141.469088843,19.5736518838
2000-07-27,149.088333911,141.470819096,93.6092088579
2000-09-13,149.088333911,101.184062735,31.3765376816
2000-10-15,149.088333911,126.839297091,53.9002526761
2000-12-02,149.088333911,43.8453486022,59.9875782698
2001-01-19,149.088333911,38.4055302796,41.0114247651
2001-03-24,149.088333911,138.577915116,11.5274563133
2001-04-25,149.088333911,148.271222929,35.0359481826
2001-05-11,149.088333911,143.658195832,15.1665775367
2001-09-16,149.088333911,145.744366185,135.094577452
2001-10-18,149.088333911,138.11108458,123.001499414
2001-11-03,149.088333911,110.891761698,36.8112836309
2002-01-06,149.088333911,28.0846580176,42.5133973912
2002-03-27,149.088333911,143.378540656,24.6608063094
2002-05-30,149.088333911,135.234041054,18.3532525155
2002-09-19,149.088333911,104.744611178,38.3489971781
2002-10-05,149.088333911,27.3768920371,27.2694349408
2002-11-06,149.088333911,145.671566885,59.9264839609
2002-12-24,149.088333911,36.190133609,27.731670558
2003-02-10,149.088333911,136.072830544,26.559409169
2003-03-30,149.088333911,39.5766897192,18.8597940185
2009-02-10,128.574604582,126.300807671,33.6725558178
2009-02-26,127.280332236,119.038486004,18.8700067012
2009-11-25,127.6043107,30.3425826669,26.052438929
2009-12-11,128.18942167,33.3274058591,52.9359402552
2010-10-27,128.26791269,26.611170055,33.7956779453
2010-12-14,128.097135269,19.1600526659,20.6272355556
2010-12-30,128.087622853,53.6323914201,77.8070472003
2011-01-31,127.91392038,117.853442434,29.9715200877
2011-03-04,127.599051211,126.828747848,39.0159067399
2011-03-20,127.854938605,123.034415827,23.948074481
2011-05-07,127.500471903,21.7113759046,18.9118704763
2011-05-23,127.91889671,45.8157968285,35.3976141877
2011-10-14,127.725426883,98.0975229763,45.6045526777
2011-11-15,127.408764094,31.1154957517,20.2462196019
2012-03-06,127.250838845,19.6587994052,20.0337956427
2012-04-07,127.329044998,17.2786321833,16.3233681391
2012-09-30,127.941874621,113.93612627,127.941874621
2012-10-16,127.638046751,77.9526757974,36.6783137934
2012-11-17,127.36310107,21.7659037336,18.1146968373
2012-12-03,128.564557924,27.3763030854,13.7813177653
2013-01-20,127.403409411,11.9792537743,13.0721685118
2013-02-21,127.237247573,115.120033592,21.2206616182
2013-03-09,127.354842311,28.1284243523,30.6622087771
2013-03-25,127.857537908,29.3338363859,29.9222448411
2013-04-10,127.264411377,119.91722826,19.4360828179
2013-04-26,127.843196515,121.591224687,21.3929532012
2013-09-01,128.950020119,26.0161920109,28.6182682859
2013-11-04,127.771572101,52.709758908,80.6589275437
2013-11-20,128.341140778,24.9393366105,22.6728865674
2013-12-22,127.670318585,25.5504416202,44.2000012247
2014-01-07,127.217718709,13.6434912296,15.4793482567
2014-02-24,127.661901466,28.1955378383,29.2713454963
2014-03-12,128.2932361,66.6580481657,57.9096182098
2014-03-28,128.210378416,29.510080871,21.2694166933
2014-04-13,128.447786951,114.611136762,16.7677011045
2014-05-31,127.25708144,24.5995000015,18.7759148205
2014-07-02,127.597795438,39.7837000063,32.6612168528
2014-08-19,127.855478133,96.199782914,122.278912555
2014-10-06,128.577998119,25.2945363108,39.3966660117
2014-10-22,128.445667947,26.1199434558,41.3210818926
2014-11-07,127.73493996,22.5599457038,27.1724242786
2014-11-23,128.769802531,25.0783361399,18.7339698311
2014-12-09,127.823353722,16.6931419242,18.0115702043
2014-12-25,127.299228502,24.160864625,35.5775553597
2015-01-10,127.74826282,17.7574744575,18.7875611817
2015-01-26,127.758621503,13.5550170646,17.1446533343
2015-02-27,127.89101615,22.3422963647,21.1262939017
2015-03-15,128.643175601,120.057997965,25.5410039594
2015-03-31,129.185063267,22.1790148596,20.5903645091
2015-04-16,128.234663514,34.3274187514,26.9975450397
2015-05-02,128.578516386,18.1077371224,15.3196542559
2015-06-03,127.935744348,20.4360097205,17.1851888885
2015-07-05,127.927007917,100.149940513,123.278456287
2015-09-07,128.037143018,35.7761643131,42.6228596187
2015-10-09,128.606629011,21.9768754048,30.2289055396
2015-10-25,128.262227057,122.179170726,126.895355029
2015-11-10,128.42210709,126.67406375,113.979535107
2015-11-26,128.33429595,115.36208738,43.2193343676
2015-12-12,127.735846299,9.70148862894,10.3688992946
2015-12-28,127.60099676,8.62441148508,9.43606012489
2016-02-14,127.488570205,17.5409045033,7.22699908732
2016-03-01,128.504356439,65.6345057711,76.5984396338
2016-03-17,128.13854012,17.0654174179,10.6095335002
2016-04-02,128.82917364,21.2003460732,13.0752251963
2016-04-18,127.976984143,20.8116335595,12.3442896298
2016-05-04,127.587645784,21.3388946706,12.2303255327
2016-05-20,128.203950548,55.606027476,48.6511018792
2016-06-05,127.635538584,73.7188546894,90.8524874716
2016-06-21,127.518747541,100.927552376,103.621933757
2016-08-08,128.751433001,115.945958646,93.3706822205
2016-09-09,127.379103978,27.4754261905,32.0430720118
2017-01-31,127.185605251,28.3561604862,21.6290319861
2017-02-16,128.78783439,26.0788634751,35.5324024945
2017-03-04,128.294390364,25.20217465,28.6903534892
2017-03-20,128.292143473,23.7171509696,24.291800149
2017-04-05,128.481432045,106.305491297,23.4184708988
2017-04-21,127.466451904,24.1655801232,25.9849446413
2017-05-23,127.257516892,21.6273769868,19.5997811996
2017-09-12,127.185244838,127.185244838,127.185244838
2018-02-03,127.552804529,27.6112766866,18.7713669724
2018-02-19,127.466119483,27.4481565922,36.4570042005
2018-05-10,127.527575657,32.29938656,33.8785883259
2018-05-26,127.143119431,25.8685471835,28.9408615823
2018-10-17,127.509420208,126.245435667,127.50691897