Date,Rarea,NDWI,MNDWI
2000-03-14,134.230688854,47.346632304,27.9627420627
2000-05-17,134.230688854,109.138819163,117.758647076
2000-08-05,134.230688854,116.111520209,114.705435849
2000-09-22,134.230688854,42.0244393376,46.0954714983
2000-10-08,134.230688854,53.5534160548,51.9241143512
2000-10-24,134.230688854,34.9824292512,38.7297796254
2000-11-25,134.230688854,30.2831006722,32.4662117975
2001-04-02,134.230688854,76.4665898801,31.1208351839
2001-05-04,134.230688854,42.3048636004,30.7791303126
2001-09-09,134.230688854,118.025502449,126.615820226
2001-09-25,134.230688854,54.6730421215,55.0397399396
2001-10-27,134.230688854,28.794779474,29.0281941684
2002-01-15,134.230688854,40.9407196028,45.0177831248
2002-03-20,134.230688854,92.7048739043,46.2009907232
2002-05-07,134.230688854,46.4416632779,32.6590624933
2002-08-27,134.230688854,63.6453721617,62.1139359442
2002-09-12,134.230688854,74.6850802756,74.2306234904
2002-09-28,134.230688854,131.373452645,130.195833282
2002-11-15,134.230688854,33.3269212862,39.9302475738
2003-01-02,134.230688854,40.1250463713,43.500187154
2003-02-19,134.230688854,43.4738129347,34.4431785881
2003-03-23,134.230688854,58.0827521377,27.8175797667
2003-10-01,119.765712287,18.4449627726,86.089763032
2003-10-17,118.316171183,26.1891112802,26.3659149858
2003-11-18,119.790023548,29.9378899812,34.7873108417
2003-12-04,117.896554733,23.1264768588,23.0463401963
2004-01-21,117.598592359,47.0635644827,47.6822662451
2004-03-25,119.126179685,29.1343884045,40.801180586
2004-04-10,117.801692483,43.4164730873,24.1038014523
2004-05-12,118.387631062,57.9614163027,46.6894572263
2004-10-19,117.846449104,22.7767463741,61.3226812421
2004-11-20,117.607595713,22.7918697648,22.2858461168
2004-12-06,117.777608192,28.4785377631,31.3379621362
2004-12-22,117.508165421,42.960651414,51.8086487065
2005-01-23,115.899210752,40.9972250577,36.9124940396
2005-03-12,118.265204301,24.4427892266,26.0297782312
2005-03-28,117.463771306,24.470072448,26.8582848923
2005-10-06,117.16559075,25.3572701416,32.9750847571
2005-10-22,117.577400634,23.2495156156,26.6420812575
2005-11-07,118.113529035,23.7988638447,30.5668796738
2005-12-09,116.774082159,23.8025049382,23.6936717683
2005-12-25,115.934676268,23.7186531701,24.3112552613
2006-01-26,117.645238997,23.8177108437,23.1389459176
2006-02-11,117.828837674,23.8728687541,23.077033522
2006-02-27,117.708952237,44.9869020454,32.8263540142
2006-03-15,117.642914352,38.3953499571,28.7102709257
2006-05-02,117.427350843,57.4254704032,26.8062971403
2006-09-07,118.588303449,94.5287539347,117.296681471
2006-10-25,118.261722119,21.8309562952,23.7593584015
2006-11-10,119.827409854,23.4221989627,23.1854458538
2006-12-28,118.403054374,20.102768398,21.8140983144
2007-01-13,116.818189669,22.4865383968,33.8956666272
2007-02-14,117.726679931,32.4690406729,25.7828482162
2007-04-19,120.609907397,96.6289825516,48.8692116327
2007-10-12,117.958765162,26.5877238891,23.9084470096
2007-11-13,121.666835316,24.448653945,24.5115882748
2007-12-31,122.846882109,24.3453479052,24.1871302361
2008-01-16,122.171122473,37.2735997864,40.0644900194
2008-02-01,120.600967251,21.1720160822,18.9658892615
2008-03-04,117.792225429,21.1094678466,27.3757612782
2008-04-05,119.464843735,31.798114619,22.6402717459
2008-04-21,121.141134436,23.5139875623,27.96000357
2008-05-07,121.910811375,41.8824784339,32.2790244514
2008-10-30,118.327902761,23.0038894601,28.2999733692
2008-12-17,118.425287187,22.7431713004,38.3021109836
2009-01-02,117.842867361,20.2844910711,22.2337194284
2009-01-18,116.851275729,36.406263117,38.33322974
2009-02-03,115.880311931,24.4948931068,23.9455116898
2009-02-19,116.786356518,24.5478623067,50.494736736
2009-03-07,117.798092238,80.5538808086,42.1807636242
2009-03-23,118.973651664,24.8176174403,32.8232373682
2009-10-17,117.49374059,27.5129678452,27.8014181805
2009-11-02,117.535122279,21.8414379948,25.8559037919
2009-12-20,117.552086261,49.0394252858,39.2389595049
2010-01-05,119.158743087,19.9101295098,21.8576700271
2010-02-22,123.720660782,68.5930608453,45.091672788
2010-03-10,124.160773629,113.612039601,87.6025638401
2010-03-26,124.043073595,117.855452671,81.8168376391
2011-01-24,117.008412829,28.265876351,28.3708979272
2011-10-07,117.587542217,25.1882990318,42.1450903632
2011-10-23,117.08165036,21.6694813787,46.5338541513
2011-11-08,116.906223656,25.9386218479,28.2640280244
2011-11-24,117.948266575,28.3681501387,35.8657857337
2011-12-10,117.674408462,22.8007122989,20.9518420808
2012-01-27,117.256183583,22.1964443012,20.6871879438
2012-02-28,117.994888212,22.2701874269,43.6367155116
2012-03-15,117.673015279,21.647014229,24.0463526804
2012-03-31,117.976491684,22.1322982717,33.7367483987
2012-04-16,117.752628995,48.9117333238,65.0557265704
2012-05-02,129.930210181,35.9435219301,66.2628963871
2012-06-03,119.377537148,32.8463857847,116.808234959
2012-09-23,116.373999428,21.4412975174,22.5018473869
2012-10-25,117.464919364,21.6765275664,29.7133098162
2012-12-12,117.160920037,22.894634356,22.5912922375
2013-01-13,116.855619884,22.9142190645,22.4418576809
2013-01-29,117.686476067,23.3065405929,23.0284611432
2013-11-29,117.611500339,21.6593490518,19.7990134957
2013-12-15,117.093059902,21.3971780803,20.1650549919
2013-12-31,117.598088684,19.1741814616,21.0166868772
2014-01-16,120.25577208,22.8261453226,22.0536713774
2014-02-01,127.412805328,25.4063221875,24.8912194203
2014-02-17,118.692335736,22.8525377043,25.2268495988
2014-03-05,117.062431607,41.8278999001,31.0477140345
2014-03-21,116.90529422,35.8682562562,61.6377434238
2014-04-06,116.273753054,21.8370942602,27.6934576399
2014-04-22,117.577820012,23.925364971,26.2956200665
2014-06-09,117.154366779,92.3812681857,116.676529907
2014-10-15,115.966834374,20.7284001662,35.6867227746
2014-10-31,116.764329866,25.2081162175,26.2562978145
2014-11-16,116.431078756,26.0659352647,29.0402500923
2014-12-02,116.772051018,21.2862022403,20.0382958496
2014-12-18,117.752823527,76.4010162075,86.1456706237
2015-01-03,116.747072075,22.5850797652,42.4960858838
2015-01-19,116.166156981,57.7476496698,61.4206453795
2015-02-04,117.980239823,22.1431377828,20.8554796348
2015-02-20,117.092599128,49.3213050088,37.9268001501
2015-03-08,116.370016306,23.1547435564,45.2808426014
2015-03-24,116.435690837,34.3672191754,82.1492474189
2015-05-11,116.85669877,57.8702218776,86.9606399848
2015-05-27,116.165570238,74.3510993395,113.18316516
2015-06-28,116.246017949,105.284341112,98.8058145357
2015-07-14,117.080335731,79.9508358419,117.080335731
2015-07-30,116.608409452,84.5942677322,116.608409452
2015-08-31,116.125757009,70.164302272,106.562751225
2015-10-18,116.872484349,21.4266886956,29.0034197482
2015-11-19,116.927081146,20.8217754648,18.4839770196
2015-12-05,116.688474069,20.7492201974,19.22541664
2015-12-21,117.611499333,21.9219562523,21.8249204321
2016-01-06,117.975794127,19.1316140823,20.8340334055
2016-01-22,118.790015632,22.2624757525,21.0642987621
2016-02-07,117.999585353,77.0866168516,66.1172937933
2016-02-23,115.890074133,23.4049547619,48.5916339741
2016-03-26,116.684803436,87.2469089179,43.4341415318
2016-04-11,116.371536306,23.5585234478,32.5289185139
2016-04-27,117.051874408,22.0751213022,22.7947097084
2016-05-13,116.509016866,29.010083221,47.6961206219
2016-05-29,116.96905146,36.2559596078,50.4138329736
2016-06-14,117.278984346,109.068584112,117.278984346
2016-09-18,117.713005325,55.5219615199,86.5836701397
2016-10-04,118.742036726,52.2275847736,73.5848391705
2016-10-20,118.959189115,22.1320280973,25.8277195201
2016-11-05,118.202373561,21.2846009098,25.3394656901
2016-11-21,117.749174813,21.2770864282,19.9288249574
2016-12-07,118.329081298,21.6909867155,20.7467247087
2016-12-23,118.494146799,22.0286677021,20.8105869045
2017-01-08,117.806119144,19.3844600372,20.780923297
2017-01-24,116.804201336,21.5368829477,20.1145515912
2017-02-09,116.415433019,22.2001695944,20.5408865542
2017-02-25,116.558873753,21.9247761612,24.8186957076
2017-03-13,116.640694999,22.2639990026,22.1694582924
2017-03-29,116.496358989,71.9476716345,83.5907450855
2017-04-14,116.905713955,57.1144940434,67.9084819482
2017-04-30,117.561621535,33.4448451267,21.9738723372
2017-08-04,117.841614495,111.75234807,114.067939693
2017-09-05,117.67731099,117.67731099,117.67731099
2017-10-07,119.685655128,119.685655128,119.685655128
2017-10-23,122.374589731,89.0074984543,122.374589731
2017-11-08,123.860955684,23.1193635261,26.2800993825
2017-11-24,124.837326123,23.3590197408,22.6582597802
2017-12-10,123.794282317,23.4164954839,23.0450548133
2017-12-26,122.203822873,20.6398744056,22.1474350003
2018-01-11,120.408147243,22.8536002734,22.0712146547
2018-01-27,117.834489023,23.7776792304,23.7549173719
2018-02-12,116.926353939,49.7366135466,42.7295171481
2018-02-28,117.434457001,22.4899534951,29.4124885861
2018-04-01,117.805851115,23.50748953,23.9801129017
2018-04-17,117.71800764,54.5485770302,109.058379702
2018-05-03,117.075243156,24.3599703463,40.9070930605
2018-07-22,117.416895776,116.425813552,114.607553328
2018-09-08,117.662761467,82.4908879052,107.118475039
2018-09-24,117.452310484,45.9867498154,57.3236005839
2018-10-10,117.098983082,113.989696325,116.130092185
2018-10-26,117.580702635,21.5524802745,48.2075220758
2018-11-11,118.588148092,21.9641482906,21.1743775078
2018-11-27,119.302572773,22.5457669594,22.1139442165
2018-12-13,119.295998233,22.4191015851,21.8628047968
2018-12-29,118.842629677,20.3272315587,23.2109039499
2019-01-14,117.959929009,23.5370022341,23.718751278
2019-01-30,117.215457754,23.9238720781,23.6865439093
2019-02-15,117.803488759,108.608894828,96.2949221094
2019-03-03,117.979640825,41.5456589568,26.5412314607
2019-04-04,118.729801611,27.6525400035,37.3874091479
2019-04-20,118.754824101,21.7633791219,21.4897637308
2019-05-06,118.427160613,21.5934056477,21.6912723275
2019-06-07,118.881893485,61.3944689655,110.304288324
2019-08-26,119.270951662,97.4086300173,95.4328512635
2019-09-27,118.06527906,102.297325135,109.963278305
2019-10-13,118.879388853,26.1181087355,87.8885683506