Date,Rarea,NDWI,MNDWI
2000-02-26,53.0331943603,34.0498116807,20.6867586469
2000-04-14,53.0331943603,53.0330374712,53.0331943603
2000-04-30,53.0331943603,52.7131275173,37.6243514173
2000-06-17,53.0331943603,37.7630366563,25.0828662417
2000-07-03,53.0331943603,0.0,53.0331943603
2000-10-07,53.0331943603,42.0892369125,24.0837130303
2000-10-23,53.0331943603,44.3590108152,24.6825310056
2000-11-08,53.0331943603,52.7354364017,51.5875767539
2000-12-10,53.0331943603,23.654475414,19.1528599202
2000-12-26,53.0331943603,23.7207966251,17.1853370431
2001-02-12,53.0331943603,52.2370433498,30.9242846673
2001-04-01,53.0331943603,53.0331943603,53.0331943603
2001-04-17,53.0331943603,39.9670038431,17.132608761
2001-05-19,53.0331943603,33.5250496013,18.0351708027
2001-07-06,53.0331943603,45.9579541792,34.4343583504
2001-07-22,53.0331943603,51.6881350152,48.4014748018
2001-09-24,53.0331943603,11.1698935371,53.0331943603
2001-10-26,53.0331943603,30.8042805533,14.1684555243
2001-12-13,53.0331943603,25.3085390271,24.3869492924
2001-12-29,53.0331943603,20.2580017621,13.2836504988
2002-02-15,53.0331943603,50.9049029209,52.8103876655
2002-03-03,53.0331943603,53.0331943603,34.3921363502
2002-03-19,53.0331943603,52.7023097376,13.7025715152
2002-04-04,53.0331943603,37.8606340663,12.16638562
2002-05-06,53.0331943603,53.0331943603,52.9331730427
2002-05-22,53.0331943603,51.9536618674,53.0331943603
2002-06-07,53.0331943603,52.9223667139,52.1444267114
2002-08-26,53.0331943603,53.0331943603,53.0331943603
2002-09-27,53.0331943603,46.0452865537,42.4896062814
2002-10-29,53.0331943603,17.6716074819,12.9044952722
2002-12-16,53.0331943603,20.0799856867,12.9594445079
2003-01-17,53.0331943603,4.73877866922,5.98533839011
2003-02-02,53.0331943603,0.0,44.8032087234
2003-02-18,53.0331943603,52.970693211,24.8339876631
2003-03-06,53.0331943603,30.5612395533,24.0390571715
2003-03-22,53.0331943603,24.4865380557,14.9692956559
2003-04-23,53.0331943603,52.2605371582,52.7331391357
2003-05-25,53.0331943603,51.4110889833,34.6907441159