Date,Rarea,NDWI,MNDWI
2000-02-04,15.0636635536,2.33474899978,6.60450915094
2000-03-14,15.0643335404,12.1108951868,2.45608736416
2000-04-08,15.0636635536,14.5700208377,2.01517286527
2000-04-15,15.0643335404,15.0572012556,1.82879722321
2000-05-26,15.0636635536,14.956710755,1.63303286649
2000-06-02,15.0643335404,15.0580434576,1.51981132055
2000-08-05,15.0643335404,13.6822373163,1.81954903773
2000-09-15,15.0636635536,15.0592536811,11.576596707
2000-09-22,15.0643335404,7.42246736696,1.48078670197
2000-10-01,15.0636635536,10.7498887588,1.32606073043
2000-11-09,15.0643335404,1.37833417289,1.91657630934
2000-12-04,15.0636635536,1.499712448,2.09975445273
2000-12-27,15.0643335404,2.41831500913,4.53664025996
2001-01-21,15.0636635536,1.75074329485,3.77666516325
2001-01-28,15.0643335404,1.45666855323,2.31645587887
2001-03-10,15.0636635536,11.1912222433,2.32328477447
2001-04-02,15.0643335404,14.4408901323,1.11794901242
2001-04-27,15.0636635536,14.7246140787,0.925338842084
2001-05-04,15.0643335404,14.9882940083,0.767490106107
2001-06-21,15.0643335404,14.6480817616,1.25823393551
2001-08-01,15.0636635536,12.7236409332,15.0573713189
2001-09-18,15.0636635536,12.4199476377,1.00512303898
2001-09-25,15.0643335404,13.257200833,1.31535246312
2001-10-11,15.0643335404,14.2098678948,14.7864655159
2001-11-21,15.0636635536,1.04480771025,2.64754115247
2001-12-14,15.0643335404,0.873014577293,3.22782235972
2002-01-24,15.0636635536,1.24730434604,4.29414056587
2002-01-31,15.0643335404,1.39300462266,5.86567559127
2002-03-20,15.0643335404,10.7722950659,1.62495904739
2002-03-29,15.0636635536,12.7692063553,1.37944415981
2002-06-01,15.0636635536,0.663586639659,1.00047097073
2002-06-08,15.0643335404,0.567320554147,0.847349515802
2002-09-21,15.0636635536,1.15866163814,2.05047944427
2002-09-28,15.0643335404,9.23508524594,2.25084902928
2002-10-23,15.0636635536,3.09195794108,2.72827067292
2002-10-30,15.0643335404,1.23955045551,1.61248632984
2002-12-17,15.0643335404,0.586266948674,1.06592820787
2002-12-26,15.0636635536,0.517102613166,1.20664862617
2003-01-27,15.0636635536,1.46488634383,2.65338225549
2003-02-03,15.0643335404,0.0,2.0519406469
2003-02-19,15.0643335404,14.5964199219,12.0324344948
2003-02-28,15.0636635536,10.0736453206,1.56606196819
2003-03-07,15.0643335404,0.886017624048,1.12778701266
2003-03-16,15.0636635536,14.6915234383,10.6564194979
2003-04-01,15.0636635536,0.883716041494,0.910382534435
2003-04-08,15.0643335404,14.5814492463,0.877567741744
2003-05-10,15.0643335404,0.7653158608,0.79402943511
2003-05-26,15.0643335404,15.0643335404,0.625999453604