Date,Rarea,NDWI,MNDWI
2000-02-04,11.01016827,1.83287650134,4.17945326659
2000-03-14,11.010197491,9.26024964016,1.71276046894
2000-04-08,11.01016827,10.707459996,0.863853029602
2000-04-15,11.010197491,10.9648963385,0.666716495911
2000-05-26,11.01016827,10.6931979305,0.326305747803
2000-06-02,11.010197491,11.010197491,0.260575633606
2000-08-05,11.010197491,10.2431288867,0.789607936771
2000-09-15,11.01016827,10.9017482052,6.69687610707
2000-09-22,11.010197491,7.65538460906,1.42556538193
2000-10-01,11.01016827,9.07172689914,1.06026084238
2000-11-09,11.010197491,0.688542164669,0.781002227129
2000-12-04,11.01016827,0.395204658417,0.462939265259
2000-12-27,11.010197491,0.534730562508,2.81398060826
2001-01-21,11.01016827,0.18158060553,2.48442063544
2001-01-28,11.010197491,0.0754770994263,1.11975575418
2001-03-10,11.01016827,8.14839722016,0.272425467188
2001-04-02,11.010197491,10.8392928948,0.0
2001-04-27,11.01016827,10.8186995851,0.00269669287109
2001-05-04,11.010197491,10.8718227442,0.0
2001-06-21,11.010197491,10.9468939309,0.109997124974
2001-08-01,11.01016827,11.0092693368,11.01016827
2001-09-18,11.01016827,9.59808172586,2.51999619979
2001-09-25,11.010197491,10.2831833953,2.49842135433
2001-10-11,11.010197491,10.2489818538,6.81062633349
2001-11-21,11.01016827,2.09158760153,2.274173571
2001-12-14,11.010197491,1.74342557979,2.4966477495
2002-01-24,11.01016827,0.954644008301,2.37510559325
2002-01-31,11.010197491,1.01779232613,3.59387797363
2002-03-20,11.010197491,8.42471057317,0.621901940797
2002-03-29,11.01016827,9.76391916516,0.515975946594
2002-06-01,11.01016827,0.103315481316,0.119555894836
2002-06-08,11.010197491,0.0826651094971,0.105128484924
2002-09-21,11.01016827,0.144725588928,0.233336812086
2002-09-28,11.010197491,9.67554020491,0.221938645264
2002-10-23,11.01016827,2.20084421262,0.29665179757
2002-10-30,11.010197491,0.260995941765,0.199475246033
2002-12-17,11.010197491,0.0521149863281,0.177011644104
2002-12-26,11.01016827,0.012584840271,0.192899753069
2003-01-27,11.01016827,0.157238720214,1.74852373706
2003-02-03,11.010197491,0.0,2.22211475773
2003-02-19,11.010197491,10.8244392364,9.03785456219
2003-02-28,11.01016827,7.61245689756,0.232239450124
2003-03-07,11.010197491,0.0485208675537,0.0116810720215
2003-03-16,11.01016827,11.01016827,6.0327784241
2003-04-01,11.01016827,0.155249953303,0.0
2003-04-08,11.010197491,10.9700020532,0.0
2003-05-10,11.010197491,0.0116811732178,0.0
2003-05-26,11.010197491,11.010197491,0.0