Date,Rarea,NDWI,MNDWI
2000-02-15,113.466526679,5.81695867768,4.35888582982
2000-03-18,113.466526679,113.332204082,1.41014051544
2000-04-03,113.466526679,112.175702208,1.09288385359
2000-08-09,113.466526679,104.62656652,77.2112238181
2000-08-25,113.466526679,17.471010041,10.8492538685
2000-09-10,113.466526679,79.4763247202,42.5249338214
2000-09-26,113.466526679,24.4420887769,16.6384887549
2000-12-15,113.466526679,7.60817930827,8.22822053824
2001-04-22,113.466526679,111.605981166,1.12536704465
2001-07-27,113.466526679,113.466526679,113.398340125
2001-08-12,113.466526679,73.6561709953,27.6848813868
2001-08-28,113.466526679,113.466526679,113.466526679
2001-09-13,113.466526679,113.258561881,57.88112472
2001-09-29,113.466526679,38.4786195852,22.2856570917
2001-10-31,113.466526679,74.8771023662,12.1350027006
2002-01-03,113.466526679,10.351011829,10.8828379023
2002-02-04,113.466526679,7.46737556858,5.67196891321
2002-02-20,113.466526679,113.044356684,5.01478520771
2002-04-25,113.466526679,113.466526679,2.65232078276
2002-05-11,113.466526679,113.466526679,2.54312617919
2002-06-12,113.466526679,113.346443528,17.1216386739
2002-07-14,113.466526679,113.424056172,6.12990595382
2002-07-30,113.466526679,113.466526679,113.466526679
2002-08-31,113.466526679,79.7216243229,58.3961033506
2002-09-16,113.466526679,19.9780172181,17.3918008086
2002-10-02,113.466526679,18.451961684,16.5616181324
2002-11-03,113.466526679,57.3061748269,13.1614899475
2002-12-05,113.466526679,107.649588915,12.2174944587
2002-12-21,113.466526679,112.602294598,12.1804198121
2003-01-06,113.466526679,112.865613177,12.5789580773
2003-01-22,113.466526679,111.591471727,9.44308215143
2003-02-07,113.466526679,113.199567694,10.232304333
2003-03-11,113.466526679,112.929398226,8.39573775136
2003-04-12,113.466526679,113.466526679,6.81429385413
2003-04-28,113.466526679,113.191272546,37.9549588333
2003-05-30,113.466526679,5.51221608908,5.23034745301