Date,Rarea,NDWI,MNDWI
2000-03-25,46.7167431433,42.6287962473,6.37411930969
2000-03-25,42.0556630728,38.4044791963,6.37682137146
2000-06-13,46.7167431433,44.7388263781,28.3131050964
2000-09-17,46.7167431433,22.5065922761,18.0381339244
2000-09-17,40.4851410127,19.2432154928,15.5215202187
2000-10-03,46.7167431433,9.76637432212,7.56239900441
2000-11-20,46.7167431433,6.14624665039,6.92743856617
2000-11-20,43.0272912419,6.14894869714,6.91819155054
2001-02-24,46.7167431433,46.4803762469,5.91297023035
2001-02-24,43.7140247578,43.4862796886,5.90936755212
2001-07-02,41.2639700798,31.3419446411,26.5284157524
2001-09-20,46.7167431433,9.10381254509,8.00240821846
2001-12-09,46.7167431433,6.42996159009,6.99109395095
2002-01-10,46.7167431433,6.4813004043,7.18247663395
2002-01-10,43.3479872707,6.48670453448,7.18458529553
2002-02-27,46.7167431433,46.13405534,6.42816026251
2002-02-27,45.9464540162,45.4135333744,6.42095485138
2002-03-15,46.7167431433,46.7167431433,43.6294345326
2002-03-15,44.6066791434,44.6066791434,41.6842029089
2002-03-31,46.7167431433,45.8060477193,6.01654858228
2002-03-31,46.7167431433,45.824962065,6.01834997485
2002-04-16,46.7167431433,46.3019282958,5.82920682886
2002-04-16,45.3391851759,44.9344615123,5.83551164252
2002-05-18,46.7167431433,46.7167431433,5.67518999774
2002-05-18,43.3750642748,43.3750642748,5.66889937548
2002-06-03,46.7167431433,46.7149417764,18.4361896953
2002-06-03,46.7167431433,46.7158424596,18.4548389955
2002-09-23,46.7167431433,8.96115318866,7.73631369971
2002-12-12,46.7167431433,30.0625285711,6.98012124178
2002-12-12,41.5344397269,27.6027112962,6.91224888044
2002-12-28,46.7167431433,5.79407999152,5.41399244958
2002-12-28,45.6257224885,5.7850731875,5.42029724152
2003-01-29,46.7167431433,46.7167431433,17.0514183222
2003-01-29,44.2515522541,44.2515522541,16.8524732747
2003-02-14,46.7167431433,5.68771473659,5.73419723377
2003-02-14,46.7167431433,5.69666506917,5.73419725696
2003-03-18,46.7167431433,8.21139228539,6.64987176001
2003-03-18,45.049808084,8.06570030662,6.63726219793
2003-04-03,46.7167431433,46.6897226766,5.45542371735
2003-04-03,43.7347404516,43.7068193063,5.4536223667
2003-05-05,46.7167431433,46.6969281597,4.97626092365
2003-05-05,44.129960073,44.1083437263,4.9807643418
2003-05-21,46.7167431433,46.7077363333,4.71416260107
2003-05-21,43.8570920391,43.8480852291,4.72497085181
2012-05-13,41.0672680345,4.42644300063,4.1352755578