Date,Rarea,NDWI,MNDWI
2000-02-29,100.897269571,88.893496201,18.1925202798
2000-04-17,100.897269571,99.9104443608,16.6086423307
2000-07-06,100.897269571,63.6780742497,15.7834969877
2000-08-07,100.897269571,100.897269571,100.894769329
2000-09-24,100.897269571,37.2375600225,19.4908402021
2000-10-10,100.897269571,49.4091306721,14.5226897871
2000-11-11,100.897269571,66.7346252191,6.57507538555
2000-12-29,100.897269571,6.5574689807,6.87782809318
2001-03-03,100.897269571,100.604743134,43.7156397091
2001-05-06,100.897269571,99.4553825644,4.28021911889
2001-08-10,100.897269571,100.897269571,100.897269571
2001-08-26,100.897269571,61.590508813,41.9180119627
2001-09-11,100.897269571,37.4517856052,15.3160093997
2001-10-29,100.897269571,70.0013526721,33.0982515341
2002-03-06,100.897269571,99.9221669178,6.27768684591
2002-04-23,100.897269571,99.5401970227,4.45461682732
2002-06-10,100.897269571,100.897269571,100.894769286
2002-07-28,100.897269571,100.897269571,90.1071764829
2002-09-14,100.897269571,45.2120863052,19.4077561729
2002-11-01,100.897269571,43.3194635421,5.3509514
2002-12-19,100.897269571,4.48292264364,3.65848966511
2003-01-20,100.897269571,4.08038308919,2.52058731649
2003-03-09,100.897269571,96.1503651306,2.76322324894
2003-04-26,100.897269571,100.338989844,2.20211794689
2003-10-03,86.1585914307,9.84770498378,14.2772818052
2003-11-04,87.4411941288,9.10560211355,10.213949276
2003-12-22,86.7383103506,82.7709091645,10.3092867348
2004-02-08,87.1485949262,55.6581427913,8.61973973837
2004-03-27,86.4380103723,85.9726989193,8.18369244694
2004-04-12,87.0543696054,85.2680560492,7.49955815579
2004-04-28,87.3617222715,7.11732503421,7.24909414438
2004-05-30,86.4729796645,8.14051709361,6.68704890597
2004-07-01,86.8004326395,81.4332341438,18.3214384436
2004-09-19,87.0125060965,8.63728858745,42.1883756338
2004-10-05,86.147522277,17.0281242689,31.5170324935
2004-10-21,87.0443024041,2.6470861434,4.111201427
2004-11-22,87.4469501648,3.05500931619,2.37284036297
2004-12-08,87.3860704489,4.50034875204,2.28423188154
2004-12-24,87.5293010034,86.8277105074,4.9529927427
2005-01-09,87.5401041674,1.62597521884,2.2159020591
2005-02-26,86.6008083293,2.34709759146,2.42488098967
2005-03-14,86.55770466,2.20402423398,2.24501244238
2005-03-30,87.5174670381,2.26118725817,2.08769534382
2005-04-15,88.1592302484,3.53438208043,1.90200822802
2005-05-17,86.9843730764,2.89765497525,1.46993865111
2005-06-02,87.7538521751,87.5933374845,2.03027254811
2005-07-20,87.3680599826,69.5293143945,29.0834261006
2005-09-06,87.3244147323,85.147538692,87.3244147323
2005-10-24,87.0761079125,16.0875938142,40.6282373034
2005-11-09,86.5670282744,15.6881249308,16.9752399206
2005-11-25,86.9354677063,0.0,14.2162060183
2005-12-11,87.7523190208,13.7361657959,14.7329598688
2005-12-27,88.4537026277,15.0788421869,14.5824355561
2006-01-12,87.3159542462,14.6745843382,14.1882967788
2006-01-28,86.9820008727,56.9838648703,15.0475661234
2006-02-13,86.6379165401,72.1702726125,14.9832920814
2006-05-04,86.7538217106,13.241693361,13.2407119714
2006-05-20,86.1708443501,13.7860375246,12.8950981749
2006-09-09,86.4051439347,17.2978929967,83.0811946241
2006-10-11,87.5146018486,14.1014283599,16.0083913453
2006-10-27,86.228143967,34.4437017763,13.5333835944
2006-12-14,86.0017821703,12.3952794151,10.7226271634
2006-12-30,86.3008748472,13.9530803233,10.7176243319
2007-01-15,87.5080300738,86.3735005159,14.9350091066
2007-01-31,87.0342984539,11.5894525223,10.1101775364
2007-03-04,86.1796285494,10.2149234043,10.0010707872
2007-04-05,86.8185238558,9.74366093978,9.33179229746
2007-05-07,87.4540849533,12.9976927594,8.83705870416
2007-05-23,88.3368841191,9.50672743477,8.42999104077
2007-06-08,88.2053228269,15.2140896551,8.05499696599
2007-09-12,87.9819575221,16.75264125,24.7217422882
2007-09-28,87.3904914795,30.6798338361,28.621721121
2007-10-14,88.6133848722,16.4449204489,19.6241211756
2007-10-30,87.206432814,15.0034935839,17.8771347882
2007-11-15,87.0123987858,14.7399501616,14.3349129355
2007-12-17,86.0316152996,16.0362574246,14.0873865229
2008-01-18,87.0463139375,57.3525110963,14.2718058977
2008-02-03,87.5749530989,83.1176186709,18.7960664302
2008-02-19,87.7179527874,13.2476631416,13.5725594975
2008-03-06,88.3560328581,13.3955165339,13.3428527168
2008-04-07,87.2565256226,12.5047014922,12.0843542396
2008-04-23,87.0691687452,12.2307143227,11.48024015
2008-05-09,86.4756768655,34.8687618939,18.4484031898
2008-05-25,86.9347061992,12.5212531778,10.1948961097
2008-09-30,86.5699125458,12.03850814,48.1501782938
2008-10-16,88.7553649005,30.5998352094,11.5499790362
2008-11-01,88.1918523562,4.24485557267,4.73937892237
2009-02-05,90.0023410353,6.31712899314,3.87517499871
2009-02-21,89.1574402545,7.157017473,5.68208577395
2009-03-09,88.2730546147,88.2730546147,12.8476384144
2009-03-25,87.7549475781,86.9985526488,3.51740573594
2009-04-10,86.9997077594,86.002047149,3.31214872045
2009-04-26,86.9740035973,86.9264995931,3.11029894001
2009-05-12,86.2837368971,10.2348206823,2.6905702808
2009-06-13,86.5652362277,86.3802187858,2.41274091284
2009-09-17,87.5745379399,8.58782603376,11.6814562022
2009-10-19,88.8509904473,4.93192411431,7.20620273653
2009-11-04,88.8057240727,39.7524770671,4.18149744658
2009-11-20,88.9528918709,3.33926461578,2.72157880722
2009-12-06,89.5189824261,4.6474365775,2.62981692657
2009-12-22,88.656237316,4.81498341376,2.68114113583
2010-01-07,87.7419559424,4.01748249911,2.501162488
2010-01-23,87.1096607785,46.8124194876,3.12647895147
2010-04-29,87.1883531885,6.54137370509,1.73355120322
2010-05-31,88.9977691179,5.9433875522,2.01909296188
2011-01-26,89.5735230707,7.32482904445,10.1507582009
2011-02-11,89.529750053,77.0241784734,8.68642084079
2011-06-03,88.6798084433,10.6868944512,5.48236367455
2011-10-09,89.0674029252,10.0035918672,20.8033467879
2011-10-25,89.1974170544,5.95617956229,11.1898955776
2011-11-26,88.4133811898,4.39352500443,5.7365246502
2011-12-12,88.825959321,6.58800479485,5.64061261692
2012-01-13,88.4234078045,6.29942459142,5.38274770705
2012-01-29,88.7641891046,83.4805861669,79.7769507961
2012-02-14,88.20944413,84.3876903826,10.0682617265
2012-03-01,88.3170114781,71.8934680654,5.28531667309
2012-03-17,88.3786540448,5.11138936258,4.99231706908
2012-04-02,88.3975956804,8.13677686102,4.86636032065
2012-04-18,88.4885058797,5.97937621706,4.71678008865
2012-06-05,89.0255416857,17.066781024,4.23740678272
2012-09-09,89.5626629397,24.8289754975,88.9945981958
2012-09-25,89.4501325127,8.74835442676,67.4079102372
2012-10-11,89.4431024866,13.4071484562,15.1468153832
2012-10-27,89.1707497552,13.1843140139,28.5939129122
2012-11-12,89.4225278488,14.4832531995,24.6511248154
2012-11-28,89.1979637497,9.79404979325,11.0633637787
2012-12-14,88.9487449257,87.928450824,24.3646036
2013-01-15,89.4920834668,11.0858918231,10.1807077769
2013-02-16,88.5668888632,88.5343846676,82.2165565697
2013-03-04,88.7548452223,9.70577941162,9.95251774604
2013-04-05,88.9266667947,9.47840096017,9.37051197669
2013-04-21,89.0492541901,89.0417533159,36.6456876173
2013-05-07,88.5476878515,18.0107285936,10.4947250363
2013-05-23,87.9082839807,10.2958930037,8.30923644406
2013-06-08,88.7328341867,88.7328341867,88.7328341867
2013-09-12,89.7196781179,40.207724813,69.1832673462
2013-09-28,89.7827351595,57.9702312244,81.0088356671
2013-10-30,89.1883244824,20.5872092745,27.087723068
2013-11-15,89.2158287167,22.5555500437,20.0034403063
2013-12-01,89.0930862375,21.6428742334,19.5033932219
2013-12-17,89.863490909,20.1496927357,19.1115275008
2014-01-02,88.9769673763,20.882754258,18.5658056379
2014-01-18,87.0823743228,87.0698728635,81.065510676
2014-02-19,88.6081840608,17.6270390212,17.627735357
2014-03-07,89.0901689684,25.5439442372,24.111297918
2014-06-11,89.3194197816,89.2924656127,54.1622614998
2014-06-27,89.2146918382,86.0001279171,22.7172331851
2014-07-13,89.2294474292,89.2294474292,89.2294474292
2014-09-15,90.5154204377,44.5605129412,43.1395908422
2014-10-01,89.6966059976,25.9698940496,18.6808693471
2014-10-17,89.8330707748,13.8194473833,19.7894723091
2014-11-02,89.1495963851,12.7844266429,22.7988212464
2014-11-18,90.0173910995,12.7395004209,11.6751789365
2014-12-04,89.5963658109,13.7409609804,11.4108606971
2014-12-20,88.6744471935,21.9292760649,50.3060587984
2015-01-05,89.1074946179,12.4505946758,12.0745729028
2015-01-21,89.9505342905,33.7677304268,40.6864446336
2015-02-06,88.7399168386,70.1738648627,16.4892035947
2015-02-22,89.2255951334,11.2226773617,11.3796418752
2015-03-10,90.4362091637,23.1323347447,16.7163180125
2015-03-26,89.8327864736,10.8734371669,10.9155114758
2015-04-27,89.8756820984,11.2071899595,10.7223874642
2015-05-13,89.2046398284,13.4154522234,10.5184643609
2015-05-29,89.6141770717,14.7145248604,9.96045062286
2015-06-14,89.1698549157,88.7398258324,88.2423359997
2015-06-30,89.6161590173,70.183412466,85.0374652526
2015-07-16,89.5150681736,78.293938776,19.437091873
2015-09-02,89.7951383743,16.3535943407,41.4518752275
2015-10-04,90.1138304254,14.6037772774,23.5398741022
2015-10-20,89.4505255806,10.5354265917,18.8325630768
2015-11-05,90.0449919504,9.92237262632,27.2076246944
2015-11-21,89.5840203528,8.40010439676,7.36458432354
2015-12-07,89.5208084051,9.38420411113,7.23608091808
2015-12-23,89.0670801825,57.6562964857,7.99461898759
2016-01-08,88.3908986146,11.3508564653,7.01700170391
2016-01-24,88.212178977,7.72695777214,6.89426632547
2016-02-09,88.6514333376,7.72100339724,6.77846140938
2016-02-25,90.0087921074,85.8428930068,11.2302431469
2016-03-12,89.3488986309,89.2613899727,8.57482819705
2016-03-28,89.8685384532,9.1577694589,7.10986507844
2016-04-13,89.4632322089,8.1284248254,6.60227554979
2016-04-29,89.2698556623,51.5701510024,25.8903884737
2016-05-15,89.5199446424,9.39201064412,6.11567102248
2016-05-31,89.0027494745,50.7377929615,31.9522430742
2016-06-16,89.1020937134,19.0438200809,5.60476187932
2016-09-20,88.3773673561,10.7691310786,17.0747339768
2016-10-22,87.6977266405,9.65160065025,13.3561059863
2016-11-07,88.3273447297,7.5987057007,16.5411893557
2016-11-23,88.4953409751,7.43127732716,7.14034778117
2016-12-09,88.0637027663,8.4474478009,6.99203803135
2016-12-25,88.0263948856,8.23135822292,6.9054612981
2017-01-10,88.4540716093,10.5596458872,7.27358196221
2017-02-11,90.2718183431,31.5175793204,45.8466120382
2017-02-27,89.9458193094,6.70458570521,6.95905407315
2017-03-15,89.6119134886,6.71255822153,6.86076850124
2017-03-31,89.6206478522,6.82764391329,6.40131194118
2017-04-16,89.0636767329,8.81392163346,6.00662825956
2017-05-02,89.0377083931,12.2969256129,5.83587924491
2017-05-18,88.6781820323,9.25929921089,5.44837989297
2017-06-03,88.3359245018,14.5831942768,5.36559754138
2017-06-19,88.1501831825,13.1473781966,5.24831495775
2017-09-07,88.6527101987,13.0610955794,38.6586062644
2017-09-23,88.4132246923,11.1953348647,21.2428789467
2017-10-25,86.5683939982,8.62361084158,10.2147598386
2017-11-26,86.0232662806,7.64913956936,7.79146193853
2017-12-28,86.4156230948,8.15064679346,7.54368850895
2018-01-13,87.3386519279,8.79398394071,7.57713238397
2018-01-29,88.4948104775,7.79359518482,7.3548871651
2018-03-02,88.4235397953,7.71752571401,8.25121238084
2018-03-18,88.2565931142,12.4399981766,8.81189240493
2018-04-03,88.1251195221,8.08458316519,7.15260043193
2018-04-19,88.7363385674,7.29999595125,6.98567758699
2018-05-05,88.6971240135,8.82380657999,5.76336988114
2018-05-21,88.4952425266,32.3726967507,5.62062105324
2018-06-06,88.4118040883,81.6451719831,25.7257301552
2018-07-08,88.7889550496,88.7889550496,76.6351699845
2018-09-10,88.2935670036,28.2267040398,19.699303253
2018-09-26,88.445149305,13.9868588923,17.7343205318
2018-10-12,88.6911808693,45.0443958254,39.6082879717
2018-10-28,88.1837528495,8.80364729758,13.7807664451
2018-11-13,87.7107068533,9.05133791286,7.0653930192
2018-11-29,87.6662354264,11.3245078645,6.07410556067
2018-12-15,87.4345926952,4.95549302026,6.08635838706
2018-12-31,88.07877597,6.2744569496,5.71996357872
2019-01-16,88.0102670325,6.06931510663,5.55740618202
2019-02-01,88.50003622,6.52098765176,5.71894094492
2019-02-17,88.0424736896,69.8914086243,6.77301659906
2019-03-05,87.6712234464,5.64787680477,5.79566415944
2019-03-21,87.6126023358,15.2365674527,6.50115656353
2019-04-06,87.678599628,9.43899746372,5.31539496697
2019-04-22,87.5659304525,8.66232037612,5.10298765144
2019-05-08,87.7018327016,11.1312295853,4.63274872948
2019-05-24,87.8932133162,16.065227922,4.4030768238
2019-06-09,87.4230916292,42.8852422657,4.31056664216
2019-10-15,87.1496936466,11.5058612052,19.4426518871