Date,Rarea,NDWI,MNDWI
2000-01-30,466.529348843,98.1896787665,103.076898784
2000-04-03,466.529348843,461.649810255,80.9066583039
2000-05-05,466.529348843,462.599211431,58.5367888474
2000-07-24,466.529348843,464.483305418,450.904746585
2000-09-26,466.529348843,172.153220801,159.036176015
2000-10-28,466.529348843,186.658897813,56.8331690194
2000-12-15,466.529348843,52.3951042817,52.2205254341
2001-04-22,466.529348843,459.814426684,42.6434030856
2001-09-13,466.529348843,249.676794546,211.292516339
2001-09-29,466.529348843,375.131297218,343.03865794
2001-10-15,466.529348843,137.592905516,116.481527437
2001-10-31,466.529348843,176.976893513,94.5694267713
2002-01-03,466.529348843,149.549933511,184.511430242
2002-02-04,466.529348843,91.800947899,93.9154281844
2002-02-20,466.529348843,464.044714127,93.4097820753
2002-03-24,466.529348843,463.468692262,87.1607725425
2002-04-25,466.529348843,461.099433214,83.5068439453
2002-06-12,466.529348843,464.978198126,82.492468125
2002-06-28,466.529348843,454.854054775,384.356650336
2002-07-30,466.529348843,376.945603963,196.787691913
2002-09-16,466.529348843,233.723998462,255.495003994
2002-10-02,466.529348843,115.317048902,93.4477161534
2002-11-03,466.529348843,194.144487209,69.0227356157
2002-12-05,466.529348843,320.246990735,66.259808293
2002-12-21,466.529348843,407.260369688,66.2681033833
2003-01-06,466.529348843,401.569127048,66.5770533525
2003-01-22,466.529348843,466.529348843,183.722152135
2003-02-07,466.529348843,387.348215899,65.8541615471
2003-03-11,466.529348843,466.034624075,63.7095385115
2003-04-12,466.529348843,462.434578549,70.6604330477
2003-04-28,466.529348843,463.177992307,58.5307668158
2003-05-30,466.529348843,58.9274718798,52.1801007185