Date,Rarea,NDWI,MNDWI
2000-03-14,45.6352571241,43.0106663641,7.72917887809
2000-05-17,45.6352571241,41.994735375,12.2401571028
2000-08-05,45.6352571241,43.3906042493,32.93385247
2000-09-22,45.6352571241,39.0492610693,23.3702394009
2000-10-24,45.6352571241,36.0454542265,15.3483302769
2000-11-25,45.6352571241,35.9949610008,10.6889066856
2001-01-28,45.6352571241,23.0928075652,40.0336806563
2001-03-01,45.6352571241,44.6379656122,10.9610191534
2001-04-02,45.6352571241,44.4627795681,11.4305078505
2001-05-04,45.6352571241,41.4786545569,11.7430105276
2001-09-09,45.6352571241,42.6759894626,33.0307226678
2001-09-25,45.6352571241,34.753813613,16.4971741709
2001-10-11,45.6352571241,45.6352571241,45.6352571241
2001-10-27,45.6352571241,29.1127912367,11.5448644677
2002-01-15,45.6352571241,4.74997891404,6.74203806874
2002-03-04,45.6352571241,44.5820822954,6.81665909278
2002-05-07,45.6352571241,45.6352571241,43.4861964414
2002-06-08,45.6352571241,22.3680080253,13.341583161
2002-09-28,45.6352571241,35.6280516118,14.2535387904
2002-10-30,45.6352571241,24.4044708709,45.6314325558
2002-11-15,45.6352571241,38.686349868,12.0573220123
2003-01-02,45.6352571241,42.8353564092,14.2493611525
2003-02-19,45.6352571241,44.8789587909,8.52432474862
2003-03-23,45.6352571241,45.1955813018,13.0934359966
2003-05-10,45.6352571241,45.5776654559,14.569219069