Date,Rarea,NDWI,MNDWI
2000-02-20,121.458769783,111.741150707,34.030378692
2000-03-23,121.458769783,118.564782265,36.3967769687
2000-05-26,121.458769783,121.458769783,121.458769783
2000-06-27,121.458769783,101.832164566,80.4089084464
2000-07-29,121.458769783,89.4640998271,72.8276185008
2000-09-15,121.458769783,118.607851871,113.277725561
2000-10-01,121.458769783,62.764293844,44.0681496088
2000-12-04,121.458769783,34.7397405809,36.2832729459
2001-02-06,121.458769783,113.823272066,34.4986258812
2001-03-26,121.458769783,117.681688583,29.5546846478
2001-04-27,121.458769783,118.414311826,35.3192774824
2001-05-13,121.458769783,117.786523514,27.4406885398
2001-09-18,121.458769783,121.457604011,118.952857305
2001-10-20,121.458769783,84.8211051417,72.110206346
2001-11-05,121.458769783,110.578046593,76.1972745383
2002-01-24,121.458769783,39.0174441502,39.2365640119
2002-03-29,121.458769783,119.729081861,37.6981163721
2002-06-01,121.458769783,120.981358656,102.13671669
2002-09-21,121.458769783,38.1362292719,50.3160576406
2002-10-07,121.458769783,61.7692803416,30.0390820896
2002-11-08,121.458769783,54.256065998,29.3649479798
2002-12-26,121.458769783,24.2855490944,29.2511369486
2003-02-28,121.458769783,118.529906514,27.9849743542
2003-04-01,121.458769783,41.9909933977,20.5206702395
2003-05-19,121.458769783,120.169033277,20.0051825671