Date,Rarea,NDWI,MNDWI
2000-02-20,47.8905243845,45.9885931485,5.5814044072
2000-03-23,47.8905243845,47.4487410395,5.70655573044
2000-05-26,47.8905243845,47.0724724927,35.7480978978
2000-06-27,47.8905243845,47.8905243845,47.8905243845
2000-07-29,47.8905243845,41.9703778534,9.15115894742
2000-09-15,47.8905243845,47.8619607953,39.0881065098
2000-10-01,47.8905243845,23.317475381,9.29804907755
2000-12-04,47.8905243845,6.66575230348,6.95170195573
2001-02-06,47.8905243845,46.2688172409,6.18344341049
2001-03-26,47.8905243845,46.0692737616,5.23242581534
2001-04-27,47.8905243845,45.0364005012,5.54692597191
2001-05-13,47.8905243845,43.7968511438,4.41758227139
2001-09-18,47.8905243845,47.8905243845,36.6443635519
2001-10-20,47.8905243845,32.7109661124,22.3096919379
2001-11-05,47.8905243845,32.1709483815,7.25473306859
2002-01-24,47.8905243845,6.41767226778,5.96868839119
2002-03-29,47.8905243845,47.4822339476,5.16440409852
2002-06-01,47.8905243845,46.0215659294,8.53650655527
2002-09-21,47.8905243845,17.1821054678,24.4998600164
2002-10-07,47.8905243845,34.8897789766,3.52181772039
2002-11-08,47.8905243845,33.1463425851,3.88123976098
2002-12-26,47.8905243845,4.26629937644,4.33728667313
2003-02-28,47.8905243845,47.708772884,3.28424299296
2003-04-01,47.8905243845,6.2660066748,2.75989127285
2003-05-19,47.8905243845,47.3127683477,2.8868265768