Date,Rarea,NDWI,MNDWI
2000-03-25,107.565526896,88.013746829,20.016137021
2000-06-13,107.565526896,107.565526896,63.028121272
2000-07-31,107.565526896,63.0045192675,46.494842792
2000-09-17,107.565526896,101.990131882,64.902850723
2000-10-19,107.565526896,89.5325410802,64.2169702665
2000-11-04,107.565526896,69.3691977696,37.8245435132
2000-11-20,107.565526896,55.0099143071,14.1812464743
2001-02-24,107.565526896,83.5437354394,15.8282380279
2001-06-16,107.565526896,107.565526896,107.30014678
2001-07-02,107.565526896,86.7725868768,9.46626295482
2001-09-20,107.565526896,89.5759834425,107.565526896
2001-10-22,107.565526896,23.4562332679,18.8260479803
2001-12-09,107.565526896,11.3675725987,13.3555147358
2002-01-10,107.565526896,17.6038444298,32.0682885875
2002-02-27,107.565526896,64.9621448721,16.6102867685
2002-03-15,107.565526896,74.6563761409,19.0343532689
2002-03-31,107.565526896,92.4143347854,22.9083227328
2002-04-16,107.565526896,97.5671623169,14.5666453728
2002-05-18,107.565526896,107.565526896,22.9934353814
2002-06-03,107.565526896,102.487932636,11.145710906
2002-06-19,107.565526896,107.562093875,27.9938730488
2002-07-21,107.565526896,107.565526896,107.565526896
2002-09-07,107.565526896,49.7021385195,32.8806104175
2002-09-23,107.565526896,40.9993365935,12.6529263594
2002-11-26,107.565526896,57.1160701612,10.0942423272
2002-12-28,107.565526896,11.4608562212,11.5678499434
2003-01-29,107.565526896,93.2951461792,17.5366688543
2003-02-14,107.565526896,42.8123755101,33.1995011937
2003-03-18,107.565526896,54.5318891467,34.6410592392
2003-04-03,107.565526896,104.398956178,9.21982946318
2003-04-19,107.565526896,104.151133656,7.2033445271
2003-05-05,107.565526896,107.024539266,6.60889133094
2003-05-21,107.565526896,107.310957808,5.84771680005
2003-10-12,96.0008121493,6.80565838208,9.85894426146
2003-11-13,94.3981365339,18.5080902908,11.4856570542
2003-12-15,95.296892822,15.221475129,95.296892822
2003-12-31,94.9342456871,36.8357534866,43.8840234961
2004-01-16,96.0031074728,78.1802291717,24.3486715509
2004-02-17,95.7246752654,9.05932182359,15.6078106502
2004-03-04,95.6942629535,58.5066373943,7.89823612311
2004-03-20,94.6278014069,7.00575199731,9.05482822991
2004-04-21,96.6302777207,93.3734614846,10.2894527037
2004-05-23,94.592588636,7.01821595525,7.13072943582
2004-06-08,95.3418047547,93.0831176785,5.63328058607
2004-06-24,95.7583118544,93.5730246061,5.8245781494
2004-09-12,95.2854749098,25.4150354649,15.5357058018
2004-09-28,94.6300786523,18.2097566624,27.8886141827
2004-10-14,95.7104737683,40.7535116546,29.6405371595
2004-11-15,95.6198256557,9.24115956444,9.39016829037
2004-12-01,95.0268267814,51.5330624058,10.777954763
2004-12-17,95.7624010591,13.5771105327,12.5991214634
2005-02-03,96.0804755903,33.9304270595,18.8693330153
2005-02-19,94.9495552429,60.5302278581,8.38882721736
2005-03-07,95.0470146689,76.0145557452,25.2921671173
2005-03-23,95.1136999944,7.50109733165,15.3808187019
2005-04-08,96.3524642204,89.5293608652,10.560785865
2005-05-10,95.8612407698,10.3940261617,9.91709221924
2005-05-26,95.4340923904,95.4340923904,42.3457153009
2005-10-01,94.6001332432,27.0228212307,26.7735079449
2005-11-02,95.1253642831,17.7813426037,70.3239767262
2005-11-18,94.8901862255,36.2163962617,17.5083073166
2006-01-05,96.2336074868,66.7018911804,31.5610312636
2006-01-21,95.4406453061,12.5737528627,21.0733202565
2006-02-06,95.1349849194,66.128050192,28.6776281866
2006-02-22,95.2092260707,9.27391619172,12.2026632496
2006-03-26,95.5819933303,58.1638045082,23.6873985147
2006-04-11,96.0211849773,84.4761494573,17.9629892384
2006-04-27,95.8507652671,12.0157102711,12.4133550035
2006-05-13,94.879132955,88.9898930303,10.5573848047
2006-05-29,94.0889744373,94.0889744373,67.0033891562
2006-10-20,95.2176115439,70.8517042385,52.099219388
2006-11-21,93.4228936265,12.0271452811,11.9073116348
2006-12-07,93.3485353492,63.9446341062,16.4295217691
2007-01-08,95.2225344881,19.4329747478,31.4171579325
2007-02-09,95.2608171775,87.3120302021,31.8935489982
2007-02-25,94.5805139014,48.6333700727,12.0406680198
2007-03-13,94.389956646,48.0785650611,10.6513757175
2007-03-29,94.3685338489,9.19229972782,28.5803839737
2007-04-14,95.3674548252,38.1737898292,40.8969236011
2007-04-30,95.8670746496,35.224246815,21.1781889838
2007-05-16,96.5283281632,94.3718794803,12.563277893
2007-06-01,97.5380410447,12.1847843712,11.2964007809
2007-07-03,96.2023168314,80.1443692756,15.6587820963
2007-11-08,95.1099436705,18.7228964223,46.7111637223
2007-11-24,94.4901501953,10.3306170128,10.1953744839
2007-12-10,94.2868801686,68.5338160397,16.5590595596
2007-12-26,94.2822100816,15.8968011458,16.0565831685
2008-01-11,94.6431425345,79.3526779381,35.1912606305
2008-01-27,95.1633997688,7.96428351274,19.2335406711
2008-02-28,96.7419187518,13.8877641007,29.5669658355
2008-03-15,97.3295086831,89.0946219039,96.3423631951
2008-04-16,95.4116888536,58.6346444288,13.7037281378
2008-05-02,94.9465447061,94.5041935586,13.4823600053
2008-05-18,94.821576278,87.4918679303,12.4195422396
2008-06-03,94.9460345314,89.7911969033,12.0930899489
2008-08-22,96.4478024525,93.0192606555,85.9862204134
2008-10-09,97.1743680689,32.6839470327,66.5954427767
2008-10-25,96.957485209,22.3172776578,14.8785591322
2008-11-10,96.4935089527,17.030777715,36.0348139913
2008-12-12,96.7132573871,95.8145881144,43.1349580617
2008-12-28,97.1114193155,16.2004318784,17.9141720147
2009-01-13,98.3793245266,96.8559496544,49.9918568227
2009-01-29,99.7560940785,78.333233791,36.9121161189
2009-02-14,99.126299762,88.294614105,35.5814518835
2009-03-02,97.5145137545,57.8882503701,13.67812169
2009-03-18,96.4753911938,82.8264295845,34.290600664
2009-04-03,95.8219578034,10.2974642132,13.0715534915
2009-05-05,94.6471821759,11.5129313725,13.1536613729
2009-09-26,95.7410970398,8.39139074658,14.393675465
2009-10-12,98.0672012265,12.3762527324,35.9513045045
2009-10-28,97.4052174717,12.5038867149,28.4935832599
2009-11-29,98.5519133154,41.3728383445,15.1505123569
2009-12-15,98.6035602039,12.9036776234,17.5126860951
2009-12-31,96.8851600444,22.1035737311,22.1373059202
2010-01-16,95.7693348681,84.5487072117,43.6526369761
2010-02-01,94.7201860241,44.8328123362,64.9727964521
2010-03-05,93.8168597736,77.5395074737,37.9102512141
2010-03-21,93.7715151971,10.0952559813,32.837844668
2010-04-22,95.0768689584,12.6009747553,13.8363863604
2010-05-08,96.6592307599,64.0447388919,96.6249597811
2010-12-18,99.147708738,55.5155309771,21.9297473679
2011-01-03,98.699476334,27.4364171292,39.1503206947
2011-01-19,98.5805211524,73.3551459814,40.0553423936
2011-08-15,98.3151466032,86.4099715689,62.5644406585
2011-10-02,95.8409639506,10.2619624004,20.6358784826
2011-10-18,97.9484416222,11.9765299924,38.2217962532
2011-11-03,99.6544869842,99.6544869842,97.6137737027
2011-11-19,97.5233700985,11.383378099,11.1425622935
2011-12-21,96.8451693947,24.8961904564,18.9262091408
2012-02-23,96.730334238,10.239305596,14.9118572754
2012-03-10,98.0753241025,11.2545988284,42.1712369953
2012-03-26,96.9428804968,82.2923931762,34.7814423608
2012-04-11,98.4071193058,10.5094331405,12.8055483324
2012-08-17,99.5351800461,6.01029258569,59.8213696345
2012-09-02,99.6501323614,9.13069591954,35.68046326
2012-11-21,97.8238060987,12.0074986648,12.2516035499
2012-12-07,99.4151822753,87.1784801615,24.0519095368
2012-12-23,97.3086063818,37.8300278684,19.7679366155
2013-01-24,97.6402336753,94.9118988989,45.68624491
2013-02-25,98.3389403891,10.8124873517,26.0680663464
2013-03-13,97.7411552483,13.3870383372,49.1058581225
2013-04-14,97.8782041328,10.4756141719,15.0807203045
2013-04-30,97.9383382119,9.09187209342,9.2426774105
2013-06-17,97.1526916254,85.6724777321,9.7875795457
2013-08-04,97.8063000384,8.13627642041,28.7461222212
2013-09-05,100.029137199,11.6576368153,38.3056545132
2013-12-10,97.4597218422,13.561415728,13.6215190031
2013-12-26,97.8461992835,26.2576424651,12.0891036326
2014-01-11,97.240720904,93.7447959563,46.8541854335
2014-02-12,94.5827514795,17.7961274005,44.3083670753
2014-02-28,98.9841154438,65.5847188284,26.5835561328
2014-03-16,98.642276035,11.1419195254,17.7107395984
2014-04-01,99.0179049347,9.59857452716,40.8646071216
2014-04-17,98.6401255069,12.93008247,24.9739361943
2014-05-03,97.9877431708,21.6916863223,18.8837605941
2014-08-07,97.6270900128,63.9162742639,25.6579366643
2014-09-24,101.222457102,17.2162658698,57.5201041789
2014-10-10,99.9062881535,10.0107927512,30.5473854671
2014-11-11,98.6475046208,23.5787128316,42.9265344335
2014-11-27,99.5111895588,12.0424003474,10.0096365623
2014-12-29,98.9066206975,23.031656998,30.9685220427
2015-01-14,98.756952981,19.1066011408,26.9134931982
2015-01-30,97.7840254548,21.8971377066,28.1546810963
2015-02-15,99.3296042024,10.5061365423,24.3360302532
2015-03-19,99.2848697079,49.4871828492,86.1277070594
2015-04-04,99.9442071438,7.8401140277,23.3628832477
2015-04-20,100.001565559,11.2744122465,12.0548493285
2015-05-06,99.9139591597,12.5058299327,13.2685289974
2015-06-23,99.6578428982,99.2576521158,99.6578428982
2015-08-26,99.1871212194,9.14025662044,91.7522752668
2015-09-11,98.3376459176,12.1548440362,69.8022445067
2015-09-27,97.0607869209,8.74489552378,18.3214653911
2015-10-13,99.5018692267,8.23591587324,28.4534417616
2015-10-29,99.7942000461,39.7799343496,24.0870597949
2015-11-14,99.0281552984,9.88715491518,9.80477334637
2016-02-02,96.902765198,11.5554114121,14.2879823734
2016-02-18,99.054892328,8.06546263509,11.4764307545
2016-03-05,98.265055739,9.3689674281,24.0545527969
2016-03-21,98.8682005859,6.62415517331,10.9611251747
2016-04-06,100.101091102,9.31578109329,9.46777534246
2016-04-22,98.5413070451,12.702844509,11.3605753043
2016-05-24,98.7192492119,10.0322692225,9.54776381797
2016-06-25,98.7355828347,22.0955638813,18.2464058456
2016-08-12,99.9871005308,64.1564909693,31.3251368896
2016-08-28,98.8447470185,21.0669771152,33.7614358393
2016-09-29,96.7131480203,31.1699470636,68.3259636648
2016-10-15,96.2551333017,12.234228286,23.974858569
2016-10-31,96.6520508452,12.8957043899,44.2960360435
2016-11-16,98.0757638331,54.136596977,38.406683901
2016-12-02,96.9396938477,96.9396938477,37.0302148004
2016-12-18,96.7876935856,17.6871285502,19.7376485314
2017-01-03,96.9785437432,32.0715625324,33.7971909613
2017-01-19,98.0207771776,31.4573355919,36.2679170327
2017-02-04,97.3064064021,12.474879994,19.0263698488
2017-02-20,99.7944710279,13.2063950309,19.9254543536
2017-03-08,99.3704190732,20.5631487398,47.9304053775
2017-03-24,99.3661700134,10.7196887325,26.5299870538
2017-04-09,99.3953007424,12.6669771346,27.4577371317
2017-07-30,97.2027817212,64.9484003149,43.3836923117
2017-08-15,98.0451604755,53.7879494362,50.6148293014
2017-08-31,97.4804263486,97.4804263486,97.4804263486
2017-09-16,97.6125946222,10.649393196,34.7936090892
2017-10-02,96.5406375682,96.3338900122,96.5406375682
2017-10-18,95.1721477638,10.0791618522,29.6834435914
2017-11-03,94.3537362439,9.69117525406,36.41405881
2017-12-05,93.9660281416,15.1536219186,13.4619834461
2017-12-21,94.491799005,25.5128230634,20.9605408598
2018-01-06,95.375301802,36.2459046361,37.0448672906
2018-01-22,96.7243391987,27.4947020243,36.9552288776
2018-02-07,98.760492982,98.760492982,98.7554905589
2018-02-23,98.0739687657,13.166188447,28.4647513491
2018-03-27,97.1801156186,12.7375608993,63.1223010406
2018-04-12,97.2578961227,12.9933160498,16.3554183607
2018-04-28,97.8211586885,13.1046499718,14.6728325302
2018-05-14,98.0096640858,44.779883503,43.401480127
2018-06-15,97.5286825419,12.4290737819,13.1625630817
2018-08-02,97.5181883909,95.5304407545,85.5149676131
2018-08-18,97.3647471086,97.3022169191,97.2496933684
2018-09-03,97.2598466131,48.5643729903,48.123483575
2018-09-19,97.4229893373,11.3090687567,84.0415946048
2018-10-05,97.8383343726,11.8210891099,27.1315230548
2018-10-21,97.8012662717,10.7911160433,45.466713543
2018-11-06,96.7842390402,17.8341996335,57.0781859964
2018-11-22,96.434873392,95.562027047,65.5217167502
2018-12-24,96.4088129649,68.2165754265,38.5901930719
2019-01-09,96.9218518237,32.416195952,40.1349610243
2019-02-10,97.4643129783,73.8471116837,51.0180730601
2019-02-26,96.9446162883,38.6139959414,29.9609616628
2019-03-14,96.5259060564,10.9336130138,35.8266761717
2019-03-30,96.4714506033,12.5036685231,40.1055820124
2019-04-15,96.3648496573,12.3211665887,16.6136972194
2019-05-17,96.9256754098,53.1776397273,44.6960508621
2019-06-02,96.492359772,22.6830772496,17.0041374034
2019-06-18,96.0501476649,93.7891710903,13.4286264519
2019-07-04,95.7242144488,93.0347689305,35.6228054719
2019-10-08,96.4565688666,24.1639052099,95.890156021
2019-10-24,95.7855861306,90.1254166915,84.5138866172