Date,Rarea,NDWI,MNDWI
2000-02-29,137.586973154,116.601724503,3.79383416931
2000-04-01,137.586973154,136.568085254,0.0898970874023
2000-05-19,137.586973154,133.533514049,24.5260360012
2000-08-07,137.586973154,137.586973154,133.660885515
2000-09-08,137.586973154,104.610245145,35.6521750244
2000-09-24,137.586973154,61.9114163302,33.6546200439
2000-10-10,137.586973154,127.685183354,84.4274320296
2000-10-26,137.586973154,77.0980700602,30.4074315531
2001-01-14,137.586973154,24.5523685355,27.9947012895
2001-03-03,137.586973154,101.48251629,17.5986192073
2001-05-06,137.586973154,135.700228781,8.38521657644
2001-07-25,137.586973154,135.478844999,16.6139657605
2001-09-11,137.586973154,137.586973154,137.586973154
2001-09-27,137.586973154,137.586973154,137.586973154
2001-10-13,137.586973154,136.665432059,133.479615109
2001-10-29,137.586973154,54.2743172673,29.1137969743
2002-01-17,137.586973154,23.4899924469,25.8905426471
2002-04-07,137.586973154,127.9935132,11.321541457
2002-08-29,137.586973154,133.494171711,31.205934589
2002-09-14,137.586973154,63.493340244,14.4266388333
2002-09-30,137.586973154,76.0594296687,12.337476752
2002-11-17,137.586973154,134.691180984,22.7206285949
2003-01-20,137.586973154,11.2048381102,10.7828116088
2003-03-09,137.586973154,133.712891869,12.7506163575
2003-05-28,137.586973154,135.974676078,12.3385801102
2003-11-20,117.530113598,95.2164706267,13.0572648848
2006-11-12,117.374659731,31.4430039039,31.7245288005
2006-11-28,118.07741775,87.9155229654,10.3165305671
2006-12-14,117.682640639,10.0718268611,8.93986706519
2007-04-05,117.848614343,6.83472773413,6.20791643408
2007-04-21,117.442978649,115.750799914,6.6349702987
2007-11-15,118.218600303,23.0618197694,22.7068637408
2008-01-02,118.750631337,103.008588589,21.4859305046
2008-01-18,118.285369587,90.7657313887,20.0748288956
2008-02-03,117.466063405,102.422453326,29.0177008619
2008-04-23,117.905399407,13.6971213917,12.1051469695
2008-05-09,118.5643324,12.2436850271,11.3543403692
2008-05-25,118.282011072,14.2252861322,13.648159663
2008-09-30,118.172088461,18.8589105665,22.6469342793
2009-04-10,117.801235239,114.998050459,1.57822295787
2009-04-26,118.44713326,117.821044362,0.227237372559
2009-05-12,118.846348582,5.10181063707,0.237265311146
2010-01-07,117.392224765,20.5939491049,20.2365824365
2010-01-23,118.057115031,84.5123102518,24.2908134795
2010-02-08,118.793125645,90.6038246349,22.0866626878
2010-02-24,119.282646328,92.665441144,18.5670740995
2012-05-04,125.329036758,8.36056058239,6.41767512964
2012-05-20,128.559560352,13.9860617014,8.34050341895
2014-01-18,118.010596165,101.840651242,15.8217182654
2014-02-03,121.872788576,13.0078466476,12.5066569734
2017-10-09,117.417123179,116.582519966,114.625253268
2017-10-25,118.580926997,29.6599629353,41.8161098045
2017-11-10,119.556124267,22.3315707329,23.7202084651
2017-11-26,119.725354061,23.2631952159,21.1713549446
2017-12-12,119.719146678,20.3287315016,19.7508635808
2017-12-28,118.644476501,19.7493668985,19.403712044
2018-01-13,117.36455174,18.0527015491,19.2188018865