Date,Rarea,NDWI,MNDWI
2000-01-28,49.6625130194,38.241805414,4.50704826963
2000-04-01,49.6625130194,49.6625130194,5.28237212704
2000-04-17,49.6625130194,49.415011496,7.64401510492
2000-05-03,49.6625130194,32.2224489289,4.90810424215
2000-06-04,49.6625130194,45.6455846159,41.1566175026
2000-08-07,49.6625130194,49.6625130194,49.6625130194
2000-09-08,49.6625130194,11.9321159739,11.0580612835
2000-10-10,49.6625130194,11.8643141141,11.5456769869
2000-10-26,49.6625130194,10.8350515796,10.6772523156
2000-11-27,49.6625130194,10.761086101,7.78495730716
2001-01-14,49.6625130194,26.3555029237,5.4613124021
2001-03-03,49.6625130194,42.373818297,5.26064968675
2001-05-06,49.6625130194,49.6625130194,49.3221412171
2001-07-25,49.6625130194,44.7168600455,48.8497147834
2001-08-10,49.6625130194,49.6625130194,49.6625130194
2001-09-11,49.6625130194,47.6481696275,40.9716160187
2001-10-13,49.6625130194,38.0266346073,17.4001258904
2001-10-29,49.6625130194,49.4879414464,41.9787532495
2001-11-30,49.6625130194,11.6116833989,4.24031747495
2002-02-18,49.6625130194,46.285798173,3.75456283197
2002-09-14,49.6625130194,10.2455671612,6.63427739952
2002-09-30,49.6625130194,26.6394930117,7.25764694852
2002-11-17,49.6625130194,49.6625130194,49.6625130194
2002-12-03,49.6625130194,11.8620591445,6.50379848476
2003-01-20,49.6625130194,6.128411376,5.62246185095
2003-02-21,49.6625130194,49.4481059945,7.48019753521
2003-05-28,49.6625130194,48.1931933204,5.92664923864