Date,Rarea,NDWI,MNDWI
2000-04-10,8.98681231677,4.05751572525,1.41201452478
2000-07-15,8.98681231677,5.13161577314,0.4035888243
2000-10-19,8.98681231677,1.9030732895,1.95659961559
2000-12-06,8.98681231677,8.94641584192,5.04193911918
2001-01-07,8.98681231677,2.36385817658,1.6915882055
2001-04-29,8.98681231677,8.98681231677,8.98681231677
2001-05-15,8.98681231677,1.52467278302,0.730484950839
2001-07-18,8.98681231677,3.61333170538,0.172982831862
2001-08-03,8.98681231677,8.98681231677,8.98681231677
2001-09-04,8.98681231677,6.02268798326,0.0593392716067
2001-12-09,8.98681231677,4.46425160273,4.01080950459
2002-01-10,8.98681231677,3.41318329263,1.96659467331
2002-02-27,8.98681231677,3.98962349018,0.281099475752
2002-03-15,8.98681231677,6.08980464895,0.423403569154
2002-03-31,8.98681231677,2.17308818876,0.0925677130917
2002-04-16,8.98681231677,2.5026946619,1.13166631603
2002-05-02,8.98681231677,3.88784483278,0.620338871083
2002-07-05,8.98681231677,8.69376966932,2.58179697783
2002-07-21,8.98681231677,5.31880520562,0.121626888005
2002-08-06,8.98681231677,8.98681231677,8.89080760483
2002-09-07,8.98681231677,4.2084219497,0.046116686448
2002-09-23,8.98681231677,4.15084174221,0.070354293688
2002-10-25,8.98681231677,8.98681231677,8.98681231677
2002-11-26,8.98681231677,2.68027762383,2.31858607635
2002-12-28,8.98681231677,0.898578913208,0.802527232422
2003-01-29,8.98681231677,4.13160886041,0.956577749609
2003-02-14,8.98681231677,1.22496256321,1.47115643545
2003-03-18,8.98681231677,2.85966119014,3.79459638053
2003-04-03,8.98681231677,5.61283093203,0.82716830269
2003-04-19,8.98681231677,1.33427406828,0.481701615269
2003-05-21,8.98681231677,1.06131198328,0.422915736354