Date,Rarea,NDWI,MNDWI
2000-01-28,322.731679263,88.575129856,48.1747214572
2000-04-01,322.731679263,322.731679263,322.406510995
2000-04-17,322.731679263,215.940503012,155.324678382
2000-05-03,322.731679263,254.47046287,215.39415849
2000-06-04,322.731679263,314.611819622,267.433045814
2000-09-08,322.731679263,66.7461847342,62.4839591329
2000-10-10,322.731679263,62.996024521,64.0043137711
2000-10-26,322.731679263,56.4748510898,57.364194699
2000-11-27,322.731679263,53.9809764082,51.3303881166
2001-01-14,322.731679263,64.2092488693,49.7407864368
2001-03-03,322.731679263,82.1161622408,39.3902304989
2001-05-06,322.731679263,228.445943529,257.86123946
2001-07-25,322.731679263,276.535744001,312.634572257
2001-09-11,322.731679263,268.016525309,234.458611415
2001-10-29,322.731679263,298.322403523,277.342033627
2001-11-30,322.731679263,65.1961506998,66.627765447
2002-02-18,322.731679263,90.079917234,43.8077221291
2002-05-25,322.731679263,84.9245193869,58.4607176238
2002-09-14,322.731679263,62.2104781088,46.7050803437
2002-09-30,322.731679263,132.625358275,96.8706724868
2002-12-03,322.731679263,278.605999121,254.349986542
2003-01-20,322.731679263,146.155263788,36.3845958018
2003-02-21,322.731679263,98.334714217,37.6923810845
2003-05-28,322.731679263,308.650010422,276.83034636