Date,Rarea,NDWI,MNDWI
2000-02-07,105.229090735,23.9577645433,100.935217043
2000-02-23,105.229090735,16.8279478729,18.413004147
2000-04-11,105.229090735,103.516553163,11.1040526504
2000-05-13,105.229090735,82.1693365897,11.6915635563
2000-08-17,105.229090735,103.417207245,94.1292037597
2000-10-20,105.229090735,66.4725030117,51.8562570828
2000-11-05,105.229090735,35.7331527399,18.0590148145
2000-12-07,105.229090735,13.7406843513,11.8266807313
2001-02-09,105.229090735,8.80921118414,6.10189348263
2001-03-29,105.229090735,99.4690801708,4.62345143427
2001-09-21,105.229090735,86.3074998302,67.2787854936
2001-10-07,105.229090735,103.080599799,81.3026483221
2001-10-23,105.229090735,34.3838403948,23.1300439513
2001-12-26,105.229090735,12.6265115251,10.9905143073
2002-01-11,105.229090735,11.8523959568,10.2393581342
2002-02-12,105.229090735,14.7541341882,14.8074686604
2002-02-28,105.229090735,100.799822253,15.7920884459
2002-04-01,105.229090735,102.692267874,17.3717298189
2002-04-17,105.229090735,105.229090735,21.2248062153
2002-05-03,105.229090735,102.795747068,58.6849803352
2002-06-04,105.229090735,105.229090735,105.229090735
2002-09-24,105.229090735,91.8482318843,77.038271335
2002-10-26,105.229090735,26.7329900785,95.1502089349
2002-12-13,105.229090735,46.6999321212,17.7980189096
2002-12-29,105.229090735,57.5826649575,10.860748561
2003-01-14,105.229090735,18.809435851,64.2315959022
2003-01-30,105.229090735,103.176554206,13.7506476419
2003-02-15,105.229090735,101.502016719,17.5092092264
2003-03-03,105.229090735,17.8963575221,21.9001581954
2003-03-19,105.229090735,102.767720706,22.412794353
2003-04-04,105.229090735,16.2410812918,21.9771373811
2003-04-20,105.229090735,100.705258695,50.9623447438
2003-05-06,105.229090735,104.901718067,24.8214194048