Date,Rarea,NDWI,MNDWI
2000-03-14,43.0453779354,42.9147868575,7.33700600464
2000-05-01,43.0453779354,19.8220307345,8.15533677474
2000-08-05,43.0453779354,43.0453779354,43.0453779354
2000-08-21,43.0453779354,17.3845761259,6.37562720512
2000-09-22,43.0453779354,42.3986483514,32.2077390528
2000-10-08,43.0453779354,8.2751325355,6.29450931506
2000-11-09,43.0453779354,8.71886290675,7.03371580077
2000-12-27,43.0453779354,26.5965702278,6.55877708535
2001-04-18,43.0453779354,20.8562613908,4.63449953738
2001-06-05,43.0453779354,43.0453779354,43.0453779354
2001-09-09,43.0453779354,42.9850361267,40.4078533429
2001-09-25,43.0453779354,42.5074652428,40.8629602136
2001-10-27,43.0453779354,35.3385718012,27.6691141314
2001-11-12,43.0453779354,13.4668018886,5.49686892122
2001-11-28,43.0453779354,10.4711155589,4.80881147404
2001-12-14,43.0453779354,42.4812628632,40.3811708813
2001-12-30,43.0453779354,31.9273570886,4.75404692448
2002-01-15,43.0453779354,42.7156938612,6.4282426423
2002-02-16,43.0453779354,42.9059436327,34.8595885601
2002-03-04,43.0453779354,43.0282661549,6.08364672872
2002-04-05,43.0453779354,40.1565804631,3.22169094589
2002-04-21,43.0453779354,30.188051581,2.41637895502
2002-05-07,43.0453779354,42.5971534616,4.82001449185
2002-05-23,43.0453779354,20.9166669956,2.16420281952
2002-08-11,43.0453779354,28.6728254086,5.39841251954
2002-08-27,43.0453779354,5.65662902541,2.37642466363
2002-09-12,43.0453779354,5.10239689051,2.58435278448
2002-09-28,43.0453779354,43.0453779354,43.0453779354
2002-10-14,43.0453779354,5.27293247352,3.27496912106
2002-10-30,43.0453779354,43.0321228935,43.0453779354
2002-11-15,43.0453779354,19.4584047469,27.1838972825
2002-12-01,43.0453779354,43.0354710397,41.9499356303
2002-12-17,43.0453779354,8.52680462647,3.57942499725
2003-01-02,43.0453779354,21.9527436913,4.85385993761
2003-01-18,43.0453779354,33.1899522898,3.71608454362
2003-02-19,43.0453779354,4.00222305756,2.88567177486
2003-03-07,43.0453779354,42.2472540101,3.01102307145
2003-03-23,43.0453779354,36.8129629005,30.2565407915
2003-04-08,43.0453779354,31.884592067,3.38279482988
2003-04-24,43.0453779354,34.8464544839,2.90419341179
2003-05-10,43.0453779354,34.0403996565,22.715170001
2003-05-26,43.0453779354,43.0453779354,43.0453779354