Date,Rarea,NDWI,MNDWI
2000-04-05,971.071766979,736.407330935,487.725047787
2000-05-07,971.071452446,586.251483436,400.684272043
2000-08-11,971.071452446,491.734341382,410.731903685
2000-09-28,971.071452446,371.471262256,364.495319903
2000-10-30,971.071452446,409.433018182,384.51353305
2000-12-01,971.068630677,936.153991114,967.175367884
2001-01-02,971.071766979,761.227852571,707.634640922
2001-02-03,971.068630677,536.423729644,361.852101774
2001-04-08,971.069414996,596.645828374,331.408458894
2001-06-11,971.071766979,410.871193115,375.438548593
2001-09-15,971.071766979,513.651162599,483.885499776
2001-11-18,971.068630677,867.508563266,924.842293258
2001-12-04,971.069414996,782.921161571,865.740029376
2001-12-20,971.071766979,429.882896181,319.97797764
2002-01-05,971.068630677,535.941310931,322.581152099
2002-02-06,971.071766979,734.725665721,352.875938078
2002-02-22,971.068630677,861.630383216,481.856410385
2002-03-10,971.071766979,709.371953552,272.269404744
2002-03-26,971.068630677,969.439083612,769.687988494
2002-04-11,971.069414996,954.614729258,530.849381931
2002-04-27,971.068630677,905.206584147,642.01679933
2002-05-13,971.071452446,632.573514863,286.042593273
2002-06-14,971.071452446,862.608006687,767.799557675
2002-08-01,971.071452446,545.160599129,463.838451919
2002-09-02,971.071452446,681.393807307,648.843182031
2002-10-04,971.071452446,507.397220695,489.703635965
2002-10-20,971.068630677,418.426314758,397.378842154
2002-11-05,971.068630677,623.678005271,673.878523728
2002-12-07,971.068630677,370.394837415,342.015577448
2003-01-08,971.068630677,510.979292848,410.763838564
2003-01-24,971.069414996,531.668115328,325.205038514
2003-02-25,971.071452446,610.765473092,302.672950735
2003-03-13,970.559608577,511.667446127,277.696073257
2003-03-29,971.071452446,648.896757374,280.417136734