Date,Rarea,NDWI,MNDWI
2000-01-05,165.312667951,140.866175202,69.2244371226
2000-01-21,165.312667951,160.606925727,155.562913035
2000-02-06,165.312667951,48.3821172415,49.5511045945
2000-02-22,165.312667951,61.1320120307,93.0646748182
2000-03-25,165.312667951,106.723806101,132.825825603
2000-04-10,165.312667951,2.73837034649,4.42525322663
2000-04-26,165.312667951,2.3898492692,3.2803962219
2000-05-12,165.312667951,2.41061086285,3.2863420587
2000-05-28,165.312667951,77.5247619355,71.2296282586
2000-06-13,165.312667951,2.4406346712,3.42146903197
2000-07-15,165.312667951,3.10517640958,3.04146128304
2000-07-31,165.312667951,38.8943897954,50.3767118628
2000-08-16,165.312667951,141.298693941,116.008754726
2000-09-01,165.312667951,146.23395734,3.65694739056
2000-09-17,165.312667951,150.059377013,20.9936661435
2000-10-03,165.312667951,95.0977205422,6.28882616289
2000-10-19,165.312667951,76.597570549,3.19623234576
2000-11-04,165.312667951,165.312667951,165.305201285
2000-11-20,165.312667951,57.7684944109,18.093145239
2000-12-06,165.312667951,21.5941595681,8.45929204271
2000-12-22,165.312667951,129.642012723,21.6569782805
2001-01-07,165.312667951,5.73380508308,3.35139346666
2001-01-23,165.312667951,165.312667951,165.312667951
2001-02-08,165.312667951,109.468822767,37.2194749445
2001-02-24,165.312667951,130.191419013,159.160777265
2001-03-12,165.312667951,109.620247351,100.801109894
2001-04-29,165.312667951,2.36807729596,3.14674154059
2001-05-31,165.312667951,2.39810090631,3.27934637556
2001-07-02,165.312667951,2.42562276324,3.19963627147
2001-07-18,165.312667951,2.41311289752,3.00913272834
2001-08-03,165.312667951,2.44313661261,2.89654380402
2001-08-19,165.312667951,2.40810893561,2.86902228596
2001-09-04,165.312667951,128.036262044,2.89654390876
2001-09-20,165.312667951,158.167366302,6.3494866398
2001-10-06,165.312667951,108.617360314,3.0791881214
2001-10-22,165.312667951,139.23147054,89.7549175587
2001-11-07,165.312667951,159.584410324,55.9449860071
2001-11-23,165.312667951,94.0221589806,165.312667951
2001-12-09,165.312667951,69.563359693,8.19155643541
2001-12-25,165.312667951,133.222421356,91.9135047142
2002-01-26,165.312667951,3.84763800307,3.27883614757
2002-02-11,165.312667951,64.0871529933,59.1628969853
2002-03-15,165.312667951,156.817619402,149.605781618
2002-03-31,165.312667951,23.1513562899,13.9751859576
2002-04-16,165.312667951,15.2176756866,10.899140142
2002-05-02,165.312667951,2.37057918976,3.20428692414
2002-05-18,165.312667951,105.058350859,3.12672564582
2002-06-03,165.312667951,78.3739886926,3.58145768295
2002-06-19,165.312667951,85.2015224739,119.932943173
2002-07-05,165.312667951,159.907762856,22.855051025
2002-07-21,165.312667951,165.312667951,165.312667951
2002-08-06,165.312667951,134.517762237,3.24967594481
2002-09-07,165.312667951,165.312667951,165.312667951
2002-09-23,165.312667951,165.305162044,111.16792315
2002-10-25,165.312667951,144.152452311,5.7986563056
2002-11-10,165.312667951,105.001680738,4.99825666523
2002-11-26,165.312667951,32.3530311965,3.0241445467
2002-12-12,165.312667951,165.312667951,165.312667951
2002-12-28,165.312667951,13.324176031,7.26634622075
2003-03-02,165.312667951,109.249157568,131.625022165
2003-04-19,165.312667951,5.01461987443,3.77731913386
2003-05-05,165.312667951,165.310165987,161.76283719
2003-05-21,165.312667951,22.894628404,3.40444511335