Date,Rarea,NDWI,MNDWI
2000-01-04,91.5958603377,58.4691615304,47.5526527919
2000-02-05,91.5958603377,5.23882850375,2.76075849441
2000-04-25,91.5958603377,6.67012707706,4.45920571199
2000-06-12,91.5958603377,4.87336685075,20.5642884777
2000-08-15,91.5958603377,10.0030780863,2.19914457686
2000-10-02,91.5958603377,91.5958603377,91.5958603377
2000-11-03,91.5958603377,50.4983081308,1.34253907569
2000-11-19,91.5958603377,42.7222986132,28.3879873571
2000-12-05,91.5958603377,91.5958603377,91.5958603377
2000-12-21,91.5958603377,80.1584518548,52.7838959977
2001-01-06,91.5958603377,41.8299970298,35.5479492383
2001-01-22,91.5958603377,54.8672484574,46.7854813978
2001-02-07,91.5958603377,24.5263625488,3.4002438303
2001-02-23,91.5958603377,59.3909254729,29.577228294
2001-03-11,91.5958603377,23.3289861405,11.984737002
2001-03-27,91.5958603377,22.1778120602,14.4553866406
2001-04-12,91.5958603377,5.17166295632,2.13441619306
2001-04-28,91.5958603377,82.8615790341,68.5516984509
2001-05-30,91.5958603377,30.3518643441,41.1435284925
2001-07-01,91.5958603377,0.0225084814453,11.4473373397
2001-07-17,91.5958603377,2.3617464795,5.04189235479
2001-08-02,91.5958603377,39.5774348694,68.2255989063
2001-09-03,91.5958603377,76.0653035546,61.6730058543
2001-10-05,91.5958603377,87.943418591,81.0613726554
2001-12-24,91.5958603377,52.7266163988,33.7061276637
2002-01-25,91.5958603377,90.1105363442,91.5533436965
2002-02-10,91.5958603377,48.8007505365,42.1977699553
2002-03-14,91.5958603377,29.0598579127,24.1538791191
2002-03-30,91.5958603377,59.4127042602,61.3073382421
2002-04-15,91.5958603377,78.3137299883,75.2300839235
2002-05-01,91.5958603377,14.0617756577,9.6999992639
2002-05-17,91.5958603377,16.5779441793,9.82226453285
2002-06-18,91.5958603377,91.483911389,91.5862486084
2002-07-20,91.5958603377,23.9033599971,28.2804030054
2002-08-05,91.5958603377,11.2723486987,12.5385323844
2002-11-25,91.5958603377,65.4059590831,32.376377321
2003-01-12,91.5958603377,83.6876288729,80.2439413515
2003-02-13,91.5958603377,56.3156487581,50.2545601347
2003-03-01,91.5958603377,18.2695051146,8.46041867772
2003-03-17,91.5958603377,30.7315136198,7.85385527918
2003-04-02,91.5958603377,26.5594266558,12.8201584037
2003-05-04,91.5958603377,88.0613096557,45.8329362261
2003-05-20,91.5958603377,91.5933595112,91.5958603377