Date,Rarea,NDWI,MNDWI
2000-01-10,68.2460102217,62.3953698673,51.8017081506
2000-03-14,68.2460102217,15.1146788985,15.9933539002
2000-04-15,68.2460102217,61.5734148606,51.8230111942
2000-05-01,68.2460102217,22.1728818079,22.441072023
2000-05-17,68.2460102217,67.9445063925,68.2460102217
2000-06-02,68.2460102217,29.862612998,53.3783737155
2000-06-18,68.2460102217,68.2460102217,68.1110214672
2000-07-04,68.2460102217,0.5868657948,1.30923217397
2000-07-20,68.2460102217,51.2520898251,55.8664115269
2000-08-21,68.2460102217,1.04300231261,1.41181438368
2000-09-06,68.2460102217,66.6361900226,67.7792888969
2000-09-22,68.2460102217,59.7170003307,68.2460102217
2000-10-08,68.2460102217,67.7786514088,68.2251407562
2000-11-25,68.2460102217,25.0876768782,26.019129204
2001-01-12,68.2460102217,7.12192185487,11.865858586
2001-01-28,68.2460102217,8.78687488639,12.287412175
2001-03-01,68.2460102217,66.2494381422,53.6852962869
2001-03-17,68.2460102217,56.5194141334,50.8932656982
2001-04-02,68.2460102217,18.2144580889,19.0559360134
2001-04-18,68.2460102217,12.4077837284,10.4080913012
2001-05-04,68.2460102217,64.2178353152,65.6050602728
2001-05-20,68.2460102217,68.2360022908,67.8459870311
2001-06-05,68.2460102217,41.0574197297,67.8735964406
2001-06-21,68.2460102217,2.96399146423,5.7092535426
2001-07-07,68.2460102217,1.62030246241,7.28794437134
2001-08-08,68.2460102217,24.524000166,22.8235032144
2001-08-24,68.2460102217,3.90418993726,39.3210752053
2001-09-25,68.2460102217,1.80677333359,3.7464359645
2001-10-11,68.2460102217,1.86847329336,3.18621496088
2001-10-27,68.2460102217,68.2460102217,68.2460102217
2001-11-12,68.2460102217,49.3111841133,53.0195926531
2001-11-28,68.2460102217,16.9804343869,23.4169685543
2001-12-14,68.2460102217,11.9532023979,15.5417726335
2002-01-15,68.2460102217,35.2470899995,35.5124168971
2002-01-31,68.2460102217,17.7547846768,19.6962735899
2002-02-16,68.2460102217,15.8612637325,21.0992609449
2002-03-04,68.2460102217,53.2266700666,41.0359508372
2002-05-07,68.2460102217,50.3380550093,46.593345647
2002-05-23,68.2460102217,7.86140975832,12.1572452498
2002-06-08,68.2460102217,2.36565184267,3.70077876215
2002-06-24,68.2460102217,1.74895673404,3.19270088599
2002-07-10,68.2460102217,68.2460102217,68.2460102217
2002-07-26,68.2460102217,0.407822398682,0.749416788923
2002-08-11,68.2460102217,42.2054866622,52.3547933644
2002-10-14,68.2460102217,0.128023172464,2.42468910066
2002-11-15,68.2460102217,1.08256342599,5.34600184624
2002-12-01,68.2460102217,17.7889527546,13.6682714504
2003-01-02,68.2460102217,8.55639188063,11.2517901314
2003-02-03,68.2460102217,4.41288155039,7.9034414434
2003-02-19,68.2460102217,45.0181937963,23.3203488212
2003-03-07,68.2460102217,66.2254841811,51.4210763674
2003-03-23,68.2460102217,35.6843785117,23.5585251318
2003-05-10,68.2460102217,10.1554239155,8.89618842926