Date,Rarea,NDWI,MNDWI
2000-03-14,461.647841926,458.212781984,15.8546960991
2000-05-01,461.647841926,461.257686444,15.7358398447
2000-08-05,461.647841926,248.057683338,58.6176979148
2000-09-22,461.647841926,48.0309876544,19.3501332703
2000-10-24,461.647841926,174.662211276,18.0625283034
2000-11-25,461.647841926,20.8330452963,20.8182440821
2001-01-28,461.647841926,37.0195359937,28.6608715088
2001-05-04,461.647841926,461.647841926,26.9156651326
2001-08-24,461.647841926,259.446397394,192.503579235
2001-09-09,461.647841926,54.3951250255,21.3511634371
2001-09-25,461.647841926,117.833896901,19.0385491945
2001-10-11,461.647841926,357.933288214,446.693596733
2001-12-14,461.647841926,32.1085630824,33.565151834
2002-03-04,461.647841926,458.714743416,20.8081649646
2002-06-08,461.647841926,74.4827236241,34.6709658122
2002-08-27,408.470686372,125.592425888,90.2730533345
2002-09-28,461.647841926,63.6904091635,21.7239033814
2002-10-30,461.647841926,18.0026699719,21.3807923644
2002-12-17,461.647841926,10.1634281527,11.328157226
2003-01-18,461.647841926,19.7626835854,20.1139596955
2003-02-19,461.647841926,461.367731212,114.247411864
2003-03-07,461.647841926,24.2346527638,17.651942544
2003-04-24,461.647841926,461.387734608,19.1364333398
2003-10-01,446.953869162,77.8359287712,174.932849153
2003-10-17,445.661775213,57.363327863,19.7220268608
2003-11-18,446.382816496,21.457885083,33.2410314383
2003-12-04,444.924155415,20.7586104627,10.2848779581
2003-12-20,445.394906195,9.1931233874,10.9251052921
2004-02-06,445.244010757,9.88152255667,10.8418585889
2004-02-22,443.253232208,24.3478661763,18.0742764676
2004-03-25,446.239194176,144.796940784,16.6434524006
2004-04-10,445.268904604,445.137791629,16.3000270073
2004-05-12,445.864218271,445.764184629,31.0178782387
2004-05-28,445.901418396,78.4485488782,34.4537945463
2004-06-13,444.308224461,159.030389388,95.5675075177
2004-06-29,445.076538941,97.8163671894,124.929185212
2004-07-15,445.38126433,444.890276301,445.38126433
2004-09-17,445.655677426,189.095875886,70.2910994109
2004-10-03,446.434612351,112.200030825,32.8533790275
2004-10-19,444.501763869,16.2742507639,22.047743134
2004-11-20,444.058849464,19.6986141355,10.7013505756
2004-12-06,444.575558831,410.311510577,27.3089655749
2004-12-22,444.554567097,441.356338405,33.1853555971
2005-01-07,444.244627414,9.51223206403,11.7562138346
2005-01-23,441.161888226,23.3155970063,22.7242931636
2005-02-08,443.525391765,39.641323762,31.18954269
2005-02-24,444.90998732,440.425804083,21.2500087153
2005-03-12,445.227177214,28.3298609703,19.1892719485
2005-03-28,444.227492079,39.3863244595,18.9220422219
2005-04-13,441.297231811,102.522825469,19.7472561664
2005-04-29,442.380434943,442.260383152,24.3657944694
2005-05-15,444.582427752,444.482386299,25.5919871288
2005-05-31,443.634133668,443.464065464,29.5784760232
2005-10-06,442.953117639,15.6642674894,18.5001951743
2005-10-22,443.789984925,16.1330017307,21.0236324272
2005-11-07,444.989356222,18.8048293121,23.9428962544
2005-11-23,444.193027805,18.0163463752,10.1023723013
2005-12-09,441.942590372,18.1875327233,10.4636875413
2005-12-25,440.37764208,20.7111842023,11.5069985039
2006-01-10,443.09114096,20.1469831538,20.0122852771
2006-01-26,443.929529899,20.9636388718,10.9367644658
2006-02-11,444.196455926,24.9582379619,9.40338180004
2006-02-27,444.098417602,443.778289026,24.4182796358
2006-03-15,443.834733719,442.043996237,160.462536099
2006-03-31,442.864774772,442.694709915,23.3829321408
2006-04-16,441.623191836,441.623191836,313.368425656
2006-05-02,443.962333227,443.912313547,26.4535510505
2006-09-23,445.146243864,67.1251881403,201.814383957
2006-10-09,441.603463213,15.3477433812,18.6825389549
2006-10-25,444.30758168,17.1005815196,20.1621088453
2006-11-10,445.140146652,21.9792400304,13.7127770833
2006-11-26,445.251581221,10.7610598048,13.2426483382
2006-12-12,444.979657623,10.7109971632,12.5348494718
2006-12-28,444.719096129,10.3608879851,13.9056208383
2007-01-13,442.338124944,320.704783645,199.32359311
2007-02-14,443.454162623,434.409206605,21.8060771665
2007-03-02,444.008856231,29.2072120632,22.3783431012
2007-03-18,444.66481958,28.0901697659,16.3157605366
2007-04-03,450.3966179,40.641518624,17.4149678551
2007-05-05,450.828866143,65.9203739581,21.2931697953
2007-05-21,449.8519016,185.173379715,128.264642447
2007-08-25,450.448184231,328.647238603,295.022044164
2007-09-26,450.772928464,325.762775299,294.70776536
2007-10-12,448.895333224,40.6338113247,46.9069642428
2007-10-28,450.452987794,47.9506193418,58.8409151062
2007-11-13,449.929915028,49.024867078,38.4935684864
2007-12-15,448.767411312,448.131265841,58.5650815379
2007-12-31,449.115438628,60.7905141636,39.8925562255
2008-01-16,449.860963189,414.930877855,48.8434904375
2008-02-01,450.950304514,50.489730609,37.8592848085
2008-02-17,450.467120386,435.049041502,50.8807390185
2008-03-04,449.2081732,84.7659057269,47.3721410395
2008-03-20,449.39733087,119.221344025,47.0591248519
2008-04-05,450.632035368,450.632035368,44.4714286681
2008-04-21,450.404248357,88.1721335112,45.9766658648
2008-05-07,449.922169743,448.829978689,121.620551316
2008-05-23,449.853380339,448.75992635,56.0327638541
2008-09-12,450.915721525,156.314266282,116.207346398
2008-10-14,448.328977252,38.4806739788,45.0423654947
2008-10-30,449.597002262,43.2460230119,48.9597680686
2008-11-15,450.042063381,417.971220136,41.3734114637
2009-01-02,448.782492315,33.7239086981,39.077198213
2009-02-03,444.348726415,51.5615108397,35.5287103428
2009-02-19,446.940555857,73.3391092267,52.051447071
2009-03-07,449.182580137,448.203119745,43.8555942941
2009-03-23,450.448382366,112.748323889,44.5229257732
2009-06-11,449.74500301,87.8435594936,63.2989225244
2009-09-15,451.139930662,40.1871177086,53.2293602275
2009-10-01,450.956731915,38.7909399202,46.1090404129
2009-10-17,448.208713183,133.920519384,44.3058806923
2009-11-02,448.272386387,40.5177173215,45.7229920342
2009-11-18,447.593972936,80.863241599,48.3482229474
2009-12-20,448.318237371,447.551369098,169.123755783
2010-01-05,450.551037273,32.1332803993,35.7922543038
2010-01-21,450.825761219,31.8208629028,34.6012593355
2010-02-06,449.591670699,436.60192883,70.3788460911
2010-03-10,447.763178754,75.2722090536,43.7291256928
2010-03-26,448.300397357,448.270386118,47.2252541921
2010-04-27,451.114413327,451.064392283,47.4016787838
2010-05-13,449.658907081,449.548864281,50.6085434266
2010-05-29,448.319724544,448.279709553,55.2309576972
2010-12-23,446.54324209,29.5284585828,34.4231399211
2011-01-08,447.89712999,40.9643577105,47.3906340878
2011-01-24,447.898731608,415.26419858,47.2413933639
2011-05-16,447.191021427,239.143458279,85.5218168858
2011-06-01,448.573709611,74.3824963254,48.8819932553
2011-10-07,448.448057998,36.7704890455,44.6345583762
2011-10-23,447.329737462,37.4363199328,44.0755641131
2011-11-08,447.184217756,38.9773472499,46.6513348304
2011-11-24,449.4334561,435.681882653,62.8781096882
2011-12-10,448.707310319,48.1371505768,34.9888000609
2011-12-26,450.888810401,29.4614348148,35.0276197657
2012-01-11,450.475019788,29.5532211462,34.6729482378
2012-01-27,448.340288458,54.5381225868,35.5152971318
2012-02-12,449.787983077,431.645787268,56.9467769634
2012-02-28,449.449847887,47.9719710476,40.9163822845
2012-03-15,449.174664368,72.1860621961,40.7925638547
2012-03-31,449.786100311,141.182344759,40.2773930667
2012-04-16,449.272524239,104.14948339,39.7490595285
2012-05-02,437.983104832,66.2376950234,40.0618770252
2012-05-18,425.665692212,83.2338262153,46.7733005665
2012-06-03,450.237809749,114.923043064,59.6471576651
2012-09-23,445.780985315,41.4559461891,87.5328129861
2012-10-09,445.389468284,64.1777063667,128.935836001
2012-10-25,448.318125105,40.3658522673,50.1418110896
2012-11-10,447.548220261,47.0483622899,36.7414161716
2012-11-26,448.163059215,44.1930542552,34.2690542892
2012-12-12,448.405917061,43.3726500864,34.837150766
2012-12-28,449.566625683,44.1794896579,54.5610458173
2013-01-13,447.317794689,43.0037025014,34.6864740998
2013-01-29,448.978901331,46.3085090916,36.2652727573
2013-03-02,448.220406798,41.2529676968,41.0368568235
2013-03-18,448.940914324,45.7027021749,43.1372954552
2013-04-03,448.977566634,49.9497489461,40.6047311919
2013-05-05,449.066391472,82.2628654116,42.5113263409
2013-05-21,450.104199126,102.831662235,49.1545366372
2013-09-26,444.974568524,103.289162487,186.783673602
2013-10-28,448.008983427,41.1293137647,53.7993629211
2013-11-13,448.411879637,57.2302201464,39.4051152009
2013-11-29,449.16185045,51.240634569,36.2704610545
2013-12-15,447.459082923,43.692930294,34.5803045499
2013-12-31,449.042219569,25.7739230125,39.9776547423
2014-01-16,450.903330058,374.407065485,43.6714175089
2014-02-01,443.008267061,53.1505737612,35.2401332899
2014-02-17,450.440580364,50.8910369118,50.1658494774
2014-03-05,448.067519988,441.828544036,50.651290926
2014-03-21,447.360694676,44.3323264659,40.9605757019
2014-04-06,445.473225958,89.8053113949,42.9950590392
2014-04-22,448.865034003,90.8367285628,46.0706497008
2014-05-08,447.501225123,365.917713905,111.311940413
2014-10-15,444.623391042,35.2575193503,43.4632843328
2014-10-31,447.232995309,247.630533011,49.0042437023
2014-12-02,446.906135546,48.314887533,34.0307224288
2014-12-18,449.174435594,45.464882479,60.632587284
2015-01-19,445.462831563,61.5660739239,74.8109726058
2015-02-04,449.806981152,147.420058267,37.8232412559
2015-02-20,447.337687826,412.92390427,52.0863836279
2015-03-08,445.579126442,65.4429229929,45.7262929624
2015-03-24,446.431056043,48.446858456,40.0450333054
2015-04-09,446.425616115,90.2108571807,41.6076338207
2015-04-25,445.377272184,100.870198725,48.5462923681
2015-05-11,447.060513176,180.358477336,48.9907226732
2015-05-27,445.478007922,114.48042619,60.3230246511
2015-06-12,447.486895546,401.127278503,218.09051003
2015-06-28,445.722219728,294.182706229,161.940460374
2015-07-14,447.939308501,112.785458471,219.761697426
2015-10-02,443.953081382,44.9158601735,117.878428613
2015-10-18,447.070054281,46.0290495378,61.641583922
2015-11-03,444.212196633,56.8718762856,69.3638271098
2015-11-19,447.544921895,58.8800626094,43.3138529541
2015-12-05,446.630533939,53.3350422101,41.941653806
2015-12-21,448.214218532,62.4817930932,44.118315626
2016-01-06,449.294417583,38.3278928093,43.9936308158
2016-01-22,449.94731507,52.4943485632,42.397277976
2016-02-07,449.585356212,412.692051687,67.8339055299
2016-02-23,444.850646703,51.4301805759,48.4866817248
2016-03-10,447.84008962,57.827273435,48.378253827
2016-03-26,446.827366466,446.827366466,111.824541676
2016-04-11,446.387693675,214.411246815,109.463027212
2016-04-27,447.770928982,117.178175287,51.6801858862
2016-05-13,447.180118345,100.060090206,55.4688109168
2016-06-14,448.3473988,262.233050192,136.43357116
2016-10-20,450.761913513,39.7592740752,53.131923912
2016-11-05,450.333035748,45.8934501246,65.7606679462
2016-11-21,449.761618588,50.4835858802,42.8064048298
2016-12-07,450.524641084,55.7449494893,43.1218668973
2016-12-23,450.188770111,49.1546294958,41.1848888668
2017-01-08,449.455300065,36.2869469318,44.0531374637
2017-01-24,448.202219062,63.5072503836,43.3910106526
2017-02-09,445.904593318,63.8662826371,42.253068586
2017-02-25,446.39448694,55.6099425224,49.6973294106
2017-03-13,446.628830478,67.7994743107,51.2514192811
2017-03-29,446.314490507,115.690396308,51.3406940947
2017-04-14,447.171522499,113.687569396,47.6465114492
2017-04-30,448.898261498,448.217979931,58.3138403898
2017-05-16,449.187628191,122.506720298,58.4686274443
2017-06-01,449.962949193,198.988094043,90.9426849658
2017-06-17,450.605268555,130.917444195,112.364660079
2017-10-07,451.292010287,54.9993117083,153.371739478
2017-10-23,450.062937558,50.4592936801,64.060240393
2017-11-08,448.176641314,61.1503092503,74.6246829282
2017-11-24,447.391252884,74.6679617939,52.128409662
2017-12-10,447.780483354,65.0200322438,50.4115580811
2017-12-26,449.647131918,43.7669849295,49.6429955487
2018-01-11,451.175481469,68.5988188386,53.3018976202
2018-01-27,450.318149981,64.1374199191,49.1935361166
2018-02-12,448.763646505,418.194822228,96.6333035186
2018-02-28,449.035013768,69.5498664465,62.514559053
2018-03-16,449.888175508,82.2456703356,55.9696872243
2018-04-01,450.199527985,101.25003073,54.7183909755
2018-04-17,449.787715281,186.837819308,67.9306213748
2018-05-03,449.157367779,145.021118947,57.8652149634
2018-05-19,449.543117472,168.884153313,70.1006886234
2018-06-04,450.245484471,223.900407734,90.0292737515
2018-06-20,449.805908953,179.586493168,114.48292715
2018-09-08,449.744616605,237.128487841,316.241693389
2018-09-24,450.379312118,87.963902578,72.8503255752
2018-10-10,449.733542675,47.5898879022,65.1614157615
2018-10-26,449.651250144,52.7130917329,64.8250403276
2018-11-11,450.685789255,57.0734685705,51.3277234481
2018-11-27,451.264431309,67.4072693662,47.2461121669
2018-12-13,451.318769116,92.9834596062,56.0837195207
2018-12-29,451.009880194,45.7663345297,52.6596100187
2019-01-14,450.66780913,72.1978398192,53.6857414082
2019-01-30,449.706830998,61.3102246888,50.0586124572
2019-02-15,450.274873508,415.423990561,110.573464077
2019-03-03,450.555250304,430.006397614,119.668135021
2019-03-19,450.870568589,71.1819436617,60.7803259909
2019-04-04,451.211413692,96.3375014008,59.705653541
2019-04-20,451.43371288,63.4987702945,58.0920782201
2019-05-06,451.186480031,116.359780814,68.0889565579
2019-05-22,449.341810397,103.611477246,75.2044103782
2019-06-07,450.929942805,127.420369761,80.8458105531
2019-10-13,450.994064505,48.2559972491,62.5521829846