Date,Rarea,NDWI,MNDWI
2000-03-14,197.873245154,192.843626496,20.2492324582
2000-05-17,197.873245154,196.093560524,51.9942059244
2000-08-05,197.873245154,181.955495914,90.5514116913
2000-09-22,197.873245154,165.877352453,77.570472973
2000-10-24,197.873245154,167.041925829,51.7207383972
2000-11-25,197.873245154,168.307521396,18.9382234452
2001-01-28,197.873245154,16.4568103305,35.8579666208
2001-03-01,197.873245154,197.334980517,100.06386333
2001-04-02,197.873245154,195.836893983,34.670242365
2001-05-04,197.873245154,194.461468041,36.7425381606
2001-09-09,197.873245154,191.580068519,144.335142622
2001-09-25,197.873245154,182.444320326,109.52300473
2001-10-11,197.873245154,197.873245154,197.873245154
2001-10-27,197.873245154,158.40598683,60.8285096417
2002-01-15,197.873245154,10.7118988342,41.7848438404
2002-03-04,197.873245154,194.365552952,39.1698537643
2002-05-07,197.873245154,197.868241356,136.707969063
2002-06-08,197.873245154,118.689280668,55.6537177207
2002-09-28,197.873245154,189.29528348,165.349218072
2002-10-30,197.873245154,185.786470174,197.873245154
2002-11-15,197.873245154,179.880680226,57.8088829374
2003-01-02,197.873245154,182.761413985,51.686330884
2003-02-19,197.873245154,193.497676098,44.7711268322
2003-03-23,197.873245154,196.937570827,70.920550665
2003-05-10,197.873245154,197.810304806,71.0333963947
2003-10-01,194.285492127,174.672535182,192.220045823
2003-10-17,195.197668806,188.61472422,82.8734352104
2003-12-04,195.09119029,67.2837990785,0.155117900635
2004-01-05,195.114460611,128.066687645,120.529022158
2004-01-21,195.272753347,194.674798581,126.224000392
2004-02-22,195.198686742,133.210747547,74.2618424924
2004-03-25,194.427839179,146.047440867,73.0897858981
2004-04-10,194.991871355,194.493835238,48.6058618528
2004-05-12,194.936828904,194.866775884,99.782337489
2004-05-28,194.781979209,190.102168739,176.023344824
2004-06-29,195.038512591,179.367312692,189.39990601
2004-09-17,194.991846318,193.499717008,157.008592191
2004-10-03,194.117010897,166.672114904,148.224267348
2004-10-19,194.875105711,16.5397420983,46.2426764492
2004-11-04,194.550062503,162.316333497,62.8584278218
2004-11-20,194.98122709,5.78925209675,1.66294458604
2004-12-06,194.896903917,159.492407129,23.0568652316
2004-12-22,195.014352525,173.115141543,43.1430845093
2005-01-07,195.069537661,0.582076571494,0.855871915313
2005-02-08,195.100967535,187.430593759,38.4266025683
2005-02-24,194.742795818,191.953378657,39.3627893016
2005-03-12,194.597268907,39.774129123,19.2693327013
2005-03-28,194.902041291,51.513558194,23.5101893302
2005-04-13,194.614879122,174.338955409,182.121593975
2005-04-29,194.912145937,194.304575508,74.6911078165
2005-05-15,195.030492627,194.027936916,30.8283149353
2005-10-06,194.774508806,26.3166179027,78.8189432546
2005-10-22,194.815783752,130.882222593,152.439406892
2005-11-07,194.569204419,10.9084127144,61.8239675328
2005-11-23,194.738219146,2.80334088971,1.79818296435
2005-12-09,194.732282852,3.43310404827,1.70498355058
2005-12-25,194.600641629,12.3314890482,1.6186734045
2006-01-10,194.850417362,18.3868534738,76.735637035
2006-01-26,194.792233602,6.69662153201,1.17611209939
2006-02-11,194.643567367,24.7123349855,1.06102521146
2006-02-27,194.55989668,192.420064144,57.0397544014
2006-03-15,194.552041901,193.766441289,83.1102492196
2006-03-31,194.686664167,194.363916974,87.1479099219
2006-04-16,194.491331801,194.25114736,112.433734962
2006-05-02,194.673780578,193.388660613,45.9486449868
2006-09-07,194.096493841,172.340719868,107.07566283
2006-10-09,194.579075655,148.049314409,188.910592378
2006-10-25,194.259787267,14.7543857888,46.9934592502
2006-11-10,193.245724831,12.7594936437,4.38243894926
2006-12-12,193.015434718,0.13260021582,5.92041700433
2006-12-28,194.121050426,1.3034865376,2.41416683478
2007-01-13,194.642072226,8.13431934826,27.2442422072
2007-02-14,194.354722594,185.061075188,18.4555721399
2007-03-02,194.05884144,30.4229026789,20.0228450889
2007-03-18,193.845657303,67.9549860983,38.4419641593
2007-04-03,196.241319267,73.3690238525,37.2895727775
2007-05-05,196.919647923,111.053809347,56.4494088398
2007-05-21,197.097250072,61.259099071,19.6601195955
2007-09-26,196.888272821,174.605058152,150.876004752
2007-10-28,196.784125092,36.4831702028,62.1339941608
2007-11-13,195.647755734,44.8030910107,21.301142809
2007-11-29,194.831092051,29.6342524689,56.9527624824
2007-12-15,194.408479319,62.8523931779,20.8944353753
2007-12-31,194.962308554,65.3010398707,20.0072680586
2008-01-16,195.616987632,190.959735154,100.848920973
2008-02-01,196.450221079,38.9135624401,17.891056235
2008-02-17,196.962204352,194.896096269,90.0262215542
2008-03-04,196.894621664,79.757564773,59.5707170044
2008-03-20,196.918073285,106.41348523,75.3591248085
2008-04-05,196.840549694,191.93386997,35.1490209324
2008-04-21,196.128626818,103.797596322,55.6391464988
2008-05-07,195.669988104,193.544643652,61.0982475637
2008-05-23,195.537869058,191.914503289,61.0128789718
2008-10-14,196.656699998,48.7429060409,78.3707644943
2008-10-30,197.071182915,41.7911020306,78.7761944436
2008-11-15,197.092032408,93.0737227068,31.4588411826
2009-01-02,196.776351789,26.0387137384,29.7759214545
2009-02-03,194.751497397,47.9084752143,27.7844503533
2009-02-19,196.064406727,122.9035166,106.142472287
2009-03-07,196.882767964,195.504838754,65.311582595
2009-03-23,196.95963108,119.487943631,80.0011261741
2009-09-15,197.15269426,186.983868327,197.15269426
2009-10-01,196.539346636,196.539346636,196.539346636
2009-10-17,196.583770805,187.451777329,171.378947049
2009-11-02,196.631278246,37.8123627813,65.2374198564
2009-12-20,196.53869654,188.436486846,110.26431584
2010-01-05,197.19122792,26.5352307019,32.9408258883
2010-01-21,196.319475962,27.3650027089,30.564535974
2010-02-06,195.33241067,193.324383997,93.3299028361
2010-04-27,196.611322124,192.110644015,53.3859717289
2010-05-13,197.096483033,191.0627759,66.9280148834
2010-05-29,196.479228748,188.856110167,69.0654905805
2010-12-23,195.697759674,25.9460964222,29.9116492745
2011-01-24,196.152033561,180.234124924,55.4913414142
2011-10-07,196.594102341,35.1065866826,89.3774894597
2011-10-23,196.106154842,33.2707930586,68.2753996864
2011-11-24,196.904117734,155.887245019,73.0198597106
2011-12-10,196.726047917,28.3241376628,25.4824718465
2011-12-26,197.142250007,20.9459309038,24.5248602303
2012-01-11,197.246737988,19.8776168926,23.608818338
2012-01-27,196.413334525,34.703065441,22.8934976605
2012-02-12,197.132882505,183.363941831,53.8934949091
2012-02-28,197.017256167,55.2004819,69.1974473964
2012-03-15,196.810181966,37.2694507774,37.7841131679
2012-03-31,197.076869727,56.5513555678,61.0953115991
2012-04-16,196.823535478,48.9639698822,43.1997494618
2012-05-02,187.393209802,33.6571460399,30.9087937691
2012-05-18,180.296827898,38.0445887421,33.2078812925
2012-06-03,196.96546254,57.404641851,56.4360455254
2012-09-07,195.415217192,187.689363511,102.978502496
2012-09-23,195.502304349,37.0762490743,68.1778998995
2012-10-09,195.401392777,22.3369711584,52.2100619573
2012-10-25,196.64356233,27.6068922857,74.664651579
2012-11-10,195.968557891,22.5246989784,10.6956236011
2012-11-26,196.361794429,22.9100454071,10.3898435024
2012-12-12,196.280211579,16.348502399,9.43716524243
2012-12-28,196.958100888,24.8774149044,50.8462495346
2013-01-13,196.238012008,20.9206915861,8.79167401318
2013-01-29,196.906462701,76.7022866519,9.06691324521
2013-02-14,196.848917912,193.999964106,58.5699842504
2013-03-18,196.630807272,78.6956720961,66.5071791903
2013-04-03,196.60601347,44.936333408,27.1559823202
2013-05-05,196.671878486,60.8181166921,33.5877066585
2013-05-21,197.19131724,167.074260815,169.145347517
2013-10-28,196.341170632,78.0590761051,113.277666703
2013-11-13,196.38862901,12.6148473065,8.67411041713
2013-11-29,196.691530955,184.207893443,21.20548385
2013-12-15,196.198059496,11.2785006204,7.05257405046
2013-12-31,196.721279616,5.08385098608,6.74233835051
2014-01-16,196.85221816,30.3183705833,5.97366679528
2014-02-01,190.534460667,33.4881712295,5.04046027697
2014-02-17,197.225343849,13.6580832982,15.8921487096
2014-03-05,196.204466452,195.29532031,95.1758371149
2014-03-21,196.194154489,38.7325988414,26.4764443373
2014-04-06,195.156879742,79.5655014193,61.888524559
2014-04-22,196.692276619,65.7166541632,45.4137382366
2014-06-09,196.419633444,163.270891039,181.022881805
2014-10-15,194.825093494,19.1031682293,59.8625372949
2014-10-31,195.854322302,146.326041717,44.4899602691
2014-11-16,195.41187141,192.973957326,176.818413866
2014-12-02,195.919598302,8.7196481208,2.26894490202
2014-12-18,196.79986026,4.93012248983,17.5956744749
2015-01-19,195.226463104,41.0979418394,71.2283686252
2015-02-04,197.027684432,19.376842129,1.22843144385
2015-02-20,196.125267712,186.172265768,19.0447102939
2015-03-08,195.212040093,54.2588444492,21.5202570208
2015-03-24,195.709219533,76.4788686418,31.0462904372
2015-04-09,195.635632976,102.152257277,44.8656621406
2015-04-25,195.175413767,46.238357283,11.4704739102
2015-05-11,195.855107117,104.473375077,38.5055666493
2015-05-27,195.293593505,99.717906736,39.0325508765
2015-07-14,196.275178183,113.65225674,124.287694949
2015-08-31,195.183783113,169.788216299,167.228866271
2015-10-18,195.775231549,50.8660218853,90.4960735428
2015-11-03,194.90409578,41.6700917035,83.3292609398
2015-11-19,195.969695978,1.88900262849,0.365276537598
2015-12-05,195.722680952,16.6650085773,0.335253561279
2015-12-21,196.586076505,29.4706904264,0.257694888428
2016-01-06,196.906031004,0.065049125,0.303543644346
2016-01-22,197.170633931,46.0336640109,0.157619092529
2016-02-07,196.96029865,195.980177007,72.8448018788
2016-02-23,194.858933474,113.329443804,76.6285744805
2016-03-10,195.974807882,146.482470971,151.355501175
2016-03-26,195.822581977,195.783100922,97.0481134443
2016-04-11,195.463911699,124.443169044,63.9544760586
2016-04-27,196.231320565,112.561218702,42.0367759094
2016-05-13,195.924219547,148.396507941,79.0927193985
2016-05-29,196.12698464,96.5540551187,27.0392526292
2016-06-14,196.400824714,184.391509344,193.191147653
2016-07-16,195.080987794,184.636902591,145.24756434
2016-10-20,197.28638937,28.0796029255,51.5539746941
2016-11-05,197.229263966,40.6607884944,92.8455604822
2016-11-21,196.892412615,33.9223883246,26.9094055144
2016-12-07,197.272819602,36.0729618208,26.8866449588
2016-12-23,197.167249369,27.6421834086,24.8519854532
2017-01-08,196.975221988,19.8723743979,25.4560347543
2017-01-24,196.265719799,48.5048723314,25.7403624488
2017-02-09,195.398704321,53.4091587695,24.8999173373
2017-02-25,195.557925774,32.2898331693,45.9327022365
2017-03-13,195.751281566,28.7556620144,36.8047574224
2017-03-29,195.560820172,40.0487085132,57.5269308438
2017-04-14,196.03945598,28.6025558181,41.9130226238
2017-04-30,196.710182728,181.302800569,45.3572032287
2017-05-16,196.86853125,41.8997652587,73.4654385809
2017-06-01,197.137838824,84.8003710326,111.330929712
2017-06-17,197.298068812,79.93993094,132.623992181
2017-09-05,196.921121152,170.912174501,196.488898486
2017-10-07,197.170245815,61.0647809675,132.043046023
2017-10-23,195.679721095,25.6456884423,64.0595795862
2017-11-08,194.476128167,26.4152215366,44.2397421492
2017-11-24,193.935906875,28.497530178,27.1164331901
2017-12-10,194.327643837,34.5772128402,27.2760947456
2017-12-26,195.441119954,20.5456225305,28.1579421373
2018-01-11,196.867612089,50.1241993098,26.768450562
2018-01-27,197.081412499,40.6226768624,25.0411140022
2018-02-12,196.232331213,190.714575195,105.664177479
2018-02-28,196.782523194,54.4710103998,73.6796612148
2018-04-01,197.070080439,39.5387247024,46.8325239642
2018-04-17,196.983865995,59.3044416887,96.0207383998
2018-05-03,196.603128891,30.764281711,44.4037906499
2018-05-19,196.770523729,35.2975055663,92.1137485048
2018-06-04,197.052919759,31.5807960385,79.4614332471
2018-06-20,196.946150405,160.288827175,114.442342447
2018-09-08,197.09590416,114.298341506,57.0088382098
2018-09-24,196.907541998,92.6860189462,25.1156880079
2018-10-10,196.722309829,16.8858058824,47.3984944501
2018-10-26,196.982188298,16.9656180543,37.2897349282
2018-11-11,197.275708419,18.9263273943,8.75414640332
2018-11-27,197.22493401,16.8975530209,8.2712791936
2018-12-13,197.073967193,26.8738874091,7.98808386089
2018-12-29,197.300291134,5.91698698193,7.27051847876
2019-01-14,197.272052518,42.0533865824,7.35308189722
2019-01-30,196.7539324,27.0004731259,6.59250227661
2019-02-15,197.123759155,193.662627582,40.5566739366
2019-03-03,197.248810337,191.997956913,24.1389148844
2019-03-19,197.266271321,40.2400900042,22.3188529116
2019-04-04,197.247466934,98.3083841748,70.425995631
2019-04-20,197.315586418,41.836981914,20.7814554337
2019-05-06,197.260796659,44.8155945375,23.5128377748
2019-05-22,197.215968649,93.2592875162,58.8228399985
2019-06-07,197.238883669,113.850566998,85.140142582
2019-10-13,197.222461579,85.9446834491,146.857675646