Date,Rarea,NDWI,MNDWI
2000-03-04,140.382776083,8.3032133023,9.04333401213
2000-04-05,140.382776083,42.4925824276,29.5041848085
2000-05-07,140.382776083,6.85518102884,1.82577463737
2000-09-12,140.382776083,6.81879430246,6.7940477036
2000-09-28,140.382776083,140.382776083,140.382776083
2000-10-30,140.382776083,121.771100394,135.576596926
2000-12-01,140.382776083,140.382776083,140.382776083
2001-02-03,140.382776083,25.9778165903,27.7762449267
2001-02-19,140.382776083,44.6735189857,54.0512753299
2001-03-23,140.382776083,6.77837928414,8.2169230086
2001-06-11,140.382776083,3.49672147794,2.08861264749
2001-07-13,140.382776083,82.9575127727,90.5681415643
2001-08-14,140.382776083,21.3885673789,15.7329402959
2001-09-15,140.382776083,5.75392700323,5.60536274127
2001-10-01,140.382776083,73.0332021272,80.7269694259
2001-10-17,140.382776083,5.80696186285,14.6810637253
2001-12-04,132.527864999,107.451675049,112.481718647
2001-12-20,140.382776083,31.3586634878,132.954470853
2002-01-05,140.382776083,30.4209826542,92.3095250794
2002-02-06,140.382776083,81.6913510748,77.2738559325
2002-02-22,140.382776083,114.764931909,111.8187831
2002-03-10,140.382776083,57.8202286616,52.0018962744
2002-03-26,140.382776083,12.3271085803,17.7717976245
2002-04-11,140.382776083,117.815098139,94.1128895742
2002-04-27,140.382776083,113.754173366,100.195813514
2002-05-13,140.382776083,48.2741754614,20.0011706281
2002-06-14,140.382776083,125.916604382,135.818788027
2002-08-01,140.382776083,36.4321987328,25.7912651993
2002-09-02,140.382776083,103.150843668,99.0361167841
2002-10-04,140.382776083,0.0,140.382776083
2002-10-20,140.382776083,12.6396174742,12.9592768998
2002-11-05,140.382776083,59.412610581,57.9294913937
2002-12-07,140.382776083,40.2836319903,37.1885269361
2003-01-08,140.382776083,4.01677487616,28.3112093123
2003-01-24,140.382776083,115.670519857,101.274527361
2003-02-25,140.382776083,56.3723134763,55.7313801861
2003-03-13,140.382776083,101.623512179,87.1080273802
2003-03-29,140.382776083,102.735426598,97.8023535968
2003-04-14,140.382776083,33.7070594439,41.2886767308
2003-05-16,140.382776083,11.6312256597,1.8771598228