Date,Rarea,NDWI,MNDWI
2000-04-05,723.379967753,592.262491922,402.318763211
2000-05-07,744.090661102,578.313982271,499.99936887
2000-08-11,729.733711316,330.186627975,253.349112429
2000-09-19,754.363469559,251.635001739,233.807290978
2000-09-28,757.63468274,176.226067024,156.847024791
2000-10-30,766.023022469,143.368324023,135.966372679
2000-11-06,715.431509703,244.101928122,232.18989398
2000-12-01,709.501882099,129.577479567,125.631860391
2001-02-03,765.77072666,174.284064197,123.269305045
2001-02-26,711.154493377,569.058773894,350.724931568
2001-06-11,774.848730405,141.60696021,78.1926833487
2001-09-15,775.590873793,331.591956981,283.637456839
2001-11-18,775.883939016,252.545408452,273.980068266
2001-12-20,745.364953865,178.69058408,153.850052325
2002-02-06,758.518870937,254.979112071,113.72667675
2002-02-22,754.733407658,383.650496725,113.35434056
2002-03-10,784.408017805,394.06420465,101.173252321
2002-03-17,720.148235798,690.112362237,223.725734372
2002-03-26,733.197232766,732.197766036,408.308908715
2002-04-02,745.381808771,450.507395436,90.490648554
2002-04-11,762.940317525,757.906656425,551.217688016
2002-04-27,787.728786201,768.220129112,657.062204809
2002-05-13,794.080586654,681.232760465,455.309880792
2002-06-14,763.544005039,712.81271963,684.560613374
2002-08-01,767.66112262,415.753971209,349.602308674
2002-09-02,781.05871281,531.688396349,503.033629847
2002-10-04,803.511109036,159.500519564,149.80542303
2002-10-11,726.071563877,179.207305906,161.321437326
2002-10-20,774.086516025,353.309436376,317.487477412
2002-10-27,718.415687005,135.843912619,132.625496283
2002-11-05,721.244858267,324.243235531,188.527868914
2002-11-12,770.974475988,221.46466657,256.433381596
2002-12-07,772.229207332,190.544486336,173.234026485
2002-12-30,735.608899309,130.911198517,126.469091395
2003-01-15,752.449879392,144.495345853,129.287640937
2003-01-31,743.705535372,521.942789381,280.525421089
2003-02-25,712.277808099,318.384896801,138.721293267
2003-03-13,743.671090204,218.032443397,94.5540478711
2003-04-05,708.375837776,703.173409064,639.222766529
2003-04-21,714.25984339,557.781332501,297.608666598
2003-05-23,714.45659888,629.98120429,536.178225825