Date,Rarea,NDWI,MNDWI
2000-03-04,83.1123678847,7.62815179574,6.02381254789
2000-04-05,83.1123678847,24.0808825173,12.308422104
2000-05-07,83.1123678847,5.61781540894,1.44216352579
2000-09-12,83.1123678847,6.94021228761,7.17082485417
2000-09-28,83.1123678847,83.1123678847,83.1123678847
2000-10-30,83.1123678847,69.8458385105,69.9472144416
2000-12-01,83.1123678847,79.8571744867,82.7624744943
2001-02-03,83.1123678847,34.0413930088,27.1095777288
2001-02-19,83.1123678847,41.6817596872,38.9755323507
2001-03-23,83.1123678847,4.64482702003,4.89030989413
2001-06-11,83.1123678847,4.58858505817,1.8156097478
2001-07-13,83.1123678847,3.75238227164,2.01603026661
2001-08-14,83.1123678847,3.41139841281,2.16275614037
2001-09-15,83.1123678847,2.99327013095,1.77535876792
2001-10-01,83.1123678847,43.4615124232,48.2156068724
2001-10-17,83.1123678847,3.27244025553,6.53042085581
2001-12-04,83.1123678847,79.1019237696,51.1807496119
2001-12-20,83.1123678847,59.9340894306,81.5139042534
2002-01-05,83.1123678847,40.3010983148,75.345327685
2002-02-06,83.1123678847,82.3612720505,68.2234824369
2002-02-22,83.1123678847,75.1797079828,73.0841426039
2002-03-10,83.1123678847,78.7031923099,59.6322949204
2002-03-26,83.1123678847,82.1634343422,67.2717001746
2002-04-11,83.1123678847,82.9033573825,67.9449278498
2002-04-27,83.1123678847,21.8098660774,0.367819067868
2002-05-13,83.1123678847,9.10984572098,1.45742686525
2002-06-14,83.1123678847,11.1627534046,10.9860688902
2002-08-01,83.1123678847,4.0553579065,0.987148492564
2002-09-02,83.1123678847,19.7576763425,24.1571071967
2002-10-04,83.1123678847,82.8966255523,83.0624241852
2002-10-20,83.1123678847,17.9416962782,15.0611653976
2002-11-05,83.1123678847,50.4137483875,66.1152301963
2002-12-07,83.1123678847,6.51530873635,8.06876529503
2003-01-08,83.1123678847,0.856179346139,15.2893619612
2003-01-24,83.1123678847,13.7749369368,18.8446951631
2003-02-25,83.1123678847,5.1749335852,7.25203853378
2003-03-13,82.7310804411,71.1030975873,56.3559402945
2003-03-29,83.1123678847,83.1123678847,83.1123678847
2003-04-14,83.1123678847,6.51450504223,4.00719434635
2003-05-16,83.1123678847,7.61522251997,1.04079199302
2003-09-21,71.6837443739,2.54868212827,1.87453977484
2003-11-08,71.767690231,4.43647001367,4.36612506168
2003-11-24,72.1081217,29.1936053285,72.1081217
2003-12-26,71.9900615166,26.1108537391,71.3439602961
2004-01-27,71.5795400672,46.9619544477,28.9257747901
2004-02-28,71.0829781033,5.86106812269,6.41460403635
2004-03-15,71.6641573733,13.1099852198,9.9310834136
2004-03-31,71.7596323313,16.7920849235,10.0657534004
2004-04-16,70.9454719727,11.0860646407,5.41858425576
2004-06-03,71.32650854,11.9441034382,11.6547263652
2004-06-19,71.1594780091,6.31905959563,1.23614825469
2004-07-05,71.1975853929,5.32954955632,1.28898759043
2004-09-23,71.7783629456,23.5251079779,20.0736622705
2004-10-25,71.6589099033,56.5803472451,46.3417904194
2004-11-10,71.7801888556,3.94896451804,3.61522900928
2005-02-14,71.5923343932,10.2351482199,10.3549430189
2005-03-02,71.4780835475,55.4444453239,33.7773981311
2005-03-18,71.3714813074,71.2281069574,62.8286144754
2005-05-21,71.0474029797,9.62411417569,1.65437230032
2005-08-25,71.1194625303,3.42959863066,1.6427259309
2005-11-13,71.7159672611,5.35049019942,5.28633733516
2006-01-16,71.163016357,63.2758946287,70.7925162419
2006-03-05,71.6077776434,71.6077776434,69.9741019878
2006-03-21,70.9494337092,2.99019081493,1.82076397634
2006-05-08,71.336246474,4.58233191383,0.969984891814
2006-06-25,71.8740916545,4.09725566148,1.12831509241
2006-11-16,72.6995736155,12.0783312875,14.3379034895
2007-03-24,72.0515830824,71.7044590563,70.5147162657
2007-04-25,72.6998212444,40.1861971851,47.1559236431
2007-07-30,72.1061385036,3.41993933048,1.17945750066
2007-09-16,71.7788556359,3.81421533055,2.42399735881
2007-12-21,73.6100488489,9.44302923266,9.65437104726
2008-01-06,73.2131909405,30.585673252,60.8949086279
2008-01-22,72.7620212193,62.8717927187,31.0699691006
2008-03-10,70.9841116759,70.7610068758,43.1860179304
2008-03-26,72.0996959181,72.0996959181,71.5778045489
2008-04-11,72.4192971739,6.87818964227,5.67671150952
2008-04-27,72.667142786,9.40313413112,5.82068145142
2008-05-29,72.904673536,4.83255911867,1.57850335619
2009-02-25,71.1008688065,4.53544783727,3.24764328388
2009-03-29,72.226918201,5.63556464821,5.25727866945
2009-04-14,72.8764462885,72.6637862534,69.3938827935
2009-08-20,71.1038953965,3.32228074708,1.58471756452
2009-09-21,72.4754319092,3.60317602229,1.80121993318
2009-11-08,71.1283572745,8.00126871673,7.50338689902
2009-11-24,71.3072097942,71.1423998177,57.0167841163
2009-12-26,71.7761527858,28.6706094511,28.9919599944
2010-01-11,72.4454336478,40.7681978108,31.9986582113
2010-01-27,72.7159509385,6.70971961889,9.58090550855
2010-02-12,73.4559086447,7.56475355719,12.4902003884
2010-03-16,73.7405689416,5.27916507137,2.40403365737
2010-04-01,73.4953513572,10.7468829976,9.53673435462
2010-07-06,71.2292178418,4.76835673223,1.53086546533
2010-09-08,71.8800313962,3.97486219972,2.33323931343
2011-04-04,71.0281661313,70.8874608809,64.6539280396
2011-05-06,71.288859705,6.35010864508,1.68628426703
2011-08-26,71.1510628692,7.36143127418,5.86610985062
2011-11-14,70.9197807203,42.8954313736,54.0412655022
2011-11-30,71.3527960978,60.5208931072,62.2721953124
2012-03-21,71.5104227905,7.30071015643,9.42050368537
2012-04-06,71.2440241195,5.66351402995,3.75896813271
2012-04-22,72.895439016,50.4584296904,39.7394746524
2012-05-08,80.8230431809,6.49788819419,2.73855529457
2012-12-02,70.9205407151,44.149893783,22.9511145626
2012-12-18,71.2621836643,40.3364374922,41.4425600282
2013-01-03,71.2371089081,71.1347210585,69.2085193784
2013-02-04,71.4920140727,71.4845229656,71.4703241453
2013-03-08,71.2043056636,11.3738112298,12.3502374427
2013-04-25,70.9260745605,5.84691902285,4.2269978947
2013-11-03,71.2677077996,57.99116193,53.9980891624
2013-12-05,71.3513531802,63.169952668,68.1661484427
2014-01-06,71.5241400595,29.2669002318,32.3812674965
2014-02-07,75.0448000036,13.204268136,15.7727068169
2014-02-23,71.2822499074,57.4127417894,50.7111956634
2014-04-28,71.4477603099,31.0380621536,24.640053715
2014-05-14,71.5448320691,8.39433338196,2.55766497375
2015-02-10,71.2613751063,61.0037070647,55.2370302279
2015-02-26,71.0120149524,15.8511695678,21.0410387812
2015-08-21,71.0601980887,5.7178796513,3.84963284711
2015-10-24,71.1233664335,7.10090645373,10.9624691176
2015-11-09,71.0253389162,49.9168340596,51.7956058124
2015-12-11,71.0473460851,43.7525220397,45.5121402923
2016-01-12,71.8547126751,17.0686114426,27.8454917569
2016-01-28,71.7648907487,57.0359177052,56.6142577334
2016-02-13,71.0388882168,10.3639810563,18.3357417168
2016-03-16,71.1053358334,14.5186194697,18.301505077
2016-06-04,71.0556417418,9.8710785801,6.3082688521
2016-06-20,71.1201106327,34.470818532,47.2395569712
2016-09-08,70.9498323274,6.47912201965,4.57898641465
2016-09-24,71.6307654135,7.12306168935,7.46921344636
2016-10-10,71.9694542412,10.6809364207,19.9521597789
2016-10-26,72.129582021,66.4180940206,68.6372691906
2016-11-27,71.6264000333,69.8617855066,67.6716571152
2017-01-30,70.9840211499,16.5549014578,20.8138051089
2017-03-03,70.9869855812,36.5996328418,36.3234473712
2017-03-19,70.9688009762,42.2571820644,29.5951435673
2017-04-20,71.3034854579,15.0207301921,15.1804722232
2017-05-22,71.3808175437,11.6009437381,8.13999948679
2017-06-07,71.9341880593,13.4611807909,7.7900033651
2017-06-23,71.8134562778,11.4499648985,7.69347477807
2017-07-09,72.0153338785,10.6802125741,6.91928999449
2017-08-10,71.5052871988,9.15911633628,6.71152065186
2017-09-27,71.6454926874,19.6585008324,17.3650108847
2017-10-29,73.4791093496,51.6871444195,54.3980908716
2017-11-14,73.9351108305,11.9164527627,15.467846928
2017-11-30,73.7812445533,64.2825878599,65.216516635
2017-12-16,73.4768159735,41.5554629326,73.0397961193
2018-01-01,72.8895310711,35.2156084926,68.5821503194
2018-02-02,71.0950179337,71.0925207125,70.4596429374
2018-03-06,71.2886820064,13.6375946048,13.3786391605
2018-04-23,71.6090319723,13.1481910965,9.75747043899
2018-06-10,71.332681248,49.9400568888,64.6984604654
2018-06-26,71.2729633767,11.507631459,11.8109513003
2018-07-12,71.0713796648,23.4735433869,34.7630227477
2018-09-14,71.4497653808,71.4488351204,71.4497653808
2018-11-01,71.4117641004,21.4253193465,26.0818451453
2018-11-17,71.9106077404,71.9106077404,71.9106077404
2018-12-03,72.078748205,19.6850017759,24.533833673
2019-01-04,71.7907624175,71.7127666349,68.412836345
2019-01-20,71.2782398616,71.2782398616,71.2782398616
2019-02-05,71.5025829179,15.2233442729,24.1693866379
2019-02-21,71.4067636895,16.4870844892,27.4485488689
2019-03-09,71.4887144258,13.8518680086,20.3829789018
2019-03-25,71.7305815338,54.3586521443,46.8942191244
2019-04-10,71.9778133377,13.1465307008,10.4795643995
2019-04-26,71.7206215183,16.2449323615,12.7991460128
2019-05-12,71.4655136023,26.5717848173,17.0272159688
2019-05-28,71.4463496481,13.380736408,9.1643808108
2019-06-13,71.8470952266,13.5570764197,8.24496127119
2019-06-29,72.0543903701,24.8223318816,15.8033392396
2019-08-16,71.8999652852,49.8488656712,65.3696897204
2019-09-17,71.5478068846,8.61484733045,7.41436492061
2019-10-03,71.6254692504,8.01021559781,8.75637485225