Date,Rarea,NDWI,MNDWI
2000-01-24,75.781033295,2.1985162775,13.3975119658
2000-01-24,78.5583102015,2.37822937086,13.8231782715
2000-02-25,76.6212692835,56.2094297787,73.3325459394
2000-04-13,76.3957027556,25.97828435,8.84702054571
2000-04-13,78.5583102015,26.5499271114,9.08035765998
2000-05-31,78.412961725,78.3529230888,78.412961725
2000-05-31,78.5583102015,78.4109408516,78.5583102015
2000-09-20,75.8135541798,23.4371076142,23.7144456074
2000-09-20,78.5583102015,24.1239833033,24.4825200752
2000-10-06,78.5583102015,2.48287512385,2.48234509209
2000-10-06,78.5583102015,2.43449126586,2.49970918324
2000-10-22,77.9595423136,1.41315505057,2.0661015146
2000-10-22,78.5583102015,1.42749759304,2.02624240352
2000-11-07,78.3803623086,0.353853500613,4.177723702
2000-11-07,78.5583102015,2.39205535616,4.23191481467
2000-11-23,77.9970664764,0.397754175781,8.71373544205
2000-11-23,78.5583102015,0.417727660524,8.66500872416
2000-12-09,77.1918028078,1.26301048105,11.9383397796
2000-12-09,78.5583102015,1.32836599229,12.0409844231
2000-12-25,77.5635715885,1.24586362566,12.3713480241
2000-12-25,78.5583102015,1.32869056771,12.3839940865
2001-01-26,78.0364251456,2.76213671377,14.7534073773
2001-01-26,78.5583102015,2.81216866697,14.8735732232
2001-02-11,78.020944588,5.39135216668,19.6741271773
2001-02-11,78.5583102015,5.45865988757,19.61242149
2001-02-27,78.5583102015,73.0918379573,53.2432525607
2001-03-15,77.6028518027,77.5931985468,47.620931805
2001-03-15,78.5583102015,78.5507661606,48.0296056812
2001-03-31,76.0404058357,25.0137745439,4.09808327793
2001-03-31,78.5583102015,26.0590827706,4.12110804683
2001-04-16,78.5583102015,64.2890824607,48.0838076416
2001-05-02,78.2905495625,73.0395680748,47.3557415762
2001-05-18,78.5583102015,31.9053144116,23.5852902113
2001-08-06,78.5583102015,51.0556665473,78.5583102015
2001-10-09,78.5583102015,75.5636482042,73.0242515068
2001-11-26,78.5583102015,0.495237775574,10.3580153782
2001-11-26,78.5583102015,0.502742463074,10.429531723
2001-12-12,78.0109381475,0.895208650267,11.321971361
2001-12-12,78.5583102015,0.893413398561,11.2744017998
2001-12-28,77.6965395767,1.4014333904,13.1467731806
2001-12-28,78.5583102015,1.46612184405,13.215778415
2002-01-13,78.5583102015,1.45775378338,12.5380418641
2002-01-13,78.5583102015,1.47893390433,12.4930623689
2002-01-29,78.0184429778,2.74209017493,13.3004317007
2002-01-29,78.5583102015,2.77324741888,13.3163043968
2002-02-14,78.5583102015,1.58118003985,16.6174190733
2002-02-14,78.5583102015,1.59583660522,16.5964443181
2002-03-02,78.3090026245,13.8098302484,3.33126228648
2002-03-02,78.5583102015,13.8335908933,3.34271079054
2002-03-18,78.1269442366,8.92250123332,0.566881470594
2002-03-18,78.5583102015,8.99040733487,0.541149415158
2002-04-03,76.3452781943,48.4055944391,32.1856924694
2002-04-03,78.5583102015,49.5544390299,32.526096619
2002-04-19,77.6003501789,75.9462734285,74.37367297
2002-04-19,78.5583102015,76.873821832,74.9352322186
2002-05-05,76.393201178,27.0401969765,20.1694852142
2002-05-05,78.5583102015,28.5256634085,21.1989321381
2002-08-25,78.5583102015,14.3226353964,15.2748519347
2002-08-25,78.5583102015,14.4412299778,15.3549809629
2002-09-10,78.5583102015,78.5583102015,78.5583102015
2002-09-26,78.5583102015,76.5850157787,76.2962831807
2002-10-12,78.5583102015,2.93403545186,3.15519470179
2002-10-12,78.5583102015,3.01865854772,3.20959302127
2002-10-28,78.5583102015,78.0183777876,75.9489898949
2002-11-29,78.5583102015,0.383941446071,8.91001838303
2002-11-29,78.5583102015,0.401413438626,8.85333583238
2002-12-15,78.5583102015,1.87131029558,14.0303292887
2002-12-15,78.5583102015,1.83593490282,13.9838576876
2002-12-31,78.5583102015,1.32172684096,14.0942987966
2002-12-31,78.5583102015,1.3365696965,14.087461412
2003-01-16,78.4883435933,1.09380680783,11.7499107378
2003-01-16,78.5583102015,1.09865326324,11.7267394336
2003-02-01,75.5573013909,26.9522176786,15.2530995623
2003-02-01,78.5583102015,28.6725870716,15.7819690948
2003-02-17,74.1565096515,15.035002811,5.69320036836
2003-02-17,78.5583102015,16.2176935493,5.97725515839
2003-03-05,78.5583102015,28.97629426,11.2726944338
2003-03-05,78.5583102015,29.0637510999,11.2673773724
2003-03-21,78.3854440129,74.2467566108,62.4474635128
2003-03-21,78.5583102015,74.4829869674,62.5738201962
2003-04-06,78.5549158595,61.3323216065,39.8988529897
2003-04-06,78.5583102015,61.3454083462,39.9045917374
2003-04-22,78.4624347484,21.4322650369,13.3388792338
2003-04-22,78.5583102015,21.4797951029,13.3549772755
2003-05-08,78.5583102015,3.27009017131,1.10607949787
2003-05-08,78.5583102015,3.24466247741,1.11007244455