Date,Rarea,NDWI,MNDWI
1985-03-24,9.23069657401,0.0677041212682,0.0675487127686
1986-01-31,9.06625945614,0.0689403297287,0.203769368989
1986-02-23,9.3168377574,0.0855617224121,0.145188248899
1986-03-11,9.3903873565,0.0639461372681,0.0747539116211
1986-12-17,9.43514421854,0.0981707755127,0.278032251419
1989-12-25,9.27505478337,0.0378272810059,0.383429311282
1990-01-10,8.92225502633,0.0495357572632,0.359419126092
1990-01-17,8.64914654754,0.0819591203003,0.463262197502
1990-02-27,9.43694551505,0.0360259904175,0.0760326065557
1990-09-07,9.30635169175,0.0027019475708,0.00810584454346
1991-02-05,9.33447612559,0.171879209152,0.420260812527
1991-03-18,9.43694551505,0.0507012869335,0.0369266348877
1996-06-19,8.73770740275,0.0423306420898,0.0486351831665
1996-08-13,9.22509832947,0.125893383838,0.0774100418826
1996-09-30,8.86850512139,0.0,0.0
1997-10-19,9.43694551505,0.00900650976563,0.00810585046387
1998-08-19,9.43514421274,0.0644618974758,0.0289585797277
1998-08-28,8.27547485273,0.0750860549175,0.0172501188512
1998-11-23,9.42974031473,0.0,0.00374036122185
1998-12-18,8.09023428357,0.140130668747,0.109314172957
1999-01-03,8.1110717128,0.14733586467,0.109130450242
1999-01-19,9.42940478364,0.0734824814915,0.119924171158
1999-03-31,9.13498737293,0.0,0.0371208683053
1999-10-18,9.43694551505,0.0231484900192,0.0180129970093
1999-11-19,9.182751266,0.137612277126,1.06930378683
1999-11-26,8.54694185618,0.0513194453436,0.14617011338
2000-09-25,9.43424356345,0.054219200793,0.0397663566442
2001-01-31,9.43514420963,0.0470139825923,0.0540389541016
2001-02-09,9.43193720636,0.061424403918,0.0459578550173
2008-06-11,8.91754650177,0.0063045491333,0.0027019473877