Date,Rarea,NDWI,MNDWI
1986-01-06,162.260106969,0.445188986084,0.350595491998
1986-03-11,162.654864869,0.833130943145,0.32764155542
1986-07-01,145.136308761,0.120052198975,0.580251528076
1986-10-21,149.556263572,1.01292523779,1.52376920911
1990-04-07,159.502463277,39.3788702073,40.1266741973
1991-02-05,158.166782147,38.0265084463,36.6265093365
1991-09-01,159.172600695,34.3192422273,39.2725738531
1991-09-17,162.654864869,38.703594603,41.9274172527
1991-12-22,162.654864869,35.3797162517,39.4438976233
1996-08-13,159.70038959,38.0258317063,39.6911095331
1996-08-29,157.372690074,35.4597792178,37.7846006938
1996-09-30,159.633054496,36.9078720981,38.4385041907
1996-10-16,162.44727614,38.899156627,40.889777211
1997-09-17,148.33375397,30.9318723095,31.8822713427
1997-10-19,162.226819065,27.8016342354,30.8503942598
1998-02-08,162.530317768,32.5661040698,33.6540523901
1998-02-24,162.036878499,32.0984161836,32.778693157
1998-08-03,160.836592671,31.9783645432,31.9411275362
1998-08-19,161.282028051,31.9133359768,32.2937293131
1999-05-18,150.908522849,30.0250547283,31.8483084248
1999-07-21,152.451307889,30.7178257668,32.4060194617
1999-09-07,162.41790322,32.0483904529,33.5214998621
1999-10-09,150.654788918,28.7919933215,30.1625591855
1999-11-26,162.654864869,33.5164984927,35.7549195447
1999-12-28,162.654864869,32.8037035527,34.2668073489
2000-10-11,162.439868899,31.2680738521,32.8390400454
2001-01-31,162.362250417,31.7882889622,32.7186709939
2008-06-11,162.654864869,31.605715959,33.6915799744