Date,Rarea,NDWI,MNDWI
1984-12-23,74.112613731,0.0828799856263,1.09725931426
1986-08-07,70.6335804287,0.00500400195313,0.0450360107422
1986-09-08,75.6983813139,0.311297916818,0.358443445507
1986-09-24,75.6983813139,0.541089421825,0.646173448192
1987-07-25,72.1515936092,4.5432392074,5.12725517451
1991-06-02,66.2247507326,4.62369629468,5.17910092024
1991-07-20,72.0460096745,2.63210367383,5.78785187069
1991-08-21,75.6983813139,3.91563006592,5.83009179927
1996-07-17,75.6983813139,3.70045757471,4.1483155874
1996-08-02,75.6983813139,4.55113798877,4.9839839856
1996-09-19,75.4121724418,4.55614201465,5.34250593512
1997-07-20,75.6983813139,4.56865206982,4.95145806104
1997-08-21,74.0395563608,4.02071435938,4.53612637305
1997-09-06,75.6983813139,4.43104202905,4.91893203613
1997-10-08,75.6983813139,2.90232037305,4.09327228125
1998-06-21,64.8952931214,1.99659577051,2.44214809892
1998-11-12,69.8013939324,4.16833188037,4.43041389136
1999-04-05,73.2318127067,4.9364461355,5.57335730859
1999-05-23,75.6983813139,5.13910811279,5.80569005451
1999-07-26,69.0707976502,4.65622207642,5.47187414404
2000-06-10,70.1612702372,3.76550975,4.31384024568
2007-10-04,75.1704786801,5.29173009082,5.92723818091