Date,Rarea,NDWI,MNDWI
1984-05-02,129.110258228,19.085131733,18.9892480787
1985-08-09,128.024293438,25.0352611225,19.0347883901
1986-02-01,132.946441784,15.1848179929,14.96975149
1986-04-06,132.81890442,16.7353778672,16.4564694469
1986-09-13,130.649683556,16.6132687424,13.164639189
1986-12-02,128.517311719,12.2688935603,11.8712683689
1987-01-03,132.941489193,13.8668987217,13.5918123062
1987-02-04,132.948942654,14.7171698535,14.77719301
1987-02-20,132.961446392,15.3423702214,15.5668231691
1987-07-14,132.958945574,28.0830310137,23.2527274611
1987-09-16,132.951443391,15.4923594842,14.5691242211
1987-10-18,132.961446392,11.098524822,13.1091594917
1988-01-22,132.961446392,15.3498715989,15.5199259844
1988-02-07,132.956444898,14.8121959351,15.4574074905
1988-04-11,132.693867191,12.5026285651,17.3292493315
1988-06-14,129.783001613,26.4168828388,21.4167217473
1988-06-30,132.961446392,30.9913053594,23.2487287282
1988-07-16,132.956444898,32.9086471206,21.0852411305
1988-10-04,132.938939662,12.5178846082,11.5861780154
1988-11-21,132.961446392,10.6959023792,10.2082442107
1988-12-23,132.961446392,8.64273338623,10.5583556216
1989-01-24,132.953944063,10.663389365,10.680894627
1989-02-09,132.956444892,10.4808307798,10.6977742206
1989-04-14,132.711373923,15.781163817,16.5291183798
1989-04-30,132.958945644,17.1529168952,17.5873162034
1989-05-16,132.836409571,19.4236142663,18.6312138906
1989-06-17,131.88609614,27.4724618711,19.5596197107
1989-08-04,132.168712671,22.2815432022,17.5895176947
1989-09-21,132.943940925,12.2552926561,13.0111387365
1989-12-10,132.698865645,10.898462979,10.6233748635
1989-12-26,132.766388933,9.79060718579,11.0009938772
1990-01-11,132.956444892,11.2860829373,11.5261608589
1990-02-28,132.938939675,14.3095407026,14.7593805483
1990-04-01,115.647799639,15.7521186903,17.395657402
1990-05-03,132.958945642,20.0157981258,20.1157088329
1990-05-19,132.801399324,22.3621544795,21.081451465
1990-06-20,131.793584413,26.8713850861,22.9341142368
1990-07-22,122.365250553,27.6230697316,22.7276860692
1990-10-26,132.95394415,12.6990286794,12.6090003784
1990-12-13,132.961446392,13.4717735625,13.7671040498
1991-02-15,132.958945642,15.3398683279,15.5848343426
1991-03-19,121.268163706,16.5363881125,17.9504522702
1991-04-20,132.948942657,18.2752209121,18.4976058293
1991-08-10,132.063681206,22.0698967701,18.833586838
1991-09-27,132.961446392,14.2907157557,13.4512270978
1991-10-13,122.540436961,10.5308740117,9.89066237061
1991-11-30,132.961446392,11.913780436,11.7687349465
1991-12-16,132.958945534,13.0666457144,13.2592069719
1992-01-17,132.938939543,15.5774439038,15.8200228206
1992-02-18,117.734226887,10.3707910503,11.0635131289
1992-06-25,132.961446392,23.6204303598,22.2053122062
1992-07-27,130.409447167,21.4285202945,19.5896367661
1992-10-15,129.015257701,14.0669629941,14.6623925815
1992-10-31,132.933937812,13.89440755,13.9019112434
1992-11-16,126.897629168,13.5593007407,13.4992835828
1992-12-02,120.39560087,13.709349925,14.5253555624
1993-01-19,132.941440154,15.5599386724,15.8625353237
1993-03-08,132.591336479,15.2198326621,16.1448242524
1993-03-24,132.1130507,15.5399346409,16.8623307495
1993-06-28,126.544793042,24.5109227163,21.7923071382
1993-07-14,129.725010495,22.9526735315,20.2835586668
1993-07-30,131.183420139,21.015772402,18.8698578284
1993-09-16,132.618845638,14.1016820727,12.976313956
1993-11-03,118.446074349,10.6058698901,9.94566022852
1993-11-19,132.951443289,12.9466068354,12.8915893875
1994-02-07,132.826406343,15.3573730571,15.5349330986
1994-02-23,123.788212213,15.1873189377,15.9098269246
1994-05-14,132.891514021,19.0986994665,16.5103268814
1994-08-02,131.776096125,24.237438126,18.6403518115
1995-04-15,132.196222443,15.0622999081,15.5403334447
1995-08-21,130.260479488,20.3714195419,15.0530038192
1995-10-08,127.851342648,10.9094333959,9.6724619599
1995-11-09,132.958945534,8.98286495703,9.10313332905
1995-12-27,132.728880108,10.7884283291,10.7459151187
1996-01-28,132.688865061,12.0388217961,12.5908751552
1996-03-16,132.733878661,15.4652334686,17.2801320506
1996-04-17,132.258735364,18.1990315259,19.1431740274
1996-06-04,129.66305243,24.8046051134,22.8003888692
1996-08-23,124.823872321,17.8206122213,15.3128808921
1996-11-11,132.669303078,13.6368262422,13.5868109546
1996-11-27,132.671359372,12.9916211396,12.8465750508
1996-12-29,132.958945534,13.4217566038,13.5092864719
1997-01-14,132.856415249,15.0297686997,15.2848511956
1997-01-30,132.833908474,15.2573417607,15.4974196609
1997-06-07,130.671286226,21.5314988365,19.828297739
1997-08-10,127.906223708,20.3416715395,16.0878004182
1997-11-14,132.803899388,12.493963175,12.4864612395
1998-04-07,132.958945616,15.5174316653,16.0229137325
1998-06-26,130.153466553,23.4047941966,20.4808709801
1998-07-12,132.346226086,23.7000828156,20.2528326239
1998-08-13,131.816716005,19.2493622242,16.9186151442
1998-08-29,132.548402032,16.8540174834,15.1749110854
1998-09-14,132.958945647,15.4492903024,14.4314573718
1998-09-30,132.728877811,14.5121057422,14.0144469707
1998-11-17,131.594787097,14.099473124,14.237018886
1998-12-03,132.953944106,14.2645202947,14.3895617585
1998-12-19,129.826263348,14.1895012351,14.1665647821
1999-01-20,131.986544017,13.8994089192,13.8343895
1999-02-05,132.436288422,14.1945008127,14.1945022913
1999-04-26,130.562765946,17.562600409,18.6573754708
1999-06-13,129.998062505,21.2289705117,20.2529851317
1999-07-31,132.472950634,20.1576748082,17.7631366082
1999-08-16,132.416285707,18.5837247654,16.5939386752
1999-12-06,119.319638633,11.1735189434,10.9159380293
2000-03-11,127.297445667,15.6274620979,16.4632014248
2000-07-17,132.731379458,22.4088074336,18.9745250657
2000-08-18,128.101837135,20.1092941145,16.9885166448
2000-09-03,132.288746917,19.5083896349,14.4148949485
2000-10-05,132.913932233,14.2795346658,13.6618338286
2001-08-21,132.961446392,12.9948413606,10.9825316564
2001-10-08,126.771543848,14.5646608509,14.294576514
2001-10-24,119.721871227,11.0009900476,10.7959261411
2001-12-11,132.84914796,14.9122315449,14.8097002117
2001-12-27,132.946441929,14.9322373879,14.9647487678
2002-01-12,119.484472897,14.1694949763,14.3395504573
2002-01-28,132.948942676,15.2298329976,15.3173620144
2002-02-13,124.881789146,15.1998239941,15.3348678821
2002-04-02,132.668857154,15.6243385051,15.9197550018
2003-07-10,128.724668368,22.5787154399,19.6839721455
2003-08-11,132.601341653,19.372048966,16.7922077595
2003-09-12,132.553827873,15.0268505342,13.8046964046
2003-09-28,132.763888313,13.8543972202,13.269209574
2003-10-14,123.737095001,13.0316396392,12.4364525273
2003-12-01,132.951443406,12.3889316096,11.9938061108
2003-12-17,132.36374191,13.3267277412,13.2717102842
2004-01-18,132.66135687,12.0788277634,13.9894387185
2004-02-19,132.271239525,14.1169783408,14.2720290415
2004-05-25,132.758887512,19.4125170716,20.1394391777
2004-06-26,124.477431138,23.7127723518,20.3521584168
2004-07-28,132.958945645,20.1038307916,18.3886335894
2004-08-13,132.121201458,17.7988363592,18.4321585514
2004-09-14,132.774015161,13.8168853738,13.6118203679
2004-10-16,132.961446392,13.3092211853,13.1966867861
2004-11-01,132.836409836,12.991620686,12.6665177197
2004-11-17,132.193367281,11.2210596794,12.4689555928
2004-12-19,124.695817967,13.8643979651,14.3270871369
2005-01-20,132.691366268,14.512103321,14.5871293848
2005-03-25,132.551325926,15.2598436401,15.5324353367
2005-09-17,132.266241497,13.7923391636,13.1491728672
2005-10-03,126.388553445,12.0713243921,11.216046073
2005-10-19,132.793897213,12.9340972952,12.0863347664
2005-11-20,132.828907011,12.5689863625,13.1641766753
2006-02-24,121.468954814,15.0947898914,15.1920486809
2006-03-12,132.646354197,15.1798176658,15.2148297686
2006-05-15,132.538821404,17.3465226752,17.3345998517
2006-05-31,125.064170843,17.3842280987,16.6350013857
2006-07-02,113.347701119,1.33145191108,0.162552563721
2006-07-18,132.471303613,19.2103847278,17.1224850435
2006-08-03,129.567344078,17.793755872,15.9333727138
2006-08-19,132.126197621,15.3379819741,14.1216871166
2006-09-04,132.221226422,13.699670533,12.9209746027
2006-09-20,132.338763951,12.75654896,12.3114056287
2006-10-06,128.848966216,11.2135812041,9.05288756689
2006-10-22,131.33090747,12.7865613782,12.4039388394
2006-12-09,130.263101495,12.0313167852,12.1863675291
2006-12-25,132.958945544,12.7490417581,13.3694762795
2007-02-11,127.669959222,14.8046971682,15.2823520618
2007-03-31,130.562946338,15.6871283719,16.0397440873
2007-06-03,130.400721682,19.3848079472,17.967942257
2007-06-19,131.547498727,21.2903984924,19.7652059996
2007-07-21,127.532763349,20.9212624709,17.9080801337
2007-08-22,132.21122153,15.9527827282,14.3967659133
2007-09-07,130.02055507,15.3657275249,13.8244428943
2008-01-13,132.838910615,12.3539192964,12.2913991924
2008-03-01,132.573832311,15.1573101292,15.387384678
2008-03-17,124.259964796,14.4170842397,14.5300955116
2008-09-25,131.471002577,13.6018152527,13.1391693196
2008-10-11,132.708865311,12.5614833977,11.1785429229
2008-11-12,131.681066324,12.8990917964,12.8140656399
2008-12-14,132.848912823,14.3420480298,14.7371763953
2008-12-30,132.826406185,15.0797855923,15.2648455898
2009-02-16,132.848913508,15.0522767358,15.2273335608
2009-03-04,132.320493227,15.3973867163,15.9252934702
2009-03-20,132.411284415,15.2623466753,15.5568150182
2009-04-05,132.486306611,15.494922428,15.7596977488
2009-05-07,129.781338539,16.5745522963,16.0950117923
2009-05-23,131.167725507,18.7599591099,17.2991959209
2009-06-08,131.690938817,20.0006868336,17.9066427596
2009-08-27,131.526019742,14.9267676196,13.0185897231
2009-09-12,132.221226532,13.2362822665,12.176363655
2009-09-28,132.351266864,12.2713973311,11.6962116287
2009-10-14,132.556153305,11.473642021,11.3060894541
2009-10-30,127.824804101,9.03286181152,8.47767874243
2009-12-01,132.825172944,10.9159679866,10.6783923486
2010-02-03,114.834337078,10.9859920806,11.1360369377
2010-03-23,132.668860405,14.2145145886,14.7046687295
2010-09-15,131.951146557,13.1216689143,12.4689558953
2010-10-17,132.77139059,12.6014968606,12.3339125249
2010-12-20,132.946441904,10.9334711377,12.0863348069
2011-01-05,132.583836892,12.3289112,12.4614538533
2011-01-21,132.781393675,10.2007349482,12.1488544014
2011-03-10,118.159154145,11.2985725928,11.7693422818
2011-10-20,132.851413629,11.4786442881,11.2910838677