Date,Rarea,NDWI,MNDWI
1984-06-17,1723.29166522,815.974017604,769.249028799
1985-01-11,1680.55666901,799.034698369,792.418311956
1985-01-27,1702.58480903,839.795890827,833.418274754
1986-01-30,1707.76141344,792.267193473,782.465076747
1986-03-03,1727.3147582,789.631409249,777.349219839
1986-03-19,1727.39387955,779.017359169,765.99152691
1986-08-10,1725.39229505,837.674414108,806.592076548
1986-09-27,1724.27141648,823.471621884,808.088470067
1986-11-14,1491.0642507,658.443312354,649.759725997
1987-01-01,1727.41303575,837.522267438,830.068184571
1987-03-06,1727.39387955,816.625149363,803.564910173
1998-04-21,1727.43736852,755.136342611,746.91367087
1998-06-08,1715.75784208,728.868682927,710.483600622
1998-12-17,1727.43611267,618.163008341,609.170323618
1999-01-18,1727.23469387,598.419801415,591.051465331
1999-07-29,1724.63389163,589.880763277,580.306605077
1999-08-14,1726.07377351,590.335541727,580.800635687
1999-11-18,1554.03421311,527.580803148,525.266500587
1999-12-20,1727.35384743,654.74339793,647.217431773
2001-01-07,1661.73272102,755.380738193,750.456823974
2001-01-23,1697.94090256,751.818256643,745.453202854
2001-02-08,1727.43391123,774.061592454,768.814286033
2001-03-28,1707.10111878,761.494689759,753.988007443
2001-04-29,1726.47409205,774.314654342,767.6674893
2001-06-16,1567.96031637,750.631121425,696.996727935
2001-08-19,1727.35384848,801.462044602,788.635907331
2001-09-20,1727.35604967,785.038257155,774.742577416
2001-11-07,1727.33265522,779.697097754,777.043219547
2001-12-09,1727.43736852,773.653749711,769.892016199
2001-12-25,1727.43485317,772.16440432,766.197158803
2002-01-26,1727.43391123,765.374719564,760.567760122
2002-02-11,1727.41303575,763.358067403,758.033840727
2002-07-21,1727.11711458,782.347216699,764.745823577
2003-12-31,1727.43736852,760.672172616,752.745883296
2004-02-01,1724.64394716,763.513169011,755.827065966
2004-02-17,1710.47854873,752.149209763,748.426262173
2004-03-20,1727.3973372,765.949617958,761.885689773
2004-05-23,1670.21455757,764.131834326,739.79333158
2004-06-24,1725.74914116,760.935429324,735.467763927
2004-07-10,1711.25925546,762.799978621,749.702384948
2004-08-27,1710.20404662,778.938957088,769.818009924
2004-09-28,1727.33297309,782.267925792,774.904606001
2004-10-14,1565.52824226,675.547184234,668.495306612
2004-12-17,1627.12499579,768.068509575,763.605661627
2005-01-18,1727.43391123,797.176188387,792.355413218
2005-03-23,1727.39733703,786.959958961,780.614216127
2005-04-08,1727.43736852,784.99840627,778.446220983
2005-04-24,1584.91828551,693.66546569,686.514221203
2005-05-26,1547.17618457,736.610250795,726.369976377
2005-06-11,1722.87469113,776.241993359,763.530424365
2005-08-14,1727.35730554,789.427782225,777.695044462
2005-09-15,1727.27472776,795.266103045,786.053321958
2005-10-17,1727.03453841,789.424178694,782.404337671
2006-03-10,1727.39482154,818.166891627,813.046583711
2006-04-27,1727.39387992,787.599054206,779.889244157
2006-05-13,1636.69921437,750.269263074,740.15393307
2006-08-01,1587.22440086,694.481432138,662.747165064
2006-09-02,1727.43736852,798.919816866,792.234524042
2006-09-18,1725.68807343,808.361002827,799.731260845
2006-10-20,1726.95447625,818.05243522,812.587545897
2007-01-08,1727.43391123,820.441318059,815.31408327
2007-01-24,1727.43485317,818.570350773,814.395249444
2007-02-09,1727.39482146,814.281308169,809.163502668
2007-02-25,1727.43611267,813.774254405,808.757703774
2007-04-14,1640.78616114,727.74945797,720.271822431
2007-06-17,1722.43340182,773.4707004,761.348152338
2007-07-19,1725.67346787,742.677709006,730.314356139
2008-01-11,1623.548457,537.638291736,525.855952101
2008-02-12,1727.19592318,585.703676876,575.808944305
2008-02-28,1727.033593,582.148823203,571.180144921
2008-10-09,1727.3973372,808.967771007,802.625331069
2008-10-25,1726.59670875,806.518314357,801.456884236
2008-11-26,1555.86279986,760.528509397,754.809604164
2009-01-13,1727.41303575,816.241773456,811.283467661
2009-09-10,1727.31727448,793.870176058,784.622852738
2009-10-12,1727.3973372,808.811416125,801.310577524
2009-10-28,1589.64236731,762.050675488,755.365372179
2009-11-13,1727.25291022,827.75201503,820.026505768
2009-11-29,1664.34261964,813.581464881,808.857702283
2010-02-01,1727.43485317,821.318870959,818.202641795
2010-03-21,1700.90873911,787.297643988,779.446393314
2010-09-29,1727.43391123,755.309807493,744.415542167
2010-11-16,1727.35604944,776.267573034,766.778795551
2010-12-18,1727.43485317,790.705190518,782.905274426
2011-01-03,1727.1136598,797.570865044,789.882251128
2011-02-04,1727.43391123,790.223548831,783.215008077
2011-03-08,1727.39733709,780.204655479,772.277744624
2011-03-24,1697.37862531,773.901940113,766.802033375
2011-10-02,1726.77253171,793.600654081,783.610314953
2011-10-18,1727.43736852,811.173278524,801.398788936
2011-11-03,1657.40780465,796.656947745,787.427193051