Date,Rarea,NDWI,MNDWI
1984-06-09,1660.67203185,307.697213207,309.130767587
1984-07-11,1730.04624005,342.807287207,340.947242987
1984-08-12,1574.39082105,324.875833276,315.956456265
1984-08-28,1515.33454888,326.141296123,319.543544707
1984-09-13,1519.16160134,333.671200191,301.083852372
1984-09-29,1654.85767679,337.955457669,334.929679163
1984-10-31,1730.32361056,339.321059082,339.45870747
1984-12-18,1485.33480341,239.424216499,245.038267691
1985-01-03,1716.32880698,330.702558683,335.756181313
1985-02-04,1698.89633425,321.34569724,328.698408374
1985-03-24,1730.32361056,337.800687417,347.097311848
1985-04-25,1518.08813441,308.393120324,315.018811149
1985-07-14,1730.32658938,342.256025562,340.862044525
1985-07-30,1730.3264358,343.949287936,340.509411969
1985-08-15,1730.28640724,345.150031124,340.14914036
1985-09-16,1726.84419577,409.226801682,348.813159171
1985-10-02,1730.04266331,348.621738122,341.852684264
1985-10-18,1537.70946223,313.656750406,306.585678018
1986-03-27,1629.24823712,321.312126986,329.232154301
1986-04-12,1726.83442926,334.843095417,342.162642307
1986-04-28,1713.22358194,328.923110573,335.687832139
1986-06-15,1730.29032912,337.712333793,342.402498967
1986-07-17,1730.32361056,339.478785238,342.390604393
1986-08-02,1730.32282193,346.255617405,344.426805786
1986-09-03,1619.00828741,301.452098547,299.598981444
1986-10-05,1730.32658938,340.402215641,340.195898235
1986-11-22,1662.8991818,332.035622674,333.475561409
1987-03-14,1730.32658938,339.010708375,345.075082259
1987-03-30,1728.45202927,338.750611011,344.534768966
1987-05-01,1722.58432995,339.150876034,343.443943157
1987-06-18,1729.92254425,341.009660469,343.571503945
1987-07-20,1693.66645303,341.389341512,334.463610343
1987-08-05,1701.86957253,358.618725781,338.422245835
1987-08-21,1730.08345048,350.41103884,344.294535154
1987-10-08,1730.32658938,339.193368563,339.917013568
1987-12-11,1628.73001034,314.683505627,318.646276677
1988-01-28,1560.50531118,278.567793064,284.011633814
1988-02-13,1730.32361056,336.599176325,344.574776931
1988-05-03,1646.73215806,318.765533122,325.29007004
1988-05-19,1730.3264358,338.665566811,342.872925601
1988-07-22,1730.32658938,342.743301387,339.491049532
1988-09-08,1730.32361056,344.064490423,335.668517163
1988-09-24,1690.43286397,396.326371334,326.806620064
1988-11-11,1730.32658938,336.027171768,336.987913625
1989-04-04,1720.05399044,329.418489132,335.182518913
1989-04-20,1730.24262377,335.629633837,341.703907504
1989-06-07,1689.88791972,324.391725726,326.593337202
1989-06-23,1730.28640821,341.347388452,343.388843659
1989-08-10,1704.50880433,315.722039896,312.843205503
1989-09-11,1730.1262984,342.508120276,345.230054038
1989-10-13,1715.95630757,333.269120723,334.189799438
1990-03-06,1730.3264358,336.023604944,340.746950452
1990-05-25,1730.28279433,338.527800398,345.572737765
1990-06-10,1730.32361056,338.880645457,343.654077705
1990-07-12,1729.02819251,340.008812629,340.811879627
1991-01-20,1620.79019587,323.795799511,330.185826552
1991-04-10,1511.52920168,308.651547401,314.2855507
1991-05-12,1718.95599211,355.426427919,361.88101476
1991-05-28,1711.43765918,349.477271292,352.959787335
1991-06-13,1729.6650557,364.756227571,367.398142923
1991-07-31,1710.34065187,346.914914402,350.707553545
1991-10-19,1713.28615383,348.192903789,353.997075543
1991-11-04,1728.70069033,355.477175577,357.51167678
1992-10-05,1730.32658938,353.893166061,359.057450816
1993-02-26,1727.59133625,351.153130725,360.920011596
1993-04-15,1730.32658938,355.672532495,364.581247438
1993-05-01,1730.32658938,355.774355518,363.180261012
1993-07-04,1730.32361056,356.35006345,360.312846181
1993-07-20,1730.32361056,357.110618122,359.672452872
1993-08-05,1730.3264358,360.024214118,360.744737931
1993-09-06,1712.42537295,354.686997376,354.179840142
1993-10-08,1730.32658938,353.814372023,355.917687683
1993-11-09,1730.3264358,354.510224959,355.711012217
1993-12-27,1528.53065383,308.975600637,312.978574476
1994-01-12,1730.32658938,352.933242099,360.652419647
1995-05-23,1730.3264358,358.633247694,364.83766269
1995-06-08,1730.20274273,359.005685045,363.493162114
1995-08-11,1730.32658938,357.379162727,357.819096042
1995-12-01,1720.26181839,353.54978028,357.272405769
1996-04-23,1685.31823157,329.973507613,338.493288911
1996-08-13,1730.32282193,364.236237701,365.453230515
1996-08-29,1681.47738529,346.751538942,345.640393661
1996-09-14,1730.3264358,359.273697549,358.553190115
1996-10-16,1730.3264358,353.229424838,355.911300022
1997-03-09,1670.73251452,342.302667554,347.97932209
1997-07-15,1730.32282193,357.800369593,359.966357358
1997-07-31,1730.3264358,359.874115858,361.795530924
1997-08-16,1730.32658938,357.747244885,356.489659972
1997-09-17,1730.32282193,359.76924841,362.010824582
1997-11-20,1626.68958636,291.851218335,284.136824352
1998-03-28,1709.95959362,330.410099296,340.377205343
1998-05-31,1619.09380601,344.911571175,352.236774275
1998-07-02,1730.24638036,359.513863971,367.029258267
1998-08-03,1730.32282193,357.754166106,360.169555453
1998-10-22,1730.08268437,353.967550647,354.888134057
1998-11-23,1653.69925084,320.658210892,324.397687094
1999-02-11,1640.02672027,334.57457887,342.380048542
1999-05-02,1730.3264358,356.476115924,363.000856901
1999-05-18,1730.3264358,355.951329311,361.439735194
1999-08-06,1723.57558884,355.356414476,355.116256687
1999-09-23,1729.72613361,356.049220421,356.849775952
2000-04-02,1730.16271033,355.398704773,364.409496681
2000-06-05,1634.46262839,326.069824282,328.191403286
2000-07-07,1710.38069524,345.824162315,345.503916573
2000-08-08,1546.58570653,334.588722368,333.187778282
2000-08-24,1723.58674281,354.995960921,354.195453292
2000-09-09,1695.3696408,335.1267274,337.888683677
2001-01-15,1645.90252442,336.548050398,343.90093574
2001-03-04,1722.79843741,340.155237782,349.869750504
2001-04-21,1510.51797063,298.977408443,304.296756101
2001-05-07,1650.8279619,302.896806173,308.781699991
2001-07-10,1718.27940244,348.490969485,351.212880286
2001-07-26,1652.6238171,350.395204179,352.036488773
2001-08-11,1726.40572057,354.477512897,354.917859561
2001-09-28,1708.03599126,348.988733274,349.786282218
2001-12-01,1682.31550485,336.996292675,339.437991171
2001-12-17,1492.7409845,335.167013041,342.049428304
2002-01-02,1624.08612188,331.539972172,340.793219143
2002-01-18,1730.26584346,350.987840498,357.872743002
2002-04-08,1497.25846672,356.81179451,372.934964286
2002-06-27,1730.28279468,356.764576696,360.08632456
2002-07-13,1730.12946343,356.271503932,357.752629877
2003-07-16,1730.32282193,357.640239015,360.802512784
2003-08-01,1730.32282193,357.360045187,359.806193989
2003-08-17,1730.28656213,357.627643856,357.587652891
2003-09-02,1701.45951195,351.536490638,352.220278039
2003-09-18,1730.3264358,358.433089264,356.231574018
2003-10-04,1730.32658938,357.570387366,354.80845062
2004-02-09,1679.17879557,341.818486025,347.672609777
2004-03-28,1689.77790521,351.783697616,358.610243137
2004-04-13,1653.68897531,327.514839797,324.887180482
2004-04-29,1730.32658938,358.411327009,363.693696781
2004-06-16,1730.24355603,358.953695933,363.757097425
2004-07-02,1676.43613014,338.581372119,342.063960959
2004-08-03,1499.74386372,304.872717048,304.139051636
2004-08-19,1730.32658938,358.275003379,357.850421184
2004-09-04,1730.08268415,359.001134464,357.242509529
2004-09-20,1610.14681931,338.907588323,337.935743926
2004-10-06,1730.32361056,357.592803339,355.83152253
2004-11-23,1730.24638158,351.548166088,354.510150979
2004-12-25,1615.18899347,301.650910862,305.325467727
2005-02-11,1730.32361056,352.8694868,362.316165706
2005-03-31,1528.24168785,274.624800564,280.829284474
2005-04-16,1711.84936793,347.433610515,354.603182591
2005-05-02,1720.21501992,351.117484238,358.002410047
2005-05-18,1730.28656213,355.192779652,360.389649934
2005-06-03,1730.32361056,355.911575995,361.793916544
2005-06-19,1554.6587828,319.040384533,325.102752168
2005-07-21,1683.87725851,354.331044952,360.053125509
2005-08-06,1730.32361056,354.590686835,356.472055956
2005-08-22,1730.24355675,355.191113245,355.831639003
2005-09-07,1598.56031029,335.237649202,337.881955716
2005-10-09,1730.32361056,354.910843316,357.272557863
2006-03-02,1700.35238017,344.984242053,353.109999838
2006-04-19,1714.79212667,344.103195976,353.38790197
2006-05-05,1660.39565079,321.28905061,329.058981878
2006-06-06,1720.76926458,349.627481972,353.430200003
2006-07-08,1728.24373751,355.609275306,357.112951977
2006-07-24,1722.52814787,355.671515968,357.592889956
2006-08-25,1730.32361056,355.51134028,355.511385054
2006-09-26,1730.28279511,354.167746948,356.249206143
2006-10-28,1721.73275246,349.826869108,352.54874649
2006-11-13,1662.59790518,328.849270133,326.24970473
2007-02-01,1482.25756862,300.930965259,310.937987611
2007-03-05,1665.5131344,326.261863921,336.549231679
2007-04-06,1717.8322965,345.400264153,355.848340221
2007-04-22,1700.33493111,336.256552857,343.301673349
2007-05-24,1670.93442337,320.096907133,320.568562489
2007-06-09,1730.28656216,355.913307672,360.676753078
2007-06-25,1728.80569854,355.642568224,358.675445406
2007-08-12,1730.32658938,356.19869771,357.897371035
2007-08-28,1706.77351605,363.328225134,368.411770677
2007-09-13,1730.32658938,354.946537559,355.078602282
2007-09-29,1730.3264358,355.150811455,359.113613201
2008-02-04,1529.81144931,310.208161525,317.771021486
2008-03-23,1729.54530321,352.833542889,362.480369209
2008-04-24,1729.96618433,351.992958995,360.599097702
2008-05-26,1729.92616486,352.753471553,359.638421338
2008-07-13,1730.00637182,354.694562189,357.719833194
2008-07-29,1729.80610666,353.909965955,356.792080405
2008-08-14,1729.92254979,354.914646464,356.836100988
2008-09-15,1659.90715305,336.005727872,338.865999033
2008-10-01,1714.91445677,354.592540289,358.128666648
2008-10-17,1728.12725955,350.309814161,353.191769954
2008-11-18,1651.11713483,320.300264291,326.06864076
2008-12-04,1730.20635439,350.62756878,355.110700612
2008-12-20,1688.4450521,346.505006933,353.710108265
2009-04-11,1730.16648077,350.171779757,359.87626468
2009-04-27,1730.24653483,351.37271114,359.636127906
2009-05-13,1602.23298337,251.245475696,254.367919422
2009-06-30,1729.84249636,353.885134,357.530213995
2009-09-02,1730.08627395,353.109375057,354.710535061
2009-09-18,1693.22627993,349.690930763,354.311713412
2010-04-14,1719.04133258,350.592189096,357.957550998
2010-06-17,1730.08344737,353.942098042,357.752986948
2010-07-03,1730.20650791,355.229857857,357.800506336
2010-08-20,1730.10965859,354.568084522,355.274970472
2010-09-21,1688.5031526,337.536020615,334.895978804
2010-11-08,1637.56199523,269.681132563,265.878305309
2010-11-24,1709.11345364,345.761206143,351.765555229
2010-12-10,1730.04657013,346.780071455,352.30400517
2011-02-12,1705.38597001,325.914608257,342.86371345
2011-04-17,1644.68290656,328.356329096,339.469853337
2011-05-03,1729.32211832,353.305935685,362.031521982
2011-06-04,1730.24355608,354.951664267,360.795819888
2011-06-20,1730.12347448,356.832354132,360.435554767
2011-08-07,1730.24355608,356.311971269,357.312755874
2011-09-08,1729.08581052,352.332988255,347.289627189