Date,Rarea,NDWI,MNDWI
1984-08-14,1020.52514985,236.183979398,207.550848261
1984-10-01,1009.53098904,199.363651453,198.565404573
1984-12-11,1044.33638479,186.309657992,189.070903745
1985-05-04,1095.2158489,201.462609868,210.429567357
1985-07-07,1047.28269309,192.740915752,194.557654445
1985-07-23,1046.9983176,195.18227501,193.981121463
1985-08-08,1049.33393897,199.087123203,195.320759694
1985-08-24,1053.02081795,194.960836307,191.91877885
1985-09-09,1065.16643793,199.080341864,193.43959169
1986-04-05,1045.27684006,184.09500047,192.621969646
1986-05-23,1008.17520787,183.839216441,186.75266032
1986-07-10,1033.90947517,189.579238776,187.714131715
1986-07-26,1051.96398966,195.358423078,192.676644031
1986-08-27,1083.37861576,201.025950189,199.90518372
1986-10-14,1023.02377243,176.81118772,172.768586001
1986-10-30,1048.393602,192.323392527,191.274299952
1987-03-23,1011.64028136,183.777850791,189.741097392
1987-04-24,989.504891683,179.967337481,184.209673145
1987-05-26,1007.3474129,184.369423298,186.250416427
1987-06-11,1031.69573545,189.180463408,192.412694471
1987-06-27,1057.93168627,193.71741482,196.398708113
1987-07-13,1086.14154739,200.443144292,200.162687327
1987-07-29,1092.22998221,202.288858454,199.682248764
1987-08-14,1076.15568092,202.48480969,198.052068806
1987-09-15,1062.43588788,201.066628927,194.380079712
1987-11-02,1078.46352081,185.55559335,186.115615854
1987-11-18,1063.9902158,190.427538342,195.588206657
1988-03-25,1044.8478525,187.099140881,194.022817396
1988-04-26,1063.87785781,189.83798255,195.694698106
1988-05-12,1017.07218971,186.753705855,190.275487582
1988-05-28,1025.3381249,178.632083475,179.63251303
1988-06-13,1026.98626856,189.638279624,189.251597313
1988-07-15,1022.60194004,189.698296501,186.976651837
1988-07-31,1023.91392138,191.756684414,187.273968758
1988-08-16,1042.75599338,194.141613002,187.097413479
1988-09-01,1026.02786003,192.720028581,180.593066975
1988-10-03,1065.16715478,199.363089956,194.560151432
1988-11-04,999.970275044,191.101271849,187.819200068
1989-05-15,1039.39698673,190.35089202,193.555607995
1989-08-19,1054.98801255,197.215682696,194.614017388
1989-09-20,1064.6550554,195.990879953,197.631443336
1989-11-07,1055.33200271,190.518413163,190.753862863
1990-02-27,1022.82805405,184.472776765,187.104086641
1990-07-05,1000.08735673,195.066679511,196.491051832
1990-10-09,1037.03661174,189.955569683,189.184858505
1990-10-25,1010.16047232,185.738788322,188.860441373
1990-11-10,968.265617895,176.271982577,177.326209583
1990-11-26,952.647767084,171.854872774,175.016668168
1990-12-28,1014.97051971,182.234376569,187.257619503
1991-05-21,983.318381227,183.446605516,185.362652576
1991-07-08,973.806231452,185.281491968,183.481678104
1991-09-26,949.72776409,178.212062216,176.560957991
1991-10-12,989.328820098,183.195666417,181.114413448
1992-03-20,972.340968509,169.959342585,177.547342207
1992-04-05,992.436430995,173.189855089,182.680901186
1992-06-24,1003.47342735,179.453054247,183.325161846
1992-07-26,1006.21677579,181.125107152,182.045566851
1992-08-27,1028.34563942,173.68908272,172.992229233
1992-09-28,953.354028301,172.668023202,177.442858935
1992-11-15,1016.60540169,180.233210925,185.601778619
1993-01-02,1016.18576519,178.392229897,184.529231157
1993-05-10,1021.64901503,182.794596264,188.771462755
1993-05-26,1018.55622809,184.085355642,188.643440963
1993-06-27,1054.07155223,187.824224934,191.94624177
1993-08-30,1067.55217347,196.989240533,199.430227982
1993-11-02,988.999364892,165.211698164,162.210168379
1993-12-04,1061.07418671,184.350743671,189.283290764
1994-04-27,1055.85222262,184.521008678,194.76302832
1994-06-30,1030.77868974,187.9228931,188.603051541
1994-07-16,1049.59089506,191.438997725,191.168637345
1994-08-01,1074.1138021,193.533633854,192.092510924
1994-10-04,1062.05882565,189.407773185,187.726425193
1994-11-21,1104.53586086,198.190876038,201.592563448
1995-04-14,1098.30116768,201.537568396,210.597307041
1995-04-30,1106.19610294,204.80005233,213.438093395
1995-07-19,1103.85418025,206.573238128,209.137391095
1995-09-05,1076.2848942,191.489818894,190.60899171
1995-10-07,1068.65257042,191.529969417,196.988788684
1995-10-23,1075.48455858,187.407652859,189.384706556
1995-12-10,1021.32152645,183.154768436,185.495935831
1996-01-11,949.096209688,170.463888615,176.62299635
1996-01-27,957.147649937,163.574306621,171.788996132
1996-04-25,958.476659756,179.847841892,189.987103074
1996-06-03,974.13799598,175.578728044,178.38035727
1996-06-19,990.787400624,178.153161606,180.016136658
1996-07-05,1017.25761806,187.300642703,187.90461145
1996-07-21,1037.18886201,190.745961231,190.545614782
1996-08-06,1051.50244814,193.602637332,192.619795405
1996-08-22,1064.80563571,193.066912466,191.065507735
1996-11-26,1062.3539386,184.081935555,186.456821139
1997-03-18,989.144383823,173.489354177,182.896748838
1997-04-03,1047.63288164,183.527264497,192.725637167
1997-08-09,1049.74943282,186.716982501,188.729610843
1997-08-25,1061.30376456,189.398413215,190.277777427
1997-10-12,948.965152477,68.1875329269,37.8607995
1998-04-06,1085.09412661,189.235484985,200.322389844
1998-06-09,1057.95726081,187.683793036,193.672973688
1998-07-11,1026.77908095,183.377735185,184.261062085
1998-07-27,1064.25402806,193.206734102,194.63334952
1998-11-16,1070.0308868,188.264137186,191.565553037
1999-02-04,1035.03163361,179.654856749,191.546684652
1999-04-09,1064.8922619,183.35894566,194.178754265
1999-04-25,1022.19532268,182.879044816,191.323373848
1999-06-28,1088.70138201,196.148625344,200.623265872
1999-07-30,1021.62566538,186.860333836,187.664316368
1999-09-16,1030.8436,192.542304668,192.771838883
1999-11-19,1098.20794464,199.478865348,200.763063208
1999-12-05,1106.348475,198.431232704,200.952337204
1999-12-21,1056.55432023,184.514792491,188.901900485
2000-03-26,1023.46835998,180.456865348,189.712988433
2000-05-29,975.782517782,174.376574884,176.057324966
2000-06-14,979.083810528,175.094858219,175.098408474
2000-07-16,975.865066228,178.525165325,177.824589216
2000-09-18,992.748422089,181.074780044,182.035270911
2000-12-07,1034.77669582,179.512605542,179.632483913
2001-04-30,1050.95100402,184.176348172,191.950259397
2001-06-01,1013.63435581,182.109001659,186.460206199
2001-07-03,994.426821272,179.307961437,182.411624723
2001-08-04,947.749712557,174.225799307,173.092520021
2001-09-05,1011.51220822,187.184424314,185.103096756
2001-10-07,1052.40323075,190.043905435,192.906399317
2001-12-26,983.701969317,176.77404924,181.737374267
2002-02-12,1026.53545471,183.908354219,191.977639378
2002-03-16,1032.33537554,180.976211584,189.980829216
2002-04-01,1007.2446017,179.333271504,177.379711912
2003-07-09,1052.19110612,193.192983748,196.365617455
2003-10-13,1057.13284568,192.077191227,189.536246169
2003-12-16,997.016402785,180.079344954,184.908074
2004-01-17,1045.46367011,183.401563223,190.049190499
2004-02-02,1039.73411405,187.154480035,195.23998543
2004-03-05,967.315239559,166.176415518,174.260578354
2004-03-21,1061.88609562,180.660472126,191.826220368
2004-04-22,1067.68902845,185.918293582,194.02301813
2004-05-24,1051.5797601,183.139314846,191.452713615
2004-07-27,1057.64344845,189.552466109,192.302617172
2004-08-12,1003.99137117,176.89337377,178.654039785
2005-02-20,1059.67386187,184.841156255,193.481796285
2005-03-08,1052.79548186,183.030129174,190.122318078
2005-04-09,1075.5986024,186.403020809,197.124699651
2005-05-11,1094.27862216,193.571809831,203.245329394
2005-05-27,1088.89058434,189.820370649,200.014149865
2005-06-12,1080.74937121,189.476193157,197.748895467
2005-07-14,1067.69604296,187.666219735,193.610273881
2005-07-30,1045.22175089,188.145915207,192.266542803
2005-08-15,1033.12978236,188.204495809,188.640690066
2005-09-16,1001.29995607,179.839864059,178.69892727
2005-11-03,1062.23029502,184.002203218,186.903618524
2006-04-12,1079.32255615,182.794610997,196.151237055
2006-04-28,1081.65875074,186.225697605,196.512637464
2006-05-14,1091.19440373,191.148671335,198.81600468
2006-05-30,1090.27099522,194.685683681,200.739811214
2006-06-15,1082.01942193,191.405521071,196.497810531
2006-07-17,1073.54827239,191.085960796,193.370462441
2006-09-19,1063.62373256,187.607797605,188.608002441
2006-10-21,987.245414369,155.01811394,153.376880354
2006-11-22,996.429873709,178.868510572,180.5237449
2007-03-14,953.448485904,165.533352638,174.705952882
2007-03-30,960.742077266,167.654409138,177.107183761
2007-04-15,959.791062641,169.955400325,175.851798104
2007-05-01,978.593748041,172.760779742,179.600887932
2007-06-18,1018.54869537,167.428067388,170.412826442
2007-07-04,1095.43141124,201.241918394,208.386463546
2007-07-20,1095.44104847,203.457180596,209.980920111
2007-08-05,1103.89283051,205.738537754,210.822796816
2007-08-21,1095.27734976,204.621747867,209.096241011
2007-09-06,1076.74231051,192.133322094,193.933882606
2008-07-06,1104.13986882,201.154904478,208.720428296
2008-07-22,1094.7689461,200.527058798,207.360194424
2008-08-07,1097.77976692,205.960386161,210.219143124
2008-08-23,1098.83806591,203.362123405,206.812356686
2008-09-24,1078.13996845,192.974671374,194.060072333
2008-10-10,1075.72638042,188.644477026,190.884159076
2008-11-27,1085.30663478,187.407309187,194.186672356
2009-04-20,1070.41531391,182.307217629,196.196043616
2009-05-06,1072.83247677,181.144045911,196.383503303
2009-05-22,1074.73092359,184.280842665,194.518796818
2009-06-23,1061.80838993,177.185184759,182.749562413
2009-07-09,1052.06566276,185.334564621,193.124360566
2009-08-26,1067.79676547,185.793047295,193.076550174
2009-09-11,1064.29474082,186.390933995,195.456077006
2009-09-27,1055.94012944,185.626463559,193.228939106
2009-10-29,1066.6418191,184.360816778,191.851152725
2009-11-14,1009.15986227,156.225322435,153.718782486
2010-02-02,1072.98423328,182.581370298,195.955765488
2010-06-26,1092.62725987,201.337595261,205.812740035
2010-07-12,1097.31458744,200.303790339,203.321830777
2010-08-29,1082.43965571,196.928161458,196.887657157
2011-03-25,1096.65660157,193.101613215,205.65227424
2011-04-10,1090.32515893,189.55951302,201.765139291
2011-05-28,1096.09531768,193.320951292,201.574957777
2011-07-15,1092.47762774,197.032667594,198.178456606
2011-08-16,1093.60125601,198.712095241,198.314048924
2011-09-01,1089.57669617,197.909146111,199.135627505
2011-09-17,1095.54257612,200.00528204,197.323246657
2011-11-04,1099.29990882,196.372861163,199.361390297