Date,Rarea,NDWI,MNDWI
1984-06-18,775.962087309,46.3108068348,46.0305321434
1984-10-08,818.771878287,48.8723528035,46.1103557762
1985-01-28,707.412683032,39.7732628796,41.6044602324
1985-07-23,738.790985955,45.2122089054,44.3016095928
1985-08-08,737.408813267,48.2982303525,44.1660205918
1985-08-24,727.996752074,44.542503517,41.5804274116
1985-09-09,715.465282247,43.3675260868,40.441859393
1985-11-12,730.282468774,41.3341816374,40.7737161648
1986-05-23,776.275983152,44.0912316241,46.4127944015
1986-07-10,751.637032087,44.334269723,43.9488672456
1986-07-26,734.044116292,45.7031471069,43.5016820717
1986-10-14,722.749512114,41.1622710337,40.3216392446
1986-10-30,735.819232362,42.988760034,42.7084803543
1986-11-15,736.928542466,41.5637337494,40.6030029799
1987-03-23,737.934115238,41.7279822229,44.3108891966
1987-04-08,778.365307939,45.7668439863,47.7687682221
1987-04-24,789.126803637,45.5830360901,47.5443436292
1987-05-26,785.131778123,47.4534498976,49.1745793937
1987-06-27,732.170544803,46.0622490338,47.6790444352
1987-09-15,711.155815751,41.2404018937,35.8060607335
1987-11-18,708.40666063,41.7301063155,43.181103546
1988-03-25,739.284392716,42.0207198686,44.6618283428
1988-04-26,723.040061222,41.1476429324,43.8294358934
1988-07-31,756.199852682,46.5981572595,44.316689647
1988-10-03,713.630878434,42.0063324735,38.9605892134
1988-11-04,736.666035626,40.8819901938,40.2815325649
1989-05-31,762.346217594,44.1993302488,45.1599340339
1989-08-03,746.066693164,47.1734518585,44.9819435772
1989-08-19,736.669436633,44.5457409643,42.2084122776
1989-09-20,705.258507247,43.6059085801,43.325661998
1989-11-07,726.216798424,42.8287466824,41.5078138387
1990-02-27,752.22384503,51.2903983223,48.4491976752
1990-06-19,726.270285178,42.6770838002,43.9579132845
1990-08-06,733.698518765,50.8905192143,47.7277719121
1990-10-25,771.536766855,55.4124945566,56.3331127559
1990-11-10,772.24257802,62.456562748,63.2171087715
1990-11-26,812.548953654,59.1344401777,60.4953990527
1990-12-28,769.411317825,50.9483115985,52.2292635672
1991-03-18,783.709831705,57.8592591984,60.5811474093
1991-05-21,801.917121021,60.7355537832,60.9763757651
1991-07-08,811.948015412,64.1778971426,62.3765799043
1991-10-12,800.382812569,56.9537202116,55.4502436665
1991-10-28,740.768255335,32.3562974009,30.995358268
1991-11-13,735.732639897,48.9640262319,48.6438286655
1991-12-31,752.5987221,53.5516967506,58.017783137
1992-02-17,719.920133499,48.0472806769,52.0312453113
1992-03-20,771.426078139,53.9414659071,59.2493892678
1992-06-24,786.322384796,58.297754887,59.7499436002
1992-11-15,762.263825291,80.8838677764,84.08675206
1993-01-02,775.116134963,89.8042320788,92.3959903809
1993-05-10,765.635086118,88.8081564471,91.6800814042
1993-06-27,732.959741897,85.8560984949,86.8567905965
1993-08-30,715.492701767,114.043073238,90.2153909891
1993-11-02,702.967705572,79.0284795059,79.1986342819
1993-12-04,719.502558569,81.8207877681,82.9416073306
1994-01-05,725.045116345,80.00490856,82.8062243975
1994-04-27,738.093293281,85.437640964,88.1995736515
1994-06-30,747.453662848,89.1699772491,89.4401851554
1994-07-16,729.219751528,86.1835965103,85.7563763675
1994-08-01,702.384646632,79.8125108192,78.0913854207
1994-09-18,721.801434191,83.433021325,81.740736647
1995-12-10,770.914463766,90.5384056903,93.5004249481
1996-01-27,803.816712315,91.330194835,96.5737183936
1996-05-02,721.675124716,84.4548787552,88.2198124167
1996-06-19,795.585914141,94.3193733018,94.9473183367
1996-07-21,752.681196156,89.514558791,89.0042527312
1996-11-26,725.950766103,80.7091779707,83.2309482871
1997-03-02,752.591009772,88.1694438545,91.6015532726
1997-03-18,746.733393821,86.7365382606,91.0993323934
1997-07-08,705.201135056,76.8112651356,77.4116921199
1997-07-24,732.652903302,86.4079735377,87.424520647
1997-08-09,728.331696698,85.8561833035,86.3765325965
1997-08-25,733.803980941,85.968245042,85.5280373506
1998-06-09,721.08473085,81.5636327256,84.8459135225
1998-07-11,709.76005961,79.3020755727,79.8268616779
1998-07-27,727.257386131,85.4560333035,86.1365678817
1999-02-04,741.76484137,82.470117709,88.2741018262
1999-04-09,714.349679842,76.7523041026,81.2810906147
1999-04-25,766.210865594,89.9145589277,93.9173066816
1999-08-15,795.303227887,95.0811700511,94.7479605571
1999-12-21,727.697165383,79.4844061694,80.8854481498
2000-03-26,704.760181595,73.2164367686,77.0590422764
2000-05-13,823.739133308,93.4476896577,96.810018103
2000-05-29,811.192635972,93.6062055905,94.9671840983
2000-06-14,808.49489437,92.8739181626,93.7545906391
2000-07-16,805.974867603,94.5668826608,95.5275550905
2000-09-18,796.575283761,93.2268245259,93.2268739556
2000-10-20,756.917112904,85.662547565,86.5832307134
2000-12-07,750.979075546,83.4005019812,85.3117529121
2001-01-08,739.736219297,73.4501260474,76.4122013912
2001-04-30,738.198293845,79.2886113717,83.7716842975
2001-06-01,777.307762096,88.3367306473,92.7797546004
2001-07-03,791.263092406,90.1995985734,94.0022305851
2001-08-04,787.286671961,90.3698574561,90.6901201553
2001-08-20,738.232274089,28.6547469736,43.5697561436
2001-09-05,770.339717784,85.8722081286,83.0613268074
2001-12-10,710.5681121,71.5520270398,74.3439144277
2002-02-12,717.801122482,78.5474566738,82.9504693457
2002-04-01,744.942926767,33.5080519062,52.7202528186
2002-08-07,758.773180256,88.1141038315,89.3943800605
2003-09-11,786.925674672,91.2511460014,90.5306976772
2003-10-13,740.77037119,84.1371007177,82.7361298856
2003-11-14,773.024134379,87.3547810488,88.2354119784
2003-12-16,784.340116821,86.9102593696,89.5921109477
2004-01-17,764.090466017,84.1901866869,87.6325067572
2004-03-21,717.958019662,74.3667158075,77.2086108583
2004-07-11,790.190027548,92.2111150967,95.5232990851
2004-07-27,775.934133058,91.3152509863,92.516086916
2004-08-12,748.831195114,83.8063536827,84.6769382101
2004-12-02,773.401239952,86.0078812631,87.7284470225
2005-02-20,779.630109869,89.0243381782,93.5204489143
2005-03-08,784.723068007,91.9955105371,94.6373071504
2005-04-09,753.648146654,83.5660862452,86.3579564523
2005-05-11,740.678882838,81.8132027176,84.8152214207
2005-05-27,754.341084988,85.4316151224,88.6043673648
2005-07-14,764.78716202,86.2882914936,87.4891141108
2005-07-30,790.024289127,90.6907240522,91.3311388725
2005-08-15,806.25604374,92.5717349389,91.7311724311
2005-11-03,771.065904305,87.7529449199,89.8844227976
2006-04-12,761.500803406,85.7754134481,89.8181130457
2006-04-28,766.539813048,86.1220223132,89.3541643887
2006-05-14,758.432993334,84.3415046743,86.8632246626
2006-05-30,752.290847439,85.3517487051,87.4031475437
2006-06-15,752.077708666,85.5201371331,86.3607110316
2006-07-17,755.187826005,84.6073195991,84.1269712787
2006-09-03,781.023810727,89.473313394,89.1530826283
2006-10-21,796.797663436,86.8617373809,88.6598329466
2006-11-22,809.888423495,86.044671222,88.2061485306
2007-03-30,823.739133308,92.4070999859,98.1209006863
2007-06-18,743.245185775,82.7326805017,85.8097342397
2007-07-04,709.81482878,75.4015050069,76.7624322335
2007-07-20,713.069550257,77.2771750398,78.9583025437
2007-08-21,703.132115291,76.2421721241,78.0033762647
2007-09-06,711.980771268,77.9312088465,77.3708252332
2008-07-22,730.014071971,79.3564938792,80.8999962993
2008-08-23,727.029144791,78.9880038066,80.9092833926
2008-09-08,738.543104357,81.7732508309,83.9747206473
2008-09-24,743.076129066,81.2792573483,82.2398799187
2008-11-27,759.968513959,82.2777688558,84.7418394946
2008-12-29,762.672123067,83.4684858696,84.8293720923
2009-04-04,759.436900138,84.3742663465,89.697821577
2009-04-20,776.803008102,85.9516023496,90.2445301687
2009-05-22,772.55457099,86.0800455863,87.6010942386
2009-08-26,776.597855126,89.1844110493,90.2251245103
2009-10-29,790.36927031,93.1163361113,95.6379811777
2010-04-07,770.676366683,90.6750949902,95.2781676816
2010-06-26,748.58212666,85.983076147,87.9174349378
2010-08-29,754.238132526,87.0123162526,86.5032788345
2010-11-01,800.44997307,91.0845641296,91.6849236179
2010-11-17,766.167722372,88.3254582119,90.0103729311
2011-02-05,726.029426427,82.3657750131,86.3279043038
2011-04-10,746.448224703,81.684963417,85.8796990688
2011-05-28,747.642956322,81.917700337,85.9605190206
2011-07-15,748.10656928,84.735066034,85.175334284
2011-08-16,737.037479685,82.1735988817,82.8140396395
2011-09-01,747.521616857,84.7915495566,85.4820306179
2011-09-17,743.988036345,83.3354837406,83.6143851942
2011-11-04,724.071419621,77.1704668856,79.1317967996