Date,Rarea,NDWI,MNDWI
1984-07-15,249.748132922,42.4033502328,44.0874728646
1984-09-01,250.298797464,40.2874087151,38.7669507376
1985-03-12,249.936618991,39.9172923304,40.9963339592
1985-05-31,250.298797464,42.1279355769,44.1186721244
1985-10-22,249.656849426,36.5464162776,33.3954524397
1985-11-07,250.298797464,35.236012553,32.1450771311
1986-03-15,248.56978621,33.0440888493,32.8488260227
1986-03-31,215.117071038,32.9151306194,33.2822380163
1986-07-05,219.46007043,33.3903150975,36.3404227905
1986-08-06,250.298797464,32.8352761194,31.1148912569
1986-09-07,250.298797464,30.2744820667,27.904093619
1986-09-23,250.298797464,30.3445047854,27.1457463037
1986-10-25,250.298797464,29.5842772845,26.7056146758
1987-03-02,249.916473187,37.8866651243,39.2972613714
1987-06-06,250.298797464,44.6226918067,46.5519603193
1987-06-22,250.298797464,45.2169198583,47.7002024848
1987-08-09,250.298797464,44.1323069347,43.5382073931
1987-08-25,250.298797464,44.4581284834,43.9592695295
1987-09-26,250.298797464,43.1887247836,41.1976863089
1987-11-13,243.13617986,39.1820880869,37.4865901155
1987-11-29,244.637262058,40.6475165599,39.9673235413
1987-12-15,250.298797464,39.9973194847,39.3871392513
1988-06-08,250.298797464,44.4878367078,46.3217328908
1988-07-26,247.948055827,43.7425818185,43.1681788983
1988-08-27,250.298797464,45.458445294,45.6237656555
1988-09-12,250.298797464,43.5225559745,41.057644638
1988-12-17,242.210070565,40.4374471468,39.7450401931
1989-04-24,250.298797464,42.2382682481,43.1186989948
1989-05-10,248.504462023,42.7084156348,43.6135215547
1989-06-27,231.581353475,44.7993433939,48.3642625752
1989-08-14,250.298797464,43.542715427,42.4383482373
1989-10-17,250.298797464,41.4077503186,40.2574020061
1990-03-10,250.298797464,40.3474238548,41.1076599007
1990-04-11,250.298797464,40.6975348128,41.9432118099
1990-04-27,250.298797464,41.0029135541,41.9380688486
1990-10-04,248.848532487,39.8572687415,38.2969552093
1990-12-23,243.247595025,34.4255567776,33.9055637141
1991-02-25,227.416230941,40.5774934778,41.8081562295
1991-06-01,250.298797464,43.7027190836,45.9673131875
1991-06-17,250.298797464,44.8030600513,48.9298605351
1991-07-19,250.298797464,44.0279932354,44.7933786363
1991-08-04,238.335345299,41.1979278965,46.8618188799
1992-01-11,216.743815883,27.7884665,30.6593315371
1992-02-12,247.577512182,38.8269584163,39.3671380716
1992-06-19,249.843901931,37.086599927,38.0169860014
1992-07-05,250.298797464,37.5765848851,37.7772261612
1992-07-21,250.298797464,36.3263699329,37.457146669
1992-09-23,250.298797464,34.6058297913,32.3751549876
1992-10-25,228.052719197,31.5649005052,30.1844866438
1993-04-19,250.285655913,39.7572376233,41.6457469874
1993-05-21,250.298797464,40.3374093968,42.5783915416
1993-06-22,250.298797464,40.6031021601,43.2796395276
1993-08-09,250.218770863,40.1073358177,39.8821023514
1993-10-12,250.298797464,38.8469566917,38.2967953558
1993-11-13,250.238779637,36.5862626409,36.0962674026
1994-02-01,250.298797464,38.4268386341,38.5970664212
1994-07-27,250.298797464,39.8872943499,39.167047396
1995-04-09,250.088734253,42.7424639377,43.7938852879
1995-09-16,242.755960775,42.0229219746,40.6443819228
1995-10-18,250.298797464,41.7181207402,41.131398982
1996-03-26,250.208768029,42.7376002793,44.6719184759
1996-05-13,250.298797464,43.5076761598,45.6781545751
1996-06-14,250.298483644,44.3876118586,47.0872740921
1996-10-04,225.782597557,41.2030317787,41.0729973509
1996-11-05,249.967959176,41.2677040833,40.7475505843
1997-02-09,249.26726421,41.0076255218,42.4383428916
1997-07-19,250.298797464,42.2536140907,42.6484247613
1998-01-27,249.838659617,39.1270477561,38.9770081204
1998-07-06,249.858653302,41.6731222455,43.1831103812
1998-07-22,249.320906799,41.3030112269,41.1226619595
1998-08-23,243.750518394,39.5471764397,38.8574429041
1998-10-10,232.584918981,39.0470195794,37.7666359622
1998-12-13,237.904747974,36.1662360696,35.566047764
1999-03-03,240.857091417,40.4677443076,41.7169953731
1999-03-19,250.298797464,42.6924509787,43.977826029
1999-06-23,248.794024528,44.0926948342,45.4631238135
1999-07-25,250.288795042,43.3676455251,44.2038817707
1999-08-10,250.298797464,43.0985415059,42.4880917757
1999-08-26,250.298797464,42.6484019004,41.1776811673
1999-09-27,250.298797464,41.2477000032,39.637209219
1999-10-13,250.298797464,40.2573925628,38.9770004515
1999-10-29,246.719381711,39.8772799524,37.9967060706
1999-11-30,246.367425716,38.8169529075,36.926536052
2000-04-06,247.545523415,39.3571369134,39.557205181
2000-05-08,250.298797464,40.5874960921,40.1320486513
2000-05-24,250.298797464,40.3374234046,40.0471562183
2000-08-12,250.0363524,37.4265330823,34.8058909593
2000-09-29,249.530312381,35.1359789378,32.6552319427
2000-10-15,250.298797464,34.3557376819,32.3951515745
2000-11-16,232.500552008,32.9152981126,30.7046284973
2001-01-19,250.168753074,33.9856220198,32.6252203225
2001-04-09,250.298797464,35.7661677571,35.2060043743
2001-04-25,250.298797464,35.6461248528,34.3757507796
2001-06-12,247.065164328,34.7758736712,34.2107094526
2001-07-30,248.878124914,33.2053912952,31.2188101273
2001-08-15,250.298797464,32.0950483675,29.2445037352
2001-11-19,222.061646686,29.3041680989,28.6999173495
2002-01-06,250.008700509,32.0950347835,31.5848864065
2002-01-22,250.028708395,34.2556966702,33.8655898059
2002-03-11,250.298797464,38.3368014642,37.6766029349
2002-03-27,249.868665581,27.5735783655,24.1466055989
2002-04-12,250.298797464,38.7369192854,38.8869710872
2002-04-28,234.758730131,33.5286606015,37.2994892771
2002-05-14,250.288794821,35.1681742179,46.3500139711
2002-07-01,250.298797464,39.7475483075,39.4371286313
2002-07-17,250.298797464,39.4471447347,38.176422575
2003-07-04,250.298797464,35.546432411,34.3504017898
2003-07-20,250.298797464,34.8158893128,32.9906463223
2003-08-05,250.298797464,33.2153959075,30.5248995643
2003-08-21,250.288795035,31.8349683382,28.9144018036
2003-09-06,250.298797464,30.9350085594,27.7059189629
2003-09-22,250.298797464,30.3445067678,27.3658135957
2003-10-24,250.146669562,29.0744394872,26.7156197646
2003-11-09,250.298797464,28.1660424394,26.305488207
2003-12-27,241.708902365,26.1454545176,24.7650444795
2004-02-13,246.872201538,26.9256545996,25.9253642402
2004-02-29,250.298797464,28.5061333388,27.9340901073
2004-03-16,247.948544588,28.9243743807,28.3041955741
2004-04-01,250.298797464,29.2063427344,28.1460377832
2004-05-03,250.298797464,29.9646890975,28.7043255565
2004-06-20,250.298797464,31.9849921057,31.5350068204
2004-08-23,248.128101247,30.8149434256,28.9844001678
2004-09-08,250.298797464,30.2344555169,28.3242014647
2004-09-24,250.298797464,29.2644761825,27.7359144219
2004-11-11,233.409609486,24.2804914178,23.8303320374
2004-11-27,250.058718754,27.6740020282,26.923784992
2004-12-13,240.206669678,28.2341759891,27.3439166336
2004-12-29,244.697012501,28.0059783779,27.1657336377
2005-01-14,236.377291802,28.6261666211,28.1560331064
2005-04-04,224.654224803,32.5196938682,32.4496836982
2005-05-06,250.088729439,35.7261523987,34.8658954095
2005-06-07,248.298971556,36.1861403479,35.5956253145
2005-06-23,250.288795035,36.5362507581,35.9660599194
2005-07-09,248.979983731,35.7161530618,34.7808546353
2005-08-10,250.298797464,35.1059678606,33.4454743079
2005-08-26,250.216297685,34.7758663167,33.215400635
2005-09-11,250.298797464,33.9556179466,32.1950888352
2005-11-14,225.408816589,30.8646695081,29.2244915731
2006-02-02,242.381082574,33.8655900833,33.2053979485
2006-04-23,234.469139798,36.2312494873,36.8999669996
2006-06-10,243.302718716,34.7262859754,30.5840525738
2006-07-12,250.298797464,38.606890844,36.8713519774
2006-09-14,250.298797464,34.755865221,32.2050943264
2007-02-05,249.593725021,34.2857105188,33.41545268
2007-03-09,249.566950974,34.3057228216,33.4454692386
2007-03-25,250.298797464,34.6758384905,33.685546968
2007-05-12,249.702339871,34.5257946614,33.4554787122
2007-06-13,250.298797464,33.7555609798,32.6705406758
2007-07-31,247.688072449,31.8950369231,29.7325077454
2007-08-16,250.298797464,32.6252106116,30.4748762625
2007-09-01,250.298797464,32.1950767327,30.2948180448
2007-10-03,250.298797464,29.9146947411,27.6559025771
2008-04-12,250.298797464,34.8058765237,34.2857209446
2008-07-17,250.298797464,37.6365884837,36.5514076069
2008-08-18,250.141295149,37.0964246702,35.9468629846
2008-09-03,249.648621633,16.6368155624,0.0700215058594
2008-09-19,250.298797464,35.4960851604,33.5654976311
2009-01-09,239.445182471,34.5757817669,34.0756406848
2009-05-01,250.298797464,41.6230980736,42.9936379529
2009-08-05,250.298797464,41.978351338,41.7882985832
2009-10-24,250.298797464,40.5727895013,40.6875331106
2009-12-11,249.985363805,42.013227474,43.1877417285
2010-04-18,250.298797464,42.9925370178,44.1080195166
2010-05-04,250.298797464,43.0325529817,44.0378423356
2010-07-07,250.298797464,43.3987880998,43.2085426253
2010-08-24,250.298797464,43.1724453514,41.8778919446
2010-11-28,249.983551522,39.5371651302,37.9966940042
2011-04-21,250.298797464,42.228426339,43.5738230574
2011-05-23,250.17876857,42.6935521658,43.7483901326
2011-07-10,250.298797464,43.0385243086,43.4781988784
2011-07-26,250.288795035,43.2886042774,42.5779198852
2011-08-11,230.621479274,39.4673519248,37.9266034114
2011-09-12,241.860198275,41.7531409281,40.3874302337
2011-09-28,250.288795027,41.2977147454,39.9573086888