Date,Rarea,NDWI,MNDWI
1984-05-15,185.6108967,0.803060900501,6.38996755631
1984-07-18,198.125234818,1.19499258123,57.7887988382
1984-09-04,198.125234818,1.40480238483,122.416314568
1985-01-10,198.125234818,0.345807428526,0.800469205626
1985-03-31,198.125234818,0.625408165702,1.37367979665
1985-05-02,198.125234818,0.850250030936,1.57381532578
1985-05-18,198.125234818,1.01762334685,4.61297632893
1985-10-25,197.495684054,0.590627157286,1.11773505792
1985-11-10,198.125234818,0.820459658995,1.36505381036
1985-11-26,198.125234818,0.367161734813,0.827133430497
1986-01-29,193.655615794,0.524940047736,5.94040813271
1986-02-14,174.019849173,0.102430203125,1.17109722002
1986-07-24,198.125234818,1.34668503357,6.81475075453
1986-08-09,198.125234818,1.3500791756,6.39861108594
1986-08-25,198.125234818,1.40004006354,2.36733951571
1986-09-10,198.125234818,1.13772722784,2.46663732398
1986-09-26,198.125234818,1.26494343816,1.61468204754
1986-10-12,197.770490066,1.16751259588,1.6282112415
1986-11-13,198.125234818,0.459991901007,0.757189137529
1986-12-31,198.125234818,0.594813453935,1.08026182159
1987-03-05,198.125234818,0.692241084794,1.23712563518
1987-04-06,171.322705905,0.41575398297,0.753001119444
1987-05-24,175.442178973,0.695429914776,8.64173905632
1987-06-09,198.115125152,1.51977522967,8.04558565326
1987-06-25,198.120238174,1.58223038323,9.6301266597
1987-09-13,198.125234818,0.17769158631,79.7159559463
1987-09-29,198.125234818,1.01782713995,108.137820132
1987-10-31,198.125234818,0.869613925859,1.37886527928
1987-11-16,192.700404592,0.827763987723,1.33738451897
1987-12-02,198.125234818,0.864422225778,1.3573667409
1987-12-18,175.309835322,0.772997886046,1.89093162505
1988-01-03,198.125234818,0.927070234941,1.52984583655
1988-01-19,198.117739953,0.685568433409,1.40602646286
1988-02-04,198.125234818,0.932686326834,1.30990072967
1988-03-07,198.125234818,0.947676394705,1.78101266265
1988-03-23,198.125234818,0.760510054747,1.07257743474
1988-05-26,198.125234818,1.50228565179,4.24129205454
1988-07-13,198.125234818,1.56368342069,3.15943511835
1988-07-29,198.125234818,2.21802115274,11.0284978227
1988-08-30,198.125234818,18.6966843035,121.11020222
1988-09-15,198.125234818,0.967856180968,0.79796858087
1988-10-17,198.120238355,0.522052828074,0.726889409861
1988-11-02,195.971793223,0.792983708555,1.1025512636
1988-12-04,198.125234818,0.449917010576,0.677239710038
1989-05-13,198.122736611,1.41983988103,3.76008638513
1989-07-16,198.122736494,1.87471309308,7.47398955122
1989-08-01,198.122736519,1.49748399811,1.83497670319
1989-09-18,198.125234818,1.9244700075,1.64217312029
1989-11-05,198.125234818,1.16521112457,1.05528847491
1989-12-07,197.683053984,1.21687004183,1.17937799742
1990-03-13,198.125234818,19.397235423,20.1661489367
1990-06-17,197.260123674,50.4154250074,61.0350922036
1990-11-24,197.680579864,50.9615509567,50.5989948316
1991-02-12,189.000549384,47.0830480627,52.1705373212
1991-03-16,186.657710646,48.3163947329,52.1843835376
1991-04-17,182.652382273,39.823710937,42.7329155058
1991-05-03,198.125234818,44.7524443915,42.7195172558
1991-10-26,191.134477473,46.6444448276,46.8191433503
1991-11-11,198.125234818,45.466163292,45.3165724062
1991-12-29,198.125234818,44.1597518207,43.4964485384
1992-01-14,198.097753183,42.5650285624,41.871304079
1992-04-03,198.125234818,39.5743567634,38.786647686
1992-06-22,198.010314093,47.6927834368,57.9646425083
1992-07-08,196.845107774,50.1073569091,55.3875330859
1992-08-25,198.125234818,50.4720072932,51.6008238282
1992-09-26,198.125234818,49.5242080418,50.5062312434
1992-11-13,198.125234818,50.9022921403,52.0804536921
1992-12-15,192.149662761,49.3821349406,50.3468415707
1993-02-17,194.497733336,45.8308990432,47.546111052
1993-05-08,198.125234818,40.9530028193,40.3385829385
1993-05-24,198.125234818,41.5308044226,40.6910335878
1993-08-28,198.125234818,46.3839422112,109.849529098
1993-10-15,198.017818313,47.5093666273,47.4319515111
1994-01-19,196.678517289,44.290053602,44.390391506
1994-04-25,191.907895339,36.9700497663,36.6349881098
1994-06-12,197.963624285,40.4025025944,43.2296427076
1994-06-28,196.881126537,42.8865894341,44.7715699026
1994-07-30,198.125234818,45.1915663911,50.1051434457
1994-12-05,178.349294123,36.6741520884,37.4855927401
1995-05-30,180.585560549,40.1675154588,44.0900532821
1995-07-01,174.173027255,39.9207492908,40.8785659712
1995-10-21,198.125234818,38.036845968,37.141227191
1996-02-10,192.844470099,33.390614339,34.2444369666
1996-05-16,197.49701772,36.4806957982,37.1441372426
1996-06-01,198.125234818,35.9510240626,35.3402113865
1996-07-03,196.854786227,36.3154727051,39.6454992807
1996-08-20,197.855449779,36.6405783468,37.236886844
1996-09-21,198.125234818,36.4232391208,35.8473821143
1996-10-07,198.125234818,37.3525323356,36.9188729252
1996-11-24,193.010117333,49.8584021802,49.8968069176
1997-02-12,182.027029225,45.4059896843,45.8050596044
1997-03-16,197.198462401,47.6381204738,46.6999480049
1997-04-01,198.125234818,45.8761741909,44.2723892673
1997-07-06,198.125234818,46.5537266781,46.7020109513
1997-09-08,198.125234818,51.4551122722,102.52048413
1998-01-14,175.522080871,39.1353651866,39.8774696972
1998-03-19,198.125234818,50.1203458005,50.4133015614
1998-04-20,198.125234818,52.8024662576,53.4402320304
1998-06-07,198.125234818,52.5080861762,52.8130531586
1998-11-30,198.125234818,51.3092697017,50.9895149
1999-07-12,197.635616894,45.8463861725,46.6761510425
1999-08-29,198.125234818,53.0632645808,145.422142792
1999-09-30,198.125234818,41.4652349605,41.5167326773
1999-11-01,198.125234818,39.8072697418,39.4888061572
1999-12-19,198.025317272,37.2368113283,37.293776571
2000-03-08,193.698430823,30.2052289542,30.7526045794
2000-04-25,198.125234818,33.0814020123,32.4045588165
2000-10-02,198.125234818,42.3614678663,42.234070664
2000-11-19,198.125234818,44.4145156737,44.0749507716
2001-01-22,198.105231405,40.1300296925,41.0816044064
2001-04-12,198.125234818,43.3641954532,43.5350085067
2001-07-01,198.125234818,42.9784912176,60.3310502739
2001-08-02,198.125234818,40.8480474231,40.1573644464
2001-08-18,198.125234818,39.2445342046,38.824091926
2001-09-03,198.125234818,27.5010991585,30.2413488112
2001-09-19,198.125234818,36.393383954,35.6172162679
2001-10-05,198.125234818,39.5732287221,39.4681942548
2001-11-06,197.965726177,40.9990297643,40.6923856791
2001-12-08,198.125234818,40.7949159368,40.8977652951
2002-01-09,197.00363369,38.8652403806,38.9025215722
2002-02-10,198.125234818,39.9502502791,40.155880871
2002-02-26,198.125234818,39.2281810931,39.4155519283
2002-03-14,198.125234818,0.112374253165,0.072405702384
2002-04-15,198.125234818,37.0219678564,36.7177472143
2003-07-23,198.125234818,38.829197306,40.7586621519
2003-08-08,198.125234818,37.6617922818,36.9166183209
2003-10-11,198.125234818,35.3867321533,34.8087398669
2003-11-12,198.125234818,36.6868283889,36.8270470822
2003-11-28,197.82297654,37.7062515055,37.9923236085
2004-01-31,198.125234818,46.157137126,45.8456984732
2004-02-16,198.125234818,44.8900385232,44.6171269367
2004-03-19,195.224289537,40.6228719096,41.6353646777
2004-04-20,198.125234818,40.5100069791,40.5270988685
2004-06-23,196.252065224,41.9544728574,44.0201242917
2004-07-25,198.125234818,45.0120032392,44.990191792
2004-08-10,198.125234818,44.2594418549,44.0801737123
2004-10-29,198.125234818,42.7679242538,42.768667358
2004-11-30,198.125234818,44.7662660312,44.8820033726
2005-01-01,198.125234818,42.5982493171,42.7788575227
2005-02-18,198.125234818,40.0112197731,39.966061478
2005-03-06,198.125234818,38.2010798466,37.7347464943
2005-04-07,198.125234818,35.6674866978,35.3202587395
2005-07-12,198.125234818,42.2320712827,42.5566901945
2005-07-28,172.608879543,34.3618170783,37.4686726459
2005-08-13,198.125234818,43.0161624963,42.7163855533
2005-08-29,198.125234818,47.7924993531,127.279094485
2005-11-01,198.125234818,48.4494927548,48.9808738648
2006-02-21,197.39208288,41.4777538162,41.8249965115
2006-05-12,198.125234818,37.0827342384,36.8466664862
2006-06-13,198.125234818,35.8920051981,35.7168644637
2006-07-31,198.125234818,32.1902451607,31.2697390106
2006-09-01,190.446864471,35.3215224091,55.0692261158
2006-09-17,187.869397216,28.3171919463,27.4063355251
2007-02-08,198.125234818,29.0550938985,28.7119051757
2007-03-28,198.125234818,24.8427895241,24.1069069697
2007-04-29,196.536422715,27.7825605652,27.5822286049
2007-05-15,185.681030146,32.1177886773,32.1238944039
2007-07-02,198.125234818,41.3121117841,40.9367452793
2007-09-04,198.125234818,40.7215465983,40.2135336955
2007-09-20,198.125234818,41.8922675442,95.004152687
2008-01-10,198.125234818,42.4940624497,42.2315741544
2008-03-30,198.125234818,35.2145128511,34.9154087111
2008-04-15,198.125234818,34.5039529706,34.0593021591
2008-10-08,195.477078057,32.6089074153,33.1093384424
2008-11-25,198.125234818,41.6867493616,41.7300359829
2008-12-27,198.125234818,40.394287442,40.0753435614
2009-03-01,194.296663243,36.9193868997,37.0829314042
2009-03-17,192.016928961,35.7550421722,36.6560719645
2009-04-02,198.125234818,36.3295563592,36.2958395304
2009-04-18,198.125234818,35.3378090689,35.0859810573
2009-05-04,197.870450656,34.8759692349,35.1415867202
2009-05-20,198.125234818,34.5583219807,34.6043862619
2009-09-25,198.125234818,46.7466082416,46.7738897781
2009-10-27,197.827944027,48.9583618324,50.0500872899
2009-12-14,168.942018597,43.5481968549,44.1749137831
2010-01-15,198.122736492,47.4596952055,47.1248819982
2010-06-08,198.120238167,48.4250497448,48.8498956856
2010-07-26,198.122736494,48.1129811415,48.1454219514
2011-02-19,184.583776009,42.2324251427,43.1912070854
2011-03-07,198.122736494,47.0367733851,47.415391922
2011-03-23,198.125234818,46.2786828646,46.4537427679
2011-04-08,198.125234818,45.494191029,45.546420582
2011-04-24,190.068424448,43.4749720242,44.1098495416
2011-06-11,198.125234818,43.7482299947,44.1494920976
2011-09-15,198.125234818,49.072977378,49.7868428464
2011-10-17,198.125234818,48.9223896935,49.6407460026
2011-11-02,198.125234818,48.5939241682,49.2634137209