Date,Rarea,NDWI,MNDWI
1984-07-25,2268.09988232,379.02690521,432.478405824
1984-08-26,2256.23458332,391.631811974,434.95492345
1985-02-02,2411.36880851,417.666369031,506.051321512
1985-02-18,2310.25548184,362.004719224,434.586356791
1985-06-10,2411.3148449,417.587497437,480.141681305
1985-08-13,2395.17972276,429.424196082,467.498516271
1985-09-30,2313.80612776,375.035911415,401.724499008
1985-11-17,2411.29618877,436.092579349,482.181457705
1985-12-03,2411.33250325,420.013907851,412.193176756
1986-01-04,2411.19416659,427.66924393,393.954264882
1986-01-20,2356.67646568,436.608235839,394.39497518
1986-02-21,2405.22199818,435.122992857,437.976360692
1986-06-13,2411.46593747,420.412117797,498.235479368
1986-07-31,2411.41983458,417.906393522,492.7007633
1986-10-19,2379.82675905,379.635101896,427.698351049
1986-11-04,2156.58570845,375.151429331,544.475257752
1986-12-22,2301.40034889,365.313397473,425.109627144
1987-01-23,2411.36880851,394.166227914,464.090354994
1987-03-12,2411.29618877,405.916592537,476.255498147
1987-03-28,2411.40707182,409.854202975,471.56917305
1987-05-15,2411.10389539,401.106173236,475.883309813
1987-06-16,2408.1021572,446.815565021,498.105920459
1987-08-03,2411.08231617,436.107333902,477.628978894
1987-09-04,2411.31583533,418.553167289,447.563658622
1987-10-06,2411.31583533,401.791309242,427.722385752
1987-10-22,2411.16865822,403.813212038,439.412684357
1987-11-23,2411.33250325,401.78242822,457.965063512
1988-01-10,2411.36291285,398.456899091,445.767663328
1988-02-11,2411.55816536,392.843931065,449.133446706
1988-03-30,2408.94263617,434.044149961,472.770458669
1988-06-02,2410.61235193,417.403353031,480.286333037
1988-07-20,2411.4836101,491.208718395,485.783640078
1988-10-24,2411.16865822,382.931760812,405.201381944
1989-03-01,2411.45908207,435.933042728,540.814527386
1989-07-07,2408.29383178,439.725028833,497.522926266
1989-12-14,2195.80513027,383.333520853,429.647244576
1990-01-31,2200.00905233,981.353916566,1038.61037555
1990-06-08,2411.40511647,918.341509453,1071.39131647
1990-08-11,2411.33250325,493.113581232,510.117212606
1990-10-30,2100.17565202,381.649806151,439.242498052
1990-11-15,2101.79668517,427.422196147,507.416097286
1990-12-17,2411.55816536,427.544763979,495.416407351
1991-01-18,2411.36291285,402.315475934,446.639689493
1991-02-19,2411.31583533,475.360987972,542.935912622
1991-03-23,2367.96968117,401.361692566,461.34022139
1991-07-13,2405.52974587,424.467506695,466.8559188
1991-07-29,2363.15005206,410.860760889,475.412699769
1991-08-14,2411.45908207,457.949056228,485.722144288
1991-08-30,2140.39604639,741.77438996,590.747475806
1991-10-17,2406.66807814,389.481360652,441.490558502
1991-11-18,2411.31583533,387.961887434,427.665334905
1992-01-05,2411.5719059,383.811938617,459.246651101
1992-01-21,2411.45908207,394.904488587,472.771728029
1992-02-06,2399.25615904,395.405236368,457.941649457
1992-10-03,2398.15725782,410.96345241,463.009640901
1992-11-04,2361.4857788,376.598520088,461.20015846
1992-12-22,2410.57121232,392.486616182,466.459703851
1993-01-23,2347.3662969,363.628378069,438.927647099
1993-03-12,2389.13590904,457.150647882,536.521500443
1993-04-13,2411.40904905,406.744656253,460.266680283
1993-07-18,2358.06040703,431.512662883,472.43055981
1993-08-03,2411.46593747,457.032944843,496.717787342
1993-08-19,2411.40707182,430.972053669,452.315188453
1993-10-06,2411.36291285,1050.56399656,1107.77361364
1993-11-07,2411.44632927,459.488705105,492.445692531
1993-11-23,2411.55816536,446.115481409,487.520915695
1994-05-18,2411.46593747,536.679169796,615.389532667
1994-09-23,2411.40511647,1119.41094491,1140.18512446
1994-11-26,2406.28127228,1119.02253363,1164.59733977
1995-04-03,2410.95868746,1128.12211897,1171.96358946
1995-05-21,2385.21418627,1131.61763,1158.26528586
1995-06-22,2411.36880851,1153.30735943,1179.86613695
1995-07-08,2410.83211367,1150.77896457,1164.25580167
1995-08-25,2410.80955756,1255.16157465,1264.10461297
1995-12-15,2411.40511647,1161.37354462,1168.23197586
1995-12-31,2341.6260467,1128.40025081,1143.19094757
1996-02-17,2411.4836101,1144.27734625,1185.49867281
1996-03-04,2274.4285072,1056.36874974,1084.90357986
1996-04-21,2408.31425737,1133.40932705,1154.73502563
1996-05-07,2410.9715237,1141.44766702,1157.53679108
1996-05-23,2335.50933182,1094.83162635,1096.53345867
1996-06-08,2407.81327366,1144.07775169,1157.11758547
1996-06-24,2408.70707211,1148.46603983,1156.8969831
1996-07-26,2289.08739976,1117.93890625,1119.68184453
1996-08-11,2411.55816536,1174.5712624,1168.43317516
1996-09-12,2411.19416659,1179.8835078,1173.48448948
1996-12-01,2409.33127627,1172.76896669,1184.63605856
1997-01-02,2411.4836101,1161.25629595,1185.49397339
1997-03-07,2411.36881091,1171.93178673,1199.2540587
1997-04-08,2411.41983458,1175.75406644,1187.17227796
1997-05-26,2411.4836101,1179.24112293,1195.39239142
1997-06-27,2361.2863895,1194.94849376,1211.91642296
1997-07-29,2411.3148449,1179.92685711,1185.36727712
1997-08-30,2140.37044106,1055.19471465,1061.10389445
1997-09-15,2389.88809407,1158.3757974,1167.38130245
1997-11-18,2411.32176348,1198.96778582,1225.85623422
1998-01-21,2411.29618877,1185.44277047,1196.21974744
1998-02-22,2395.14599186,1172.98609867,1186.69430004
1998-04-11,2410.74684054,1222.05468986,1258.22592917
1998-12-23,2411.36880851,1170.96832784,1177.1401702
1999-01-08,2401.84882447,1160.11198886,1170.43052898
1999-03-13,2192.25766886,1121.79057053,1138.79281208
1999-04-30,2411.5719059,1162.75754371,1176.88715491
1999-06-01,2411.26970821,1188.70513935,1210.32066945
1999-08-04,2411.35408909,1191.87805217,1198.78428012
1999-12-26,2411.52481716,1150.71315714,1159.86389304
2000-01-27,2411.5189238,1149.32239715,1172.80527778
2000-02-12,2411.52481716,1152.28893907,1176.51187454
2000-03-15,2411.15687585,1167.22840517,1192.48367651
2000-07-05,2106.20513486,1066.45243189,1078.28519649
2000-07-21,2411.04599713,1187.09677875,1189.09756064
2000-08-06,2410.86841882,1190.89491096,1182.26701627
2000-08-22,2408.40490799,1187.85311818,1177.84595765
2000-09-07,2410.96554558,1184.32076422,1180.52041796
2000-10-09,2400.1263704,1184.31326873,1191.74699609
2000-11-26,2411.06468727,1177.2733449,1188.63932734
2001-03-02,2152.0252101,1049.56126197,1085.02242287
2001-04-03,2410.60355279,1173.24874845,1189.82935438
2001-06-22,2411.40511647,1181.47171454,1201.47317407
2001-07-24,2262.09516246,1060.00739751,1066.18949309
2001-10-12,2411.11271688,1193.29039478,1204.93799068
2002-01-16,2411.55816536,1157.76092513,1161.01249923
2002-02-17,2411.5189238,1177.02773189,1192.09119358
2002-04-06,2083.36474516,891.595738462,852.326372669
2003-07-30,2411.36880851,1204.69527116,1202.38892437
2003-08-31,2411.2334141,1201.84335409,1191.78443768
2003-09-16,2411.40707182,1196.04621776,1189.692412
2003-10-18,2407.83891657,1184.99504934,1192.30735723
2003-11-03,2411.52481716,1174.48351671,1179.95460591
2003-12-05,2385.77171599,1168.25290608,1181.2808676
2004-01-06,2387.5910137,1180.62473887,1201.22498388
2004-01-22,2370.31825841,1180.30097227,1203.79701276
2004-02-07,2411.35408909,1169.45766846,1191.20870594
2004-02-23,2411.16865822,1170.28423041,1189.07417668
2004-03-26,2411.44632927,1168.58959774,1170.3174137
2004-04-11,2409.7561589,1176.24785251,1183.34939133
2004-04-27,2411.52481716,1175.13235744,1185.81475184
2004-05-29,2411.52481716,1185.63981989,1197.41724056
2004-08-01,2411.16865822,1183.70657848,1190.23713395
2004-09-02,2409.70777653,1199.27527486,1200.29381854
2004-09-18,2410.66826619,1189.02414203,1194.26036155
2004-10-04,2410.86841661,1188.52830004,1193.15139906
2004-10-20,2411.24713554,1164.62240822,1173.06499258
2004-11-21,2411.45908207,1184.55402802,1196.86191799
2005-01-08,2410.06400008,1165.2484272,1180.813344
2005-04-30,2411.40511647,1167.14568942,1185.32767559
2005-06-01,2410.31410319,1182.13847637,1206.41162527
2005-07-03,2099.0954381,1023.08608665,1039.87900862
2005-07-19,2401.5726512,1179.20815075,1192.71685838
2005-08-04,2411.41983458,1194.49840791,1207.52272201
2005-08-20,2411.05779281,1211.40389486,1230.71374481
2005-10-23,2310.74976005,1171.47760757,1175.22960466
2005-11-08,2159.48980604,1035.52596499,1044.03523255
2006-01-27,2411.31583533,1173.20251248,1182.6146778
2006-02-12,2400.28891883,1154.75462966,1173.41904299
2006-04-01,2077.95329778,1038.80298582,1051.24858915
2006-04-17,2411.24713554,1205.0918011,1230.13099609
2006-07-06,2411.36291285,1223.5446404,1246.43888992
2006-07-22,2411.40707182,1213.24814223,1235.07017921
2006-08-07,2194.45012634,1077.63119931,1093.46458653
2006-08-23,2411.30796945,1231.75918693,1258.0366108
2006-09-24,2411.35408909,1225.74780226,1244.50826459
2006-11-11,2410.99695959,1198.16021141,1223.4719556
2006-12-13,2239.79476244,1063.22297184,1087.66383093
2006-12-29,2267.71822799,1155.95795482,1175.54852949
2007-01-14,2411.25408455,1199.7508554,1230.71596401
2007-01-30,2331.25820198,1201.25937649,1225.93813617
2007-04-20,2411.52481716,1220.2872372,1252.21651654
2007-05-22,2222.36391576,1174.02788936,1186.59061461
2007-09-27,2411.4836101,1260.05109463,1269.93557937
2008-03-05,2375.78916828,1233.74770777,1246.92295864
2008-03-21,2411.52481716,1240.45288542,1250.20870061
2008-04-06,2411.11271688,1238.38198369,1246.84376765
2008-09-13,2396.31738077,1258.28888226,1262.13500146
2008-12-18,2411.31583533,1243.90923532,1241.54335113
2009-02-04,2149.89005012,1173.64530209,1170.22779952
2009-02-20,2411.26970821,1230.32297567,1239.19162923
2009-03-08,2392.80283062,1232.43197751,1246.1118886
2009-03-24,2410.95868991,1240.50395644,1254.12166407
2009-04-09,2410.24642848,1244.946025,1248.13090817
2009-04-25,2397.15870477,1237.10228271,1239.42683212
2009-05-27,2249.57458182,1134.95831022,1132.79103467
2009-06-12,2409.00127078,1255.61546638,1264.67801205
2009-08-31,2411.04599283,1267.84586587,1263.18914851
2009-10-02,2235.53150122,1212.43312198,1215.65728332
2009-10-18,2405.79146141,1280.97106464,1284.17972819
2009-11-19,2411.16865822,1306.73060785,1323.60084891
2009-12-05,2411.45908207,1299.41346085,1309.59494591
2010-01-22,2384.90034165,1277.21849833,1301.01801769
2010-02-07,2411.36880851,1306.04934836,1318.60918767
2010-03-27,2411.36291285,1300.70986761,1313.50591826
2010-04-12,2360.03364348,1263.61241268,1273.39230438
2010-04-28,2411.44632927,1309.21497312,1319.59563738
2010-08-18,2411.19416659,1358.06993866,1345.16165457
2010-10-05,2409.61461568,1323.28020273,1318.03412807
2010-11-06,2409.01522156,1309.18398256,1302.21048638
2010-12-08,2392.20472785,1305.82224154,1303.10892249
2011-03-14,2403.01302945,1336.94174064,1341.82800648
2011-05-17,2411.19416659,1356.32645145,1358.63293957
2011-08-05,2245.52372006,1240.03409403,1233.6160473
2011-08-21,2411.44632927,1359.44202391,1355.64315137
2011-09-22,2411.35408909,1369.17466901,1358.07319499