Date,Rarea,NDWI,MNDWI
1984-06-15,54.5539033915,6.37364543429,7.66968188106
1984-07-26,54.5539033915,6.26469550531,7.16572981396
1984-08-02,50.1627379011,6.07648620707,6.66039437085
1984-08-11,50.0768828305,4.57684588306,4.78569922375
1984-10-14,50.1268431355,5.57348595245,6.01828286492
1984-10-14,49.6072314848,5.53752584071,6.07387637358
1984-10-21,47.6662883656,3.9961267523,4.29448305294
1984-12-08,54.54639739,5.94830521602,6.36613941426
1985-09-06,54.5539033915,8.38582315452,9.13990664588
1986-05-13,52.7941245074,7.31685063419,8.67731116849
1986-05-13,53.5047414864,7.34312656589,8.69005665498
1986-05-20,52.6217809549,7.18611863981,8.19418951602
1986-07-23,54.5539033915,7.29057471586,7.9754950012
1986-09-09,54.5539033915,7.24569568464,7.54171678137
1986-09-25,54.5539033915,7.11606261491,7.35689251606
1986-11-28,47.0974604352,5.40141687402,5.47840004643
1987-01-15,54.5539033915,6.78662270564,7.18581451856
1987-04-21,54.3612492975,6.84178446204,7.72655085709
1987-06-24,54.5539033915,6.71918641443,7.01567844092
1987-08-11,52.8053584661,7.17594381711,7.43808488139
1987-09-12,54.5539033915,7.11058764338,7.30829481025
1988-04-07,53.7561285333,10.6568159279,12.5881841015
1988-05-09,54.5539033915,9.25845251632,10.7971340312
1988-07-12,53.6085786933,8.71358535807,9.05948949271
1988-07-21,54.5321408889,8.8456026898,9.56739563553
1988-07-21,54.5321408889,8.84372863963,9.5924156453
1988-08-06,53.0295960884,8.796161168,9.48482960038
1988-08-06,53.0281537585,8.80616917948,9.46669745536
1988-08-13,53.105608197,8.50029711734,8.96508064585
1988-08-22,54.0687114374,8.76550919303,9.38663341556
1988-08-22,54.072076874,8.73611314359,9.38663342655
1988-09-30,54.4613293463,8.39193592394,8.64494225574
1988-11-26,49.4338200006,6.18098170791,5.71206750977
1989-04-26,54.341468779,12.4743674049,13.9275590167
1989-06-22,47.7762387153,8.48152712577,9.62744358134
1989-08-09,54.5390189386,8.57132444343,9.36945297559
1989-08-09,54.5390189386,8.55568449018,9.37445698341
1989-09-01,54.5539033915,8.22237871236,8.8699652902
1989-09-17,52.5623108795,7.18627579706,7.45148797797
1989-09-26,51.7307835091,7.35578387751,7.93797504007
1990-05-24,54.2942741843,6.12609447249,6.47262651729
1990-05-31,54.1786032084,6.03446234501,6.35940850362
1990-06-16,54.3946878079,6.3312585262,6.53705057613
1990-07-27,54.5539033915,6.10107444099,6.53892461262
1990-08-19,54.5539033915,5.77143828462,6.71750861699
1990-10-06,54.5539033915,5.57393722948,6.41399139921
1990-10-15,54.5539033915,5.75157925072,6.40414037114
1990-10-15,54.5539033915,5.7565832578,6.404140377
1990-11-07,48.5776049575,5.53519049486,6.12340608251
1990-12-25,54.5539033915,5.43086205302,6.29253151587
1991-02-11,51.128517994,5.54856399759,6.03145018363
1991-03-08,52.8473031046,5.82460828511,6.43759849287
1991-06-03,49.1210129309,5.87339241756,6.28974499414
1991-06-12,48.5530074694,4.85897359677,5.11907375649
1991-06-12,50.1146089533,5.37080440678,5.70486569377
1991-06-19,54.5539033915,6.2187862389,6.46930030619
1991-06-28,48.3556335769,5.44582519545,5.99344942333
1991-07-05,54.5539033915,6.23473035892,6.57563043986
1991-08-06,54.5539033915,6.03363819495,6.47512850703
1991-08-22,54.5539033915,5.86838839168,6.42352843205
1991-08-31,52.6360266468,5.30309323717,5.5994282668
1991-10-09,54.1714996533,5.19332897419,6.43542033746
1991-12-05,46.9036515749,5.06048743412,6.00757818365
1991-12-12,53.4655333946,4.28744773735,5.5096800899
1992-02-14,52.246568131,2.97487868408,5.70456131055
1992-04-18,54.5539033915,4.74379301929,6.38642029334
1992-05-13,54.548899391,5.44935726758,6.1509673088
1992-05-13,54.4363093702,5.43684726636,6.1484653127
1992-06-14,54.5539033915,5.7956832109,6.12246412012
1992-06-14,54.5539033915,5.79150340564,6.11077830583
1992-07-07,51.7104933495,5.73215203809,5.94975741846
1992-07-16,54.1570468827,5.99736406421,6.25339234611
1992-07-16,54.5041577638,5.99986607642,6.21336034269
1992-08-08,54.011646652,6.08149018461,6.18181551868
1992-08-17,54.5539033915,6.05979635371,6.25937753455
1992-08-17,54.5539033915,6.04478435298,6.2568755426
1992-08-24,54.5539033915,6.01570226481,6.38510553906
1992-10-04,47.5054129909,5.93313622819,6.12990144165
1992-10-04,47.5296088144,5.90561422355,6.11985419702
1992-10-11,50.7931703125,5.77613810527,5.84666512544
1992-10-20,54.5539033915,5.85870415458,6.12990144189
1992-11-05,54.5539033915,5.83868814824,6.08486542993
1992-11-05,54.5539033915,5.8261781475,6.08986943286
1992-11-28,54.1811053199,5.39833606718,5.55694333447
1992-12-30,51.3964960452,1.16343017725,0.027522
1993-01-15,54.5539033915,5.6395092627,6.04233142578
1993-01-24,54.5507047571,5.59447324731,6.02231541626
1993-01-24,54.5443761707,5.58946924829,6.02231541992
1993-02-09,54.5514013905,5.73708729565,6.04483341846
1993-02-09,54.5438953876,5.72958129517,6.05233942529
1993-03-20,54.5539033915,5.30173915234,5.83716735645
1993-04-05,51.5243239029,4.48358508521,5.02902128906
1993-04-21,54.5539033915,5.52942124219,6.11175949036
1993-05-07,53.5397789741,2.31935453223,5.06905331445
1993-08-27,48.2276484706,4.29093099902,5.24169134546
1993-09-12,47.768204857,3.90081508669,5.08156326514
1993-10-14,54.3312252994,3.66433173402,4.45105891821
1993-10-30,51.4582911357,3.50780461182,3.80053872827
1993-12-01,53.9584273341,2.72718050171,2.84227256714
1993-12-17,54.5539033915,3.07495848584,3.08746850562
1994-07-06,53.3092422902,3.7530693794,3.74462145682
1994-07-06,54.1023465099,3.79059937671,3.78059137842
1994-07-29,54.5539033915,3.62895051021,3.59794533448
1994-09-24,47.6438079996,2.71904645251,2.75470242065
1994-09-24,47.6763340154,2.71404245129,2.75970642139
1994-11-02,54.5539033915,2.81725242603,2.86479044897
1995-05-29,48.1176777174,3.29263249512,4.67373694458
1995-06-30,47.3400768328,4.09341991172,4.46106684644
1995-08-01,54.5539033915,4.28279684338,4.91643102808
1995-08-17,54.5539033915,4.28592678809,4.85888499414
1995-09-11,50.8315635867,4.52361685278,5.19665509326
1995-09-11,50.8676022154,4.50860485181,5.19415309814
1995-09-27,49.8554596498,3.15001852734,3.01240851318
1995-09-27,48.999118064,2.33436634546,2.18174432471
1995-10-20,54.5413933878,4.83386495874,5.21667109814
1995-11-05,54.5539033915,4.76380893579,5.12096710492
1996-04-13,54.5539033915,5.80213933398,6.51771156787
1996-05-08,49.2031535004,8.10987710838,10.0462688215
1996-05-08,50.8390598371,8.25103901215,10.2900127685
1996-05-15,46.9835095125,6.7964740792,7.85106258677
1996-05-31,54.5539033915,9.05926377886,10.9580273924
1996-06-09,54.5488993929,8.58193102979,9.85700958969
1996-06-09,54.4496828478,8.54440102246,9.86112072747
1996-06-16,47.2681096889,7.8843830157,9.11524976703
1996-06-25,52.879328847,8.35675092286,9.61525742676
1996-06-25,52.8921920755,8.39177893775,9.63026943506
1996-07-02,54.5539033915,8.32422490454,9.5912185964
1996-09-20,54.5539033915,7.42600657813,7.6527565848
1996-10-06,52.3121105106,5.74376911947,4.58616705371
1996-10-22,54.223639235,7.14578248926,7.19074984033
1997-02-11,48.9598227751,5.69962612354,6.19282447208
1997-06-19,54.4388113466,8.14877088199,8.99256334025
1997-07-21,54.5539033915,8.10458848293,8.70601066606
1997-09-23,53.6047030985,7.39680679948,7.54040207385
1998-06-06,47.8330974023,5.36115962244,5.39118367078
1998-06-22,54.5539033915,6.64183047612,6.89488580066
1998-07-08,52.4024087585,6.2124675498,6.0141815741
1998-09-10,54.5539033915,6.25750352173,6.69281243652
1998-09-26,54.5539033915,6.22497751587,6.4200943435
1998-10-28,54.2611692814,5.924737396,6.08236346875
1999-02-01,48.5091010685,6.15492149048,4.7888292168
1999-02-17,49.5884519367,5.65952530493,5.88720738867
1999-05-24,48.4236479556,8.13505404122,9.49082453435
1999-06-09,53.764841319,8.09001807247,9.11908614175
1999-06-25,54.5539033915,8.19009812765,8.82893254578
1999-07-11,54.5539033915,8.26265615841,8.79640653332
1999-08-05,54.5539033915,8.37419631689,8.76860977573
1999-08-05,54.5539033915,8.39421232495,8.79362978941
1999-09-29,51.1212464307,8.05143818237,8.1815422522
1999-10-08,54.4920794379,8.04643417334,8.28662627466
1999-10-08,54.4962592513,8.06645018604,8.27661827612
1999-10-24,54.5539033915,7.8537801062,7.93134214429
1999-10-24,54.5539033915,7.87629812256,7.91132614429
1999-10-31,54.0506577952,7.74619407349,7.69365206738
1999-12-02,53.4088899867,6.65782365527,6.38510558691
2000-07-06,54.5539033915,6.54628342599,6.93409356759
2000-07-29,54.5539033915,6.40617139815,6.43514557886
2000-09-15,53.6638000997,6.5012474338,6.83980252581
2000-09-24,54.5539033915,6.56462164294,6.83464152279
2000-09-24,54.5539033915,6.57880946017,6.85152758028
2000-10-01,54.373759307,6.4537094172,6.54273162769
2000-10-10,54.3763692516,6.49483053911,6.76040568091
2000-10-10,54.381059277,6.48232053862,6.79543370093
2000-10-17,47.3104850479,3.56464469158,3.25510305835
2000-11-02,54.5463973925,6.42759049092,6.42013358179
2001-02-15,54.1755224307,5.73208333667,5.57195528906
2001-02-15,54.3437353627,5.72958133813,5.56695128516
2001-05-13,51.975901307,4.71779199003,4.76380918506
2001-07-09,53.0568040162,4.55766376567,4.21336886597
2001-07-09,48.5283887294,3.36420952885,3.13500665845
2001-07-16,50.0405098694,4.40728856591,3.6529206521
2001-08-01,54.5539033915,4.21587082397,4.0107067771
2001-08-17,54.5539033915,4.08978961406,3.9006187522
2001-09-18,48.0103494247,3.69261917164,3.25510273389
2001-10-04,54.3337273175,3.79053070996,3.80053873828
2001-10-20,51.455102103,1.16343018237,0.430344092285
2001-12-07,54.5539033915,3.775518698,3.68294469531
2002-01-01,46.9079893909,3.83568444066,3.84057070996
2003-07-06,54.5539033915,3.60475467493,3.82555869043
2003-07-15,54.5353002783,3.62144449239,3.80241273401
2003-07-15,54.5353002783,3.61894249264,3.78552668457
2003-07-22,54.5539033915,3.63227668005,3.79490673132
2003-07-31,54.5539033915,3.6297746781,3.77301668384
2003-08-16,51.8957593389,3.69400249605,3.77551868823
2003-08-23,54.5539033915,3.63227668347,3.8330647063
2003-09-01,54.543581411,3.56972666052,3.80053869702
2003-09-01,54.543581411,3.57973466296,3.78802869751
2003-09-08,54.5539033915,3.67230870154,3.7680126897
2003-09-17,46.6052631565,2.50637639612,2.40692433691
2003-10-03,50.5581204099,3.44712858752,3.50029861963
2003-10-03,50.7263039379,3.54470660144,3.54033063379
2003-10-10,54.548899391,3.44177140629,3.60788464014
2003-10-26,54.1010412863,2.97514339445,3.0324245061
2003-11-11,54.551401391,3.39923739091,3.53782862183
2003-11-20,54.5343681603,3.34669538237,3.52031462109
2003-11-20,54.5320623947,3.35169938481,3.51531062256
2003-11-27,49.9589471654,3.49301829534,3.52782062891
2003-12-13,54.5304532921,3.46428936332,3.50530261914
2003-12-22,48.1011651933,3.41631968382,3.23258456299
2004-01-07,52.5397924508,3.47429746098,3.47027461133
2004-01-07,52.7324465338,3.78454560624,3.48528661768
2004-05-14,47.0891493535,8.44581248905,9.56608093643
2004-05-30,51.6709211832,9.01465951704,10.1765200278
2004-05-30,51.7344523712,9.01590560628,10.1840260315
2004-07-01,54.5539033915,8.92646153218,9.70958781538
2004-07-01,54.5539033915,8.93146553462,9.71959582295
2004-07-24,54.4438153473,9.04353551791,9.81020747217
2004-08-09,54.1186827721,8.80573748714,9.30917935297
2004-10-12,54.4062853214,7.9925871805,8.00139817261
2004-11-06,54.4202376687,7.80994111507,7.96538899516
2004-11-06,54.420394657,7.77898499577,7.96887217773
2004-11-13,50.6463380348,7.30141684236,7.28234283012
2004-12-24,47.8431058751,4.21980587434,4.24339341772
2004-12-24,47.9429111871,4.29474816348,4.3434734585
2004-12-31,54.5539033915,7.58382891716,7.6786400647
2005-04-06,54.5539033915,8.00396880494,8.38239890979
2005-07-20,48.1330827572,6.38068057332,6.66935263212
2005-07-20,50.7786394331,6.87107273469,7.11470878569
2005-07-27,54.0476946289,7.64200288054,7.8068209864
2005-08-12,54.5539033915,7.45095795947,7.37339595068
2005-08-21,54.5539033915,7.55891682047,7.93942703694
2005-08-21,54.5539033915,7.57100492671,7.96789098686
2005-09-06,54.5539033915,7.57444884733,8.19083398103
2005-09-06,54.5539033915,7.56694286223,8.16831598566
2005-09-29,54.1001974626,7.24981676103,7.49095081494
2005-10-15,53.8158130695,7.16975264897,7.25079789331
2005-10-24,54.5539033915,7.46749076127,7.60858402466
2005-10-24,54.5539033915,7.46404684016,7.62609803442
2005-10-31,53.4213704756,6.5917906541,6.70786391357
2005-11-09,50.9573798358,7.50728726376,7.53352399976
2005-11-09,50.9715676549,7.47214152991,7.53852800854
2006-05-20,47.9512008753,7.66452089909,8.47090107425
2006-05-20,47.9662128814,7.6726548621,8.45683100537
2006-06-12,51.585814409,7.68954090788,8.58525723893
2006-07-14,54.2360021043,7.59614267969,7.92785894096
2006-07-23,50.3498252624,7.7696049235,8.23908824268
2006-07-23,50.3498252626,7.78211493327,8.24659424902
2006-08-08,51.7897514772,7.64618268628,8.09994756479
2006-08-08,51.8049204721,7.65201088078,8.10045778506
2006-09-25,54.5539033915,7.18226265727,7.84127012158
2006-09-25,54.5539033915,7.172254658,7.8462741272
2006-10-02,51.6190567701,5.25670356177,5.50940568701
2006-10-11,53.5681149286,6.86137856584,7.24829588452
2006-10-11,53.8633510668,6.98647862516,7.33336392456
2006-10-18,49.2771840404,3.34207438415,3.58036303052
2006-11-28,54.2975513974,6.94457260356,7.26580994287
2006-11-28,54.1991884333,6.93456460185,7.26080594434
2006-12-21,52.1389822652,5.90502577085,6.08236373535
2007-01-06,54.0559267505,6.84449254326,7.24078988525
2007-01-22,54.5539033915,6.56024561255,7.14571386035
2007-03-27,53.7047539851,6.61028565649,7.19074987427
2007-05-07,53.7591700315,6.92303576758,7.3758979187
2007-05-07,53.5364920061,6.80043774927,7.25580189673
2007-05-30,51.2747914854,6.95806377661,7.27581789478
2007-07-01,54.5539033915,7.05564180322,7.22327589233
2007-07-17,54.5539033915,6.99809577734,7.26236597842
2007-08-18,54.5539033915,7.08816780566,7.55354001099
2007-09-19,53.5380909337,6.92303575415,7.16322786987
2008-04-23,48.3782001335,7.67421530794,8.78549621154
2008-04-23,50.926482576,8.21809129936,9.35094830553
2008-05-16,53.6797241943,8.7808353285,10.0577879261
2008-06-17,49.449322416,7.17337357747,8.11936542277
2008-08-20,54.5539033915,8.30576903763,8.68767252412
2008-08-29,51.1109242194,8.09528695545,8.47163697447
2008-08-29,51.124062178,8.11280096522,8.47914297716
2008-09-05,54.5539033915,7.67776679276,7.42343604028
2008-09-14,54.5539033915,7.81412092374,8.31108701392
2008-09-14,54.5539033915,7.83539284696,8.3060830188
2008-09-21,54.5539033915,7.70779080594,7.88782696708
2008-10-07,50.2080380487,7.58351493306,7.67738417273
2008-10-23,52.9063993934,7.43213897859,7.23328393433
2008-11-01,54.5539033915,7.48135479313,7.47347598706
2008-11-01,54.5539033915,7.4776067183,7.45596199243
2008-11-24,47.667160839,4.50261007326,4.16833302612
2009-01-11,53.8608492057,6.42665847099,6.31504968628
2009-03-25,52.7232238472,6.6843645208,7.13128075203
2009-06-20,51.8247517437,8.46901724711,9.37286750797
2009-06-29,47.3009194596,7.89668717325,8.77488952994
2009-06-29,47.3141457263,7.9654971016,8.77739153751
2009-07-06,49.0333800859,7.24553868949,7.36876470035
2009-07-31,48.751811853,8.02679099967,8.52566055396
2009-07-31,49.7573612184,8.04680701041,8.55901076067
2009-09-01,54.5539033915,8.06264319466,8.44806911587
2009-09-01,54.5539033915,8.05013320393,8.44806912808
2009-09-08,51.2464458325,7.36708717049,7.48030519575
2009-09-24,54.5539033915,7.65231505574,7.86686902888
2009-10-03,54.5539033915,7.61978902644,7.70798705391
2009-10-03,54.5539033915,7.63229904719,7.71549307124
2009-10-10,51.6172512744,6.83979275386,6.69159586292
2009-11-11,54.5338873851,7.39628677872,7.38648485847
2009-11-20,54.2751412356,7.27619072355,7.30391881257
2009-11-20,54.2901532415,7.25699892024,7.29578487764
2009-11-27,48.7384403542,5.08443813981,4.20336112402
2010-04-20,53.4079870118,6.8873307585,7.6848411534
2010-10-13,54.5413933873,6.92956058085,6.11238763135
2011-04-07,48.0564932126,6.50807652018,7.24116280949
2011-08-06,47.7279929766,7.42459372712,7.99548167303
2011-08-06,47.7154339112,7.47213173274,8.0205016823
2011-08-29,54.5539033915,7.45383278483,7.66420694661