Date,Rarea,NDWI,MNDWI
1984-05-07,41.3216046587,2.01122482639,2.56032170663
1984-07-10,45.5757483639,2.69877200944,2.84705999555
1984-08-11,45.7450593743,2.85790915585,2.57692344711
1985-05-26,45.7450593743,4.58477242939,4.99936878143
1985-06-27,45.4845298474,4.22443833116,4.60309582085
1985-11-18,45.7450593743,4.27109697925,3.6807745153
1986-06-30,39.2183808075,3.48228133903,3.49759315233
1986-10-20,40.4908722205,2.72178792343,2.26653764086
1987-01-24,45.7450593743,2.85609057787,2.59005066984
1987-02-25,45.7126091919,2.5873490004,2.73541087706
1987-07-03,40.666650401,3.41399874376,3.02433344567
1987-08-04,45.7450593743,4.06111575426,3.66878003238
1987-09-05,43.2311908285,3.8812914881,3.45920477897
1987-10-07,45.7450593743,3.47469878155,2.89003075391
1987-10-23,45.7450593743,3.2200556075,2.70901084278
1987-11-08,45.5577379038,3.17779818931,2.66827556865
1987-11-24,45.3659136496,3.34703857917,2.90243081236
1988-02-28,45.7450593743,2.6784082763,2.72191934369
1988-06-03,42.6284577189,4.01265411025,4.45231078281
1988-07-21,45.7450593743,4.04268404789,3.89498612858
1988-08-06,45.5256464997,4.05005798522,3.75494478143
1988-08-22,45.7450593743,3.93656815683,3.43120599525
1988-10-09,45.7450593743,3.43660889155,3.04264216394
1988-11-26,44.8940039322,3.14389033048,2.35771555774
1988-12-12,44.0983024021,3.50392748286,3.01134718574
1989-06-06,45.6230262972,4.44689959103,5.00428379834
1989-06-22,45.7450593743,4.38287166594,4.68501677091
1989-08-09,45.7450593743,4.32858207371,4.14936351603
1989-09-10,45.7450593743,4.09981265209,3.60482674086
1989-09-26,45.7450593743,3.85576884135,3.4216808892
1989-12-31,41.5476428869,3.14418716842,3.36794142258
1990-04-22,44.5292562407,2.49946935252,2.67981554467
1990-05-24,45.7450593743,3.01690495267,3.10732915084
1990-07-11,40.4163895109,2.94286981723,2.07791874017
1991-03-08,45.6207782458,2.86061181082,2.98214677541
1991-06-28,40.9014613289,1.75835143799,1.54812025043
1991-10-18,43.8373879225,2.94036945096,2.69090422947
1991-12-05,40.5827549045,2.3627695708,2.10261018758
1992-03-10,45.7450593743,0.0252166810303,3.31035892833
1992-05-13,44.6011892131,2.63095919974,3.18982054184
1992-06-14,45.7450593743,2.78815432968,2.72326932618
1992-08-17,45.7450593743,2.72907814039,2.50397162114
1992-10-04,45.7450593743,2.08515126753,1.69955824419
1992-11-05,40.2735903301,1.84441898676,1.43734980182
1993-01-24,44.4871867495,1.48729996725,1.12476915432
1993-04-14,45.5000972515,1.55654659964,1.7803854708
1993-08-20,45.7450593743,1.53515831614,1.52615256779
1993-09-05,44.6861387536,1.52394144688,1.43969520152
1993-10-23,44.8031646962,1.34361389279,1.08013530381
1993-11-08,45.1587651007,1.38504100808,1.18190189414
1993-11-24,45.7450593743,1.39494785531,1.27196193406
1993-12-10,45.6793149976,1.33100530673,1.21843084463
1993-12-26,45.7450593743,1.32329570249,1.17649859714
1994-01-27,41.2266257292,1.5951476868,1.89977181696
1994-05-03,45.7450593743,1.55744728543,1.83573098038
1994-05-19,45.7450593743,1.51191255064,1.78799966312
1994-07-06,40.9651840487,1.14047241904,1.20932392045
1994-08-07,45.7450593743,1.64030216476,1.72675953732
1994-09-24,45.7450593743,1.93569772031,1.85914694278
1995-01-14,40.273056938,1.30860309814,1.42027702795
1995-05-06,40.5206159794,1.44189563445,1.77945031379
1995-06-07,45.7450593743,2.96703687276,3.55913541549
1995-07-09,41.1362930981,1.88803557734,2.06545233539
1995-07-25,45.7450593743,2.92004987375,3.18842814206
1995-08-26,45.7450593743,3.13544827327,3.07150646345
1995-09-11,45.7450593743,3.08321367683,2.91390206166
1995-09-27,45.7450593743,2.85066188568,2.3493296137
1995-10-29,44.598604118,2.1346872807,1.58328546996
1996-05-08,43.7025774294,2.60674049869,3.5989692055
1996-06-09,45.7450593743,2.47068391593,3.10959959359
1996-06-25,45.7450593743,2.90392448267,3.30888218487
1996-07-11,45.7450593743,2.85888326081,3.24088893001
1996-09-29,45.7450593743,3.06504303556,2.71340446689
1996-10-15,45.7450593743,2.84135255971,2.3835142451
1996-12-18,45.5316182751,2.41373143407,2.11833580681
1997-01-03,44.1453798219,2.35407933066,2.19287603524
1997-01-19,41.1222422054,1.68681480652,1.59647219033
1997-02-04,41.2310295176,2.1205442559,2.2820863547
1997-05-27,45.7450593743,3.80713983347,4.34856551137
1997-06-12,45.7450593743,2.88784158648,2.77466369381
1997-07-14,45.7450593743,3.8022267363,3.92563382746
1997-10-02,45.7450593743,2.98849273362,2.50243878523
1997-10-18,45.7450593743,2.44043818095,1.93862561485
1997-11-03,45.7450593743,2.54431788182,2.09672154729
1998-08-02,45.3830165694,2.30945987967,1.90648729513
1998-09-19,45.7450593743,2.26222243038,1.8326382156
1998-10-21,42.75914637,1.85875585775,1.42866608609
1998-11-22,45.7450593743,1.98573969711,1.68623691422
1998-12-08,45.0750155498,1.43496991111,0.0
1999-06-02,45.7450593743,2.48028076159,2.82701067321
1999-07-04,45.7450593743,2.56614865188,2.70143240983
1999-07-20,43.3541185799,1.92132092874,1.78231789367
1999-08-05,45.7450593743,2.60753394147,2.55980212561
1999-09-06,43.1429420816,2.3298803922,2.20188241091
1999-10-24,45.7450593743,2.55468094572,2.32863116862
2000-01-28,44.9263689746,2.11582114658,2.33646748661
2000-02-13,41.0337048985,2.16664638517,2.31484951028
2000-09-24,45.7450593743,2.68409495248,2.61501731687
2000-10-10,45.7221383477,2.67805899668,2.61024577737
2000-11-27,39.0514659665,1.40925311252,1.21882777939
2001-02-15,45.7450593743,2.53549940409,2.56251767453
2001-05-06,45.7450593743,2.47757879107,2.70120589621
2001-05-22,43.6756493029,2.07298735313,2.18696814456
2002-02-02,45.7450593743,2.09717685228,2.54794868208
2002-02-18,45.3749098397,2.18578456078,2.55013083671
2003-07-15,45.7450593743,2.60484163223,2.81967452805
2003-07-31,45.7450593743,2.79847060975,2.92572317025
2003-08-16,42.5371673648,2.84670706724,2.81688890879
2003-09-01,45.7450593743,2.8723196163,2.92185258646
2003-11-20,45.7450593743,2.50879923827,2.02277725848
2003-12-06,45.7450593743,2.39793044023,1.82853077506
2003-12-22,45.7450593743,2.26954041924,1.62377401892
2004-01-07,45.7450593743,2.19619660039,1.8614572369
2004-03-27,44.4035202717,4.03910270607,4.70280776662
2004-04-12,39.5893559366,3.09575447158,3.51813400351
2004-07-01,43.2317038801,3.84458123712,4.05916068377
2004-07-17,44.719051971,2.18163512525,1.80248402948
2004-08-18,45.7450593743,4.10787647282,3.94212437984
2004-10-05,44.2158449547,3.24835965152,2.49843037348
2004-10-21,43.3507813222,2.24069423611,1.52717129173
2004-11-06,45.7450593743,2.5300918435,1.94042739891
2004-12-24,45.7450593743,2.86749121755,2.41131263485
2005-07-04,45.1851368415,3.88428437656,4.00371035017
2005-09-06,45.7450593743,3.72387507279,3.42089313238
2005-10-24,45.7450593743,3.00789993717,2.51347217905
2005-11-09,45.4352570849,2.96557211008,2.52905124506
2006-01-28,45.7450593743,2.9409907451,2.580133975
2006-05-20,45.7450593743,4.06381087027,4.69795532001
2006-07-07,45.4298505568,3.89539921591,4.22911131815
2006-07-23,45.7450593743,3.87468529074,4.06494799526
2006-08-08,45.7450593743,3.86387820615,3.89449836057
2006-08-24,44.9623542425,3.77832159396,3.64863210356
2006-09-25,45.7450593743,3.64953565262,3.23526094052
2006-10-11,45.7450593743,3.28749578909,2.30348777525
2006-11-28,45.7450593743,3.02091798935,2.63361893762
2007-07-26,41.0892856932,2.75511776079,2.67329428647
2007-08-27,42.0810981497,3.54645694034,3.21863997128
2007-09-28,45.7450593743,3.09345664292,2.62874873642
2008-02-03,45.6843919849,3.09185279287,3.34811422098
2008-04-23,45.7450593743,3.62664057341,4.48856497542
2008-06-10,42.6988042995,3.25270758079,3.89273578111
2008-08-13,45.7450593743,3.42477696538,3.70960607918
2008-08-29,44.6169190398,3.53038717995,3.59563683499
2008-09-14,45.7450593743,3.61144122164,3.56718539483
2008-09-30,45.7450593743,3.5072224027,3.21593787992
2008-11-01,45.7450593743,3.01433077453,2.5233785361
2008-11-17,45.7450593743,2.94719573407,2.3854109367
2008-12-19,45.3874331291,3.1910870456,2.84732782506
2009-06-13,43.5581833708,0.783570827322,1.39102259414
2009-06-29,45.7450593743,2.99852892126,3.50875798248
2009-07-31,41.4884318453,2.69953374176,2.99042687933
2009-09-01,45.7450593743,3.38668614337,3.57977811295
2009-10-03,45.7450593743,3.44342433294,3.417671025
2009-11-04,41.6766136103,3.43400926751,3.08125809494
2009-11-20,45.7450593743,3.26006709696,2.51819135992
2010-04-29,44.5442171834,2.87434768431,3.28695911916
2011-08-06,45.7450593743,3.50884040577,3.68257521698
2011-09-23,45.7450593743,3.5870691257,3.39453582531