Date,Rarea,NDWI,MNDWI
1984-07-28,6.84775748599,0.375679056046,0.393607434291
1986-07-18,6.81316877104,1.6454172245,1.84940180371
1986-07-18,6.93260998449,1.63268689624,1.83591335822
1987-06-19,6.68604369705,0.0319071819233,0.0513518172653
1987-06-19,6.5102626153,0.0278764400635,0.04676040271
1988-12-30,6.1255263244,0.0674532364705,0.0173077599368
1989-07-10,7.09609798248,0.0883615089442,0.168446134999
1989-09-12,6.74265246001,0.0273121000321,0.0416150430037
1989-09-12,6.85661214595,0.0273120917801,0.0399964368904
1992-04-13,6.86047454955,0.00809302661133,0.106740970717
1992-04-13,6.59640217039,0.00831869475792,0.104984770677
1992-08-03,6.92053142913,0.0076276428608,0.0182914892308
1992-08-03,7.03053876992,0.00849867110476,0.0182915119358
1993-02-27,6.42937648356,0.128266074025,0.00490177204327
1997-08-01,6.45868050468,1.71354985695,1.701821108
2000-07-24,6.90042864221,1.85898880239,1.94327671591
2002-03-08,6.4715201234,2.41613726875,2.42134597544
2005-07-06,7.09609798248,2.99110386571,2.98014449068
2005-07-06,7.09609798248,2.97400077132,2.96824271358
2007-07-28,6.78580458511,2.43004953921,2.49347220123
2007-08-29,7.09609798248,2.47629126314,2.49806689642