Date,Rarea,NDWI,MNDWI
1984-05-16,5.86976594362,0.505467815358,0.640292738055
1985-02-12,5.73737484303,0.451769547182,0.549414593846
1985-11-11,5.10667850735,0.498997467767,0.627786440118
1986-06-23,5.86976594362,0.48817233994,0.609671563067
1988-03-24,5.86976594362,0.447393542326,0.634705430301
1989-01-06,5.52209135276,0.384350110625,0.499142272111
1989-02-23,5.37180921508,0.466479646272,0.566642916086
1989-10-05,5.3253345322,0.434099682556,0.503447572998
1992-10-29,5.35417530344,0.314101696318,0.490758173438
1994-03-25,5.86976594362,0.438274333855,0.511337725554
1994-04-26,5.73197057832,0.379846948698,0.476647926381
1995-06-16,5.86976594362,0.43465772693,0.525747676421
1995-07-18,5.86976594362,0.446492964873,0.535838199385
2000-02-06,5.83284042775,0.619394419494,0.545441097496
2000-07-15,5.86976594362,0.446492942961,0.517892827001
2000-11-20,5.25834863991,0.423977419951,0.471710382719
2001-02-24,5.86976594362,0.473511633574,0.581837030492
2001-12-25,5.11710229377,0.412269317229,0.489722807829
2004-06-24,5.85668749268,0.430281762419,0.522395982762
2004-10-30,5.20393052839,0.388853162993,0.466557417027
2004-12-01,5.77791285186,0.428801909348,0.493325306486
2005-01-18,5.52875211735,0.407639061403,0.464505387358
2005-06-27,5.73819708298,0.422712917986,0.503447477966
2005-11-02,5.86976594362,0.42037490341,0.449194792082
2006-04-11,5.86976594362,0.368756894012,0.397788692833
2007-01-24,5.86976594362,0.402362475249,0.476213469878
2007-07-03,5.05039855696,0.244389923724,0.361205923121
2008-02-28,5.44803067113,0.27919262738,0.108074560547
2010-02-01,5.7490823365,0.348197969972,0.438097770667
2010-06-09,5.76546672608,0.381863596985,0.492060821856