Date,Rarea,NDWI,MNDWI
1986-05-04,236.293875195,0.179793689453,0.419489470703
1986-09-25,237.596962056,1.2717947515,0.0199759130859
1986-10-11,230.698955509,3.83023915912,0.0199759130859
1987-01-15,236.624407341,0.0599312773438,0.0998849677734
1987-07-10,223.857413377,1.08958078003,0.349568710938
1987-10-14,237.790904562,0.149828984375,0.0998832626953
1987-10-30,237.421308263,1.63861779631,0.0599298691406
1988-03-22,234.179384468,0.0299657714844,0.359588629883
1988-05-25,237.776725097,0.0499406679688,0.129845442383
1988-06-26,237.790904562,0.28967387207,0.139839774414
1988-11-01,237.691033267,0.589315501953,0.149824995117
1989-06-29,236.284499688,0.219768304687,0.179808976562
1989-09-01,229.941689222,0.670658589874,0.119856869141
1990-03-28,237.790904562,1.36854768262,1.33858223828
1990-05-15,233.624113398,3.49628590039,3.51625034473
1992-04-18,235.48136624,13.9142227158,14.5818816252
1992-08-24,237.790904562,15.8141337189,15.2526318965
1993-03-20,237.790904562,13.724461543,12.8554882178
1993-08-11,237.790904562,13.9242325,12.3161089688
1993-08-27,237.361455293,13.3648806465,11.4870993145
1993-09-28,237.790904562,12.6057765303,10.5881649023
1993-12-17,237.790904562,10.0288552354,8.52059297363
1994-10-17,237.790904562,17.1204353779,15.7020818838
1994-11-02,235.538063068,16.2314711738,14.8630647822
1995-05-29,236.864799482,14.2038539102,13.9841061729
1996-02-25,237.770925463,13.4847375723,13.0252630234
1996-03-28,236.24260532,12.5558204287,11.5969282734
1996-04-29,234.836654969,11.9565365469,10.8877746445
1996-09-04,231.69034907,5.21421927539,2.89689514746
1997-07-05,204.619314755,14.6748995079,14.5150949757
1998-07-08,236.526490209,9.72922671582,8.50064788184
1998-10-12,234.814496294,8.24096471582,6.90248842871
1998-10-28,217.401993082,6.86243295801,4.35514308398
1998-12-15,211.835736145,10.3083847529,10.6079874258
1999-04-22,237.790904562,16.0417150371,16.5211498789
1999-05-08,237.790904562,16.0017721807,16.1116256357
1999-09-29,237.790904562,13.1873194366,11.686852333
2000-01-19,237.790904562,14.8530970078,15.6421908984
2000-06-27,237.790904562,14.9529974189,14.3137296104
2001-02-06,237.790904562,15.2326366279,15.8818723066
2001-04-11,237.790904562,16.2813667646,16.8407045654
2001-05-13,237.62111826,16.0117232236,16.1715330742
2001-10-04,237.790904562,13.0352735674,11.796713748
2001-11-05,208.111148205,9.70895601367,9.44923458105
2003-09-24,237.790904562,12.8754741152,11.4870757207
2003-10-10,237.790904562,11.9765442139,10.1486553623
2003-11-11,237.790904562,11.267386832,10.0488072295
2003-12-13,237.790904562,10.4184069658,9.52941556836
2004-04-19,228.364289184,16.4932464005,17.7218183917
2004-12-31,227.939047929,14.5934210059,15.2426623965
2005-06-09,237.491213869,17.1924960675,17.1103957012
2005-10-15,237.790904562,13.3149454873,12.0464041475
2006-06-12,233.756673162,17.5221489855,18.0015895489
2006-12-05,237.790904562,15.5222650859,16.4134135421
2006-12-21,236.819598295,15.4523592188,16.7729672501
2007-01-22,226.786873464,13.7043564463,14.2359262775
2007-05-14,237.790904562,17.6419369073,18.1513354571
2008-04-14,221.299929151,15.5942217003,16.3133614474
2008-08-04,237.790904562,16.9228158126,16.12154796
2008-10-23,221.282408856,11.566656707,10.3081094189
2009-08-07,237.790904562,16.7729850792,16.0915689063
2009-09-24,207.160199081,13.5242840918,12.5953654629
2009-12-13,237.790904562,14.7953647687,14.4535575205
2010-05-06,212.620542232,9.82116177258,9.23179618957
2010-05-22,213.906169671,15.3847049357,16.075447032
2010-06-23,237.790904562,16.191494709,15.9417737217
2011-05-09,237.774533062,17.542031878,18.4010353888
2011-06-10,237.790904562,17.6319371446,17.7717916066