Date,Rarea,NDWI,MNDWI
1984-06-10,10.0885149406,0.272500395996,0.282393124756
1984-08-22,10.088290095,0.144703928711,0.145602713989
1984-09-23,10.0691378445,0.307383759888,0.288509331787
1984-10-16,10.0885149406,0.205987989037,0.196056504333
1984-11-01,10.0885149406,0.292324604821,0.270701733337
1985-01-04,10.0831188834,0.454716971281,0.46869066721
1985-01-20,10.0885149406,0.436864641838,0.44405940977
1985-06-29,10.0885149406,0.0755448110352,0.0422691530762
1985-07-15,9.52948853422,0.278795878601,0.155586044922
1985-07-31,10.0885149406,0.0737460302124,0.0
1985-08-16,10.0885149406,0.24462086676,0.0
1985-09-01,10.0885149406,0.151089452759,0.148391417969
1985-09-17,10.0885149406,0.130404580688,0.120511818298
1985-10-03,10.0885149406,0.285091175232,0.275198403625
1985-10-19,10.0885149406,0.104743350356,0.103424317444
1986-02-24,10.0885149406,0.286889880493,0.301293440615
1986-03-12,10.0885149406,0.299480670715,0.325561537842
1986-03-28,10.0885149406,0.258111001099,0.27160108197
1986-05-08,10.0650247062,0.220201698608,0.240873738403
1986-05-15,10.0885149406,0.093531555481,0.106122325806
1986-05-31,10.0596018566,0.219439335144,0.220338631042
1986-06-09,10.088290095,0.187845556274,0.217505386475
1986-06-16,10.0885149406,0.244620891907,0.254513604919
1986-06-25,10.0873913396,0.232784682495,0.241772541382
1986-07-02,10.0885149406,0.0,0.0
1986-07-11,8.61686656777,0.129424640381,0.0925745974121
1986-07-18,10.0885149406,0.257211667786,0.259909660706
1986-08-03,10.0885149406,0.197855153503,0.0
1986-08-19,10.0885149406,0.00359736297607,0.0
1986-09-04,10.0885149406,0.0,0.0
1986-09-20,10.0885149406,0.0,0.0
1986-10-06,10.0885149406,0.000899339477539,0.00539604986572
1986-10-22,10.0795215292,0.000899361328125,0.0
1986-11-07,10.0885149406,0.022790238153,0.0112117156518
1987-02-27,10.0885149406,0.00378075612123,0.00089933984375
1987-03-31,10.0785584789,0.0089934208374,0.000899342468262
1987-05-18,10.0885149406,0.00179868493652,0.000899342468262
1987-06-19,10.0885149406,0.00899342144775,0.000899342834473
1987-07-21,10.0885149406,0.0116914475708,0.00359736853027
1987-08-06,10.0885149406,0.0152888168335,0.00449671069336
1987-08-22,10.0885149406,0.0152888131714,0.000899342468262
1987-09-07,10.0885149406,0.0197855259399,0.00809408062744
1987-09-23,10.0885149406,0.0206848634033,0.00449671142578
1987-10-09,10.0885149406,0.0378675391996,0.0143894736938
1987-11-26,9.06687410199,0.281508316419,0.320254649004
1987-12-28,10.0885149406,0.367201244786,0.291015124803
1988-01-13,10.0678299151,0.0950160570317,0.0350743255005
1988-01-29,10.0885149406,0.112537316428,0.112480813649
1988-04-18,10.0885149406,0.0161881546631,0.0107921060791
1988-07-07,10.0885149406,0.0080940793457,0.0
1988-07-23,10.0885149406,0.0197855209961,0.00989276428223
1988-08-24,10.0885149406,0.0215842081909,0.00899342047119
1988-09-09,10.0885149406,0.0332756484985,0.0260809158936
1988-09-25,10.0885149406,0.0422690619507,0.0413697223511
1988-10-27,10.0885149406,0.0836774925161,0.049463800354
1988-11-28,10.0872382375,0.368580446698,0.229437195641
1988-12-30,10.0840182435,0.426787018191,0.243865367008
1989-03-04,10.0885149406,0.105222955444,0.0791420557251
1989-04-21,10.0885149406,0.0656519458008,0.0593565515747
1989-07-26,10.0885149406,0.0494638013306,0.0521618221436
1989-08-11,10.0885149406,0.0476651096802,0.0
1989-08-27,10.0885149406,0.0584572108765,0.0251815587158
1989-09-12,10.0885149406,0.0701486464844,0.0611552288818
1989-09-28,10.0858169368,0.0926321403809,0.0647525673218
1989-10-07,8.97752049925,0.0736719940822,0.0584208509521
1989-12-17,10.0885149406,0.313907625722,0.0985324234904
1990-01-02,9.80989253841,0.473785410491,0.329539144223
1990-02-03,10.0876156012,0.42515599445,0.307529317273
1990-02-03,10.0885149406,0.426898229319,0.309088155798
1990-02-12,9.79489038755,0.354718675547,0.249254591393
1990-02-12,9.79824573406,0.348233317762,0.245631299342
1990-02-19,10.0885149406,0.363697914085,0.274719452163
1990-02-28,10.0837961696,0.322027470607,0.266937523193
1990-02-28,10.0837961657,0.317533576259,0.265139979736
1990-03-07,10.0885149406,0.248218868347,0.22753397345
1990-03-16,10.0873913097,0.240872950562,0.252557018066
1990-03-16,10.0864925252,0.235480291321,0.24986069342
1990-03-23,10.0885149406,0.141196989014,0.116015398499
1990-03-23,10.0885149406,0.138498960266,0.118713411926
1990-04-24,10.0885149406,0.217641168274,0.271601844727
1990-05-10,10.0885149406,0.159183851196,0.160982370911
1990-05-26,10.0885149406,0.223037233582,0.25001760144
1990-05-26,10.0885149406,0.222137872559,0.248218908142
1990-06-27,10.0885149406,0.191560253906,0.183466213257
1990-07-13,10.0885149406,0.201453010254,0.211345871399
1990-08-14,10.0885149406,0.155586371521,0.179868680786
1990-08-30,10.0885149406,0.178969338135,0.172673945496
1990-11-02,10.0885149406,0.239616719341,0.206298950338
1990-11-02,10.0885149406,0.239588540123,0.210795641866
1990-11-18,10.0876156041,0.330086319049,0.244702449594
1990-12-20,10.0831189007,0.468929822791,0.404368524854
1991-01-05,10.084018227,0.548752263968,0.626706200843
1991-02-06,10.0885149406,0.337489867116,0.305829415377
1991-02-06,10.0885149406,0.335200955078,0.313348597505
1991-02-22,10.0885149406,0.29287579053,0.271697067886
1991-03-10,10.0885149406,0.275199220886,0.274299841614
1991-04-27,10.0885149406,0.235628137817,0.302179601929
1991-04-27,10.0885149406,0.235628127869,0.302179588745
1991-05-29,10.0885149406,0.192459717529,0.214943372192
1991-06-30,10.0885149406,0.215842663208,0.207748605652
1991-08-01,10.0885149406,0.160982737732,0.158284729797
1991-08-17,10.0885149406,0.190660878479,0.208647879578
1991-08-17,10.0885149406,0.192459566711,0.212245236572
1991-09-02,10.0885149406,0.171774529846,0.185264819031
1991-09-18,10.0885149406,0.294984554626,0.28059517572
1991-10-04,10.0885149406,0.287789788269,0.276997773315
1991-12-23,9.62608332258,0.398347813315,0.333038129975
1992-02-25,10.0885149406,0.282393922913,0.2787964552
1992-03-12,9.78367922527,0.228433244446,0.301280050842
1992-04-13,10.0876155998,0.377724069031,0.442476772827
1992-05-15,10.0885149406,0.540505024109,0.592666899414
1992-07-02,10.0876155998,0.207748367432,0.430785353821
1992-09-04,10.0885149406,0.0278795944214,0.19695652948
1992-09-20,10.0885149406,0.0701487828369,0.153787969849
1992-10-06,10.0885149406,0.243721837158,0.346247204468
1992-11-23,10.0840182442,0.501702630043,0.563267158642
1993-03-15,10.0885149406,0.810307542664,0.77073641748
1993-03-31,10.0885149406,0.150190039429,0.0
1993-05-18,10.0885149406,0.786025115417,0.821100085205
1993-06-03,10.0885149406,0.783327256348,0.691594682312
1993-07-05,9.91923170044,0.0,0.0
1993-07-21,9.98509023965,0.752749588013,0.687097627075
1993-08-06,10.0885149406,0.276997220337,0.447872701538
1993-08-22,10.0867162593,0.00179868695068,0.0
1993-10-09,10.0885149406,0.384019716309,0.323763649841
1993-12-12,10.0813202041,0.823060136149,0.886909618874
1994-01-13,10.0867162636,0.965364226259,0.990714917896
1994-01-29,10.0849175906,0.983034467928,0.982357301724
1994-03-18,10.0885149406,1.15026123901,1.20602102698
1994-05-21,10.0885149406,0.681702065002,0.821999347534
1994-06-22,8.95163663891,0.85977146521,0.924524193604
1994-07-24,10.0885149406,0.420892170227,0.532410923584
1994-08-25,10.0885149406,0.146592942444,0.374126790039
1994-09-10,10.0885149406,0.0998269888916,0.337253760681
1994-09-26,10.0885149406,0.100726318787,0.264407164856
1994-12-15,10.0759241884,2.47244082647,2.42061756186
1995-01-16,10.0849175717,2.51191367544,2.4187066304
1995-02-01,10.0876156038,2.38747709501,2.31168879135
1995-02-17,10.086716263,2.29300325359,2.18342731607
1995-03-21,10.0885149406,2.27850104322,2.30160596741
1995-06-09,10.0885149406,2.33069530554,2.16438689542
1995-07-11,10.0885149406,2.34033733029,2.17504055703
1995-07-27,10.0885149406,2.21097188688,1.8589511037
1995-08-12,10.0885149406,2.09390397956,1.50550400861
1995-08-28,10.0885149406,2.08339465613,1.83197120105
1995-09-06,9.67117206115,2.01324129621,1.58903725977
1995-09-22,10.086492546,2.08127908082,1.89100731587
1995-09-29,10.0885149406,2.03612327484,1.91291288428
1995-10-08,10.088290095,1.69716509922,1.84247441694
1995-10-15,10.0885149406,1.90793496266,1.99205540704
1995-10-24,9.37092028861,1.93712700894,1.79395655133
1995-10-24,9.70315383138,1.95510235916,1.80564050873
1995-11-16,10.0633330036,1.90157538454,1.64760245367
1996-01-03,10.083118916,2.52103289283,2.49965663165
1996-03-23,10.0867162593,2.34048753581,2.4888789312
1996-05-26,10.0885149406,2.24250141102,2.45495752376
1996-06-27,10.0885149406,2.56664572144,2.48913286227
1996-07-13,10.0885149406,2.46532957427,2.45202286554
1996-09-15,10.0885149406,2.35542855004,2.24517628979
1996-11-02,10.0858169268,1.72040126057,1.941197058
1997-02-06,10.0867162673,2.02126772152,1.86028469473
1997-02-22,9.25213027908,1.68358206409,1.53069214093
1997-03-10,10.0831188356,1.93000008954,1.80499077142
1997-03-26,10.0867162246,1.76451843011,1.515398177
1997-04-27,10.0885149406,1.75822332043,1.53878169531
1997-06-14,10.0885149406,1.10799176392,1.19702705194
1997-06-30,10.0795213494,1.2132148385,1.17544253485
1997-08-01,10.0885149406,0.8777583125,0.770736543579
1997-08-17,10.0885149406,0.0863367824097,0.226634104614
1997-09-02,10.0885149406,0.786025670349,0.771635825745
1997-10-04,10.0885149406,1.93653173128,1.93214734649
1997-11-21,10.0885149406,2.3474756772,2.21774405564
1997-12-07,10.0840182511,2.51524646979,2.44729476675
1998-04-14,10.0885149406,2.14861057068,2.08178007325
1998-05-16,10.0885149406,2.02141180511,2.03522567181
1998-06-01,10.0885149406,2.05321134241,1.71415567072
1998-06-17,10.0885149406,1.8967239389,1.8805359187
1998-07-03,10.0885149406,1.87064170959,1.71055808173
1998-07-19,10.0885149406,1.77530992206,1.63321317834
1998-08-04,10.0885149406,1.5522695838,1.44254974902
1998-09-05,10.0885149406,0.846281461792,0.867865509949
1998-10-07,8.9364406415,0.527013966919,0.473952986877
1998-10-23,10.0885149406,0.595053879947,0.598062410889
1998-12-10,10.08671626,1.14056630514,0.829468507535
1999-01-27,10.0804208371,1.09779733847,0.875423610314
1999-06-20,10.0885149406,1.58824422333,1.4857192666
1999-07-06,10.0885149406,1.44614690454,1.13227572217
1999-07-22,10.0885149406,1.43355606317,0.326463970093
1999-08-07,10.0885149406,1.35261426184,0.300382638306
1999-09-08,10.0885149406,0.921826037537,0.869664247009
1999-09-24,10.0885149406,0.195157260132,0.182566472778
1999-09-24,10.0885149406,0.198754621094,0.180767784546
1999-10-10,10.0885149406,0.946108363098,0.454167772278
1999-11-11,8.98713669697,0.934417144348,0.816603266663
1999-11-27,10.0840182385,1.39871518427,1.25642197189
2000-01-07,10.0855937308,1.7696544205,1.57344694001
2000-02-15,10.0876156041,1.70787214282,1.57746711396
2000-03-02,10.0885149406,1.63411199811,1.54147964581
2000-03-18,10.0885149406,1.5513712074,1.56576183319
2000-06-06,10.0885149406,1.31753917279,1.23210190265
2000-06-22,10.0885149406,1.28066592975,1.22130956787
2000-07-08,10.0885149406,1.16015367358,0.610654828613
2000-07-24,10.0885149406,1.09989739703,0.00089935144043
2000-08-09,10.0885149406,1.06392345392,0.0026980559082
2000-09-10,10.0885149406,1.18983139044,1.09270258002
2000-10-12,9.94653262518,0.935316122559,0.778830563599
2000-10-28,10.0885149406,1.83556868298,1.74293599164
2001-03-21,10.0885149406,1.69167005096,1.75102898212
2001-05-08,10.0885149406,2.08069685272,2.00785040875
2001-05-24,10.0885149406,2.14141498698,2.20015580969
2001-06-09,10.0885149406,1.25368448578,0.0
2001-07-27,10.0885149406,1.84636043579,0.0116914690552
2001-08-28,10.0885149406,1.69257015222,0.741059818726
2001-09-13,10.0885149406,1.62691649585,1.51629734515
2001-12-02,10.0876156038,2.45070999117,2.37929884341
2002-01-03,10.0876156015,2.3886343736,2.35782760886
2002-03-24,10.0885149406,2.31283873294,2.33828159369
2002-06-05,10.088290095,2.32971609125,2.38192608534
2002-06-12,10.0858169039,2.25738971304,2.14192069143
2002-06-28,9.43108738876,1.31304302301,0.443374501099
2003-07-01,10.0885149406,2.01993501801,1.86344908301
2003-08-02,10.0885149406,1.95967763538,1.90211965912
2003-08-18,10.0885149406,1.652997526,1.45424218134
2003-09-19,10.0885149406,1.16914761755,1.03964294537
2004-02-26,10.0885149406,1.80948552869,1.8256737688
2004-05-16,10.0876156071,1.28516527893,1.98126356641
2004-06-17,10.0885149406,2.11291804547,2.18576537615
2004-07-03,10.0849175625,2.08699164026,2.14709326141
2004-07-19,10.0885149406,1.93809372021,1.68447734387
2004-08-04,10.0885149406,1.72764451971,0.187063857056
2004-08-20,10.0885149406,1.65479700397,0.1178140354
2004-09-05,10.0885149406,1.63860902393,0.0818409458008
2004-09-21,10.0885149406,1.72314674939,1.66738788757
2004-10-07,10.0885149406,1.53158479999,1.42096714722
2005-02-12,10.0885149406,2.06721958087,2.06721999127
2005-05-03,10.0885149406,0.0206848374023,1.55497233795
2005-05-19,10.0885149406,1.92190580719,2.02263323187
2005-06-04,10.0876155968,1.09899979236,1.88863071124
2005-06-20,10.087615579,1.81308526575,1.99115577094
2005-07-06,10.0876156005,1.77980708643,1.76631724512
2005-08-23,10.0885149406,1.57115573779,1.5037052171
2005-09-08,9.38451243572,1.32383340845,1.22760352441
2006-02-15,10.0885149406,2.00196109442,2.06622128065
2006-07-25,10.0885149406,1.92640129211,1.87423955463
2006-08-10,10.0885149406,1.87693686914,1.84276224933
2006-09-11,10.0885149406,1.66558817242,1.65479618805
2006-10-13,8.72846323166,1.2732322681,1.28876113257
2006-10-29,10.0885149406,1.38319171973,1.40297769031
2006-11-14,10.0885149406,1.44830807784,1.47852326434
2006-11-30,9.97209284803,1.32658505254,1.38770234046
2007-01-01,10.0885149406,1.636224965,1.6996423222
2007-01-10,10.088290095,1.60427362842,1.61040881244
2007-01-17,10.0867162666,1.56678211552,1.6056095887
2007-02-02,8.98716112539,1.50100835065,1.57205799359
2007-02-27,10.088290095,1.60611552277,1.65285080975
2007-03-15,10.088290095,1.38681495197,1.57735446008
2007-05-09,10.0885149406,2.07209802832,2.16777843084
2007-05-18,10.088290095,2.02222787428,2.16628166428
2007-05-25,10.0561385781,1.93320349591,1.97891569049
2007-06-10,10.0471448743,0.169581605957,1.39218821552
2007-06-26,8.76421929687,1.08603159892,1.14342065228
2007-07-28,10.0885149406,2.01324397613,2.01414353253
2007-08-13,10.0885149406,1.94798603052,1.91201239789
2007-08-29,10.0876155902,1.82477473486,1.75462595111
2007-09-30,10.0885149406,1.50640270325,1.47852312854
2008-03-08,10.0849174852,1.91650788037,2.09368167633
2008-04-25,10.0885149406,1.45244581561,2.11870881475
2008-08-15,10.0885149406,1.76901367395,1.60533314404
2008-10-18,10.0885149406,1.83646635315,1.8391652616
2008-11-03,10.0885149406,2.27526247426,2.33494413576
2009-01-22,9.92975489767,2.74935254865,2.88364111895
2009-02-23,10.0885149406,2.68651266057,2.77156656879
2009-03-11,10.0885149406,2.71618512241,2.86080750867
2009-04-28,9.86215545433,2.81870756519,2.93519948039
2009-07-01,10.0885149406,2.9305434975,2.8885707261
2009-07-17,10.0849175744,2.88146376368,2.75234239869
2009-08-02,10.0885149406,2.79836057613,2.64669571751
2009-08-18,10.0885149406,2.6327849232,2.13352999656
2009-09-03,10.0885149406,2.65968068249,2.49475451198
2009-10-05,10.0885149406,2.7323865336,2.57260311948
2009-11-06,10.0867162603,2.62873910752,2.44073685573
2009-12-08,10.0876155995,2.70392737793,2.43015577542
2010-02-26,10.0885149406,2.66101738701,2.56039297872
2010-05-17,10.0768234775,2.48962303373,2.53595212395
2010-06-02,10.0885149406,2.44046641293,2.62161601804
2010-06-18,10.0885149406,2.46722390518,2.60676084068
2010-07-20,8.59229186461,1.57543313423,1.23964842415
2010-08-05,10.0885149406,2.56632136098,2.4269965143
2010-09-06,10.0885149406,2.50708046962,2.29635357867
2010-10-08,10.0885149406,2.25293447569,1.93899400433
2010-11-09,10.048824693,3.0619852703,2.64924933031
2010-11-25,9.92334012566,2.40545014218,2.27174706119
2010-12-11,10.0885149406,2.4823463575,2.33231349857
2011-01-28,9.3885054075,2.42640540249,2.10810110647
2011-02-13,10.0885149406,2.59202118874,2.41372830939
2011-03-01,8.71431619532,2.66281648406,2.54918099903
2011-04-02,10.0885149406,2.40158907988,2.31588972074
2011-04-18,10.0885149406,1.0998985592,0.331858097046
2011-05-04,10.0885149406,2.44956133248,1.96957236658
2011-06-21,10.0885149406,2.33276581364,2.07991054676
2011-08-24,10.0885149406,2.37816661914,2.09688569037
2011-09-09,10.0885149406,2.34878352201,2.32405088678
2011-09-25,10.0885149406,2.25130443337,2.22084052514
2011-10-11,10.0885149406,2.21892749898,2.15338874859