Date,Rarea,NDWI,MNDWI
1984-07-17,211.826379376,32.6909237993,30.0588372063
1984-08-18,212.016233793,30.8681820559,28.5598869924
1984-09-03,200.35494848,21.87484405,20.0062191584
1984-10-21,201.709658038,28.1630843385,22.2147252873
1984-12-08,211.021929583,44.5577644422,26.8323609147
1985-03-14,212.016233793,33.3284823881,32.6089939536
1985-04-15,212.016233793,33.8381124438,33.2185648227
1985-05-17,212.016233793,34.0279731157,32.9187856674
1985-07-04,212.016233793,32.8608058413,30.2686860012
1985-08-21,212.016233793,30.1805032401,27.2008581047
1985-10-08,212.016233793,26.7409197891,23.3323780967
1985-10-24,211.78638937,26.7778290186,22.3330810977
1985-11-09,212.016233793,28.4566524177,22.233158627
1986-06-05,212.016233793,36.1559243947,34.517138216
1986-07-07,212.016233793,36.0191429675,33.5010171608
1986-08-08,212.006242358,35.5794494528,32.9187917749
1986-08-24,212.016233793,34.9073081919,32.3591879272
1986-09-09,212.016233793,34.7274303422,31.8595460991
1986-10-27,212.016233793,35.0376516597,29.3693003879
1986-12-30,211.685203497,47.6041818193,28.9917765009
1987-02-16,180.46585577,31.1058972672,30.5846456445
1987-03-04,212.016233793,36.315168215,35.6856208859
1987-05-07,212.016233793,35.0998405251,33.9606723825
1987-06-24,212.00624139,34.8473480756,32.0494240776
1987-07-26,212.006240151,33.3104737094,30.5484747131
1987-08-27,209.656916524,31.6731880302,28.5511670254
1987-09-12,212.016233793,31.1020154487,27.8403886262
1987-10-14,206.20001186,27.3309511027,23.0041295979
1987-10-30,212.016233793,33.5776721278,25.5820187229
1987-11-15,212.003144453,34.9129742224,25.99171984
1987-12-17,212.016233793,36.9427828615,30.9116531446
1988-01-02,211.406687521,36.6693646556,31.5115286129
1988-02-19,212.016233793,34.3976607182,33.1685590835
1988-03-06,212.016233793,34.1079002475,33.1885645473
1988-05-25,188.47287713,32.9802650972,31.1636374273
1988-07-12,212.016233793,32.9707089184,29.5691918391
1988-07-28,211.996249087,32.1572469748,28.1602050295
1988-08-13,211.252053266,31.7115892358,28.619850801
1988-08-29,208.438762488,27.8103293264,24.6127021359
1988-12-19,211.066908567,35.3954953839,26.1303063311
1989-01-04,209.18771733,35.5787225838,25.4708055576
1989-01-20,211.046922903,30.549459131,25.5507655586
1989-02-05,211.646497285,28.3675825173,25.2709795605
1989-03-09,211.996246677,31.3319001567,29.8889153908
1989-03-25,212.016233793,31.5117954048,30.1687346633
1989-06-13,211.996248862,34.0379371674,31.9095036245
1989-07-15,212.016233793,32.4411003794,29.9588865139
1989-09-01,212.016233793,29.8888601184,26.8211241565
1989-09-17,212.016233793,29.2280775804,25.5407941465
1989-10-03,211.996248631,28.4031580592,24.4315776523
1989-11-04,212.016233793,26.8143909297,22.3130953848
1990-01-23,210.557315591,41.6936549585,37.9870055572
1990-02-08,212.016233793,38.688845335,36.8753514201
1990-02-24,212.016233793,36.8747340675,35.1160404689
1990-03-28,212.016233793,35.9691999235,34.250462154
1990-05-15,197.896062919,33.7108379079,32.6675184518
1990-07-02,211.976264448,34.5575710708,31.6676948557
1990-08-03,212.016233793,33.3204839477,30.2586906213
1990-09-04,211.966270856,32.0413423598,28.739743677
1990-09-20,211.956277459,31.3613446195,27.1808628352
1990-11-23,211.014228488,39.6208236027,24.0279455618
1991-02-11,203.833087647,24.9700870464,22.7645181457
1991-05-02,212.016233793,36.0948934713,36.0049506676
1991-05-18,212.016233793,36.2947368736,35.7162543147
1991-06-19,211.057027611,36.5387615769,34.300423195
1991-07-05,211.478180885,35.7367012915,33.0886597143
1991-07-21,211.706467945,34.5096246372,31.6776698195
1991-08-22,211.496639051,31.3218959936,28.0302702229
1991-09-23,211.97626421,29.1193607795,25.4008749619
1991-11-10,212.016233793,28.633266431,23.4622409326
1991-11-26,185.431705852,25.2200308791,19.9848294092
1991-12-28,208.451634367,26.3387029482,24.3650478476
1992-02-14,211.99624782,22.4829275752,21.0539965635
1992-04-18,212.006240522,27.1808441379,25.5920165803
1992-05-04,209.852159666,26.7511666369,25.4621044045
1992-05-20,197.533625535,20.9352057316,19.3151561045
1992-06-05,181.833883165,26.5512836897,24.7113872646
1992-07-23,212.016233793,25.2509423516,23.1425070879
1992-09-09,212.016233793,23.3122931758,21.02401029
1992-12-30,211.036944219,22.3029821709,20.2245564639
1993-01-15,210.967008566,22.3129654297,19.9347830977
1993-02-16,211.94628248,21.0639384209,19.2253250352
1993-03-04,205.485550894,20.9939939912,19.2852677881
1993-06-24,212.016233793,23.791978002,21.8234545371
1993-07-26,186.585756006,1.35903580176,0.189867769531
1993-08-11,212.016233793,20.9440221211,19.2652853486
1993-09-12,212.016233793,18.1160656631,16.4972815107
1994-03-23,203.235237411,27.7345016098,27.918593096
1994-06-11,212.016233793,32.557004552,30.7683204592
1994-06-27,212.016233793,32.3671293293,30.2087286506
1994-07-13,211.996250252,31.4877540256,29.2594020363
1994-09-15,212.016233793,29.59908476,27.1009252121
1994-10-01,212.016233793,29.2893015256,26.801134719
1994-11-18,207.566806413,35.0489698874,27.1108793195
1994-12-04,211.806373304,35.8375164733,27.3507225373
1994-12-20,210.516040339,35.4787000419,27.3894048613
1995-03-26,202.371741568,27.1695373281,25.4208433193
1995-05-13,212.016233793,26.9610002512,24.8425551916
1995-05-29,212.016233793,26.491328635,24.1917663799
1995-06-14,195.931988387,21.2237440234,19.2052574521
1995-07-16,212.00624223,24.9311505801,22.4230229326
1995-08-01,211.976264977,24.1516958018,21.8034567275
1995-08-17,212.006241901,23.5421216006,20.6842815439
1995-10-04,205.948184412,27.4159629724,18.7856754697
1995-10-20,189.429881999,24.6734365997,15.1785908096
1995-11-21,211.886324476,27.5440655278,17.6064709863
1996-03-12,212.006240739,35.7051450787,34.8957295817
1996-03-28,212.016233793,36.1348388512,35.3753894293
1996-05-15,182.285653696,37.073222607,37.4975462072
1996-05-31,212.016233793,36.8774271492,36.6344874606
1996-07-18,212.016233793,37.164094318,35.2565935529
1996-09-20,211.776415333,34.4896199594,31.7776049768
1996-10-22,181.677570181,24.1041874004,20.6559613
1996-11-07,212.016233793,33.2105410034,30.728333344
1996-11-23,207.643788713,34.7083836169,31.6455722543
1997-01-26,192.913103929,34.4779088841,34.3960929869
1997-02-11,211.996249684,37.0264912947,35.9354308273
1997-03-15,212.016233793,34.5795951655,32.8208931479
1997-03-31,212.016233793,34.37973973,32.561077187
1997-05-18,212.016233793,33.8601127622,31.957478719
1997-06-03,212.016233793,33.4503799555,31.4478184387
1997-06-19,211.996250467,32.4370604602,30.2586732287
1997-07-05,212.016233793,31.5676737102,29.4892132024
1997-07-21,211.726460224,30.9780931486,28.7397430559
1997-09-07,212.016233793,29.3392305061,26.7611558742
1997-09-23,212.006242142,28.6197504865,26.0017018078
1997-10-09,212.016233793,29.0993940207,26.8710707727
1997-10-25,212.016233793,29.4869306805,27.0309524387
1997-12-28,183.606637713,26.0720050895,25.3041982245
1998-01-29,204.357677573,35.0727336577,35.3529958725
1998-02-14,212.016233793,39.19238438,39.1724015675
1998-03-02,212.016233793,36.6944226676,36.084873401
1998-03-18,202.508947066,33.7946980322,32.6755326152
1998-04-03,208.769565776,35.5457873175,34.4172413684
1998-04-19,205.421588838,35.4365164699,34.3573124465
1998-07-24,212.006242053,35.4989269018,33.4404468803
1998-08-09,211.986256902,34.8493802046,32.4071415647
1998-10-12,212.016233793,33.3504305268,30.6783588059
1998-10-28,212.016233793,33.258298787,30.558440716
1998-11-29,181.262254372,35.3271177507,27.9789111436
1998-12-15,212.012197112,37.130597434,29.5791033313
1999-01-16,211.621223938,40.4388810823,29.3380246514
1999-03-21,212.016233793,32.391131769,30.2886404279
1999-04-06,212.006242358,31.7875398303,29.9489019934
1999-05-08,212.006241901,31.3578381496,29.3992926613
1999-05-24,211.996248519,30.7282752063,28.5099076389
1999-06-09,211.996250454,30.3085606389,28.270064341
1999-07-11,211.91631018,28.8695617766,26.5812681174
1999-08-28,211.996249934,26.4000636143,24.2916563594
1999-09-29,212.016233793,25.7018188537,23.4335313049
1999-10-31,212.016233793,27.0408733029,24.4115727354
1999-12-18,211.396707767,28.8440616847,26.6435156239
2000-03-07,180.686011358,9.53295492871,16.9872105342
2000-05-26,210.640382469,30.1187110471,28.7996866555
2000-06-27,211.027006347,28.1888815625,25.8706111104
2000-07-13,212.016233793,28.8083504961,26.7998551787
2000-07-29,212.006241889,27.7690985059,25.4108765811
2000-11-02,212.016233793,25.2410742871,23.3123736133
2000-11-18,202.710001815,20.1055066955,17.1167235293
2001-01-21,211.966274694,37.750317457,37.7217538291
2001-05-29,212.016233793,37.2640420533,36.3347245758
2001-08-17,210.473477987,35.99196917,34.0106517146
2001-09-02,211.976263974,35.6893944499,33.4184346831
2002-02-09,212.016233793,36.00324424,34.1678868403
2002-02-25,212.016233793,35.2497379216,33.6182955151
2002-05-16,211.616571203,36.0980449735,35.085687358
2002-06-17,201.011528295,35.9151616842,33.9865754381
2003-07-06,211.976263006,35.9854135948,34.5970789748
2003-08-07,212.016233793,35.0092793462,33.3405162212
2003-09-24,212.006240606,33.0606392466,30.5984153566
2003-10-10,212.006085761,33.4598157468,30.207448126
2004-02-15,191.073250303,35.7851153326,37.6464084123
2004-03-02,212.016233793,36.8310518496,37.1208373622
2004-03-18,212.016233793,36.0249525494,36.4346510387
2004-07-08,211.268881165,36.1459293049,34.5671009641
2004-07-24,212.016233793,35.2071277475,33.0986948794
2004-08-25,188.18461532,19.4467551496,17.5081784895
2004-12-15,196.154447923,38.7956224966,32.147439883
2004-12-31,211.826367928,33.8344380028,30.7769799307
2005-02-17,212.016233793,31.3178325686,29.3080711621
2005-03-21,198.350747609,22.7742968791,21.254171999
2005-05-08,212.016233793,31.7075662727,29.477957957
2005-05-24,211.866357467,30.1574413896,27.7592271943
2005-06-25,212.016233793,29.4578777178,27.4693572432
2005-07-27,211.996249385,27.9389554697,25.9204674834
2005-08-12,212.016233793,27.079569416,25.101059834
2005-09-29,212.016233793,24.911129542,22.8626820273
2006-03-08,211.986256798,32.1272803381,30.9181744807
2006-07-14,211.96627168,33.3004850971,30.8082971389
2006-07-30,211.936290298,32.5969271145,30.0775549258
2006-08-31,189.143165519,14.5689941162,10.3022776895
2006-10-02,211.996247168,30.4971406631,27.8790787871
2006-11-19,186.583280515,11.1332424006,9.14344048535
2007-03-11,212.016233793,30.5983563986,28.8983588467
2007-04-28,212.016233793,31.8174990432,30.4972216865
2007-05-14,212.016233793,31.6775941232,29.9576290566
2007-05-30,212.016233793,31.2578936027,29.4180088027
2007-07-01,212.006241676,30.0374726025,27.8091241904
2007-07-17,212.006241901,28.9482365957,26.3002186914
2007-09-03,212.016233793,26.7498146436,24.7812996699
2007-09-19,212.016233793,25.8504616104,23.9918644355
2007-10-05,212.016233793,25.882575305,23.5721651143
2008-03-29,212.016233793,27.590511424,25.8105620986
2008-04-14,190.887602909,15.3983108203,14.8786917832
2008-07-03,211.826369881,27.2994156064,25.33090671
2008-08-20,211.956280184,24.2816047471,21.9334059355
2009-05-03,212.016233793,36.5745461617,36.4846018756
2009-05-19,182.202742962,32.5955020039,32.2957186602
2009-06-20,188.911029313,31.3286955367,29.1403125895
2009-07-06,212.016233793,36.1958977522,34.4871539797
2009-07-22,203.101144088,30.2198123419,27.9714785392
2009-08-07,212.016233793,35.8386891118,33.860157978
2009-08-23,212.016233793,35.1192058296,32.8168747795
2009-09-24,212.016233793,34.6095526362,32.3271983264
2009-10-10,212.016233793,34.4796317436,31.8475411457
2009-11-11,212.016233793,34.0158149788,31.0068521387
2010-04-20,212.016233793,35.8387017104,34.7994692075
2010-05-22,186.001266308,34.9893006704,33.9100948676
2010-06-07,212.016233793,35.4189986137,33.8801347602
2010-06-23,211.996249814,35.0992136997,33.2065769758
2010-09-11,212.006242003,32.5668957893,30.1374448105
2011-02-18,212.006242091,37.0641318033,37.5437971969
2011-03-06,212.016233793,35.3365468176,35.3565182453
2011-03-22,212.016233793,36.1948139254,36.2847428209
2011-05-09,212.016233793,36.8943059283,36.3147204029
2011-07-28,212.016233793,35.5688681723,33.6862271242
2011-09-14,212.006242358,32.7168094211,30.2273911016
2011-10-16,212.016233793,31.287797133,28.8183755996
2011-11-01,194.482078348,31.4925835351,26.5001786064