Date,Rarea,NDWI,MNDWI
1984-04-19,7.23690522,0.698477916377,0.631195257704
1984-05-05,7.23690522,0.806883399701,0.737786414058
1984-05-14,6.336300706,0.444656572083,0.503164294189
1984-05-21,6.96147056228,0.691496091825,0.66196527702
1984-05-30,7.23690522,0.733070600178,0.688068415631
1984-06-06,7.18605379856,0.719028794766,0.660524897878
1984-06-22,7.23690522,0.740271520588,0.625272237544
1984-07-01,7.23690522,0.986359080812,0.710024090076
1984-07-17,7.23690522,0.757010081747,0.673317127534
1984-07-24,7.23690522,0.755576971966,0.538882393041
1984-08-18,7.23690522,0.721372634198,0.642374365535
1984-08-25,7.23690522,0.724958996681,0.537435142585
1984-09-03,7.23690522,0.726773309003,0.629395060682
1984-09-10,7.23690522,0.801468623451,0.704443371387
1984-09-26,7.23690522,0.732159896584,0.590185395971
1984-10-12,6.96345392964,0.438006027489,0.274531117886
1984-10-21,7.23690522,0.767264245644,0.65639846443
1984-10-28,7.23690522,0.745887452266,0.649508201304
1984-11-06,7.23690522,0.852213813471,0.743765940429
1984-12-08,7.02019834721,1.02973031464,0.853678654286
1984-12-15,6.46163650541,0.913082354164,0.634262659237
1984-12-31,7.23690522,0.975483393624,0.807617491041
1985-01-25,7.23690522,1.09662822374,0.935599610394
1985-02-26,7.23690522,0.801631058168,0.735774464032
1985-03-14,7.23690522,0.790829683595,0.729699565185
1985-03-21,7.23690522,0.803110067594,0.747475934674
1985-04-06,7.23690522,0.768711618063,0.71417174339
1985-04-22,7.23150455978,0.75160948519,0.677478895076
1985-06-09,7.23690522,0.912280307481,0.838587800742
1985-06-25,7.23690522,0.771306096976,0.699995843261
1985-07-04,7.23690522,0.762026068361,0.682667738446
1985-07-27,7.23690522,0.825079923451,0.721937418745
1985-08-05,7.23690522,0.672229989054,0.0
1985-08-12,7.23690522,0.682667744305,0.00900112872314
1985-08-21,7.23690522,0.782213286703,0.669127173978
1985-08-28,7.23690522,0.733974246869,0.652586270622
1985-09-13,7.23690522,0.849721833395,0.751288167049
1985-09-22,7.23690522,0.787080976422,0.672349951706
1985-09-29,7.23690522,0.861423302755,0.789092958736
1985-10-08,7.23690522,0.864123576071,0.800794382014
1985-10-15,6.32671200271,0.983823980547,0.767112286329
1985-10-24,7.04034515411,0.750695118547,0.632434197811
1985-10-31,7.23690522,0.772679053631,0.666049082931
1985-11-09,7.23690522,0.874480172443,0.740197199941
1985-12-02,7.23690522,1.00856180919,0.818418902479
1986-01-12,7.23690522,1.03058448983,0.862111494424
1986-01-19,7.23690522,1.0405175097,0.860357069796
1986-02-04,6.2874792411,0.980206417346,0.849400403987
1986-02-13,7.23690522,0.974431526156,0.859418078999
1986-02-20,7.23690522,0.964152706815,0.881854001829
1986-03-24,7.23690522,0.739802094534,0.672822988718
1986-04-09,6.59297237544,0.367977249765,0.31684014917
1986-04-25,6.89252642211,0.714320046999,0.660390846374
1986-05-11,7.23690522,0.724870695325,0.662533399625
1986-05-20,7.23690522,0.744239143524,0.679967445599
1986-05-27,7.23690522,0.703596281189,0.624209748436
1986-06-12,7.23690522,0.867339369936,0.773579242047
1986-06-28,7.23690522,0.699233404571,0.501769425714
1986-07-07,7.23690522,0.742971879352,0.634273380489
1986-07-30,7.23690522,0.21705823685,0.0
1986-08-24,7.23690522,0.756109971457,0.678901356336
1986-09-09,7.23690522,0.794814864523,0.70358212585
1986-09-16,7.23690522,0.774465227638,0.687002387586
1986-09-25,7.23690522,0.733060004372,0.630295197218
1986-10-11,6.88259624188,0.586927460307,0.126040766466
1986-10-27,7.23690522,0.796406778253,0.662755738098
1986-11-28,7.23690522,0.993362145201,0.802361467139
1986-12-21,7.23690522,0.999461580956,0.829583720007
1986-12-30,7.23690522,1.05844913799,0.886238054758
1987-01-06,7.23690522,0.999380462624,0.764722591379
1987-01-15,6.66982291917,0.959856829397,0.709900454198
1987-02-07,7.23690522,0.922066233969,0.757405265681
1987-02-16,7.23690522,0.943439594972,0.820476921489
1987-03-04,7.23690522,0.875902847338,0.81091111907
1987-03-11,7.23690522,0.753487344286,0.669593166434
1987-03-27,7.23690522,0.751687129137,0.635388846121
1987-04-05,7.23690522,0.78319115819,0.711898574637
1987-04-12,6.17999520745,0.373483650894,0.304400756015
1987-05-07,7.12619084491,0.654291011869,0.588300304491
1987-05-23,7.18681304877,0.72964673141,0.66303826974
1987-05-30,7.23690522,0.769689430895,0.701005402464
1987-06-08,7.23690522,0.844215279776,0.726829788827
1987-06-15,7.23690522,0.777790399645,0.71670265679
1987-06-24,7.23690522,0.833597469042,0.742805944266
1987-07-01,7.17995430542,0.836103563394,0.757592402942
1987-07-17,7.23690522,0.802810072867,0.707196759887
1987-08-18,7.23690522,0.655664351178,0.0
1987-08-27,7.22415171898,0.846121327536,0.764563926369
1987-09-12,7.17064942661,0.78781865311,0.692632468802
1987-10-14,7.23690522,0.775887762995,0.691870054135
1987-10-30,6.85364081554,0.867554625331,0.728181674128
1987-11-15,7.23690522,0.90223534792,0.779766834602
1987-11-22,7.23690522,0.851931485395,0.706243503322
1987-12-17,7.16292577823,1.1675887589,1.01294230446
1988-01-02,7.23690522,1.21887057561,1.06094485503
1988-01-09,7.23690522,1.14782883691,1.01087740181
1988-02-10,7.23690522,1.10077615251,1.03667030485
1988-03-29,7.23690522,0.937876744432,0.904011255788
1988-04-14,7.23690522,0.817226204505,0.760504885184
1988-04-30,7.2360051058,0.885832518665,0.828927620094
1988-05-09,7.23690522,0.958544082191,0.909023676748
1988-05-16,7.13271423062,0.894759358901,0.823819739587
1988-05-25,7.23690522,0.963242333667,0.891035517066
1988-06-17,7.23690522,0.872133195838,0.793809122915
1988-07-12,7.23690522,0.847999497667,0.724221411195
1988-07-19,7.23600510318,0.900036670936,0.751733113558
1988-07-28,7.23690522,0.790222770912,0.586066333483
1988-08-04,7.19967925091,0.710677316849,0.169221380188
1988-08-13,7.23690522,0.81469527202,0.718203005813
1988-08-29,7.23690522,0.951540873767,0.845327407825
1988-09-05,7.23690522,0.919839092445,0.814695159777
1988-09-14,6.46499472539,0.747994595032,0.665184160583
1988-09-21,7.23690522,0.904537168434,0.821712539969
1988-10-23,7.23690522,0.98554736399,0.875902921068
1988-11-08,7.23690522,1.05662812413,0.919291852063
1988-12-03,7.23690522,1.29851888779,1.01402976543
1988-12-10,7.23690522,1.2361566183,1.09032769078
1988-12-19,7.23690522,1.24695789082,1.09796274829
1988-12-26,7.23690522,1.2069153563,1.03681156668
1989-01-04,7.23690522,1.25480478845,1.08693546817
1989-01-20,7.11921993686,0.940739565417,0.629271858995
1989-01-27,7.23690522,1.20742363,1.10253393269
1989-02-05,7.23690522,1.0440547692,0.88220374608
1989-02-28,7.23690522,1.07395622167,1.00011863799
1989-03-09,7.23690522,0.970640876472,0.920403899126
1989-03-16,7.23690522,0.923256082012,0.859517415701
1989-03-25,7.23690522,0.945956643119,0.899853115947
1989-04-17,7.23690522,0.978346677223,0.941667904354
1989-05-12,7.23690522,0.94434002782,0.899136627723
1989-05-19,7.23690522,0.956941574939,0.893735897315
1989-06-13,7.23690522,0.957841827563,0.881134408668
1989-06-20,7.23600510647,0.922539562354,0.883820552664
1989-07-06,7.23690522,0.95404367472,0.864201643602
1989-07-15,7.23690522,0.881134278907,0.774906665457
1989-07-22,7.23690522,0.907407055773,0.772788751994
1989-08-07,7.23690522,0.909937948402,0.838998345995
1989-08-23,7.23690522,0.920739308265,0.807310759146
1989-09-01,7.23690522,0.943242169654,0.875002908251
1989-09-08,7.23690522,0.916238744056,0.830897320421
1989-09-17,7.23690522,0.892835806678,0.802993806749
1989-09-24,7.13609295395,0.842429379859,0.46365080028
1989-10-03,7.23690522,0.958544046485,0.88400400548
1989-11-20,7.23690522,1.11948089518,0.972709330698
1989-12-13,7.23690522,1.30693018107,1.15415093109
1989-12-29,7.23690522,1.39432239762,1.28106007337
1990-01-14,7.23690522,1.28254252993,1.2099262999
1990-01-23,7.23690522,1.18500562542,1.07447513816
1990-02-08,7.23690522,1.10471552987,1.00876679338
1990-02-15,7.23690522,1.025307821,0.935310493334
1990-02-24,7.23690522,0.881303654161,0.804793959764
1990-03-12,7.23690522,0.955141224231,1.06649779578
1990-03-28,7.23690522,1.00439001423,0.943086907785
1990-04-04,7.23690522,1.03463031027,0.960609117782
1990-04-13,7.23690522,0.910975857866,0.843329593666
1990-04-20,7.23690522,0.885899782393,0.81117613574
1990-05-15,7.22700395468,1.00942711789,0.88950010588
1990-05-22,7.23690522,1.00311227435,0.906418761951
1990-06-07,7.23690522,0.984926338156,0.887685711607
1990-06-23,7.23690522,0.933817541536,0.831613935171
1990-07-02,7.23690522,0.885634899391,0.64859771362
1990-07-09,7.23690522,0.882299284713,0.760504950064
1990-08-03,7.23690522,0.947121485617,0.827561565729
1990-08-10,7.23690522,0.870611832114,0.738905650466
1990-08-19,7.23690522,0.912917230368,0.825761422235
1990-08-26,7.23690522,0.930919515463,0.823061063653
1990-09-04,7.23690522,0.943182206976,0.859517439383
1990-10-06,7.23690522,0.931480670965,0.810914755935
1990-10-13,6.61038150877,0.7446589972,0.531967409607
1990-11-07,7.23690522,1.06609179791,0.909108309261
1990-11-14,7.23690522,1.05869663427,0.910191853106
1990-11-23,7.23690522,1.15299325886,0.978134581788
1990-12-16,7.23690522,1.26832062009,1.08579528293
1991-01-01,7.23690522,1.2303043047,0.904173531868
1991-01-10,7.23690522,1.26813702674,1.04824106937
1991-01-17,7.23690522,1.18009188821,0.958653339188
1991-01-26,7.23690522,1.20127460948,1.00611932892
1991-02-11,7.23690522,1.07617301625,0.939175554193
1991-02-27,7.23690522,1.00651476872,0.922708838121
1991-03-15,7.23690522,0.995882932245,0.956094307615
1991-04-07,7.23690522,0.973408492366,0.922804395186
1991-05-18,7.23690522,0.873230991687,0.817226207923
1991-05-25,7.16143290979,0.82337161093,0.731376397677
1991-06-19,7.23690522,0.893100597701,0.81379522954
1991-07-05,7.23690522,0.904802049788,0.837462913141
1991-07-21,7.23690522,0.867632645973,0.809294624559
1991-07-28,7.23600510293,0.873033336952,0.739802261282
1991-08-13,7.23690522,0.820826676124,0.638897675841
1991-08-22,7.23690522,0.839093762679,0.756269115354
1991-09-14,7.23690522,0.897587009214,0.841779918943
1991-11-01,7.23690522,0.92820495439,0.879319882254
1991-11-10,7.23690522,0.949712229052,0.858617121817
1991-11-17,7.23690522,1.02198617675,0.930358031208
1991-12-19,7.23690522,1.2267002133,1.14355445564
1991-12-28,7.23690522,1.14610296873,1.06346188487
1992-01-04,7.23690522,1.03905996555,0.98730157688
1992-01-13,7.23690522,0.850699705248,0.80160282547
1992-01-29,7.23690522,0.921808676073,0.882602502544
1992-02-14,7.23531677004,0.727384158007,0.660895689932
1992-03-08,7.23690522,0.868066708612,0.82917823596
1992-04-02,7.23690522,0.815595293016,0.794892678698
1992-04-18,7.23690522,0.656091589407,0.623687471792
1992-04-25,7.23690522,0.76537251582,0.762305062063
1992-05-04,7.23690522,0.726484077623,0.69137959569
1992-05-11,7.23690522,0.73800203533,0.707129878559
1992-06-05,7.23690522,0.780755734369,0.722700108389
1992-06-28,7.23690522,0.804624625099,0.75303569112
1992-07-07,7.23690522,0.851599931505,0.795609270498
1992-07-14,7.23600510318,0.765905551443,0.561565295221
1992-07-23,7.23510499313,0.757087908739,0.625455894942
1992-07-30,7.23690522,0.792908989676,0.749032817049
1992-08-08,7.23600510165,0.72720057189,0.681877178386
1992-08-15,7.23690522,0.748167985105,0.701100823257
1992-08-24,7.23690522,0.733684929918,0.664774993816
1992-08-31,7.23690522,0.803710317923,0.761987375346
1992-09-09,7.23690522,0.79947443585,0.713642403223
1992-09-16,7.23690522,0.810011131277,0.761313165709
1992-09-25,7.23690522,0.761404862478,0.720582017131
1992-10-02,7.23690522,0.760504803274,0.709198288138
1992-10-11,7.23690522,0.572381063101,0.548346240805
1992-10-18,7.23690522,0.646190362967,0.617054853697
1992-11-03,7.23690522,0.851095049761,0.817741374826
1992-11-12,7.23690522,0.905144135805,0.84991949932
1992-11-28,7.23690522,0.903291025267,0.805464458838
1992-12-05,7.23690522,0.838218073233,0.691333635961
1992-12-30,7.23690522,1.10513902812,1.2508058153
1993-01-06,7.23690522,1.05769753301,0.967820248455
1993-01-22,7.23690522,0.932264027699,0.884519095215
1993-02-07,7.23690522,0.915430065634,0.876418060119
1993-02-16,7.23690522,0.856022614584,0.829612215149
1993-02-23,7.23690522,0.684101007162,0.679293281189
1993-03-11,7.03662172479,0.70480356838,0.654990174927
1993-04-05,7.23690522,0.521120406228,0.516468034684
1993-04-12,7.23690522,0.635389033621,0.604732176501
1993-04-21,7.23690522,0.70019713201,0.645819613657
1993-05-07,7.23690522,0.716399223868,0.665396262991
1993-05-30,7.23690522,0.792908902518,0.726604016287
1993-06-08,7.23690522,0.789213078061,0.741175230328
1993-06-15,7.23510498544,0.747624367433,0.677267183148
1993-06-24,7.23690522,0.67921565088,0.615159266034
1993-07-01,7.23690522,0.776427939699,0.709671221356
1993-07-26,7.23690522,0.748376151471,0.622571957576
1993-08-02,7.23690522,0.783480630109,0.709897164123
1993-08-11,7.23690522,0.79571507717,0.722258693337
1993-08-18,7.23690522,0.728573634198,0.634273418636
1993-08-27,7.23690522,0.73127396629,0.67297832635
1993-09-12,7.23690522,0.574654229535,0.517523412234
1993-10-05,7.23690522,0.529634456398,0.29043004626
1993-10-21,7.17654084153,0.68187701843,0.581152481702
1993-11-15,7.23690522,0.892895497058,0.734860273049
1993-11-22,7.23690522,1.00123036562,0.928310563291
1993-12-01,7.23690522,1.02643355107,0.9356561858
1993-12-17,7.23690522,1.11222669946,1.03836445794
1993-12-24,7.23690522,1.09125242783,1.02515232373
1994-01-02,7.23690522,1.13777554298,1.1079622821
1994-01-09,7.23690522,1.10036644615,1.05488075703
1994-01-25,7.23690522,1.05409370572,0.974915359691
1994-02-03,7.23690522,0.919055413622,0.839711193823
1994-02-19,7.23690522,0.787787067489,0.782051045088
1994-03-14,7.23690522,0.878663463339,0.888366993479
1994-03-23,7.23690522,0.910019143176,0.916168179773
1994-04-15,6.89149906835,0.855031078163,0.861317705801
1994-06-02,7.23690522,0.844427377063,0.782838372356
1994-06-11,7.23690522,0.772220555458,0.712082324083
1994-06-18,7.23690522,0.789322730506,0.718383113512
1994-06-27,7.23690522,0.786791765917,0.724683866625
1994-07-04,7.23589214632,0.828814764615,0.750857787783
1994-07-20,7.22499895162,0.784617372403,0.717094667522
1994-07-29,6.97146610289,0.683186463013,0.603976422791
1994-08-14,7.23690522,0.77959085454,0.721266957227
1994-08-30,7.23690522,0.775990362108,0.70469776409
1994-09-06,7.23690522,0.73530169335,0.637418645479
1994-09-15,7.23690522,0.720183316454,0.655784540253
1994-10-01,7.23690522,0.818295708116,0.76815403753
1994-10-08,6.19610050842,0.618826787008,0.572949176774
1994-10-17,7.23690522,0.802993765123,0.748760992774
1994-10-24,7.23690522,0.756187843737,0.674994007254
1994-11-09,7.23690522,0.952412634203,0.879584615293
1994-11-18,7.23690522,0.987672346459,0.889814061676
1994-12-04,7.23690522,1.01554414458,0.88922102532
1994-12-11,7.23690522,1.00181294977,0.872838899427
1994-12-20,7.23690522,1.08983335563,0.976351933485
1994-12-27,7.23690522,1.00693825884,0.837607371002
1995-01-05,7.23690522,1.10359980179,0.979595935985
1995-01-12,7.23690522,1.00383899056,0.854730735211
1995-01-21,7.23690522,1.01200003907,0.885620546622
1995-01-28,7.23690522,0.817211924124,0.70469767565
1995-02-06,7.23690522,0.857900538805,0.681298249221
1995-02-22,7.19499550249,0.916309173973,0.819195708361
1995-03-26,7.23690522,0.548978046988,0.563874044168
1995-04-02,7.23690522,0.748986881334,0.688799220938
1995-05-04,7.11998190214,0.644665211727,0.584173996704
1995-05-13,7.23690522,0.732601354361,0.67435865283
1995-05-20,7.23690522,0.658975573351,0.627287987539
1995-05-29,7.23690522,0.747186702257,0.68454580317
1995-06-14,7.23150452334,0.698580538195,0.640073094957
1995-06-21,7.23690522,0.738902092093,0.642628669614
1995-07-16,7.23690522,0.739985751635,0.672876042277
1995-07-23,7.23690522,0.764288849657,0.692004349791
1995-08-17,7.23690522,0.73638527672,0.654548981876
1995-08-24,7.23690522,0.796509365347,0.758115065293
1995-09-09,7.23690522,0.787508222342,0.726667552686
1995-09-18,7.23690522,0.74610300115,0.691863169239
1995-09-25,7.23690522,0.739802172171,0.657295223135
1995-10-04,7.23690522,0.782898087028,0.738474813336
1995-10-20,7.23690522,0.802125245747,0.762777921368
1995-10-27,7.23690522,0.718866434158,0.656317347691
1995-11-21,7.21526345183,0.661213300478,0.566867210353
1995-12-30,7.23690522,1.12015107815,1.10077574521
1996-02-16,7.23690522,0.977689913128,0.931699349831
1996-03-28,7.23690522,0.933538686145,0.952183429632
1996-04-04,7.23690522,0.909037965797,0.89327005993
1996-04-13,7.00294594124,0.621022452984,0.665297471549
1996-05-15,6.76414492596,0.908335510303,0.865338260987
1996-05-22,7.23690522,0.90903794651,0.869432906043
1996-05-31,7.23690522,0.857512431171,0.803675008086
1996-06-23,7.23690522,0.900234506274,0.864032243019
1996-07-09,7.23690522,0.761419209449,0.669166238019
1996-07-25,7.23690522,0.766636316143,0.687274446551
1996-08-10,7.23690522,0.840332403353,0.765566454387
1996-09-27,7.23690522,0.793823299415,0.722883690721
1996-10-13,7.23690522,0.842429441017,0.783007762137
1996-11-14,7.23690522,0.900036681251,0.818112152029
1996-11-30,7.23690522,0.97564624662,0.852680014542
1996-12-16,7.23690522,1.09247742411,1.06384302928
1997-02-02,7.23690522,0.99454860276,0.937841377662
1997-02-11,7.23218222338,0.869432806861,0.824427062538
1997-02-18,7.23690522,0.853996681223,0.822312657702
1997-02-27,7.23690522,0.80282445127,0.765189053881
1997-03-06,7.23690522,0.824427171546,0.774190193041
1997-03-15,7.23690522,0.786622389076,0.731531860576
1997-03-22,7.23690522,0.662406698097,0.644573806017
1997-04-07,7.23690522,0.869432865089,0.851600008165
1997-05-09,7.23690522,0.870333019203,0.820096030626
1997-06-10,7.02065426818,0.829125482043,0.765905664602
1997-06-26,7.23690522,0.783021940895,0.721083477587
1997-07-05,6.49580236859,0.783219638477,0.724500400076
1997-07-12,7.23690522,0.810925444007,0.72468388579
1997-07-21,6.66165910398,0.65790594712,0.612169570604
1997-07-28,7.23690522,0.642420665325,0.540365219911
1997-08-06,7.23600510403,0.712813012245,0.676794299917
1997-08-13,7.23690522,0.688509983985,0.61401577585
1997-08-29,7.23690522,0.664206940406,0.608385703299
1997-09-07,7.23690522,0.777621262367,0.745202980704
1997-09-23,7.19163438164,0.783191364122,0.711365767896
1997-09-30,7.23690522,0.882934603614,0.857000704271
1997-10-09,7.1512206578,0.809841811199,0.769689664598
1997-10-16,7.23690522,0.777621238258,0.697496950064
1997-10-25,7.23089734213,0.819058166819,0.789523826802
1997-11-01,7.23690522,0.802993804003,0.75510418743
1997-11-17,7.23690522,0.91263825315,0.857000583116
1997-12-12,7.23132446648,0.995646425037,0.884734667457
1997-12-28,7.23690522,0.94433997063,0.849446716289
1998-01-20,7.23690522,0.926235339598,0.848751294245
1998-02-14,7.23690522,0.801239358956,0.806978855844
1998-02-21,7.23690522,0.760017832856,0.73065290738
1998-03-02,7.23690522,0.702407034553,0.664408058735
1998-03-09,7.23690522,0.660080512075,0.641686368017
1998-03-18,7.23690522,0.639903851112,0.614686492727
1998-04-03,7.23690522,0.688510025733,0.667793236014
1998-04-19,7.23690522,0.73801624662,0.674093994742
1998-05-05,7.23600510428,0.75798817882,0.704881443651
1998-06-06,7.23690522,0.675908491554,0.638089517752
1998-06-13,7.13267152797,0.667104782246,0.584280093662
1998-06-22,7.23690522,0.738916384315,0.671393667227
1998-06-29,7.23600510318,0.622071030687,0.566673343048
1998-07-15,7.23600510251,0.750787228685,0.451970432974
1998-07-24,7.23690522,0.734585230089,0.59241301401
1998-07-31,7.23690522,0.786791763048,0.717528839083
1998-08-09,7.23690522,0.778690751512,0.705290826446
1998-08-16,7.23690522,0.669776931566,0.609515146639
1998-08-25,7.23690522,0.750787171678,0.653084175995
1998-09-01,7.23690522,0.757988099657,0.703797685293
1998-10-03,7.23690522,0.793092503099,0.73853849749
1998-10-12,7.23690522,0.621170830248,0.573281181326
1998-10-19,7.23690522,0.568064071886,0.516573980093
1998-10-28,7.23690522,0.58696646245,0.524004332674
1998-11-04,7.23690522,0.710098459036,0.639356540662
1998-11-13,7.23690522,0.686879025866,0.614153342786
1998-11-20,7.23690522,0.723755413175,0.652173411906
1998-11-29,7.23690522,0.916026841541,0.829813524405
1998-12-06,7.05969473195,0.906323180716,0.826505962574
1998-12-15,7.23690522,0.865969870328,0.73911727657
1999-01-07,7.23690522,1.00117052556,0.877286546464
1999-01-16,7.23690522,1.01740075392,0.92833536624
1999-02-08,7.23690522,0.878451393196,0.823392602495
1999-02-24,7.23690522,0.827296764879,0.790208512259
1999-03-21,7.23690522,0.760504849966,0.723282463115
1999-03-28,7.23690522,0.728284355699,0.689074642657
1999-04-06,7.23690522,0.624771179369,0.591339838905
1999-04-13,7.23690522,0.583182506521,0.588050117139
1999-04-22,7.23690522,0.711182200792,0.655375104784
1999-05-08,7.23690522,0.665276355455,0.623687540152
1999-05-24,7.23122566179,0.653112457286,0.181748954547
1999-06-09,7.23690522,0.721083395006,0.68849570513
1999-06-16,7.23690522,0.744486359911,0.64618679402
1999-06-25,7.23690522,0.668876794298,0.619769368144
1999-07-18,7.20008516684,0.57714982677,0.559436901899
1999-07-27,7.23690522,0.562663388903,0.51117331243
1999-08-03,7.23690522,0.634488926199,0.573510575533
1999-08-19,7.23690522,0.669593355948,0.606267644694
1999-08-28,7.23690522,0.724683841295,0.676794235098
1999-09-13,7.23690522,0.746102996145,0.71540734149
1999-09-29,7.23690522,0.604968718553,0.56346812545
1999-10-22,7.2170637481,0.642921939405,0.601294299202
1999-10-31,7.23690522,0.607499698829,0.550061784349
1999-11-07,7.23690522,0.678778088427,0.643490079642
1999-11-23,7.23690522,0.755118347877,0.681658390153
1999-12-18,7.23690522,0.989853707603,0.929203646423
1999-12-25,7.23690522,0.933704429689,0.8491254278
2000-01-26,7.23690522,0.868702047716,0.81469517351
2000-02-11,7.23690522,0.738577521999,0.699410196802
2000-02-20,7.23690522,0.563062277629,0.54078529022
2000-04-08,6.50803797353,0.63628908959,0.573863581157
2000-04-15,7.23690522,0.551922372457,0.506718929514
2000-05-26,7.23690522,0.741786014391,0.686695484427
2000-06-27,7.23690522,0.595784017081,0.498201005685
2000-07-04,7.23060440054,0.682378477831,0.583990689879
2000-07-20,7.23690522,0.638989485281,0.579264206279
2000-07-29,7.23690522,0.642589976309,0.596955925472
2000-08-14,7.23690522,0.571664513048,0.526778764151
2000-08-21,6.28831216898,0.307772241172,0.275809327607
2000-09-06,7.23690522,0.558879374075,0.458525406899
2000-09-15,7.23690522,0.81810904472,0.758874423164
2000-10-08,7.23690522,0.58318242156,0.527678859732
2000-10-17,7.23690522,0.730578097883,0.670552857894
2000-11-18,7.23690522,0.831613717581,0.757207811087
2000-11-25,7.23690522,0.864734402333,0.76782563146
2001-01-05,7.23690522,0.93732239604,0.827949628204
2001-01-21,7.23690522,0.947908454605,0.867554667145
2001-01-28,7.23690522,0.902373267781,0.841511426183
2001-02-06,7.23690522,0.771306074393,0.731019786738
2001-02-13,7.23690522,0.750285841045,0.703705805601
2001-03-01,7.23690522,0.709198320669,0.664238487222
2001-03-10,7.23690522,0.68039469219,0.637404523152
2001-05-13,7.23690522,0.868244446234,0.836740387823
2001-05-20,7.16552422873,0.568981544843,0.537703444458
2001-05-29,7.23690522,0.563485715658,0.551251189557
2001-06-05,7.1668513165,0.490721090425,0.503548538502
2001-06-21,7.23330475326,0.645763187604,0.576666169856
2001-06-30,7.23690522,0.649363635297,0.600069144771
2001-07-16,7.23690522,0.603457841962,0.195197779483
2001-07-23,7.23690522,0.605258066693,0.059460649394
2001-08-01,7.23510498678,0.268364782748,0.0
2001-08-08,7.23690522,0.61389215444,0.578466431453
2001-08-17,7.23690522,0.608491440756,0.573065737727
2001-09-02,7.23690522,0.647563428265,0.582066872188
2001-09-25,7.23690522,0.642162760419,0.577876948295
2001-10-20,7.23690522,0.661065114422,0.587467550655
2001-11-12,7.23690522,0.640362483075,0.636073666621
2001-11-28,7.23690522,0.736660511696,0.678911964457
2001-12-14,7.23690522,0.848624075788,0.724101208613
2002-02-09,7.23690522,0.533248899274,0.488243234296
2002-02-16,7.23690522,0.60975865849,0.560478264038
2002-03-20,7.23690522,0.636394975302,0.578480565918
2002-05-16,7.23690522,0.539260411974,0.542680790603
2002-06-08,7.23600510336,0.63827296007,0.58588275701
2002-06-17,7.23690522,0.581565779589,0.57076438109
2002-06-24,7.23690522,0.631972133898,0.549281592398
2003-06-27,7.23690522,0.622971029161,0.52184032713
2003-07-06,7.23690522,0.673423272799,0.604693349486
2003-07-13,6.94100004759,0.674093913382,0.299829624348
2003-07-22,7.23690522,0.65987569359,0.575663795268
2003-08-07,7.23690522,0.648174187853,0.587686503432
2003-08-14,7.23690522,0.692279771227,0.642226331353
2003-09-15,7.23690522,0.69858057567,0.621569604777
2003-09-24,7.23690522,0.694980113634,0.657891852835
2003-10-17,6.6564150805,0.575483555923,0.496788819486
2003-10-26,7.23690522,0.716582844469,0.643490062735
2004-01-05,7.23690522,0.983182582619,0.886520862901
2004-01-21,7.23690522,0.875228899722,0.822295062114
2004-01-30,6.94491005379,0.99514799933,0.900286811999
2004-02-06,7.23690522,0.766833953173,0.736385402147
2004-03-09,6.92355230706,0.425962455439,0.409029699101
2004-03-18,7.23690522,0.702911887123,0.677878084215
2004-03-25,7.23690522,0.416530541473,0.413957214751
2004-04-19,7.23690522,0.790222894752,0.770420364662
2004-04-26,7.23690522,0.795440021282,0.769506134878
2004-06-22,7.23690522,0.844229736732,0.80641080126
2004-07-15,7.23690522,0.668707535133,0.574957853748
2004-07-31,7.23690522,0.733515720985,0.671393681631
2004-08-16,7.23690522,0.714613335731,0.663292699942
2004-08-25,7.23690522,0.684009440833,0.533976179288
2004-09-17,7.23690522,0.634503189491,0.577464125652
2004-09-26,7.23690522,0.714782684496,0.673377410875
2004-10-19,7.23690522,0.678608759986,0.629988454703
2004-11-04,7.23690522,0.839729123207,0.786791797716
2004-11-13,7.23690522,0.912793604079,0.907407013597
2004-12-06,7.23690522,0.94861462837,0.896026750011
2004-12-31,7.23690522,1.01633141339,0.969345374549
2005-01-07,7.23690522,0.969525496095,0.90650685631
2005-01-23,7.23253875291,0.821529161714,0.761390976122
2005-02-01,7.23690522,0.886012419098,0.819926422706
2005-03-21,7.23420487491,0.571664615099,0.560146647961
2005-03-28,7.23690522,0.687807603137,0.649074440599
2005-04-06,7.23690522,0.770618128284,0.738213990649
2005-04-29,7.11690697976,0.691478500732,0.641788644413
2005-05-15,7.23690522,0.711182266283,0.649473219707
2005-05-24,7.23690522,0.653574968859,0.608752768933
2005-06-25,7.23690522,0.710282119982,0.657891923269
2005-07-18,7.14466989306,0.49893518592,0.0
2005-07-27,7.23690522,0.728284395006,0.68489532482
2005-08-03,7.23690522,0.66437626787,0.272914830379
2005-08-12,7.23690522,0.702181072741,0.651227518242
2005-08-19,7.23690522,0.664376269213,0.578590067442
2005-08-28,7.23690522,0.72468393413,0.681294855032
2005-09-04,7.23690522,0.72108344121,0.664559776685
2005-09-20,7.23690522,0.667076618456,0.624587682608
2005-10-06,7.22430359604,0.568064104296,0.510488526326
2005-10-22,7.23690522,0.751687314867,0.782107596426
2005-11-07,7.23690522,0.699297109488,0.644083057709
2005-11-16,7.23690522,0.835397851915,0.81181129418
2006-02-04,7.23690522,0.913707820177,0.88562062615
2006-02-11,7.23690522,0.821726702308,0.820095869249
2006-03-08,7.23690522,0.812725689369,0.779774444409
2006-03-31,7.23690522,0.738415150056,0.700779756572
2006-04-25,7.22250337735,0.582592931077,0.310320461727
2006-05-18,6.94917512637,0.552669952393,0.380748201843
2006-06-03,7.23485436666,0.68968186955,0.0152454677909
2006-06-12,7.23690522,0.71838315996,0.68219502648
2006-07-30,7.23690522,0.719283254137,0.650373301311
2006-08-06,7.23690522,0.703081229967,0.650327429314
2006-08-22,7.23690522,0.709381993883,0.626987965896
2006-09-07,7.23690522,0.669776991014,0.626980930328
2006-09-16,7.23690522,0.699311311927,0.679678197069
2006-10-02,7.23690522,0.672477300035,0.604114466646
2006-10-09,7.18419435175,0.683278637255,0.535945764911
2006-10-25,7.23690522,0.743120300969,0.707945235669
2006-11-10,7.23690522,0.729915172889,0.726300562308
2006-11-26,7.23690522,0.839714899949,0.791518142913
2006-12-05,7.23690522,0.872119039842,0.788591900255
2006-12-12,7.23690522,0.830713758714,0.76446881392
2006-12-21,7.23690522,0.943577442177,0.854635529045
2006-12-28,7.23690522,0.924660916129,0.837720453192
2007-01-06,7.23690522,0.875158116967,0.747906708694
2007-01-13,7.23690522,0.800275735492,0.734994504913
2007-01-22,7.23690522,0.825313067063,0.749018664387
2007-02-23,7.23690522,0.614870077928,0.599077443634
2007-03-02,7.23690522,0.768620057472,0.723600202749
2007-03-11,7.23690522,0.711182211046,0.668696793349
2007-04-03,7.23690522,0.705781521532,0.658259016125
2007-05-14,7.2360051036,0.645473881578,0.599388017715
2007-05-30,7.23690522,0.679678232836,0.624587674185
2007-06-15,7.23690522,0.547361520433,0.597587807021
2007-06-22,7.05967040603,0.497982174399,0.533086550742
2007-07-01,7.23510498477,0.602268467089,0.598484368887
2007-07-08,7.1661560789,0.5324194245,0.220570323911
2007-07-17,7.23562740636,0.586405207711,0.0111861473961
2007-07-24,7.23690522,0.66977697307,0.572063364909
2007-08-18,7.23690522,0.62747159453,0.573496481892
2007-08-25,6.49384340961,0.639356574109,0.597051189526
2007-09-03,7.23690522,0.666176493395,0.609652833813
2007-09-26,7.23690522,0.679494625967,0.622254406873
2007-10-05,7.23690522,0.672477273851,0.63358880712
2008-03-04,7.23690522,0.664538605691,0.59897497369
2008-03-13,7.10693542762,0.661492393851,0.522970037101
2008-03-29,7.23690522,0.730815324256,0.686879144762
2008-04-05,7.00408204005,0.446774273936,0.19712494342
2008-04-21,7.15359692552,0.655353836223,0.608717309805
2008-04-30,7.20602949509,0.610814156248,0.0
2008-05-07,7.22997255091,0.709650276268,0.637683452743
2008-05-23,7.07167896374,0.603076497375,0.544569063293
2008-06-01,7.23690522,0.714782686632,0.679494653738
2008-06-08,7.02340807488,0.529267099426,0.489662063293
2008-07-03,7.23690522,0.736385427904,0.673423285616
2008-08-20,7.23690522,0.314231886827,0.357790092869
2008-09-05,7.23690522,0.741616679847,0.717483008776
2008-09-12,7.02117856555,0.596366482768,0.612183830666
2008-10-07,6.86473704668,0.170428664145,0.152119290466
2008-10-30,7.0455916678,0.681587427493,0.715498645616
2008-11-15,7.23690522,0.745933776343,0.68399532189
2008-11-24,7.23690522,0.833583669447,0.759604832571
2008-12-26,7.23690522,0.970595141138,0.876450199988
2009-01-27,7.23690522,1.01649031933,1.00189077202
2009-02-12,7.23690522,0.902232322578,0.887833997712
2009-02-19,7.23690522,0.772866474273,0.767635214822
2009-03-07,7.23690522,0.860491759632,0.853686211994
2009-04-08,7.23690522,0.802993929857,0.780307501456
2009-04-17,6.28644414366,0.69121041117,0.683278787401
2009-04-24,6.81023212245,0.147618670532,0.0234029576416
2009-05-03,7.07925421226,0.619278501282,0.5850741521
2009-05-10,7.20990178976,0.740716626319,0.692279866014
2009-06-11,7.09269222883,0.61927863092,0.536468084717
2009-06-20,7.23690522,0.620708408632,0.647560027057
2009-06-27,7.23690522,0.761419249183,0.760505000906
2009-07-06,7.23690522,0.785722352027,0.726300666006
2009-07-13,7.2363722116,0.689777286924,0.646419958834
2009-07-22,7.08912334892,0.614245184689,0.566023713715
2009-07-29,6.89089078611,0.63373015636,0.521604167056
2009-08-23,7.23690522,0.708312523048,0.652494829726
2009-08-30,7.23690522,0.730815393043,0.679494720022
2009-09-08,7.23690522,0.70651229795,0.678061602368
2009-09-24,6.76457060918,0.308739150757,0.3690467901
2009-10-01,7.23690522,0.710112752601,0.660592334158
2009-10-10,7.23690522,0.622801757484,0.697680551134
2009-10-17,7.23690522,0.727214909522,0.680394838003
2009-10-26,7.23690522,0.725414684852,0.709198474051
2009-11-02,7.23690522,0.800124113258,0.785708151663
2009-11-11,7.23690522,0.754218302711,0.735301770987
2009-11-18,7.23690522,0.790392271105,0.747003244925
2009-11-27,7.23690522,0.761588622789,0.694111824727
2009-12-04,7.23690522,0.867420808104,0.807310811758
2010-01-21,7.23690522,0.856241755588,0.829637201563
2010-01-30,7.23690522,0.888335262916,0.863132065284
2010-02-06,7.23690522,0.805524679237,0.779590793322
2010-03-03,7.23690522,0.716611256091,0.881134380042
2010-04-20,7.23690522,0.735315987647,0.714613359474
2010-05-06,7.23150451547,0.774920966529,0.757988210741
2010-05-22,7.23690522,0.758888347521,0.722700210257
2010-05-29,7.12512493447,0.64664214218,0.591904582193
2010-06-07,7.23690522,0.701281067858,0.674094089102
2010-06-23,7.23690522,0.599398820045,0.62945549751
2010-06-30,7.23600510513,0.678608811378,0.623917129061
2010-07-16,7.1454852501,0.624993603505,0.448549831968
2010-07-25,6.93657345461,0.0972123591919,0.0
2010-08-01,7.23690522,0.757088077623,0.708298328177
2010-09-11,7.23690522,0.704881502123,0.674994163443
2010-10-20,7.23690522,0.85612901958,0.784991637133
2010-11-05,7.23690522,0.715513436195,0.692463449292
2010-11-14,7.23690522,0.797423803138,0.746286717699
2010-12-16,7.23690522,0.893047683539,0.826428567647
2011-01-01,7.23690522,0.918038999916,0.854300286913
2011-01-08,7.23690522,0.996317099571,0.947912049059
2011-01-17,7.23690522,0.692505780891,0.626070285991
2011-01-24,7.23690522,0.633603041175,0.72360024816
2011-02-02,7.23690522,0.817942806006,0.789241517333
2011-02-09,7.23690522,0.775990440599,0.750603702872
2011-02-18,7.23690522,0.734415833106,0.721800070547
2011-02-25,7.23690522,0.734415825111,0.703797803824
2011-03-06,7.23690522,0.695880334948,0.678778143969
2011-03-22,7.23690522,0.640073259691,0.578011244661
2011-03-29,7.23690522,0.685809671546,0.662392555166
2011-04-14,7.23690522,0.692279894457,0.62998843981
2011-05-09,7.23690522,0.749887176744,0.680214780384
2011-06-10,7.23690522,0.616500958167,0.648890912039
2011-07-28,7.23690522,0.667976834703,0.590754034918
2011-08-04,7.23690522,0.391987560329,0.0
2011-09-05,7.23690522,0.75871889994,0.716399369131
2011-09-14,7.23690522,0.714782721849,0.682198575637
2011-09-21,7.23690522,0.738185678942,0.699300727004
2011-10-16,7.23690522,0.666007135536,0.658075519457
2011-11-01,7.23690522,0.776890559313,0.761588582262
2011-11-08,7.23690522,0.814525924354,0.813611650809