Date,Rarea,NDWI,MNDWI
1984-04-19,8.22439522185,0.242135347412,0.215131414734
1984-05-05,8.22439522185,0.207030188232,0.194428363464
1984-05-14,8.22439522185,0.0144021162109,0.171024916809
1984-05-21,8.22439522185,0.160223321655,0.161123467041
1984-05-30,8.22439522185,0.150304094556,0.143173722927
1984-06-06,8.22439522185,0.121517645142,0.116116875671
1984-06-15,7.99742032518,0.0666096434326,0.0234033843994
1984-06-22,8.02783353907,0.0,0.0
1984-07-17,8.22439522185,0.0,0.0
1984-08-18,8.22439522185,0.00360053881836,0.0
1984-09-03,8.22439522185,0.00180027069092,0.0
1984-09-26,8.22439522185,0.0081012166748,0.0
1984-10-21,8.22439522185,0.162133601194,0.0216032354126
1984-10-28,8.22439522185,0.21202237282,0.0162024249878
1984-11-06,8.22439522185,0.333815766027,0.0819123712158
1984-11-13,7.60670870709,1.00249767711,0.210937880015
1984-11-22,8.22439522185,0.666974366599,0.335636916534
1984-11-29,8.22439522185,0.600724955453,0.561835162164
1984-12-15,8.22439522185,1.07670752829,0.669674682404
1984-12-31,8.22439522185,1.08420532061,0.614957191237
1985-01-25,8.22439522185,0.791256424012,0.89025694378
1985-02-10,8.22439522185,0.963072256427,0.642694988892
1985-02-17,8.22439522185,0.653496614197,0.580585775085
1985-02-26,7.9734351401,1.04556992183,0.715757862453
1985-03-05,8.22439522185,0.694902704468,0.593187638306
1985-03-14,8.22439522185,0.659797457703,0.575184934692
1985-03-21,8.22439522185,0.656196901672,0.585986553101
1985-04-06,8.22439522185,0.601288697021,0.55448181958
1985-04-15,8.22439522185,0.661724880202,0.604116355666
1985-04-22,8.22439522185,0.661597785583,0.620191698181
1985-05-08,8.22439522185,0.628292877808,0.536479345886
1985-05-17,8.22439522185,0.634593756714,0.617491323364
1985-06-02,8.22439522185,0.612090360535,0.601288847656
1985-06-09,8.22439522185,0.590487092529,0.584186305298
1985-06-25,8.22439522185,0.550881247253,0.46356831842
1985-07-04,8.22439522185,0.54548049707,0.529278221863
1985-07-27,8.22439522185,0.522977050537,0.496873337585
1985-08-05,8.22439522185,0.479770710388,0.0
1985-08-12,8.22439522185,0.477970692261,0.0
1985-08-21,8.22439522185,0.499573571899,0.434764100464
1985-08-28,8.22439522185,0.490572250854,0.416761445557
1985-09-29,8.22439522185,0.514875842102,0.42756296991
1985-10-08,8.22439522185,0.509475023804,0.43566413562
1985-10-15,8.22439522185,0.569893472275,0.42486262207
1985-11-09,8.22439522185,0.743753615891,0.524777582275
1985-11-16,7.36375131575,0.787873001008,0.682300915405
1985-12-02,8.22439522185,1.24768037056,0.898100605775
1986-01-03,8.22439522185,1.36300650626,1.00154190086
1986-01-12,8.22439522185,1.30169862805,0.976789842382
1986-01-19,8.22439522185,1.18904460986,0.883673653906
1986-02-04,8.22439522185,1.01519892367,0.765519541697
1986-02-13,8.22439522185,0.920843687632,0.685001490845
1986-02-20,8.22439522185,0.814715966159,0.628292956482
1986-03-08,8.22439522185,0.666098473999,0.568884057983
1986-03-24,8.22439522185,0.587786750366,0.529278139954
1986-04-02,8.22439522185,0.544580283508,0.491472492249
1986-04-09,8.22439522185,0.529277996277,0.474369941833
1986-04-25,8.22439522185,0.515775919495,0.467168787964
1986-05-04,8.22439522185,0.474369762817,0.446465708679
1986-05-20,8.22439522185,0.396958275146,0.421262006775
1986-06-05,8.22439522185,0.317746597717,0.404159455139
1986-06-12,8.04819389786,0.252036913879,0.357352569702
1986-06-21,8.22439522185,0.30784504425,0.369954394653
1986-06-28,8.22439522185,0.166524376465,0.0
1986-07-07,8.22439522185,0.283541481567,0.272740134338
1986-07-23,8.22439522185,0.259237915222,0.0801117841187
1986-08-08,8.22439522185,0.0315046102905,0.0
1986-08-15,8.22439522185,0.216031634033,0.111616459839
1986-08-24,8.22439522185,0.24573594873,0.272739980286
1986-08-31,8.22439522185,0.202529625305,0.254737319641
1986-09-09,8.22439522185,0.219632176941,0.267339157715
1986-09-16,8.22439522185,0.204329944275,0.274540204773
1986-09-25,8.22439522185,0.207030410522,0.25383715509
1986-10-11,7.92317710205,0.34205030542,0.258337808655
1986-10-18,7.79082808357,0.237634766479,0.220532260986
1986-10-27,8.22439522185,0.480385203934,0.283541611877
1986-11-12,8.22439522185,0.678054621052,0.397858922424
1986-11-28,8.22439522185,0.840343316769,0.495433570815
1986-12-21,8.22439522185,1.04567944974,0.641841448715
1986-12-30,8.22439522185,1.11342927617,0.706954584756
1987-01-06,8.22439522185,1.08569459961,0.634361472029
1987-01-15,8.22439522185,0.957946367655,0.318646764282
1987-01-31,8.22439522185,0.956474258022,0.575810081133
1987-02-07,8.22439522185,0.842616526673,0.479936987013
1987-02-16,8.22439522185,0.665357344604,0.394258173157
1987-03-04,8.22439522185,0.457758013995,0.30154417804
1987-03-11,8.22439522185,0.386156810974,0.27183980011
1987-03-20,8.22353743637,0.346550815491,0.256537538879
1987-03-27,8.22439522185,0.288942358093,0.226833169617
1987-04-05,8.22439522185,0.241235273865,0.21783179187
1987-04-28,8.22439522185,0.00180026245117,0.0
1987-05-23,8.22439522185,0.0,0.127818593323
1987-05-30,8.22439522185,0.00180025726318,0.0972141233521
1987-06-08,8.22439522185,0.0,0.0396057319946
1987-06-15,8.22439522185,0.000900128723145,0.00270039038086
1987-06-24,8.22439522185,0.0,0.0
1987-07-01,8.22439522185,0.00270038580322,0.0
1987-07-10,8.22439522185,0.0,0.0
1987-07-17,8.22439522185,0.0,0.0
1987-08-11,8.22439522185,0.0,0.0
1987-08-18,8.22439522185,0.0,0.0
1987-08-27,8.22439522185,0.0108016188354,0.0
1987-09-19,7.35802829536,0.0408378125567,0.00090013848877
1987-10-05,8.22439522185,0.108506866717,0.596788150757
1987-10-14,8.22439522185,0.630993293518,0.579685550293
1987-10-30,8.22439522185,0.419657222793,1.151271854
1987-11-15,8.22439522185,1.48043850792,1.22778333075
1987-11-22,8.22439522185,1.54944188787,1.2708203957
1987-12-01,8.18524129466,1.56705255315,1.17467526093
1987-12-17,8.22439522185,1.86840238901,1.45639641041
1988-01-02,8.22439522185,1.84802404868,1.45048371029
1988-01-09,8.22439522185,1.82130270484,1.3417260785
1988-01-18,8.22439522185,1.78065888756,1.44747259207
1988-01-25,8.22439522185,1.63544138035,1.35068894061
1988-02-10,8.22439522185,1.3823062623,1.17107489392
1988-02-26,8.22439522185,1.37574108682,1.20347962146
1988-03-06,8.22439522185,1.27951105659,1.16723398345
1988-03-29,8.22439522185,1.0423552644,1.01085058221
1988-04-14,8.22439522185,1.02525263354,0.985646663696
1988-04-23,8.22439522185,1.00364950775,0.985646835571
1988-04-30,8.22439522185,1.00094911163,0.973945061829
1988-05-09,8.22439522185,0.971244637512,0.955942375305
1988-05-16,8.22259494725,0.94244032019,0.928038172485
1988-05-25,8.22439522185,0.934338942627,0.907334941101
1988-06-01,8.20369209404,0.883031336731,0.730908410583
1988-06-10,8.22439522185,0.924437461304,0.892032658569
1988-06-17,8.22439522185,0.915436146545,0.883031326782
1988-06-26,8.22439522185,0.926237698486,0.888432051453
1988-07-12,8.22439522185,0.861428027832,0.783116420166
1988-07-19,8.22439522185,0.826322860168,0.204330605225
1988-07-28,8.22439522185,0.847025889587,0.737209601196
1988-08-04,8.22439522185,0.807420024414,0.260138841248
1988-08-13,8.22439522185,0.811020436523,0.677800653442
1988-08-29,8.22439522185,0.821822052979,0.746210862061
1988-09-05,8.22439522185,0.809220114197,0.672399840759
1988-09-21,8.22439522185,0.827222783752,0.734508988342
1988-10-23,8.22439522185,0.947851314437,0.777715389954
1988-11-08,8.22439522185,1.19804620733,0.863228243103
1988-11-24,8.22439522185,1.64957492759,1.28511991982
1988-12-10,8.22439522185,1.66708331003,1.31691766921
1988-12-19,8.22439522185,1.73812311074,1.38206277033
1988-12-26,8.22439522185,1.7120051656,1.35543631711
1989-01-04,8.22439522185,1.73591690615,1.38306169821
1989-01-11,7.50004068047,6.80150723583,7.1009160203
1989-01-27,8.22439522185,1.61622759151,1.25069242878
1989-02-05,7.49438749779,0.873405624877,0.539180669006
1989-02-28,8.22439522185,1.38365808443,1.14947137915
1989-03-09,8.22439522185,1.15217156842,1.02525252417
1989-03-16,8.22439522185,1.12426726324,1.03965466144
1989-03-25,8.22439522185,1.04145498322,0.989247221863
1989-04-01,8.22439522185,1.00364938672,0.953241828064
1989-04-10,8.22439522185,1.01085042694,0.988347089661
1989-04-17,8.22439522185,0.989247272339,0.964043546997
1989-05-12,8.22439522185,0.941540050842,0.937039376099
1989-05-19,8.22439522185,0.925337737976,0.902834422913
1989-05-28,8.22439522185,0.896533382446,0.875830251709
1989-06-04,7.94985414745,0.664298658875,0.65529730603
1989-06-13,8.22439522185,0.829923471924,0.838924709045
1989-06-20,8.22439522185,0.814621170349,0.828123086792
1989-07-06,8.22439522185,0.708405462341,0.792117722839
1989-07-15,8.22439522185,0.656197585876,0.665198818787
1989-07-22,8.22439522185,0.629193506104,0.768714206421
1989-07-31,8.22439522185,0.572484854614,0.772314718811
1989-08-07,8.22439522185,0.555382147888,0.746210852783
1989-08-23,8.22439522185,0.525677457947,0.707505039795
1989-09-01,8.22439522185,0.593187355896,0.748010975952
1989-09-08,8.22439522185,0.685901183167,0.77861544635
1989-09-17,8.22439522185,0.665198083862,0.709305122131
1989-10-03,8.22439522185,0.811020048096,0.77051423053
1989-11-04,8.22439522185,1.05344578231,0.810120167236
1989-11-20,8.22439522185,1.23042977366,0.945038226809
1989-12-13,8.22439522185,1.99467167142,1.46198768278
1990-01-14,8.22439522185,1.75190711693,1.35159583122
1990-01-23,8.22439522185,1.63092581975,1.2934859048
1990-02-08,8.22439522185,1.46890205741,1.1566723985
1990-02-15,8.22439522185,1.2996842143,1.05855776501
1990-02-24,8.22439522185,1.19170323969,1.03515416156
1990-03-12,8.22439522185,1.09726313361,1.00815007172
1990-03-28,8.22439522185,0.969444103577,0.956842324951
1990-04-04,8.22439522185,0.961343051392,0.939739989929
1990-04-13,8.22439522185,0.92803792041,0.921737129395
1990-04-20,8.22439522185,0.900133806274,0.901934207947
1990-04-29,8.22439522185,0.905534569702,0.928938156555
1990-05-15,8.22439522185,0.865928609009,0.907334921814
1990-05-22,8.21269347758,0.793017888062,0.876730353638
1990-05-31,8.22439522185,0.572484726196,0.616591891296
1990-06-16,8.22439522185,0.456367207153,0.644496193237
1990-06-23,8.22439522185,0.459967692688,0.840724880249
1990-07-02,8.22439522185,0.379855710693,0.504075409119
1990-07-09,8.22439522185,0.384356362061,0.7768153703
1990-08-03,8.22439522185,0.484271016479,0.741710106384
1990-08-10,8.22439522185,0.559882321777,0.681401126709
1990-08-19,8.22439522185,0.677800057678,0.702104121582
1990-08-26,8.22439522185,0.766913605652,0.717406403381
1990-09-04,8.22439522185,0.801118654053,0.727307710938
1990-10-13,8.22439522185,0.922396729924,0.769613957642
1990-11-07,8.22439522185,1.09070068299,0.833523726013
1990-11-23,8.22439522185,1.22013631658,0.926389412374
1990-12-16,8.22439522185,1.43154383009,1.04773118796
1990-12-25,8.22439522185,1.50574628707,1.14475847454
1991-01-01,7.74707961333,0.777958980505,0.484272187378
1991-01-10,8.22439522185,1.47636663398,1.09239890879
1991-01-17,8.22439522185,1.36144641701,1.00594718733
1991-01-26,8.22439522185,1.27919909659,0.953810070338
1991-02-02,8.22439522185,1.16446222883,0.855532910288
1991-02-11,8.22439522185,1.0303105206,0.777715388916
1991-02-27,8.22439522185,0.892536893695,0.697603260071
1991-03-15,8.22439522185,0.953241361328,0.830823196289
1991-03-22,8.22439522185,0.915435679077,0.825422378845
1991-04-07,8.22439522185,0.894732636719,0.830823223633
1991-04-16,8.22439522185,0.844325208984,0.807419742676
1991-04-23,8.22439522185,0.839824406372,0.799318456482
1991-05-02,8.22439522185,0.824522121216,0.791217253418
1991-05-09,8.22439522185,0.815520863892,0.76691371814
1991-05-18,8.22439522185,0.793017457275,0.756112014343
1991-05-25,8.22439522185,0.784916214661,0.729107982239
1991-06-19,8.22439522185,0.753411339111,0.696702975403
1991-06-26,8.22439522185,0.754311558594,0.688601884827
1991-07-12,8.22439522185,0.717406024353,0.623792230286
1991-07-21,8.22439522185,0.721906584351,0.656196942871
1991-07-28,8.22439522185,0.716505832703,0.632793536499
1991-08-22,8.22439522185,0.697602942505,0.6264924729
1991-09-14,8.22439522185,0.661597604065,0.598588337891
1991-09-30,8.22439522185,0.667898590149,0.578785390625
1991-10-09,8.22439522185,0.661597586548,0.58148571228
1991-11-01,8.22439522185,0.864668015124,0.630993254456
1991-11-10,8.22439522185,0.929929484513,0.655296983704
1991-11-17,8.22439522185,0.964268796787,0.700963812504
1991-11-26,8.22439522185,1.01942766489,0.769243499925
1991-12-19,8.22439522185,1.90231038858,1.3921263533
1991-12-28,8.22439522185,1.75211519254,1.4123211524
1992-01-04,8.22439522185,1.5205876915,1.32914899278
1992-01-13,8.22259495964,1.20753864383,0.987164518787
1992-02-14,8.22439522185,1.1662490952,1.046855896
1992-02-21,8.22439522185,1.11706641113,1.04145517938
1992-03-08,8.22439522185,1.15847251056,1.10896533331
1992-03-24,8.22439522185,0.991047392395,1.00274921112
1992-04-02,8.22439522185,0.971244463196,0.973044774963
1992-04-09,8.22439522185,0.968544133484,0.977545510742
1992-04-18,8.22439522185,0.935239053101,0.950541393433
1992-04-25,8.22439522185,0.913635967712,0.94784111853
1992-05-04,8.22439522185,0.911835641479,0.940639997864
1992-05-27,8.22439522185,0.931638547791,0.946040840698
1992-06-12,8.22439522185,0.917236279419,0.911835578491
1992-06-21,8.22439522185,0.916336219727,0.932538678101
1992-06-28,8.22439522185,0.920836909363,0.92173712384
1992-07-07,8.22439522185,0.908234905823,0.902834159973
1992-07-14,7.40448984318,0.862328137329,0.804719651672
1992-07-23,8.22439522185,0.850626396118,0.8209220625
1992-07-30,8.21230855506,0.838024369141,0.825422564087
1992-08-08,8.22439522185,0.847025813904,0.846125730225
1992-08-15,8.22439522185,0.802019024048,0.787616940002
1992-08-24,8.22439522185,0.838024289124,0.808319943909
1992-08-31,8.22439522185,0.83712414502,0.816421129944
1992-09-16,8.22439522185,0.835323800415,0.800218621277
1992-09-25,8.22439522185,0.818221253235,0.791217301697
1992-10-02,8.22439522185,0.838924340576,0.796618085693
1992-10-11,8.22439522185,0.839824372131,0.789416895874
1992-10-18,8.22349507671,0.798418191406,0.757912189453
1992-11-03,8.22439522185,0.896419891022,0.790317080566
1992-11-12,8.22439522185,0.967625873274,0.838924464417
1992-11-28,8.22439522185,1.0360749108,0.874929796997
1992-12-05,8.22439522185,1.09624993101,0.859627615173
1992-12-30,7.61011088389,1.17835603831,0.974198592732
1993-01-06,8.22439522185,1.24984446742,1.03179710991
1993-01-15,7.86866615647,0.417661928101,0.00270040509033
1993-01-22,8.22439522185,1.04587407475,0.90454960045
1993-01-31,8.22439522185,1.04134505553,0.96019555826
1993-02-16,8.22439522185,0.747110528748,0.63099324292
1993-02-23,7.82672656844,0.694902629578,0.659797492249
1993-04-05,8.22439522185,0.603989109924,0.568883977234
1993-04-12,8.22349507884,0.609389853333,0.58958693219
1993-04-28,8.22439522185,0.578785322388,0.557182166504
1993-05-07,8.22439522185,0.56978390509,0.540079563232
1993-05-14,8.22439522185,0.555381829468,0.529277999512
1993-05-30,8.22439522185,0.54458021814,0.519376527954
1993-06-08,8.22439522185,0.528377770996,0.502273940247
1993-06-24,8.22439522185,0.502273871277,0.476170052856
1993-07-01,8.22439522185,0.497773264282,0.470769312744
1993-07-10,8.22439522185,0.411360429932,0.421261985596
1993-07-17,8.22439522185,0.0018002668457,0.0
1993-07-26,8.22439522185,0.459967601135,0.426662738892
1993-08-02,8.22439522185,0.448265848206,0.423962320435
1993-08-11,8.22439522185,0.44736570636,0.415861113037
1993-08-27,8.22439522185,0.413160626831,0.380755886963
1993-09-12,8.22439522185,0.367253825317,0.337549425171
1993-09-19,8.22439522185,0.35105145929,0.324047457214
1993-10-05,8.22439522185,0.281741282471,0.271839777893
1993-10-14,8.22439522185,0.233134059814,0.22053220636
1993-10-21,8.22439522185,0.282641429688,0.230433656738
1993-11-06,8.22439522185,0.57596511198,0.361853341858
1993-11-15,8.22439522185,0.576572559323,0.353752146057
1993-11-22,7.09555644855,0.563486730846,0.369291004297
1993-12-01,8.22439522185,0.750033671536,0.541749776901
1993-12-17,8.22439522185,0.886303132627,0.642854343431
1993-12-24,8.22439522185,0.877033633365,0.629295973678
1994-01-09,8.22439522185,0.712136515901,0.294720968112
1994-01-25,8.22439522185,0.748053366187,0.52544508504
1994-02-03,8.22439522185,0.674175278156,0.465143053732
1994-02-10,8.22439522185,0.517968486089,0.329448462341
1994-02-19,8.22439522185,0.430810735691,0.288942401123
1994-02-26,8.22439522185,0.312345912354,0.237634720276
1994-03-14,7.98836092206,0.696702877258,0.618391312988
1994-03-23,8.22439522185,0.79661800592,0.757012133667
1994-03-30,8.22439522185,0.793917592651,0.765113395813
1994-04-15,8.22439522185,0.793917643982,0.782215952515
1994-06-02,8.22439522185,0.7390092995,0.708404820068
1994-06-11,8.22439522185,0.731808183838,0.697603197571
1994-06-18,8.22439522185,0.725507261597,0.705704378967
1994-07-13,8.22439522185,0.658897326599,0.610290212769
1994-07-20,8.22439522185,0.666998555725,0.63369367926
1994-07-29,8.22439522185,0.621091663696,0.534678943604
1994-08-14,8.22439522185,0.622891894714,0.584186221191
1994-08-30,8.22439522185,0.576985091248,0.542780019714
1994-09-06,8.22439522185,0.575184786499,0.528377922913
1994-09-15,8.22439522185,0.594087563416,0.549981045959
1994-10-01,8.22439522185,0.604889167725,0.530178095825
1994-10-17,8.22439522185,0.646295375061,0.539179445251
1994-10-24,8.08667605107,0.579135085854,0.444665737183
1994-11-09,8.22439522185,0.847385557014,0.644495349487
1994-11-18,8.22439522185,0.931758157377,0.735409055542
1994-12-04,8.22439522185,1.10862197502,0.864325962315
1994-12-11,8.22439522185,1.12583395676,0.885173903288
1994-12-20,8.22439522185,1.20981445993,0.952076686031
1995-01-05,8.22439522185,1.25153109808,0.974763559743
1995-01-12,8.22439522185,1.14141860771,0.879773022611
1995-01-21,8.22439522185,1.09313596573,0.841660228965
1995-01-28,8.22439522185,1.06297276615,0.784619771557
1995-02-06,8.22439522185,0.877492397544,0.644495364258
1995-02-13,8.22439522185,0.826834187063,0.594087855164
1995-02-22,8.22439522185,0.676900043762,0.521176820313
1995-03-10,8.22349508727,0.477070124329,0.427562870789
1995-03-26,8.22439522185,0.501373732971,0.439264582214
1995-04-02,8.22349508507,0.468068735352,0.268239058716
1995-05-13,8.22439522185,0.756111931396,0.738109296753
1995-05-20,8.22439522185,0.739909499695,0.716506094849
1995-05-29,8.22439522185,0.729107838806,0.700303657166
1995-06-05,8.22439522185,0.714705603943,0.692202367065
1995-06-14,8.22439522185,0.705704314758,0.684101150024
1995-06-21,8.22439522185,0.66789868335,0.640894730774
1995-06-30,8.22439522185,0.669698901917,0.654396672241
1995-07-07,8.22439522185,0.669698915894,0.644495232971
1995-07-16,8.22439522185,0.638194220581,0.612990534668
1995-07-23,8.22439522185,0.619291404175,0.567083730896
1995-08-01,8.22439522185,0.620191493713,0.582385948853
1995-08-17,8.22439522185,0.601288571472,0.560782648926
1995-08-24,8.22439522185,0.59768810498,0.549981051086
1995-09-09,8.22439522185,0.569783949585,0.505874506104
1995-09-18,8.22439522185,0.560782591064,0.50317403949
1995-09-25,8.22439522185,0.565283266479,0.484271271729
1995-10-04,8.22439522185,0.578785343628,0.495973029846
1995-10-20,8.22439522185,0.659797467041,0.522076953064
1995-10-27,8.22439522185,0.666098449463,0.512175483093
1995-11-12,8.22439522185,0.911609326091,0.681132677804
1995-12-23,8.22439522185,1.32359458068,0.969574690233
1996-01-15,8.22439522185,1.15146117327,0.796851107884
1996-02-16,8.22439522185,1.3659480825,1.17287470825
1996-03-19,8.22439522185,1.06755894891,1.01625142554
1996-03-28,8.22439522185,1.02255202576,1.00995037012
1996-04-04,8.22439522185,0.959542631042,0.945140600098
1996-04-20,8.22439522185,0.953241653931,0.978445573364
1996-04-29,8.22439522185,0.94063973645,0.980245817322
1996-05-06,8.22439522185,0.923537179626,0.983846359375
1996-05-15,8.22439522185,0.911835455444,0.946940823425
1996-05-22,8.22439522185,0.922636917358,0.931638419739
1996-05-31,8.22439522185,0.895633027161,0.894733007629
1996-06-16,8.22439522185,0.930738207703,0.969444171204
1996-06-23,8.22439522185,0.919036444946,0.951441504761
1996-07-02,8.22439522185,0.901033826477,0.940639906799
1996-07-09,8.22439522185,0.883031028198,0.886631783752
1996-07-18,8.22439522185,0.906434518311,0.90733482428
1996-07-25,8.22439522185,0.872229399902,0.874930006531
1996-08-03,8.22439522185,0.843425084656,0.827222813782
1996-08-10,8.22439522185,0.855126903564,0.853326793945
1996-09-11,8.22439522185,0.845225217285,0.816421008667
1996-09-20,8.22439522185,0.818221160522,0.801118695496
1996-09-27,8.22439522185,0.82722256842,0.784916343811
1996-10-06,8.22439522185,0.842524771484,0.792117354736
1996-10-13,8.22439522185,0.865028198059,0.79661803656
1996-10-22,8.22439522185,0.891132047241,0.798418235474
1996-10-29,8.22439522185,0.919036209412,0.793017446716
1996-11-07,8.22439522185,0.9850106968,0.808319779663
1996-11-14,8.22439522185,1.04181460122,0.845970148957
1996-11-23,8.22439522185,1.12840397849,0.903677677315
1996-11-30,8.22439522185,1.156795376,0.932828066772
1996-12-09,8.22439522185,1.25163052389,1.01675223244
1996-12-16,8.22439522185,1.24104075417,0.965723326462
1996-12-25,8.22439522185,1.37784645474,1.094043735
1997-01-10,8.22439522185,1.33230338794,1.05203751302
1997-01-17,8.22439522185,1.24811093909,0.927289237057
1997-02-02,8.22439522185,1.07683851177,0.836629986033
1997-02-11,8.22439522185,0.951606887855,0.748010721924
1997-02-18,8.22439522185,0.848825669189,0.69940343927
1997-02-27,8.22439522185,0.794704536896,0.67149919281
1997-03-06,8.22439522185,0.730007829895,0.652596375916
1997-03-15,8.22439522185,0.678700139954,0.614790707764
1997-03-22,8.22439522185,0.643594955017,0.593187542786
1997-04-07,8.22439522185,0.635493649414,0.592287307129
1997-04-23,8.22439522185,0.607589554993,0.583286029419
1997-05-02,8.22439522185,0.594087485352,0.558082242432
1997-05-09,8.22439522185,0.545480336548,0.519376538818
1997-05-18,8.22439522185,0.536478968079,0.524777291992
1997-05-25,8.22439522185,0.53107817865,0.511275290649
1997-06-10,8.22439522185,0.513075419373,0.484271214966
1997-06-19,8.22439522185,0.496873038452,0.477070157715
1997-06-26,8.22439522185,0.49417268573,0.463568211182
1997-07-05,8.22439522185,0.477070073486,0.447365735291
1997-07-12,8.22439522185,0.468968914612,0.435664056885
1997-07-21,8.22439522185,0.45816730426,0.426662715393
1997-07-28,8.22439522185,0.441064760193,0.394257899414
1997-08-06,8.22439522185,0.422161980896,0.402359096191
1997-08-22,7.5031105702,0.344750504639,0.314146130981
1997-08-29,8.22439522185,0.528378347473,0.856927414368
1997-09-07,8.22439522185,0.722807485901,0.775015435242
1997-09-23,8.22439522185,0.802919002441,0.856027050476
1997-09-30,8.22439522185,0.810120210632,0.873129622681
1997-10-09,8.22439522185,0.858727263733,0.859627481567
1997-10-16,8.22439522185,0.874029571167,0.845225360535
1997-11-01,8.22439522185,0.947840609802,0.843425043213
1997-11-17,8.22439522185,1.06168833857,0.890232258057
1997-12-12,8.22439522185,1.24969260868,1.02464173487
1997-12-19,8.22439522185,1.35638492368,1.07785906958
1997-12-28,8.22439522185,1.27744482745,1.01994681458
1998-01-04,8.22439522185,1.18976535563,0.942860442351
1998-01-13,8.22349508598,1.14869045157,0.815520660034
1998-01-20,8.22439522185,1.15910734797,0.935796578559
1998-01-29,8.16396222972,0.807136999805,0.677800188293
1998-02-14,8.1205256862,1.20684993947,1.02885290332
1998-03-02,8.22439522185,1.03605398138,0.971244328552
1998-03-09,8.22439522185,1.00634958844,0.966743721069
1998-03-18,8.22439522185,0.989247006897,0.972144528442
1998-04-03,8.22439522185,0.89563312561,0.931638685974
1998-04-10,8.22439522185,0.949641196899,0.973944944519
1998-04-19,8.22439522185,0.852426741272,0.908235150757
1998-04-26,8.22439522185,0.859627635132,0.910935444092
1998-05-05,8.22439522185,0.90013366626,0.928938083313
1998-05-12,8.22439522185,0.88933206073,0.922637168701
1998-05-28,8.22439522185,0.873129609497,0.889332121094
1998-06-06,8.22439522185,0.855126840637,0.838924581238
1998-06-22,8.22439522185,0.838024203674,0.827222744446
1998-06-29,8.10737765886,0.683200964233,0.6760000224
1998-07-15,8.22439522185,0.768713835999,0.702104033386
1998-07-24,7.93192062903,0.75431165741,0.714705842346
1998-07-31,8.22439522185,0.728207756836,0.701203842529
1998-08-09,8.22439522185,0.752511313477,0.725507358154
1998-08-25,8.22439522185,0.715605712219,0.688601818726
1998-09-01,8.22439522185,0.682300788513,0.666998544006
1998-09-17,8.22439522185,0.883031155151,0.94244014917
1998-09-26,8.22439522185,0.890232154358,0.937939410095
1998-10-03,8.22439522185,0.903734108582,0.943340156006
1998-10-12,8.22439522185,0.924437164856,0.936139059082
1998-10-19,8.22439522185,0.940639573853,0.938839475769
1998-10-28,8.22439522185,0.99374756958,0.928937930481
1998-11-04,8.22439522185,1.03858484743,0.952341511719
1998-11-13,8.22439522185,1.09275881463,0.973944777344
1998-11-20,8.22439522185,1.12989021795,0.970174864638
1998-11-29,8.22439522185,1.24351190633,1.03463165769
1998-12-15,8.22439522185,1.33880618607,1.10926872122
1999-01-07,8.22283496982,1.38889959,1.123755692
1999-01-16,8.22439522185,1.31876654941,1.07976173738
1999-02-08,8.22439522185,1.08950770754,0.901033746155
1999-02-24,8.22439522185,0.948627719086,0.838924372559
1999-03-05,8.22439522185,0.894732632629,0.816421008362
1999-03-12,8.22439522185,0.857827057007,0.798418276672
1999-03-21,8.22439522185,0.807419478149,0.751611258301
1999-03-28,8.22439522185,0.796617907959,0.759712469116
1999-04-06,8.22439522185,0.765113155701,0.72730759198
1999-04-13,8.22439522185,0.742609758057,0.717406063904
1999-04-22,8.22439522185,0.721906606995,0.690401994812
1999-04-29,8.22439522185,0.695802742004,0.686801450012
1999-05-08,8.22439522185,0.679600274841,0.655296758606
1999-05-24,8.22439522185,0.630092899658,0.5805856297
1999-05-31,8.22439522185,0.625592185608,0.608489712036
1999-06-09,8.22439522185,0.612090222351,0.597688135742
1999-06-16,8.22439522185,0.572484341797,0.529278055908
1999-06-25,8.22439522185,0.541879808411,0.530178105835
1999-07-02,8.22439522185,0.53287844928,0.490572227844
1999-07-27,8.22439522185,0.498673245361,0.471669309753
1999-08-03,8.22439522185,0.461767815491,0.447365736023
1999-08-19,8.22439522185,0.448265838745,0.435663995667
1999-08-28,8.22439522185,0.467169018799,0.49237268866
1999-09-04,8.22439522185,0.580585577454,0.58778663446
1999-09-13,8.22439522185,0.558082202271,0.540979652893
1999-09-20,8.22439522185,0.551781250244,0.534678703247
1999-09-29,8.22439522185,0.512175317566,0.493272520325
1999-10-15,8.22349507951,0.772314825684,0.781316083557
1999-10-22,8.22439522185,0.941539968994,1.02165206873
1999-10-31,8.22439522185,0.987291681794,0.980246044861
1999-11-07,8.22439522185,1.00725008813,0.975745425537
1999-11-16,8.22439522185,1.1439539804,1.04775622852
1999-12-18,8.22439522185,1.40046727811,1.23572541999
2000-04-08,8.22439522185,0.876730065491,0.877630362732
2000-05-10,8.22439522185,0.798417839966,0.780415268066
2000-05-26,8.22439522185,0.771414213135,0.757012133118
2000-06-27,8.22439522185,0.7102049599,0.666098482788
2000-07-04,8.22439522185,0.684101033447,0.650796144897
2000-07-13,8.22439522185,0.6796009599,0.661598309814
2000-07-20,8.22439522185,0.647195641174,0.624692360413
2000-08-14,8.22439522185,0.615690682373,0.574284616089
2000-08-30,8.22439522185,0.564383007935,0.533778576538
2000-09-06,8.22439522185,0.557181953064,0.515775914795
2000-09-22,8.22439522185,0.557181962769,0.506774534851
2000-11-02,8.22439522185,0.619819989077,0.473468864197
2000-12-04,8.22439522185,0.889974208381,0.612200100323
2001-01-05,8.22439522185,0.956163914083,0.667302466033
2001-01-21,8.22439522185,0.821698078706,0.557267207661
2001-01-28,8.22439522185,0.72386952212,0.46716895166
2001-02-06,8.22439522185,0.615687481778,0.399658818359
2001-02-13,8.22439522185,0.546768914532,0.365453646729
2001-03-01,8.22439522185,0.38975731543,0.309645302246
2001-03-10,8.22439522185,0.320446977905,0.27634035791
2001-04-11,8.22439522185,0.0,0.0171024847412
2001-04-27,8.22439522185,0.0,0.0
2001-05-13,8.22439522185,0.0,0.0
2001-05-20,8.22439522185,0.0,0.0
2001-05-29,8.22439522185,0.0,0.0
2001-06-05,8.22439522185,0.0,0.0
2001-06-14,8.22439522185,0.0,0.0
2001-07-16,8.22439522185,0.0,0.0
2001-08-01,8.22259494987,0.0,0.0
2001-08-08,7.82693142923,0.00360053118896,0.0
2001-08-24,7.10605089485,0.0,0.0
2001-09-02,8.22439522185,0.205230055725,0.32044689679
2001-10-20,7.17949527136,0.0738106732788,0.00180025939941
2001-11-12,8.22439522185,0.191471115761,0.00540081311035
2001-12-07,8.22439522185,0.46779117419,0.207522003985
2001-12-14,8.22439522185,0.818722474042,0.537475023442
2002-02-09,8.22439522185,0.671396880508,0.460867798584
2002-02-16,8.22439522185,0.625422831557,0.477070139343
2002-02-25,8.22439522185,0.551781273865,0.454566777222
2002-03-04,8.22439522185,0.529277865417,0.448265844116
2002-05-16,8.22439522185,0.94063978064,0.911835614746
2002-05-23,8.12095160105,0.919936754944,0.891132625366
2002-06-08,8.22439522185,0.920836831421,0.914535905762
2002-06-17,8.22439522185,0.902834122253,0.884831514648
2002-06-24,8.22439522185,0.896533132324,0.874930019714
2003-06-27,8.22439522185,0.372654649414,0.382556186768
2003-07-06,8.22439522185,0.360052785034,0.324047532532
2003-07-22,8.15755929551,0.359152654297,0.323147472107
2003-08-07,8.22439522185,0.461767717957,0.483371089661
2003-08-23,8.22439522185,0.508574693115,0.46536842041
2003-09-24,8.22439522185,0.541879693298,0.49957346875
2003-10-10,8.22439522185,0.518476258789,0.463568109192
2003-10-26,8.21931919075,0.782215662048,0.667898565491
2004-02-15,8.22439522185,0.665826574801,0.53647902832
2004-03-09,8.2117934138,0.559882515442,0.505874593384
2004-03-18,8.22439522185,0.606689357605,0.564383126831
2004-04-03,8.22439522185,0.554481636658,0.533778648376
2004-04-26,8.22439522185,0.363653391968,0.466268579163
2004-05-12,8.22439522185,0.324047518127,0.443765204834
2004-05-21,8.22439522185,0.253837127197,0.42396225531
2004-05-28,8.21449378123,0.199829202271,0.394257910095
2004-06-06,8.22439522185,0.161123498047,0.389757207947
2004-06-29,8.22439522185,0.00180026031494,0.016202367981
2004-07-08,8.22439522185,0.0171024780273,0.364553498474
2004-07-15,8.22439522185,0.0,0.234934485657
2004-09-17,8.22439522185,0.0234034025879,0.258337791077
2004-09-26,8.22439522185,0.0225032706909,0.15752302002
2004-10-19,8.22439522185,0.188127591736,0.227733252075
2004-11-04,8.22439522185,0.37354095678,0.224132756409
2004-12-06,8.22439522185,0.738236480099,0.485860163125
2004-12-31,8.22439522185,0.81623391251,0.527051092272
2005-01-23,8.22439522185,0.561651491835,0.223232628235
2005-02-01,8.22439522185,0.560059299119,0.293443059448
2005-02-17,8.22439522185,0.374455039673,0.24663598053
2005-02-24,8.13085519124,0.201629421631,0.176425748474
2005-03-21,8.22439522185,0.201629334656,0.187227265015
2005-03-28,8.22439522185,0.095413901062,0.166524215271
2005-04-06,8.22439522185,0.0,0.123317911011
2005-04-22,8.22439522185,0.0,0.0612088453979
2005-05-15,8.22439522185,0.0,0.0
2005-05-24,8.22439522185,0.0,0.0
2005-05-31,8.22439522185,0.0,0.0
2005-06-16,8.22439522185,0.0,0.0
2005-06-25,8.22439522185,0.0,0.0
2005-07-11,8.22439522185,0.0,0.0
2005-07-27,8.22439522185,0.0,0.0
2005-08-19,8.22439522185,0.0,0.0
2005-08-28,8.22439522185,0.0,0.0
2005-09-04,8.22439522185,0.000900132873535,0.0
2005-09-20,8.22439522185,0.0207030979614,0.0
2005-09-29,8.22439522185,0.0,0.0
2005-11-07,8.22439522185,0.171600992469,0.00810121502686
2005-11-23,8.22439522185,0.40219083046,0.102615503845
2006-02-04,8.22439522185,0.728991302186,0.49957365918
2006-02-20,8.22439522185,0.721906584229,0.588686732666
2006-03-31,8.22439522185,0.589586807312,0.558982346497
2006-04-16,8.22439522185,0.52927781427,0.536479020569
2006-04-25,8.22439522185,0.477070079773,0.518476339478
2006-05-11,8.22439522185,0.405959517212,0.481570812256
2006-05-18,7.88144392552,0.228633344971,0.0765110742798
2006-06-12,8.22439522185,0.149421757751,0.428462981689
2006-07-21,8.22439522185,0.0216032243652,0.290742774048
2006-07-30,8.22439522185,0.0306045649414,0.363653362244
2006-09-07,8.22439522185,0.0162023864746,0.309645347961
2006-10-02,8.22439522185,0.00810119207764,0.085512494873
2006-10-25,8.22439522185,0.266439240784,0.251136700134
2006-11-03,8.22439522185,0.538279419678,0.446465601318
2006-11-26,8.22439522185,0.705767889799,0.512175585693
2006-12-05,8.22439522185,0.77889054938,0.549924808906
2006-12-12,8.22439522185,0.815534953889,0.551372150042
2006-12-21,8.22439522185,0.885621754329,0.640061986183
2006-12-28,7.29205050421,0.346774525153,0.153922845337
2007-01-06,8.22439522185,0.823427912068,0.549303676764
2007-01-13,8.22439522185,0.794454217565,0.562692763789
2007-01-22,8.22439522185,0.745200831298,0.51577623761
2007-01-29,8.22439522185,0.756171905508,0.55059903105
2007-02-07,8.22439522185,0.672113379959,0.508574912781
2007-02-14,8.13458783862,0.607589472412,0.450966277344
2007-02-23,8.22439522185,0.515775899658,0.433863719177
2007-03-02,7.45900395111,0.460867760315,0.405059445923
2007-03-11,8.22439522185,0.396058074158,0.36095294696
2007-04-03,7.5846580308,0.262838443665,0.318646663025
2007-04-12,7.9427427407,0.194428396729,0.287142009644
2007-04-28,8.22439522185,0.0225032755737,0.239434972534
2007-05-05,8.22439522185,0.00450065112305,0.205229924927
2007-05-14,8.22439522185,0.0,0.220532161316
2007-05-21,8.22439522185,0.0,0.202529516479
2007-05-30,8.22439522185,0.0,0.171024882263
2007-06-15,8.22439522185,0.0,0.0891129225464
2007-06-22,8.22439522185,0.0,0.0225032573853
2007-07-01,8.22439522185,0.0,0.0
2007-07-08,8.22439522185,0.0,0.0
2007-07-17,8.22439522185,0.0,0.0
2007-07-24,8.22439522185,0.0,0.0
2007-08-02,8.22439522185,0.0,0.0
2007-08-18,8.22439522185,0.309645197266,0.313245795959
2007-08-25,8.22439522185,0.307844967163,0.288942228638
2007-09-03,8.22439522185,0.289842289124,0.27003942511
2007-09-10,8.22439522185,0.270939540222,0.255637299438
2007-09-26,8.22439522185,0.196228569092,0.199829089722
2007-10-05,8.22439522185,0.114316691223,0.129618784912
2008-03-04,8.22439522185,0.370854347778,0.306944894531
2008-03-13,7.09362034706,0.306944820007,0.233134076965
2008-03-20,8.22439522185,0.342050052979,0.308745122437
2008-04-05,8.22439522185,0.261038063416,0.24213533252
2008-04-21,8.22439522185,0.153922398254,0.157522944031
2008-04-30,7.14117491081,0.0,0.0
2008-05-07,8.22439522185,0.0,0.0
2008-05-16,8.22439522185,0.0,0.0
2008-05-23,8.22439522185,0.0,0.0
2008-06-01,8.22439522185,0.0,0.0
2008-09-12,8.22439522185,0.225032832092,0.232233851807
2008-11-15,8.10659218631,0.703445498377,0.582385889038
2008-11-24,8.22439522185,0.887679636894,0.71093573799
2008-12-10,8.22439522185,0.967339777838,0.780553366824
2008-12-26,8.22439522185,1.05432441458,0.837681817834
2009-01-11,8.22439522185,0.999818782736,0.826710799459
2009-01-18,8.22439522185,0.941850169792,0.732299149626
2009-01-27,8.22439522185,0.864064411606,0.663398171448
2009-02-03,8.22439522185,0.830551081313,0.661597791931
2009-02-19,8.22439522185,0.663397783875,0.563482946289
2009-03-07,8.22439522185,0.594087454407,0.549080806091
2009-04-08,8.22439522185,0.601288564026,0.594087584106
2009-04-17,8.22439522185,0.577885096558,0.567983728638
2009-04-24,8.22439522185,0.457267291504,0.00270040484619
2009-05-10,8.22079469804,0.495072798096,0.322247831604
2009-05-19,8.22439522185,0.489671941772,0.50047367688
2009-05-26,8.10737686009,0.461767832642,0.45456687738
2009-06-04,8.22439522185,0.475269805054,0.480670684753
2009-06-11,8.02520397743,0.358252523254,0.0486071834717
2009-06-20,8.22439522185,0.579685265991,0.566183368958
2009-06-27,8.22259495482,0.558082122742,0.554481692505
2009-07-06,8.22439522185,0.527477556335,0.490572185303
2009-07-13,8.22439522185,0.48607143512,0.153922812439
2009-07-22,8.22439522185,0.491472221497,0.470769247314
2009-07-29,8.22439522185,0.445565406738,0.34295048407
2009-08-23,8.22439522185,0.446465472168,0.423062143127
2009-08-30,8.22439522185,0.452766434082,0.41766134613
2009-09-08,8.20721138089,0.496872921936,0.466268455383
2009-09-15,8.22439522185,0.5184762005,0.484271174194
2009-10-01,8.22439522185,0.589586808899,0.586886463867
2009-10-10,8.22439522185,0.590486852539,0.576084807922
2009-10-17,8.22439522185,0.582385713501,0.53287846991
2009-10-26,8.22439522185,0.623791891663,0.545480299316
2009-11-02,8.22439522185,0.643594979919,0.540979691772
2009-11-11,8.22439522185,0.6975324251,0.551781260376
2009-11-18,7.10266021896,0.354652454224,0.279041290344
2009-11-27,8.22439522185,0.649204033739,0.470769163391
2009-12-04,8.22439522185,0.852122747728,0.62109185376
2010-01-14,7.27628106384,0.760612768433,0.72190712561
2010-01-21,8.22439522185,1.28646462456,1.07189026625
2010-01-30,8.22439522185,1.22307738866,1.07746044012
2010-02-06,8.22439522185,1.21355716949,1.07476008246
2010-04-20,8.22439522185,0.875829810669,0.907334751526
2010-05-06,8.22439522185,0.808319731628,0.823622256042
2010-05-22,8.22439522185,0.806519399658,0.844325275452
2010-06-07,8.22439522185,0.754311599182,0.766013523499
2010-06-14,7.77612754869,0.520276557739,0.513075696106
2010-06-23,8.22439522185,0.763312924255,0.755211862854
2010-06-30,7.38636867656,0.29974394635,0.268239374512
2010-07-16,8.22439522185,0.650796064636,0.0
2010-07-25,8.22439522185,0.630092888,0.00180026922607
2010-09-11,7.26824876933,0.436564553467,0.0504074589233
2010-10-29,8.22439522185,0.752511299805,0.663398056396
2010-11-05,8.22439522185,0.804549528944,0.697603018921
2010-11-14,8.22439522185,0.861427472656,0.713805408325
2010-12-16,8.22439522185,1.28979624182,1.10389964331
2011-01-01,8.22439522185,1.27301146507,1.0937157437
2011-01-17,8.22439522185,1.06540166907,0.81462055957
2011-01-24,8.22439522185,1.15074147381,0.971244426575
2011-02-02,8.22439522185,1.08015683019,0.922637020508
2011-02-09,8.22439522185,1.01312685043,0.883031052124
2011-02-25,8.22439522185,0.930738016541,0.874029680115
2011-03-06,8.22439522185,0.906434329163,0.860527644958
2011-03-22,8.22439522185,0.850625995911,0.829923178284
2011-03-29,8.22439522185,0.799318323975,0.824522326233
2011-05-09,8.22439522185,0.738109161011,0.784016195496
2011-06-10,8.22439522185,0.737209306152,0.811920401855
2011-07-28,8.22439522185,0.703903968506,0.656196943787
2011-08-04,8.22439522185,0.670598992004,0.112516537842
2011-09-05,8.22439522185,0.751611038147,0.749810913696
2011-09-14,8.22439522185,0.743509790405,0.718306109619
2011-09-21,8.22439522185,0.739909233398,0.700303411743
2011-10-16,8.22439522185,0.760612286011,0.7129052724
2011-11-01,8.22439522185,0.666098399414,0.698503176819
2011-11-08,8.22439522185,0.648995864197,0.619291354858