Date,Rarea,NDWI,MNDWI
1984-07-07,6.5899052074,0.0,0.52376975885
1984-09-09,6.5899052074,0.106193894104,0.391477333435
1986-01-18,6.5899052074,0.23668658313,0.229486984924
1986-02-03,6.5899052074,0.202488537415,0.182689638672
1986-02-19,6.5899052074,0.148491626404,0.151191453064
1986-03-07,6.5899052074,0.125092964355,0.100794319702
1986-03-23,6.5899052074,0.0692960901489,0.0
1986-11-02,6.5899052074,0.651562257324,0.338380828796
1986-11-18,6.5899052074,0.625463800293,0.592165722595
1986-12-04,6.55665284531,0.580466495728,0.530069415527
1987-01-05,6.5899052074,0.496771445862,0.455373818115
1987-01-21,6.5899052074,0.458973633728,0.429275333313
1987-02-06,6.27823952058,0.410376466553,0.370778754089
1987-11-05,6.5899052074,0.307782438293,0.300582858582
1987-11-21,6.5899052074,0.210588069641,0.206988273865
1988-09-04,6.5899052074,0.847750684204,0.94494484845
1988-09-20,6.5899052074,0.892747970825,0.957544025085
1988-10-06,6.5899052074,0.798253604431,0.845050710876
1988-11-07,6.5899052074,0.824352110413,0.800953442322
1988-11-23,6.5899052074,0.758655939392,0.685760180969
1988-12-09,6.5899052074,0.723558009827,0.679460554077
1990-09-10,6.5899052074,0.00269984637451,0.471572888367
1990-10-12,6.5899052074,0.319481769714,0.330281130981
1990-10-28,6.5899052074,0.200688611877,0.215087790161
1990-11-13,6.5899052074,0.133192491943,0.148491629333
1990-12-15,6.5899052074,0.0,0.0521970720825
1990-12-31,6.5899052074,0.0,0.0
1994-05-16,6.5899052074,0.0,0.214187728516
1994-06-01,6.5899052074,0.0,0.0
1994-07-19,6.5899052074,0.0,0.810852767944
1995-05-19,6.5899052074,0.310482291687,0.157490992981
1995-06-04,6.5899052074,0.167390484192,0.0422975715942
1995-06-20,6.5899052074,0.269084706543,0.277184228821
1995-07-22,6.58900525336,0.260085312988,0.356379665039
1995-08-07,6.5899052074,0.404076844849,0.417576024902
1996-03-02,6.5899052074,0.00269983740234,0.0107993950806
1996-03-18,6.5899052074,0.00449971960449,0.00899949810791
1996-12-15,6.5899052074,0.263007378777,0.2078881875
1998-02-20,6.5899052074,0.0,0.000899949768066
1998-03-08,6.5899052074,0.0,0.0
1998-03-24,6.5899052074,0.0,0.0
1998-11-19,6.5899052074,0.311382252686,0.305982557434
2006-11-09,6.5899052074,0.59846541925,0.60296515625
2006-11-25,6.5899052074,0.540868831482,0.541768768616
2006-12-11,6.5899052074,0.453573971008,0.458073702454
2006-12-27,6.5899052074,0.385177975708,0.38517796814
2007-01-28,6.5899052074,0.235786638794,0.250185822815
2007-02-13,6.5899052074,0.0,0.141292030029
2007-03-01,6.5899052074,0.0,0.0845952596436
2007-03-17,6.5899052074,0.0,0.0
2007-05-04,6.5899052074,0.0,0.0
2007-06-21,6.5899052074,0.0,0.0314982347412
2007-07-07,6.5899052074,0.0,0.033298128479
2007-08-24,6.5899052074,0.0,0.512970469666
2007-09-25,6.5899052074,0.0,0.8972476297
2009-06-10,6.5899052074,0.0,0.0
2009-07-28,6.5899052074,0.0,0.508470699036
2009-10-16,6.5899052074,0.856750119324,0.872949116516
2010-01-20,6.5899052074,0.566067371582,0.557067892029
2010-02-21,6.5899052074,0.427475502319,0.416676114441
2010-05-12,6.5899052074,0.0,0.0
2010-06-13,6.5899052074,0.0,0.0
2010-11-04,6.5899052074,0.698359521851,0.750556406677
2010-11-20,6.5899052074,0.765855528442,0.766755472534
2010-12-06,6.5899052074,0.720858183899,0.702859250366
2010-12-22,6.5899052074,0.695659686462,0.682160467773
2011-01-07,6.5899052074,0.640762970093,0.64076299353
2011-01-23,6.5899052074,0.584966249878,0.581366444824
2011-02-08,6.5899052074,0.508470748962,0.498571308655
2011-09-04,6.5899052074,0.0,0.813552685364
2011-09-20,6.5899052074,0.00539969836426,0.811752796692