Date,Rarea,NDWI,MNDWI
1984-09-09,45.3180458893,4.60349430792,5.42052466284
1984-11-12,45.3180458893,6.12147608911,6.24475080701
1986-01-18,45.3180458893,5.8002448692,5.8677308219
1986-02-03,45.3180458893,5.5446981861,5.48980914655
1986-02-19,45.3180458893,5.30894863177,5.28195320056
1986-03-07,45.3180458893,4.97601869,4.75916288318
1986-03-23,44.4218204245,3.80265364343,2.45742442883
1986-11-02,45.3180458893,6.8134352807,6.88632043066
1986-11-18,45.3180458893,6.53989246008,6.4598086369
1987-01-05,45.3180458893,5.86773251282,5.75435516174
1987-01-21,45.3180458893,5.66887407159,5.56629405701
1987-03-26,44.3507347107,3.44812411475,3.08909428766
1987-11-05,45.3180458893,6.33833008478,6.51019595129
1987-11-21,45.3180458893,6.19885971661,6.30593828839
1988-08-03,43.1213572613,6.18142460119,7.17480106945
1988-09-04,44.8776117793,6.45080927185,6.80443702069
1988-09-20,45.3180458893,6.55792577541,6.99880885983
1988-10-06,45.3180458893,5.87942835132,6.11427958386
1988-11-07,45.3180458893,5.83713808185,5.81554225043
1988-11-23,45.2838532248,5.57349399298,5.4178250296
1988-12-09,45.3180458893,5.40882858118,5.30714820245
1990-09-10,45.3180458893,6.1691649718,6.99494202356
1990-10-12,45.3180458893,6.20515845148,6.53808989258
1990-10-28,45.3180458893,6.01259955164,6.16916725159
1990-11-13,45.3180458893,6.01709863446,6.13587451752
1990-12-15,45.3180458893,5.74625665601,5.75165510309
1990-12-31,44.2148623717,4.7348605733,3.93492371869
1994-05-16,45.3180458893,0.403118149475,5.31884422156
1994-06-01,45.3180458893,0.000899827270508,3.53450973102
1994-07-19,45.3180458893,6.60470151216,7.57543106318
1995-05-19,45.3180458893,3.8107577832,3.63799081262
1995-06-04,45.3126467623,3.92503824438,4.14008939612
1995-06-20,45.3180458893,4.24267062164,4.31735442383
1995-07-22,44.392858329,3.84495112299,4.0771011665
1995-08-07,45.3180458893,5.54199519971,6.54438356134
1996-03-02,45.3171460874,4.78975736493,4.69707493066
1996-03-18,45.3162462354,4.5756013288,4.50811426556
1996-12-15,45.3171460917,5.53894498361,5.3269424635
1998-02-20,45.3180458893,4.25526857849,4.2165762002
1998-03-08,41.2319444061,0.182665442688,0.0161969689331
1998-03-24,45.3180458893,3.45982841479,3.13949167535
1998-11-19,45.3180458893,6.31673097876,6.23664765088
2006-11-09,45.3180458893,5.69586556537,6.0117002948
2006-11-25,45.3180458893,5.88032732263,6.12327648212
2006-12-11,45.3180458893,5.83443758362,6.00720123224
2006-12-27,45.3180458893,5.74895563794,5.87762825208
2007-01-28,45.3180458893,5.07589652228,1.61067935272
2007-02-13,45.3180458893,4.8698405423,4.85364243732
2007-03-01,45.3180458893,4.6061960191,4.56030459381
2007-03-17,45.3090476626,4.10949842719,3.92953332593
2007-05-04,45.3180458893,3.20787814215,3.12509339966
2007-06-21,45.3180458893,1.73577138287,2.64008931177
2007-07-07,45.3180458893,0.885434450134,2.47362152472
2007-09-25,45.3180458893,4.70426772394,6.64307043994
2009-06-10,45.3135466848,0.0,0.0
2009-07-12,45.3180458893,0.0683856079712,5.89234648516
2009-07-28,42.606981043,0.0,5.94320581226
2009-09-30,42.2202187804,4.81405777577,5.33038170137
2009-10-16,45.3180458893,6.44768103065,7.02610833599
2010-01-20,45.3180458893,5.47541252264,5.45381649768
2010-02-21,45.3180458893,4.80955307928,4.80055430054
2010-06-13,43.3352464041,0.0,0.0
2010-11-04,45.3162462936,5.62840797419,5.93161728577
2010-11-20,45.3180458893,6.06076448957,6.47107871613
2010-12-06,45.3180458893,6.0900103838,6.22765270203
2010-12-22,45.3180458893,6.12237602863,6.18986154993
2011-01-07,45.3180458893,5.94151400476,5.98470477362
2011-01-23,45.3180458893,5.78944661469,5.76785045563
2011-02-08,45.3180458893,5.472713224,5.37643248114
2011-09-04,45.3180458893,5.02999776788,7.78932967899
2011-09-20,45.3180458893,5.71268997454,7.09316994083