Date,Rarea,NDWI,MNDWI
1984-09-09,7.29942408256,0.0,0.30330183313
1984-09-09,7.29942408256,0.0,0.302401786316
1986-01-18,7.29942408256,0.333902009705,0.298801781677
1986-01-18,7.29942408256,0.330301976624,0.299701782715
1986-02-03,7.29942408256,0.306001839294,0.265501574036
1986-02-03,7.29942408256,0.301501789612,0.262801539246
1986-02-19,7.29942408256,0.276301625305,0.23580135791
1986-02-19,7.29942408256,0.275401619263,0.235801359863
1986-03-07,7.05875971516,0.0639003652344,0.0
1986-03-07,7.15055975709,0.066600383606,0.0
1986-03-23,7.2517238375,0.1269007099,0.0
1986-03-23,7.25712386112,0.12780070929,0.0
1986-11-02,7.29942408256,0.370802236328,0.392402381348
1986-11-02,7.29942408256,0.377102262146,0.393302387878
1986-11-18,7.29852407914,0.343802042297,0.344702057678
1986-11-18,7.29942408256,0.341102021057,0.347402071777
1986-12-20,7.29672406742,0.00900004846191,0.0
1986-12-20,7.25712385502,0.00900004534912,0.0
1987-01-05,7.29942408256,0.282601651611,0.2538014646
1987-01-05,7.29942408256,0.283501648743,0.252001451782
1987-01-21,7.29942408256,0.261001511169,0.233101330261
1987-01-21,7.29942408256,0.260101476379,0.235801326294
1987-11-05,7.29942408256,0.180900983032,0.182700991028
1987-11-05,7.29942408256,0.177300959351,0.187201010376
1987-11-21,7.29942408256,0.167400919861,0.171900945007
1987-11-21,7.29942408256,0.167400916321,0.169200924744
1988-09-20,7.29942408256,0.423002557983,0.483302948303
1988-09-20,7.29942408256,0.418502516968,0.481502931152
1988-10-06,7.29762406327,0.356402135132,0.477902938965
1988-10-06,7.29942408256,0.356402135864,0.479702944336
1988-10-22,7.29942408256,0.453602778687,0.472502912598
1988-10-22,7.29942408256,0.45630277417,0.474302901672
1988-11-07,7.29942408256,0.442802749939,0.439202741089
1988-11-07,7.29942408256,0.448202740295,0.439202700378
1988-11-23,7.04742255485,0.2619015578,0.235801391602
1988-11-23,7.2895240272,0.387902330566,0.351902098816
1989-09-23,7.21807015245,0.72720446936,0.77670476593
1989-09-23,7.29942408256,0.724504471252,0.779404797607
1990-09-10,7.29852408225,0.3186018974,0.345602067078
1990-09-10,7.29852408225,0.31680188147,0.341102031738
1990-09-26,7.29942408256,0.344702064331,0.380702292603
1990-09-26,7.29942408256,0.343802061157,0.376202270996
1990-10-12,7.29942408256,0.327601935669,0.325801931702
1990-10-12,7.29942408256,0.326701926514,0.324001916016
1990-10-28,7.29942408256,0.288901689819,0.271801585083
1990-11-13,7.29942408256,0.287101700439,0.259201524963
1990-11-13,7.29942408256,0.288901688599,0.265501535583
1990-12-15,7.29942408256,0.219601237183,0.194401085632
1990-12-15,7.29942408256,0.224101250916,0.194401083496
1990-12-31,6.79516313428,0.0765004125366,0.0
1990-12-31,7.17072328104,0.0468002366333,0.0
1994-05-16,7.29942408256,0.0,0.119700640442
1994-06-01,7.29942408256,0.0,0.0
1994-06-01,7.29942408256,0.0,0.0
1994-07-19,7.29942408256,0.404102420471,0.548103319824
1994-07-19,7.29942408256,0.405902488708,0.545403370789
1995-05-03,7.29942408256,0.344702087097,0.278101649841
1995-05-03,7.29942408256,0.340202046997,0.280801652954
1995-06-04,7.29942408256,0.292501792542,0.262801601746
1995-06-04,7.29942408256,0.291601710083,0.261901525391
1995-06-20,7.29942408256,0.268201572266,0.244801419373
1995-06-20,7.29942408256,0.270901577515,0.248401436829
1995-08-07,7.29942408256,0.319501899231,0.356402143311
1995-08-07,7.29942408256,0.31860190271,0.358202156616
1996-03-02,7.29942408256,0.29697352425,0.246601438171
1996-03-02,7.29942408256,0.294273494404,0.243001406738
1996-03-18,7.29942408256,0.262801540222,0.22410129071
1996-03-18,7.29942408256,0.268201554871,0.220501260803
1996-11-29,7.29942408256,0.337502034851,0.321301910645
1996-12-15,7.29942408256,0.36821155429,0.292501706665
1998-02-20,7.29942408256,0.229501275208,0.205201131653
1998-02-20,7.29942408256,0.22680125946,0.207901149292
1998-03-08,6.94196676504,0.0,0.0
1998-03-08,6.9628221807,0.0,0.0
1998-03-24,7.29942408256,0.133200702637,0.0450002253418
1998-03-24,7.29942408256,0.134100704346,0.0432002165527
1998-11-19,7.29942408256,0.603003737671,0.580503587158
1998-11-19,7.29942408256,0.598503679077,0.576003544189
2006-11-09,6.85194103309,0.499502692322,0.563403090027
2006-11-09,6.50548190378,0.230401534668,0.277201866516
2006-11-25,7.29942408256,0.630903680542,0.693004129822
2006-11-25,7.29942408256,0.630003677856,0.69120411261
2006-12-11,7.29942408256,0.578703434692,0.630903762329
2006-12-11,7.29942408256,0.581403448303,0.632703762878
2006-12-27,7.29942408256,0.564303415283,0.595803597595
2006-12-27,7.29942408256,0.567903416382,0.596703594971
2007-01-28,7.29942408256,0.39510246106,0.25380158728
2007-01-28,7.29942408256,0.393302444885,0.252901583862
2007-02-13,7.29942408256,0.434702621887,0.414902508118
2007-02-13,7.29942408256,0.432902608337,0.41490249762
2007-03-01,7.29942408256,0.409502483093,0.388802346069
2007-03-01,7.29942408256,0.410402483887,0.387902333069
2007-03-17,7.29402405741,0.338402007568,0.141300773254
2007-05-04,7.29942408256,0.302401773193,0.274501583069
2007-05-04,7.29942408256,0.298801748718,0.275401583618
2007-06-21,7.29942408256,0.232201305725,0.268201530334
2007-06-21,7.29942408256,0.232201304321,0.26730152478
2007-07-07,7.29942408256,0.168300929077,0.234901316711
2007-07-07,7.29942408256,0.163800904297,0.23670132428
2007-09-25,7.29942408256,0.324901826477,0.863105076111
2009-06-10,7.29942408256,0.0,0.0
2009-06-10,7.29942408256,0.0,0.0
2009-07-28,7.29942408256,0.341101976013,0.401402372375
2009-07-28,7.29942408256,0.339301970337,0.402302400269
2009-09-30,7.29942408256,0.722704259583,0.801004755981
2009-09-30,7.29942408256,0.722704236633,0.804604784973
2009-10-16,7.29942408256,0.725404275269,0.773104598938
2009-10-16,7.29942408256,0.723604266479,0.775804625916
2010-01-20,7.29942408256,0.500403021545,0.479702917419
2010-01-20,7.29942408256,0.501303028564,0.47790290509
2010-02-21,7.29942408256,0.395102328064,0.368102180725
2010-02-21,7.29942408256,0.395102328064,0.368102180725
2010-05-12,7.29942408256,0.000900004394531,0.0
2010-05-12,7.29942408256,0.000900004394531,0.0
2010-06-13,7.29942408256,0.0,0.0
2010-06-13,7.29942408256,0.0,0.0
2010-12-22,7.29942408256,0.464402460083,0.455402436157
2010-12-22,7.29942408256,0.463502447266,0.452702410278
2011-01-07,7.29942408256,0.421202276855,0.387002067688
2011-01-07,7.29942408256,0.422102272644,0.390602080872
2011-01-23,7.29942408256,0.376202049622,0.325801770081
2011-01-23,7.29942408256,0.375302045715,0.324901768555
2011-02-08,7.29942408256,0.369902062073,0.322201797913
2011-02-08,7.29942408256,0.369902050842,0.32310179364
2011-09-04,7.2985240883,0.484202576233,0.708304211426
2011-09-04,7.29942408256,0.485102601746,0.708304231567