Date,Rarea,NDWI,MNDWI
1986-01-18,12.8144034476,1.89724617516,1.74239071356
1986-02-03,12.8144034476,1.79554712871,1.60109192798
1986-02-19,12.8144034476,1.71904769463,1.52459237549
1986-03-23,12.8144034476,1.42289352087,0.488698450745
1986-11-02,12.8144034476,1.75054882286,1.83089848405
1986-11-18,12.2213072728,1.20875219249,1.18625214177
1987-01-05,12.8117034557,1.87464884216,1.52009342187
1987-01-21,12.7676035928,1.63174958867,1.45079364062
1987-02-06,11.5814947191,0.501298254578,0.386998649536
1987-03-26,12.8144034476,1.5182932019,1.38239387695
1987-11-05,12.8144034476,1.56329341016,1.57769316351
1987-11-21,12.8144034476,1.53989365424,1.52999342358
1988-09-20,12.8144034476,1.83514711626,2.05196055667
1988-10-06,12.6983047998,1.55339270221,1.84414723662
1988-10-22,12.8144034476,1.84684717253,1.95026123813
1988-11-07,12.8144034476,1.82254710857,1.88006163736
1989-09-23,12.2009606803,1.52999412494,1.73969292029
1990-09-26,12.8144034476,1.88734663176,2.05744528441
1990-10-12,12.8144034476,1.85044679503,1.95484588731
1990-11-13,12.8144034476,1.91344639891,1.93594573467
1990-12-15,12.8144034476,1.92359658018,1.81354648583
1990-12-31,10.9865136839,0.0395998219604,0.0
1994-06-01,12.8144034476,0.588597379272,0.0
1995-05-19,12.8144034476,1.3148941095,1.23389431152
1995-06-04,12.8144034476,1.34549404425,1.29689417731
1995-06-20,12.6578039874,1.20419447437,1.14029466425
1996-03-02,12.8108034632,1.4345935238,1.2779943772
1996-03-18,12.8144034476,1.43749102553,1.34819381946
1996-11-29,12.812603455,1.7072359115,1.70099187878
1998-02-20,12.8144034476,1.26989455151,1.21859469391
1998-03-24,12.6740037117,0.784796948059,0.0
1998-11-19,11.8045080921,1.60829205127,1.5875920351
2006-11-09,11.4635088711,0.51569800885,0.517497931885
2006-11-25,12.8144034476,1.47869370844,1.49219344928
2006-12-11,12.8144034476,1.45979377698,1.47239346161
2006-12-27,12.8144034476,1.445393802,1.43279361005
2007-01-28,12.8144034476,1.35989418994,1.27349451941
2007-02-13,12.8144034476,1.22849482825,0.66329746637
2007-03-01,12.8144034476,1.18259504059,0.179099617126
2007-06-21,12.367045288,0.68939882135,1.1735948941
2007-07-07,12.8144034476,0.0530998217163,1.58939222614
2007-09-25,12.0753323162,1.30229470557,1.73609216211
2009-06-10,12.4527975878,0.407698866577,0.327599592834
2009-09-14,11.7023768832,1.89269012213,2.33489398234
2009-09-30,12.6326029695,2.01058880762,2.20799420323
2009-10-16,12.8099034819,2.08714523241,2.23229446592
2010-01-20,12.8144034476,1.80449072461,1.71359116626
2010-02-21,12.8144034476,1.60019228876,1.48859283405
2010-05-12,12.8144034476,0.0440998721313,0.0
2010-06-13,12.8144034476,0.0,0.0
2010-12-22,12.8144034476,1.59749290387,1.54439307678
2011-01-07,11.4062066757,0.29699841217,0.0
2011-01-23,12.8144034476,1.47689344836,1.34459407312
2011-02-08,12.8144034476,1.46789344794,1.37339382471
2011-09-04,11.6568940772,1.29059494489,1.62629201239
2011-09-20,12.8099034235,1.78649184576,2.2633286261