Date,Rarea,NDWI,MNDWI
1984-11-05,107.476783671,11.3984878015,11.0332050632
1984-11-12,107.326812185,11.2860091135,10.2804650925
1984-11-21,107.454288217,11.6598351593,10.7182665815
1986-01-11,107.476783671,11.744076527,11.1532581336
1986-01-27,104.668324412,8.98999194458,7.87594255957
1986-04-01,104.872299495,7.43430079775,6.60802081034
1986-11-27,107.476783671,18.7940506686,16.9785620035
1986-12-13,107.476783671,18.289852722,16.6586205511
1986-12-29,106.167032759,17.2522383698,15.0828378385
1987-01-21,99.3383922932,10.7796964766,9.12869561183
1987-03-03,107.169342693,14.9778029181,13.8048001694
1987-11-05,107.476783671,16.740980416,16.6434652607
1987-11-21,107.476783671,17.0004486641,16.3411801437
1987-11-30,107.476783671,17.3758242291,16.3186832601
1988-10-15,107.476783671,16.5952269191,16.9551617692
1988-10-22,99.0668796263,12.7343571151,12.4612096513
1988-12-18,107.464285979,16.7256801799,15.548828402
1989-11-19,94.5942980131,5.32084496252,4.67214531172
1990-10-05,106.497462174,11.2302814653,12.6129830418
1990-10-21,107.476783671,12.788574535,12.5683038741
1990-11-06,107.476783671,12.7070603692,12.3980224221
1990-11-22,104.239903397,13.0414120006,10.017897263
1990-12-08,99.9460100552,12.8766647259,11.9726398831
1994-04-07,107.476783671,7.34596074561,0.0174963088379
1994-06-10,107.474284148,7.76528044803,7.00609436841
1995-05-28,97.5003585321,11.2690249962,10.6554000256
1995-05-28,106.410944874,10.920498015,10.336199794
1995-06-04,97.0703292808,11.5650928357,11.2010265657
1995-06-29,97.1784582791,6.70616145459,1.83463511304
1995-06-29,107.476783671,6.68366532251,1.84713270874
1996-11-29,107.476783671,17.0374306141,16.1011070426
1998-02-20,106.867531278,8.49900450163,8.10384674928
1998-03-01,99.5617116535,0.492277827409,0.119975635254
1998-03-08,95.7432994803,0.0,0.0
1998-03-17,102.026687719,7.35352808032,6.85362597339
1998-03-17,96.6139150356,0.414792155534,0.0924813757324
1998-03-24,100.458191199,0.164968684326,0.0
1998-11-19,106.930594401,14.2773728266,13.6864524746
2007-01-05,93.4913506255,0.542778730027,0.322436647217
2007-04-11,98.8709932577,1.86200868141,0.00999802587891
2007-05-13,95.1342179506,0.0,0.0
2007-09-25,106.078855767,16.5767676426,18.0621509436
2009-09-30,94.5206650698,15.8697354415,16.5797603505
2009-10-16,100.9108078,16.2969222655,16.7765596971
2010-01-20,102.952626744,15.2821210671,14.7944836599
2010-02-21,103.107218511,14.6372458517,14.0871186089
2010-06-13,107.468099547,2.84692822339,1.20225927832
2010-11-20,106.670489892,16.1744496501,15.8645117233
2010-12-15,94.6581884641,16.9085979706,15.1545392869
2010-12-22,107.476783671,16.0648543858,14.9771828244
2011-01-23,107.474284186,14.8921964335,14.1197346985
2011-02-08,107.476783671,14.5904207662,14.1421065054