Date,Rarea,NDWI,MNDWI
1984-05-25,76.0728035261,7.03760555225,8.212874222
1984-05-25,69.8908599009,6.47590150659,7.26670941755
1984-06-26,76.9538179952,7.85894972217,8.725439364
1984-06-26,77.3058189478,7.82899005859,8.72215885041
1984-10-16,77.3083153909,8.37821948047,8.99736136108
1984-10-16,77.3083153909,8.38820445679,9.00984273364
1984-11-17,77.3083153909,7.67919142993,5.57963508643
1984-11-17,77.3083153909,7.6542262981,5.62457203369
1984-12-19,68.0005202575,3.12789524976,2.20134180789
1985-01-04,77.3083153909,11.615676011,9.11220540381
1985-01-04,77.3083153909,11.5315651521,9.15214793213
1985-01-20,77.2933366119,9.4317569895,7.35215478442
1985-01-20,77.2958332027,9.44614770491,7.34466535278
1986-01-07,77.3083153909,10.2281520942,9.19957910303
1986-01-07,77.3083153909,10.2632993503,9.21455749243
1986-11-16,77.3081810589,10.5194854006,10.9284864685
1987-11-10,77.3083153909,9.62898296045,9.68082429377
1987-11-10,77.3083153909,9.60901125171,9.72845434796
1988-09-09,77.3083153909,7.4744893418,8.06386201268
1988-10-11,77.3083153909,7.79174134544,8.31292560455
1988-10-11,77.3083153909,7.80921691332,8.32291157843
1988-10-27,77.3083153909,8.00394498705,8.17121333714
1988-10-27,77.3083153909,7.98646978319,8.17121315184
1988-11-12,77.3083153909,8.1412537473,8.26857875169
1988-11-12,77.3083153909,8.14874383128,8.28106085057
1988-12-14,77.3083153909,8.48399918194,7.94652829442
1988-12-14,77.3083153909,8.47401315606,7.96150721483
1989-05-23,76.3971023719,5.67471247191,5.88192334325
1989-10-14,70.8736217595,4.97547639209,7.04008867651
1990-08-23,68.0981582283,6.41946218164,6.64142228711
1990-10-10,75.9854676379,6.57408782104,6.85091363232
1990-11-18,77.3083153909,6.76259411871,6.70267875885
1990-11-18,77.3083153909,6.80004210431,6.71824605199
1990-11-27,77.3081810589,6.83844473315,6.68631332983
1990-12-04,77.3083153909,6.78065741478,6.60839887254
1990-12-04,77.3083153909,6.8006298015,6.62088114281
1991-02-06,77.2184422147,6.43844020654,5.699475396
1991-02-06,77.2958330142,6.52581721899,5.76688018506
1994-04-19,68.4332610804,0.0,0.0
1994-04-19,66.7146632586,0.0,0.0
1995-06-09,73.1413912503,3.99629345784,4.55571257086
1995-06-25,77.3083153909,0.00249648388672,3.25789302271
1995-06-25,77.1984681727,0.00748933520508,3.24540898267
1997-02-06,68.1759382909,0.661571071777,0.444374866211
1998-03-29,77.2883438919,5.69696655151,4.14663826123
1998-03-29,77.3083153909,5.72692416675,4.16411308789
1998-11-24,77.3083153909,8.37073563989,8.49326110399
2006-10-22,77.3056870086,2.18723927979,2.61619995117
2006-11-07,77.3081810589,2.59624951929,2.74588574756
2006-11-14,77.3083153909,2.4939628418,2.62877435767
2006-11-14,77.3083153909,2.48896999243,2.65373978247
2006-11-23,77.3081810589,2.55135822803,2.60871725928
2006-11-30,77.3083153909,2.60880336475,2.61130108472
2006-11-30,77.3083153909,2.62627886987,2.62628036548
2006-12-09,77.3081810589,2.67106731909,2.66857151343
2006-12-16,76.015153565,1.54281742847,1.43297239771
2006-12-16,76.8364872264,1.9447451123,1.79745345776
2006-12-25,77.3081810589,2.75087405835,2.64861996533
2007-01-10,72.045895494,0.421479838867,0.0922772175293
2007-02-11,77.3081810589,2.62866663501,2.40670436719
2007-02-27,76.3105836378,1.02254380957,0.0274344082031
2007-03-15,77.2907228614,1.8081510415,0.498804081055
2007-04-07,74.2426571363,0.0,0.0
2007-04-07,77.2933364417,0.0,0.0
2007-05-18,75.3130286527,0.0,1.56374556274
2007-06-10,77.2983296854,0.0,0.0
2007-06-10,77.3083153909,0.0,0.0
2007-09-30,77.3083153909,3.53502304639,5.98927206395
2007-09-30,77.3083153909,3.55249782764,6.02422287108
2009-06-24,68.8338906302,0.0,0.775638430176
2009-10-21,73.4696791765,1.52790965681,1.23324682666
2009-11-06,77.3083153909,2.30922564746,2.46151143457
2009-11-06,77.3083153909,2.33169410669,2.45152574878
2009-11-15,70.8599814119,2.34934376587,2.49149966431
2009-12-01,69.4407722544,2.24459777222,2.30195846558
2009-12-08,77.3083153909,2.40159547754,2.45901512817
2009-12-08,77.3083153909,2.40908505151,2.45651887524
2009-12-17,76.8636456686,2.36430812622,2.41917397314
2010-01-18,73.9361469307,2.50895723486,2.31442737036
2010-01-25,77.3083153909,2.53141372388,2.40159668652
2010-01-25,77.3083153909,2.52642044287,2.41158261621
2010-02-03,74.1892136663,2.55883511621,2.51893212378
2010-02-10,77.3083153909,2.49646219409,2.24681379175
2010-02-10,77.3083153909,2.48397967065,2.25180653564
2010-02-19,68.6588555749,2.44910257642,2.35682542651
2010-05-17,77.1718470501,2.13197665503,2.12448827319
2010-05-17,77.2028531504,2.11949411035,2.11200581543
2010-10-24,76.4293935117,1.41299185474,3.26038604688
2010-10-24,76.4119189257,1.43546019336,3.24291117676
2010-11-18,74.6639928171,2.90300526367,3.40429127026
2010-11-25,77.3083153909,2.89839609448,3.24041544214
2010-11-25,77.3083153909,2.90338897876,3.25040159473
2010-12-11,77.3083153909,3.09561833643,3.26538021387
2010-12-11,77.3083153909,3.0981153374,3.26288413159
2010-12-27,77.3083153909,2.92086350659,2.99076694336
2010-12-27,77.3083153909,2.91836724219,2.97828481299
2011-02-22,72.4781973074,2.52641571606,2.39922380029
2011-04-02,77.3083153909,1.05599477417,1.2032873772
2011-04-02,77.3083153909,1.05349836865,1.19330144238