Date,Rarea,NDWI,MNDWI
1984-05-31,49.9243230318,0.0,0.0
1984-07-02,49.9243230318,0.0,0.0
1984-07-18,46.913547807,0.012609515564,0.0216163622437
1984-09-04,49.9243230318,0.0,0.0
1984-11-07,49.9243230318,0.00360275524902,0.00180137768555
1984-12-09,46.981538944,0.270950378176,1.52207747851
1985-01-26,49.577560617,0.0909690070801,0.453715993513
1985-03-31,49.9243230318,0.000900680419922,0.00900680432129
1985-05-18,49.9243230318,0.0,0.0
1985-06-03,42.4836686488,0.0,0.0
1985-07-05,48.8231347824,0.0,0.0
1985-07-21,49.9243230318,0.00180136553955,0.0
1985-08-22,49.9243230318,0.0,0.0
1985-11-10,49.9243230318,0.0351266293945,0.0694374802967
1986-02-14,49.8072332993,0.033325177124,0.0524372505328
1986-03-02,43.4915185871,0.0,0.0
1986-03-18,49.9243230318,0.0072054440918,0.00540408129883
1986-05-21,49.9243230318,0.00450342272949,0.00180137158203
1986-06-06,49.9243230318,0.000900680969238,0.0
1986-06-22,49.9243230318,0.0,0.0
1986-08-09,49.9243230318,0.0,0.0
1986-08-25,49.5307338893,0.00270204174805,0.0
1987-03-05,48.4948073867,0.107181086304,0.160321397949
1987-04-06,49.3318015873,0.015311565979,0.00450342895508
1987-06-25,49.9243230318,0.000900678588867,0.0
1987-07-11,49.9243230318,0.00270203894043,0.0
1987-08-12,49.9243230318,0.0,0.0
1987-09-13,43.8658685427,0.272102636446,0.364085957344
1987-10-15,49.4307471513,0.000900681640625,0.0
1987-10-31,49.1862262898,0.0756572674561,0.0182114601886
1988-04-08,49.9243230318,0.00540408935547,0.0
1988-05-26,49.9243230318,0.0134678298792,0.0162124144897
1988-07-13,49.9243230318,0.00630476489258,0.00180136169434
1988-07-29,49.9243230318,0.0108081677856,0.00450340429687
1988-08-14,49.9243230318,0.0108081669312,0.000900680786133
1988-08-30,48.615005185,0.00540408251953,0.000900680786133
1988-10-01,49.9243230318,0.0782886236572,0.0954725453491
1988-11-02,49.9243230318,0.616419764244,0.119229605748
1988-11-18,49.9225216696,0.222468545837,0.171426809451
1989-02-06,49.5919714961,0.457546698975,0.676346704845
1989-05-29,47.4653332336,0.286417042114,0.236879502319
1989-06-30,43.1944582998,0.335053827209,0.263900012634
1989-07-16,45.6651446855,0.352166779602,0.265701363953
1989-08-01,49.9243230318,0.302629241394,0.222468576538
1989-09-18,49.9243230318,0.292721724304,0.20625628241
1990-03-13,49.2784771506,0.336855190491,0.374624349599
1990-04-14,48.2438618019,0.339557276184,0.2900197771
1990-06-01,49.9243230318,0.421519408203,0.370180594299
1990-07-03,49.9243230318,0.373783273987,0.319742342468
1990-08-20,49.9243230318,0.375584584229,0.305331400269
1990-09-05,49.9243230318,0.355769570312,0.291821153198
1990-09-21,49.8365434451,0.340457960449,0.276509549194
1991-06-20,49.9243230318,0.639484758423,0.56382750592
1991-07-06,49.9234223486,0.593550004333,0.535005639404
1991-07-22,49.9243230318,0.588145871887,0.532303583313
1991-08-07,49.9243230318,0.618769087646,0.54401246521
1991-11-27,49.9162169077,0.806319786266,1.23343228213
1992-03-18,49.9243230318,0.624173230164,0.64038556842
1992-06-06,49.9243230318,0.599854781067,0.583642514099
1992-08-09,49.9243230318,0.579139086975,0.542211092529
1992-09-26,49.9243230318,0.564728133362,0.52059469165
1992-10-12,49.9243230318,0.596252021179,0.552316402388
1992-12-15,46.0274335431,0.573734772644,1.30449441434
1993-03-21,49.9243230318,0.545813763855,0.520594661438
1993-04-06,49.9243230318,0.602556811523,0.568330900208
1993-05-08,49.9243230318,0.598954102966,0.596252080383
1993-05-24,49.9243230318,0.590847966675,0.566529538879
1993-06-09,46.1963628081,0.545813801208,0.515190614258
1993-06-25,49.9243230318,0.584543181458,0.543111783081
1993-07-27,49.9216209799,0.565628828918,0.520594691772
1994-03-24,49.9225216696,0.725049778564,0.698029344177
1994-05-11,49.9243230318,0.743964139282,0.716943698059
1994-05-27,49.9243230318,0.707036125671,0.662902687317
1994-07-14,49.9243230318,0.716943634888,0.66200199762
1994-07-30,49.9243230318,0.715142264465,0.659299931641
1994-08-15,49.9243230318,0.683618370972,0.624173288086
1994-08-31,49.9243230318,0.698929969727,0.639484900696
1994-11-03,49.5962574619,1.09613155286,1.06100505078
1994-12-05,49.8955012166,1.15647732166,1.54490992075
1995-01-22,49.8117378945,3.08022693899,3.74355927885
1995-03-27,49.9243230318,2.99567584991,2.96054932825
1995-05-30,49.921620989,2.7173642312,2.53902865027
1995-07-01,49.9243230318,2.55974432947,2.35168620569
1995-07-17,49.9243230318,2.46337100085,2.25351151135
1995-08-02,49.9243230318,2.34538129181,2.14723069763
1995-09-03,48.3420010857,1.4230805448,1.19881011774
1995-10-05,49.9243230318,2.09318944794,1.9085491745
1995-10-21,49.0334177902,2.05626154553,2.01753228564
1995-11-06,49.9243230318,2.36519603839,2.28323388135
1995-11-22,47.1457711422,7.26747811201,10.832668008
1996-01-09,49.5694545535,3.49301979,4.55067950575
1996-02-10,49.8054331138,4.23772169928,4.58378318327
1996-03-29,49.9234223459,7.08667417257,7.11369496066
1996-05-16,49.9198196271,7.01371868661,7.00561271163
1996-06-01,49.9243230318,7.01642065255,6.99030092074
1996-06-17,49.9243230318,6.97769126791,6.89933163418
1996-07-19,48.4805189624,6.37151499531,6.15174755073
1996-08-04,49.9243230318,6.55165242897,6.2805599609
1996-12-10,49.9117134373,6.80334964298,6.99427724617
1997-02-28,49.9243230318,6.91194113375,6.84979393844
1997-05-03,49.9243230318,6.79305050747,6.62372154013
1997-05-19,49.9243230318,6.60480707186,6.36972789632
1997-06-04,49.9243230318,6.57328309658,6.13645014578
1997-06-20,47.1307637164,5.66891465723,5.16363015924
1998-03-19,49.9225216702,7.11999977481,7.1497225018
1998-04-04,49.9207203085,7.04164013064,7.0488457059
1998-06-07,49.9243230318,7.0037969698,6.97767722938
1998-06-23,49.9243230318,6.83268088424,6.74800208717
1998-07-25,49.9243230318,6.81466709146,6.52102926063
1998-08-10,49.9243230318,6.72279706228,6.46249869827
1998-09-11,49.1875630533,5.77347453756,4.88587888595
1998-10-29,49.9243230318,6.24905002451,5.86492322634
1998-11-30,49.5042926475,6.12826260986,6.19078803168
1999-02-02,49.8243469388,6.93148745335,23.1795797657
1999-03-06,49.7748084379,7.23078411257,7.29098897195
1999-03-22,49.9243230318,7.14972247677,7.18484934573
1999-04-07,49.9234223513,7.17764375094,7.18124666128
1999-05-25,49.9180182644,6.87411235672,6.58320482847
1999-06-26,49.9243230318,6.69757792269,6.27964539717
1999-07-12,49.9243230318,6.53005017758,6.13286158262
1999-08-29,49.9243230318,6.30399202518,5.85501582522
1999-09-14,49.9243230318,6.28868042917,5.86852607113
1999-09-30,49.9243230318,6.21390923989,5.7796971767
1999-11-01,44.3635715513,6.21425537626,5.68265984735
1999-11-17,49.9101769546,6.33868426626,5.93431844527
2000-03-24,49.9243230318,6.18648248478,5.90185146188
2000-06-28,49.9243230318,5.46715883032,5.00961018506
2000-08-31,45.6541759433,1.09613495728,0.985796249346
2000-09-16,49.9243230318,5.21496657471,4.8303735874
2000-11-03,49.9243230318,5.07085670557,4.63852743671
2000-12-05,46.8579649501,6.51569292147,7.91558463077
2001-02-07,49.9135148629,6.89121112953,6.78602868756
2001-05-30,49.9243230318,6.49762542379,6.17606632045
2001-06-15,49.9243230318,6.41836507748,6.00495007449
2001-07-01,48.6967844101,5.50236948452,5.07634490591
2001-08-02,49.9243230318,6.15896737624,5.74096769342
2001-08-18,47.7438820891,5.59291548757,5.06365128711
2001-09-03,49.9234223406,6.01894065633,5.58514883643
2001-10-21,49.9243230318,5.72565593146,5.19965507636
2002-03-14,48.1724878912,0.52780188916,0.0918699608154
2002-05-17,49.9243230318,5.82563193115,5.41942252185
2002-06-18,49.9243230318,5.64279260474,5.23117902362
2003-07-07,48.044594356,5.03399920759,4.4503688525
2003-07-23,49.9243230318,6.56517713003,6.12203963845
2003-08-08,49.9243230318,6.64984152822,6.37331664345
2003-09-09,43.199887178,1.59519584017,1.37272636074
2003-10-11,49.9243230318,6.45891006412,6.11933724069
2004-01-31,48.488072912,7.06735288657,7.16732908445
2004-06-07,49.9243230318,6.80115669345,6.55256734152
2004-07-25,42.788070516,5.66989393563,5.48615402969
2004-08-10,49.9234223508,6.50934853953,6.178782587
2004-08-26,49.9234223425,6.32739570199,5.99462220754
2004-09-11,49.9243230318,6.26572878256,5.9126598196
2005-02-18,48.8092369819,7.04155650623,9.7722425065
2005-03-06,49.9243230318,7.20104711006,7.43729210913
2005-03-22,49.9243230318,7.21997584579,7.27852062075
2005-08-13,49.9243230318,6.39764917342,6.06397491836
2006-03-09,49.9243230318,7.32625679232,7.43729217999
2006-05-12,49.9180182501,6.74171137014,6.52194395809
2006-05-28,49.9243230318,6.67686192837,6.39584783498
2006-07-15,49.9243230318,6.24681417342,5.88687865448
2006-07-31,43.7178069101,5.09663887765,4.74514524866
2006-09-01,49.9243230318,5.70854263086,5.32935369757
2006-10-03,49.9243230318,5.34196303699,4.9681783725
2007-01-07,49.8900969704,5.22577443561,5.39451706939
2007-01-23,49.919819606,5.04833928888,4.81757641711
2007-03-28,49.9243230318,7.03171817427,7.12720531546
2007-05-15,49.0553597317,6.45707976832,6.26524785495
2007-05-31,49.9225216548,6.56336139949,6.3084812911
2007-06-16,45.5733171274,6.2868648677,5.90185159609
2007-07-02,45.2730608064,5.99135755811,5.66891215601
2007-07-18,49.9243230318,6.0288480812,5.62477902039
2007-08-03,49.9243230318,5.82799489669,5.429329961
2007-08-19,49.9243230318,5.6914296015,5.30503513013
2007-09-20,49.552635731,5.39870635077,5.0033051319
2008-03-14,49.9243230318,5.75988146667,5.46805926178
2008-05-01,48.9444302991,5.4833706452,5.21316484021
2008-05-17,49.9243230318,5.61667245581,5.27441177264
2008-07-04,47.1966415469,5.19154845203,4.84118159003
2008-07-20,49.9243230318,5.27170962292,4.89702423663
2008-09-22,43.9044509741,4.44938240216,4.26294018573
2009-05-20,49.9243230318,7.06956120755,7.07946888418
2009-06-05,49.9234223422,7.04614342343,6.98489684402
2009-07-07,49.9243230318,6.77233470877,6.50934849961
2009-07-23,49.9243230318,6.61921796902,6.34721076705
2009-08-08,49.9243230318,6.58679333981,6.27875866793
2009-08-24,49.9243230318,6.44676657882,6.07658447945
2009-10-27,47.8441784683,6.03188861877,5.99950255945
2010-01-31,49.9243230318,7.08929431769,7.57424222549
2010-04-21,49.9243230318,6.96418087631,6.87771518789
2010-06-08,49.9243230318,6.55346793679,6.23192297109
2010-06-24,49.9243230318,6.39632814565,6.02344406088
2010-07-10,49.9243230318,6.25762232919,5.8679642749
2010-08-11,49.9243230318,5.83790231088,5.48607312195
2010-08-27,49.9243230318,5.77068999951,5.37889137183
2010-11-15,49.9243230318,5.45004544226,5.07175730957
2011-03-07,49.8018290463,6.94255004903,7.07766763131
2011-03-23,46.0752241524,6.78756419128,6.75132487822
2011-04-08,49.9243230318,6.80295800766,6.5696804064
2011-07-13,49.9243230318,5.69413161029,5.3419633288
2011-07-29,49.9243230318,5.66440900562,5.26360359637
2011-08-14,49.9243230318,5.45094620837,5.1041820509
2011-10-01,49.7820150656,5.20505688855,4.63762653564