Date,Rarea,NDWI,MNDWI
1984-04-13,305.024622338,89.0159369481,95.975611495
1984-07-02,307.647655065,64.7060151865,69.8397570176
1984-07-18,291.859979737,65.3141310859,71.0568864655
1984-09-04,315.58897706,72.5106695496,75.7363159071
1984-09-20,286.109454727,74.597557,74.6268950994
1984-10-15,298.183995882,87.5378581254,80.9491370514
1984-11-07,315.478897363,86.7195453999,80.4797416688
1985-01-26,313.932195257,116.006475485,118.692820761
1985-03-31,315.448880834,100.734377524,104.727255452
1985-05-02,299.191108763,86.8853773364,89.1570161987
1985-05-18,315.164138661,86.4828254576,90.805967149
1985-06-03,270.512001812,67.862114134,70.714653695
1985-07-05,311.98581478,68.1025672475,74.0568741616
1985-07-14,293.717915967,73.3962031728,79.0887419891
1985-07-21,315.58897706,71.1344011261,78.1175621485
1985-07-30,294.018138078,70.2439335547,76.9773746892
1985-08-22,315.578969999,68.4224579689,76.6669862216
1985-08-31,283.523489363,67.2015745949,76.1065763085
1985-09-23,296.100542965,81.5820981086,76.1387254709
1985-10-18,286.162810843,80.6176888132,78.2881935009
1985-10-25,274.723082327,107.538122884,81.562389819
1985-11-10,315.368825983,92.0089498398,85.9646137924
1986-02-14,283.40094749,72.9881896914,75.6977924466
1986-02-23,288.118483124,96.8438472917,103.906633958
1986-03-02,304.371031113,88.8202781038,90.3113664163
1986-03-18,315.39883642,95.8827593337,100.675275895
1986-05-21,315.58897706,80.9119279303,86.0438023524
1986-06-06,315.428860309,74.9471490422,81.0902086757
1986-06-22,315.568963467,73.0576625419,78.5883851102
1986-07-17,269.518616898,56.6420657233,61.316085576
1986-08-09,315.58897706,70.5840044826,76.2366763104
1986-08-18,313.73826311,69.203011632,75.6462543905
1986-08-25,314.453077413,69.2245484173,75.2875502038
1986-09-19,312.836532741,76.2880718541,76.4987386969
1986-10-05,305.95025124,85.5157533309,85.574715957
1986-11-06,309.417692132,99.3154913231,99.7544021458
1987-03-05,285.878600973,103.586961012,107.828558487
1987-04-06,307.954511902,103.707939861,104.699742347
1987-06-25,279.167020279,57.4812775039,62.7050474531
1987-07-11,315.578970026,78.7518213593,88.5474535212
1987-07-27,293.077906812,69.0429055226,80.5397595634
1987-08-12,306.502808245,71.2517250087,83.1741823672
1987-09-13,287.029403841,69.0599573926,85.7135078163
1987-10-31,303.258810811,73.3178847795,79.3990165067
1988-04-08,315.168688484,88.0585432402,89.7183325631
1988-05-26,315.58897706,75.1773348703,82.4912017079
1988-06-11,312.7408378,68.0818886497,77.5978290007
1988-06-20,289.693532568,68.4824990656,79.6091003427
1988-07-13,315.58897706,58.2951362404,76.0967373571
1988-07-29,315.58897706,54.884577289,75.6662611112
1988-08-07,273.758108085,57.6346553693,75.1560540856
1988-08-14,315.44232455,62.0633747538,74.6455270878
1988-08-30,315.448873641,63.9597838532,73.6549747477
1988-11-18,315.198708364,92.302145236,82.7992123253
1988-12-13,276.73374255,96.3755761067,85.7667865318
1989-02-06,311.956371942,91.879391757,94.7923988994
1989-03-03,313.185765594,90.937288703,94.230608308
1989-03-26,289.05529758,76.9440748294,79.6270480387
1989-06-07,315.578970303,82.8628814377,83.1418443434
1989-06-23,277.93283401,64.7726419952,63.5281001237
1989-06-30,278.799713866,67.1716218996,66.1696497136
1989-07-16,315.58897706,76.958600715,76.8666601232
1989-07-25,315.578655625,76.7784752629,76.3669341813
1989-08-01,315.58897706,76.4268020975,75.7765009206
1989-08-10,314.877818811,76.4168067704,75.0259598522
1989-09-18,315.58897706,76.4109405681,75.7382036022
1989-10-29,302.427014285,90.7698597469,83.211895195
1990-02-18,315.258750643,101.807021672,105.910556409
1990-03-22,305.253215805,92.1781981747,95.0329220212
1990-05-16,277.106092515,77.7577656102,78.888590243
1990-06-01,315.58897706,84.4726523837,86.1640496452
1990-06-10,300.142985574,82.8014262264,84.4528038132
1990-06-26,302.362238499,80.0194135165,81.110375361
1990-07-03,315.58897706,78.9300290383,78.4584462809
1990-07-19,310.724765784,78.6831136343,76.7670597089
1990-07-28,298.967133795,76.3982077306,76.4870207155
1990-08-13,297.255120784,76.3467643182,76.5070398229
1990-08-20,315.58897706,75.7763462938,75.7062978495
1990-09-05,315.58897706,75.0572388664,75.3460413729
1990-09-14,297.286970842,76.2418158302,75.0958653163
1990-09-21,315.58897706,73.8306961472,73.9651991276
1990-09-30,298.501220248,74.5054332606,74.7356016805
1990-11-01,305.846813164,86.6687847608,79.4778955423
1991-03-25,271.569838683,106.840610914,108.841085916
1991-05-12,287.92922301,99.3347841017,101.384846608
1991-06-13,277.235762561,85.164688083,90.8974246315
1991-06-20,315.58897706,79.9607812004,89.4563926725
1991-06-29,286.885745236,34.8088128537,82.7714478964
1991-07-06,315.58897706,69.2331811963,85.5035519157
1991-07-22,315.58897706,62.3081906416,81.9609895671
1991-08-07,315.58897706,57.9949538791,79.9212204528
1991-10-03,289.642665237,55.8392936418,77.227445411
1991-10-10,312.147843583,56.3488618866,77.4776065536
1991-11-04,299.440779312,101.690954642,92.7562549641
1991-11-11,290.448609085,91.4246197164,84.612193808
1991-11-27,314.768408401,103.835920931,98.6030936315
1992-01-30,299.963504434,82.7831599814,95.5632380545
1992-03-18,302.136562641,87.5248850497,92.758648536
1992-04-28,271.778810635,54.9013596425,54.8613409559
1992-05-14,315.35881526,83.0516249843,90.1367352216
1992-05-30,308.528771136,77.0172683085,91.1276100622
1992-06-06,315.58897706,67.1301469843,88.66536837
1992-06-15,315.436048407,61.2445220038,88.005689278
1992-07-17,315.58897706,53.1801174042,84.8030625866
1992-08-02,315.568962959,48.7880381511,81.4606377604
1992-08-09,315.58897706,47.39594187,79.9495356618
1992-08-18,314.918986808,46.5955276569,78.5985502155
1992-09-26,315.58897706,47.6594060195,77.9798216139
1992-10-12,315.58897706,53.6436589668,81.5014024643
1992-11-29,314.99855867,91.2096445224,95.637670527
1993-03-21,315.58897706,95.6008305183,99.4567132917
1993-04-06,307.798756932,82.2795028983,87.6333761073
1993-05-08,315.081207057,81.14329712,89.751416239
1993-05-17,293.047891001,81.6036709472,87.6280275361
1993-05-24,315.58897706,78.1414957579,86.5943458532
1993-06-02,301.538215724,72.8073078027,85.0563253552
1993-06-09,312.230772901,63.9580088023,81.2504893726
1993-06-25,315.58897706,54.1140136775,79.5324879268
1993-07-11,290.258443127,44.7776084064,68.6042852963
1993-07-27,315.58897706,37.0719770017,73.9952184792
1994-03-24,309.894907671,78.8720555059,81.3906314284
1994-04-02,306.506615499,34.631771709,83.8723533952
1994-05-04,313.607852184,79.3822036184,81.740676494
1994-05-11,315.58897706,78.4013364052,80.810155739
1994-05-27,315.58897706,77.432199524,78.3984066276
1994-06-05,315.58897706,65.2420998245,76.7572019421
1994-06-21,315.58897706,75.1760657995,76.2168259304
1994-07-07,314.758405511,66.0595227184,73.9952330661
1994-07-14,315.58897706,74.5088398926,74.9859335026
1994-07-23,280.452943915,63.7826280814,65.419141989
1994-07-30,315.58897706,73.4979694514,74.2854374792
1994-08-15,315.58897706,72.9389712046,73.2246705407
1994-08-31,315.58897706,71.6066066868,72.5136885322
1994-09-16,288.044185027,68.8160179595,69.2117802643
1994-09-25,314.405388048,71.2677712173,71.9135687704
1994-11-03,315.561309352,81.7637583533,83.9064243679
1994-12-05,315.228728266,87.8692302184,89.7584083237
1995-01-22,284.336554731,75.4257554674,79.1789228239
1995-03-20,295.203401872,86.5674177937,89.0792283025
1995-03-27,315.58897706,84.6358648554,86.9777140388
1995-05-23,309.702789876,78.6028937815,79.502298114
1995-05-30,315.58897706,78.0312278308,78.7917895583
1995-06-24,269.5747306,54.6259423591,55.0349943689
1995-07-01,315.58897706,77.8123196892,78.7017231433
1995-07-17,315.58897706,76.9803096723,77.1606023406
1995-08-02,315.58897706,76.0512103145,76.4600953699
1995-09-03,315.588506124,75.4207579473,75.659362871
1995-09-12,315.58897706,76.7115140256,77.1194571676
1995-10-05,315.58897706,78.3918073752,80.2896140956
1995-10-14,295.042198631,79.9426561398,80.8202177526
1995-10-21,297.987299128,83.4630313651,82.5519208631
1995-11-22,309.668391211,87.9066255391,90.6592678211
1996-01-09,314.608280105,96.8120673502,100.766326805
1996-03-29,313.74605174,104.520213284,107.252163338
1996-05-16,315.58897706,100.499173875,102.129402629
1996-06-01,315.58897706,98.3490538731,99.2664245253
1996-06-17,314.160761288,98.145768405,99.0464229587
1996-07-19,315.58897706,86.3886302559,93.6625250251
1996-12-10,315.517202302,94.0519002252,96.1672475732
1997-02-28,315.468895791,72.1886776419,89.8298906368
1997-05-03,315.58897706,78.5597597687,81.6806258134
1997-05-19,315.58897706,77.5390286056,82.111115277
1997-06-04,315.58897706,75.9979145246,79.8790272431
1997-11-27,315.58897706,94.834695366,98.3084677413
1998-02-15,303.132700707,100.226228548,104.44435634
1998-03-19,315.58897706,100.6177136,103.029136748
1998-04-04,315.58897706,96.9816726522,99.4565606825
1998-06-07,315.58897706,90.6301713681,92.4585572673
1998-06-23,315.58897706,88.3685548661,89.9367512585
1998-07-25,315.58897706,79.5922027099,83.8623583308
1998-08-10,315.578969971,82.3341821777,85.9455805016
1998-08-26,270.951394289,66.923314654,70.7729848561
1998-09-11,315.58897706,75.5094050618,77.857555498
1998-10-29,315.558956555,84.0357401211,85.7437175534
1998-12-16,311.676217462,91.9560940686,93.4470026466
1999-02-02,315.158682987,102.343209099,186.477008527
1999-03-06,315.58897706,96.5044148388,100.607365757
1999-03-22,315.58897706,94.0226244443,96.8047878996
1999-04-07,315.58897706,93.5923146669,96.0442427121
1999-05-25,315.388837694,90.6903870661,91.8876830136
1999-06-26,314.208010848,84.6959457929,86.3837498837
1999-07-05,271.941164526,83.5221083093,84.5523905448
1999-07-12,315.58897706,83.5618317515,84.3786658114
1999-08-06,315.58897706,77.6078240417,77.7204428451
1999-08-29,315.58897706,75.0658357792,75.4461153007
1999-09-14,315.58897706,74.0683787629,75.4680149704
1999-09-30,315.58897706,74.0383469055,74.9057140585
1999-10-25,315.270507654,75.7481842692,76.7589145475
1999-11-01,269.663049218,74.2560589936,72.6460670192
1999-11-17,313.90773552,82.9561302736,81.4914015658
2000-05-04,304.919077192,83.9655298254,85.3865600813
2000-05-20,290.140723747,82.3243307161,83.4015488779
2000-06-05,284.875897942,80.7847982787,84.2321740038
2000-06-21,286.174620385,79.9226163469,82.8516521022
2000-06-28,315.58897706,78.4797075597,78.708630528
2000-08-24,268.250219067,74.7972173066,74.8158258249
2000-08-31,315.58897706,71.5047136984,74.6557027858
2000-09-16,315.58897706,75.0272213566,75.2659852177
2000-11-03,315.58897706,83.3918465233,85.1933147819
2000-12-05,312.991296361,91.7471553637,93.7108106185
2000-12-14,285.897210031,90.0349727438,91.4590134324
2001-02-07,315.438867965,96.4373435914,101.897824588
2001-03-04,293.165195127,93.7021127785,98.1365114477
2001-03-20,278.225745395,90.9322640358,92.7531036376
2001-05-14,309.249377977,85.094367242,88.1452989843
2001-05-30,315.358816664,85.273229557,86.4242198268
2001-06-08,310.261556426,83.8521973695,84.8030409274
2001-06-15,315.388833674,82.4611881976,83.3319814499
2001-07-01,315.58897706,71.0631682653,78.9583224423
2001-08-02,315.58897706,77.0272517303,77.5377830407
2001-08-11,311.756983226,63.8494473242,75.6564018835
2001-08-27,304.007929814,75.4883408915,76.3269133434
2001-09-03,279.863907426,75.0811627627,74.3653635516
2001-09-12,278.79609158,68.7413125471,68.4607976835
2001-09-28,289.553737793,75.5777382245,76.2581182362
2001-10-21,309.995001571,70.128603238,70.3626668933
2001-11-15,279.876140761,81.5382639494,82.0017462142
2002-03-14,312.158972342,72.0537812382,83.3217886854
2002-05-17,315.58897706,84.3946252472,85.7036963415
2002-05-26,314.848431751,79.2718329528,81.7307854684
2002-06-11,315.586936465,76.8281811926,79.1088732067
2002-06-18,315.58897706,80.3316828321,82.7815917741
2002-06-27,315.58897706,78.7205117267,79.0288588395
2003-06-30,276.771038137,90.9403771454,91.0475306081
2003-07-07,315.158669037,90.8006151592,90.7573450241
2003-07-23,315.58897706,87.4578886884,88.2555335808
2003-08-08,315.58897706,85.5565264618,86.7075103606
2003-09-25,301.319295923,86.1812937487,88.9238173055
2003-10-11,315.58897706,88.9419323679,90.1399730588
2004-01-08,282.273344121,106.913286527,109.65790094
2004-03-12,296.63800639,104.202180348,105.633042136
2004-06-07,315.58897706,85.6755702452,94.8801471454
2004-07-25,315.238721971,53.4404775839,85.883794028
2004-08-10,315.578970245,66.4717480782,84.9826990351
2004-08-26,315.568963234,66.7599272098,83.2714645058
2004-09-11,315.58897706,70.7048544122,83.5119683075
2005-03-06,270.755119058,125.983779042,128.407620531
2005-03-22,315.58897706,120.457676873,122.61034052
2005-08-06,301.547904842,50.6369313474,78.7430713054
2005-08-13,315.58897706,48.9972949393,82.4108468085
2006-03-09,315.58897706,114.091384551,117.47206709
2006-05-28,315.368816274,55.3237285421,93.7290102411
2006-07-15,315.58897706,34.9792683731,84.6329428669
2006-07-31,308.113093112,27.4384676631,75.5509516158
2006-09-01,315.58897706,32.6384801833,77.0272742059
2006-12-15,304.140881502,84.1161556479,85.2242492152
2006-12-31,311.941754758,93.6132699601,98.8900135055
2007-01-07,315.54894886,92.10111457,97.3388922008
2007-01-23,315.244022846,89.2809646499,93.6888140557
2007-02-08,293.73936757,85.8966561247,92.830846536
2007-03-05,315.58897706,89.4382583126,93.4291084999
2007-03-28,279.411085257,87.1667023952,91.3397108424
2007-05-15,303.166011007,84.6988510004,96.6276482863
2007-05-24,315.58897706,91.0496375194,97.3420972966
2007-05-31,315.58897706,84.644908336,96.2029823991
2007-06-09,296.503831273,75.4284678144,91.4577539315
2007-06-16,284.519376218,74.4176041544,91.9577259452
2007-06-25,287.029885176,70.3028191208,91.0475451931
2007-07-02,315.58897706,67.2725398604,90.7390475651
2007-07-18,315.34880958,57.4457012734,86.264114739
2007-08-03,315.58897706,52.5021648681,83.6021879763
2007-08-19,315.58897706,50.1103878202,81.3905907722
2007-09-13,282.278971008,58.9366049599,79.8394803054
2007-09-20,303.132579723,57.4096104116,73.7854186622
2008-03-14,272.465485433,62.5795755829,65.7098006022
2008-05-01,312.766962386,89.1160299921,91.2377037399
2008-05-17,315.168666541,82.7549515775,92.3685045231
2008-06-11,315.207201939,61.2382642528,88.8659775466
2008-07-04,315.518927078,41.1836966417,83.2214406279
2008-07-20,315.58897706,39.2625176308,82.5114015671
2008-07-29,315.542864199,43.7157070439,80.399878654
2008-08-14,315.58897706,47.218013214,78.4880441796
2008-08-30,315.58897706,61.6051839555,78.4284608054
2008-09-22,289.94584315,70.0091722748,75.3869791447
2008-11-02,315.378830127,83.8370521337,86.6660876227
2008-11-09,304.048165235,87.0022903988,89.7023055048
2009-05-20,315.578970045,108.001826642,109.030523863
2009-06-05,312.276590401,98.9851668653,101.034754516
2009-06-14,275.138499783,96.7944832965,98.8930005194
2009-06-30,278.732358626,92.7707877333,95.8927169899
2009-07-07,315.418861364,91.9580105399,95.6808549958
2009-07-16,284.77979258,89.1581923759,93.1790657282
2009-07-23,315.268753771,86.1558788849,91.3873193095
2009-08-08,315.58897706,80.5318117813,88.9358564637
2009-08-24,315.58897706,75.9485058653,86.974439079
2009-09-02,288.638717021,76.0385784327,86.9444174462
2009-10-27,301.828379085,85.6389706063,92.1012363538
2009-12-07,271.971013676,72.2937461403,77.3667498149
2010-01-31,315.498915997,92.6333458569,104.905953808
2010-03-29,287.01335367,91.6301127812,93.9997842087
2010-04-21,315.58897706,91.4699142069,100.874485446
2010-06-08,315.468893081,62.6606545559,92.7085933622
2010-06-17,302.610307667,58.8987259882,92.0699972438
2010-06-24,315.58897706,54.7657720859,90.1986545221
2010-07-03,295.702524428,51.1133154802,88.7458925573
2010-07-10,315.58897706,45.9186557248,86.8443702635
2010-07-19,289.034620723,39.5336238042,78.5285346686
2010-08-04,294.923223569,35.9810746352,80.4699214841
2010-08-11,315.58897706,33.047270841,80.7801585778
2010-08-27,315.58897706,30.4284082607,79.1588170223
2010-09-05,311.476540627,34.0697847368,80.8001654997
2010-11-08,301.528894598,84.9564045215,95.4414413705
2010-11-15,315.58897706,86.127568782,95.0411788793
2011-03-07,315.35430456,95.8209964235,101.023641254
2011-04-08,315.58897706,92.6016421567,94.2498524753
2011-07-13,315.398845185,74.6690461898,82.1106513583
2011-07-29,315.578970167,70.5746607267,80.6200179206
2011-08-14,315.58897706,72.9778211156,80.2197489704
2011-09-15,270.982997978,70.6086278487,73.2746327704
2011-10-01,311.576076483,78.0603576116,80.2798041823