Date,Rarea,NDWI,MNDWI
1984-10-10,45.2353824485,2.35432429437,2.5182442608
1984-11-11,45.7371300362,2.21021874115,2.21292068896
1984-11-27,45.7353287175,2.04629880688,1.96433881927
1984-12-29,45.7371300362,2.12825873486,2.02738481622
1985-01-14,45.7371300362,2.0535039834,1.97244460168
1985-04-20,45.7371300362,1.29695023755,1.22759939166
1986-01-17,45.7371300362,4.30605186407,4.79330833582
1986-03-06,45.7371300362,3.04512984845,4.25201245422
1986-04-07,45.7371300362,3.69720660168,4.0520662215
1986-09-14,45.7371300362,3.44141942395,4.66451407104
1986-10-16,43.6403324857,2.17329151917,3.55670344086
1986-11-17,42.3478380894,2.84428230963,3.14420170673
1986-12-19,45.7371300362,3.60083617792,3.92777529694
1987-01-04,45.7371300362,3.69270340741,3.92867599194
1987-01-20,45.7371300362,3.68369681,3.88454370001
1987-02-21,45.7371300362,3.47474396301,3.62875659894
1987-03-25,40.6276901731,1.17626124945,0.92317593512
1998-11-18,45.7371300362,7.42593196436,7.79249977191