Date,Rarea,NDWI,MNDWI
1984-06-22,43.1557729024,1.47415582465,1.17914565686
1984-08-25,43.1530746308,1.43188285242,1.05592461877
1984-09-10,43.1557729024,1.37072235663,1.04333262061
1984-09-26,43.1557729024,1.29157281158,0.948893231934
1984-10-28,42.4820943322,1.25199867328,0.87514053125
1986-04-09,43.1548734572,3.41510383435,3.32336267883
1986-04-16,42.4585912249,3.13988221674,3.00586863727
1986-05-11,43.1557729024,3.44028743518,3.27659304401
1986-05-27,43.1557729024,3.42409788684,3.23521998639
1986-08-31,43.153974062,3.17136129901,2.75403114935
1986-10-02,43.154873479,2.81069424902,2.44553057324
1986-11-26,41.7931188657,2.49409859692,2.21258042822
1986-11-26,41.7805275556,2.48780267212,2.20538520355
1986-12-21,43.1557729024,2.38347001263,2.2656456543
1987-01-06,43.1557729024,2.34479506439,2.16670985773
1987-01-22,43.0190650896,2.24855737915,1.96703886188
1987-08-18,43.153974064,1.84651580988,1.49214450867
1987-08-25,43.0991093781,1.82043282214,1.46965914429
1987-09-03,42.8859454752,1.55780100256,1.30776219421
1987-09-10,42.0027102065,0.988465213257,0.704248520691
1989-02-12,43.1548734761,2.55525909766,2.37627461237
1989-03-16,43.154873479,2.99957230072,3.00227017456
1989-03-23,43.1557729024,2.95280284741,2.93841174158
1989-03-23,43.1557729024,2.95999827124,2.93931123706
1989-04-08,42.939918093,2.97618762415,2.88084930518
1989-04-08,43.041551627,2.97348959387,2.8754529314
1989-05-10,43.1361947941,2.96989192041,2.81429232587
1989-05-26,42.8316914849,2.94560659235,2.71445595837
1989-05-26,42.8163879025,2.9555004184,2.70636135846
1989-06-04,43.1557729024,2.94830521417,2.68657438696
1989-06-11,43.1548734787,2.91232828143,2.64520107349
1989-06-11,43.1557729024,2.91862428735,2.62541400366
1989-06-20,43.1548734787,2.87815006659,2.61012361353
1989-07-06,43.1539740549,2.8466707204,2.51928237476
1989-07-13,38.7301850021,2.94979646314,2.14567870991
1989-07-13,39.0845096665,3.001430409,2.16040863672
1989-08-23,43.1440804316,2.76392416193,2.32320903656
1989-08-30,39.2423883799,0.907274462402,0.501877265625
1989-08-30,38.0020813146,0.823626872009,0.649379284912
1989-09-24,43.1530746213,2.51028799237,2.14962118408
1989-12-04,43.1557729024,2.28970945093,2.17136967155
1989-12-13,39.9423967715,2.08216515881,1.84651770813
1990-03-03,43.1557729024,3.48615778424,3.69032526434
1990-03-26,39.9055413698,3.43489093506,3.61927151312
1990-03-26,39.9109376765,3.43938795746,3.62196959106
1990-04-11,43.1557729024,3.55811118506,3.64265615729
1990-04-11,43.1557729024,3.55811121356,3.63895967844
1990-05-29,43.1557729024,3.58869141235,3.4996490423
1990-05-29,43.1557729024,3.61117663409,3.50684413129
1990-06-07,42.1816704578,3.6433533742,3.46457148779
1990-06-14,43.1557729024,3.59318835608,3.42319809985
1990-06-14,43.1557729024,3.59049019543,3.42049996686
1990-06-23,43.154873479,3.5976855556,3.39981341205
1990-07-09,43.154873479,3.57160236902,3.2873860282
1990-07-16,42.8024353377,3.56260799036,3.28019077747
1990-07-16,42.7894667024,3.5635076687,3.27839209357
1990-07-25,43.154873479,3.5185363869,3.19834379395
1990-08-01,43.1557729024,3.54641852289,3.18125480646
1990-08-01,43.1557729024,3.55001655182,3.17046208716
1990-08-10,43.154873479,3.48615760388,3.13808272565
1990-08-17,43.1557729024,3.49065466766,3.10030709644
1990-08-17,43.1557729024,3.4915542442,3.10930162067
1990-09-02,43.1557729024,3.44208613666,3.04004617664
1990-09-02,43.1557729024,3.44748267273,3.03824724402
1990-09-18,41.7165411203,3.35933952338,2.9483054212
1990-09-18,41.2480701309,3.1686623476,2.79000716815
1990-09-27,43.1557729024,3.20823699817,2.87185470966
1990-10-04,43.1557729024,3.129987914,2.80709666449
1990-10-04,43.1557729024,3.12998812567,2.80259970801
1990-10-13,43.1557729024,2.96989116095,2.70726109698
1990-10-29,43.1557729024,2.83048133301,2.62181639813
1990-12-23,36.810864156,1.64414013947,1.46065880615
1991-02-02,43.1557729024,2.30971757458,2.2710422804
1991-02-25,40.1279926357,2.37627445923,2.35019107074
1991-02-25,40.1076277532,2.38616816321,2.33759931238
1991-03-22,43.1557729024,2.44822845062,2.39426289734
1991-04-07,43.1557729024,2.83677690051,2.85656391553
1991-04-23,43.0397450271,2.89125563348,2.81930224719
1991-05-09,43.1557729024,2.74413626935,2.69107091797
1991-05-25,43.1539740543,2.77561607007,2.64969783289
1991-06-26,43.1557729024,2.73694124146,2.50938864941
1991-07-12,43.1548734784,2.74863369879,2.45092629956
1991-08-13,43.066726969,2.67181333159,2.34659382825
1991-08-20,37.8406224226,2.63710604266,2.30612001978
1991-08-20,37.8343266939,2.66948503748,2.3088183476
1991-11-01,43.1539740549,2.07586816675,1.80694178906
1991-11-17,43.1557729024,1.99671926459,1.76107127228
1991-12-03,43.037178772,1.84561680646,1.71879856207
1992-06-19,37.1086490579,1.66843028741,1.38781129974
1992-06-19,37.0717880879,1.68641893719,1.38871089215
1992-06-28,42.306066966,1.57668959662,1.3158586142
1992-08-15,43.1512758056,1.48944564618,1.22411663684
1992-09-16,43.1548734919,1.37342043781,1.12518003162
1992-09-23,41.6978007467,0.57742973053,0.410137445801
1992-09-23,41.6105575756,0.489284923157,0.356170786011
1993-01-29,40.1433648111,2.32410962079,2.43114035455
1993-01-29,39.8625143883,2.32321039636,2.41854853333
1993-03-27,39.9107504242,2.88624416687,3.09400987091
1993-04-03,43.1557729024,3.36923327759,3.51493872125
1993-04-03,43.1557729024,3.36743444507,3.52303364038
1993-04-12,43.1557729024,3.3674342981,3.50504503992
1993-07-24,42.8204800952,3.31346896875,3.05623520154
1993-07-24,42.8372201436,3.30627475,3.05083986176
1993-08-02,43.1557729024,3.2559060163,2.98518164789
1993-08-09,43.1557729024,3.26040342554,3.01576160852
1993-08-09,43.1557729024,3.25860532416,3.02925386511
1993-08-25,43.1557729024,3.16326623767,2.88354753119
1993-09-10,43.1557729024,3.12279210779,2.79090725555
1993-09-10,43.1557729024,3.10210574609,2.78281262335
1993-09-19,43.1557729024,3.04094504333,2.69556887091
1993-10-12,43.1557729024,2.81249245959,2.55525933917
1993-10-12,43.1557729024,2.80799631439,2.56695244312
1993-10-28,43.1557729024,2.61911767572,2.35109117828
1993-10-28,43.1557729024,2.61012353595,2.35109111041
1993-11-22,43.1557729024,2.48870203662,2.35648763251
1994-02-01,43.1557729024,3.2478115705,3.55811063306
1994-04-06,43.1557729024,3.24061612555,3.28828532251
1994-06-09,41.8213029803,3.11469712622,2.92492043292
1994-06-09,41.7936620571,3.12279232141,2.91772531671
1994-06-18,43.1557729024,3.04251573,2.870040758
1994-07-11,43.1557729024,3.05623477466,2.76662271368
1994-07-11,43.1557729024,3.06432991595,2.76212600568
1994-07-20,43.154873479,3.02025817041,2.73874078796
1994-07-27,43.1557729024,3.01396248267,2.69556873566
1994-07-27,43.1557729024,3.01486206378,2.69556893396
1994-08-05,43.1539740404,2.99867206683,2.68027859296
1994-08-12,43.1557729024,2.92312092474,2.63890517224
1994-08-12,43.1557729024,2.94830558386,2.63800675256
1994-09-22,43.1557729024,2.70186411566,2.42124601849
1994-10-08,43.1557729024,2.60652564594,2.32410856897
1994-10-24,43.1557729024,2.44463030249,2.12713557794
1994-12-18,43.1557729024,2.58094324384,1.95713103817
1995-01-12,43.14318104,2.09025935254,2.06417626904
1995-02-13,43.1557729024,2.09655543408,2.08576225824
1995-03-08,43.1557729024,2.1064489549,2.00031724481
1995-03-08,43.1557729024,2.10644903357,2.00031752722
1995-03-17,43.1557729024,2.06147824445,1.95984379462
1995-03-24,43.1557729024,2.03179715259,1.81143962274
1995-03-24,43.1557729024,2.0237023656,1.81054025555
1995-04-09,43.1557729024,2.05248355426,1.8708008244
1995-06-12,43.1557729024,1.90857550201,1.61356632837
1995-06-12,43.1557729024,1.90407862494,1.61986243256
1995-06-21,43.1548734939,2.21003490485,1.77905832391
1995-07-23,43.1521752104,1.77815972217,1.48045186505
1995-07-30,43.1557729024,1.74218301898,1.45167042493
1995-07-30,43.1557729024,1.73678685291,1.46246388947
1995-08-08,43.1521751978,1.71609977374,1.42109010669
1995-08-31,43.1557729024,1.62076123315,1.34284030719
1995-08-31,43.1557729024,1.62525839099,1.35093521075
1995-09-09,43.1557729024,1.60726988409,1.32934901624
1995-09-16,43.1557729024,1.5973762467,1.30056759021
1995-09-16,43.1557729024,1.58928147223,1.29517127295
1995-09-25,43.1557729024,1.51732772449,1.2762831178
1995-10-02,43.1557729024,1.49484227142,1.22681489911
1995-10-02,43.1557729024,1.49124474518,1.23401054865
1995-10-11,43.0694284865,1.41659268213,1.16655379065
1995-10-18,43.1557729024,1.43098339984,1.1566599704
1995-10-18,43.1557729024,1.44447490015,1.15576069269
1995-11-03,43.1557729024,1.39652017124,1.17830668414
1995-12-05,43.1557729024,1.43248581342,1.60457192969
1995-12-05,43.1557729024,1.41479381415,1.59827638617
1996-03-03,42.5120358232,2.73513778589,3.06612328943
1996-06-07,43.1557729024,3.25680572949,3.19744425745
1996-06-30,37.5325406643,3.23701863776,3.07512323743
1996-06-30,37.5460315194,3.2280244549,3.08051963232
1996-07-16,43.1548735072,3.26220229407,3.06073262506
1996-08-01,43.1557729024,3.18215407898,2.92851828815
1996-08-01,43.1557729024,3.15966886493,2.92941784882
1996-08-10,43.1539740434,3.13178650073,2.8691567334
1996-08-26,43.1557729024,3.03195126837,2.75403127887
1996-09-02,43.1557729024,3.02025849896,2.74863476825
1996-09-02,43.1557729024,3.01935943597,2.74863468188
1996-09-11,43.1557729024,2.95729940857,2.70186489398
1996-09-18,43.1557729024,2.85476906262,2.65240024121
1996-10-04,43.1557729024,2.79990167371,2.62001828503
1996-10-04,43.1557729024,2.80079283496,2.62158023532
1996-10-20,43.1557729024,2.71085876581,2.53277419019
1996-10-20,43.1557729024,2.70906040833,2.53997007489
1996-10-29,43.1557729024,2.6595917406,2.48870260211
1996-11-30,42.8371291722,2.62091684851,2.539069703
1997-02-02,40.5361888128,3.31616878815,3.68403012604
1997-04-23,43.1548734787,3.28738638568,3.42949449945
1997-05-25,43.1287898847,3.2586041178,3.23342039124
1997-06-10,43.154873479,3.38272414252,3.33055808557
1997-08-13,43.1557729024,3.31526788531,3.11199991644
1997-08-20,43.1557729024,3.32965847247,3.08231892059
1997-08-20,43.1557729024,3.3080726803,3.08052000824
1997-08-29,43.1557729024,3.22352689911,3.03554893323
1997-11-08,43.1557729024,2.83497854785,2.80439879303
1997-11-08,43.1557729024,2.83767704364,2.80799642279
1997-11-24,43.1557729024,2.76662273798,2.75582988208
1997-11-24,43.1557729024,2.75942726044,2.74593636774
1997-12-03,37.821198503,2.30971737018,2.34029806427
1997-12-10,43.1557729024,2.68927270569,2.73964037085
1997-12-10,43.1557729024,2.68477719647,2.72525124451
1998-02-05,43.1557729024,2.79180673309,2.94560698193
1998-02-28,43.1557729024,2.73964041742,2.81699014771
1998-02-28,43.1557729024,2.72884748816,2.81609111121
1998-04-01,43.1548735049,2.66228981586,2.70546239478
1998-04-01,43.1557729024,2.66588786707,2.70816072748
1998-04-26,43.1557729024,2.63350826898,2.53367318402
1998-05-28,43.1548734787,2.52557758313,2.39876012067
1998-06-13,43.1557729024,2.51029171008,2.32411189136
1998-07-06,43.1557729024,2.45362390143,2.27643906592
1998-07-06,43.1557729024,2.43293745917,2.27733863092
1998-07-15,43.1557729024,2.44013301227,2.22966910828
1998-07-22,43.1557729024,2.42484272931,2.19639072363
1998-07-22,43.1557729024,2.417647547,2.1954914682
1998-08-07,43.1557729024,2.39696089417,2.16041408447
1998-08-07,43.1557729024,2.39426285168,2.17570425043
1998-08-23,43.1557729024,2.33490254907,2.09116004913
1998-09-08,43.1557729024,2.23956291986,2.02280300293
1998-09-08,43.1557729024,2.23776420453,2.02460194153
1998-10-03,43.1242931127,1.80784096484,1.54790862866
1998-10-10,43.1557729024,1.79884655951,1.52452355963
1998-10-10,43.1557729024,1.78625469971,1.52002648743
1998-12-22,42.6215190401,1.90407981152,2.01111055963
1999-05-15,43.1557729024,3.07602203796,3.13268563202
1999-05-22,43.1557729024,3.09041277637,3.12549069226
1999-06-16,43.1557729024,3.04813982043,2.98877897052
1999-09-20,43.1557729024,2.81339199725,2.59573332208
2000-07-20,43.1557729024,3.39891313379,3.12908870355
2000-08-21,43.1389936763,3.36203687268,3.04634222174
2000-09-06,42.0063177367,2.65689358533,2.53187479156
2001-08-08,43.1557729024,3.26399997522,2.95190325134
2003-08-05,43.1557729024,2.53277367517,2.245858974
2003-08-05,42.4275454418,2.54446637292,2.25215516052
2003-11-18,43.1557729024,2.06597523248,1.98952436957
2003-11-25,41.5370915186,2.00084974134,1.92161614393
2003-11-25,41.7889961831,1.9989945187,1.92335857969
2003-12-04,43.1557729024,2.01290946582,1.90497900842
2004-04-10,43.1557729024,3.20374030878,3.48435895898
2004-05-28,43.1557729024,3.29638036816,3.3449493501
2004-06-04,43.1494769458,3.28378847913,3.30267639862
2004-06-04,43.1453325471,3.28648692407,3.30807301312
2004-06-20,43.1552543925,3.28198943445,3.26040382306
2004-06-20,43.1552543925,3.29188346594,3.2541083205
2004-07-31,43.1557729024,3.29008431708,3.11200013251
2004-08-07,43.1557729024,3.29817909021,3.11919543433
2004-08-07,43.1557729024,3.29907871924,3.11020131909
2004-08-23,43.1557729024,3.21992955988,3.02385702429
2004-08-23,43.1557729024,3.21543303094,3.0310525863
2004-09-08,43.1557729024,3.16506535065,2.99687438232
2004-09-08,43.1557729024,3.15517185168,2.99597522559
2004-09-24,43.1557729024,3.03375022662,2.90783214508
2004-09-24,43.1557729024,3.04094585614,2.90153627533
2005-02-08,43.1557729024,3.05443721539,3.34854645319
2005-02-15,39.0451149096,2.22876338818,2.63240563357
2005-02-15,37.3721072978,2.12353166467,2.3115085462
2005-04-13,43.1557729024,2.9483060177,3.15247356812
2005-06-07,43.1557729024,3.00406984143,2.93211618036
2005-06-07,43.1557729024,3.00227149982,2.92941826221
2005-06-16,43.1557729024,2.99507585504,2.89793833966
2005-07-18,43.1557729024,3.03105249951,2.80889583215
2005-09-04,43.1206952912,4.38645129282,2.57954416882
2005-09-20,43.1557729024,2.77561794611,2.52108190967
2005-11-14,43.1557729024,2.47071383563,2.28453436725
2005-11-14,43.1557729024,2.47341231451,2.28273558862
2006-04-07,43.1557729024,2.84397103937,3.04993832056
2006-04-07,43.1557729024,2.86285909375,3.05623445605
2006-04-23,43.1557729024,2.86195927893,3.03824608344
2006-04-23,43.1557729024,2.87005452728,3.03464907733
2006-05-18,43.1557729024,2.83047858435,2.98517981842
2006-05-25,43.153074658,2.8601603833,2.9177239071
2006-05-25,43.1476781565,2.85836176318,2.92941651843
2006-06-03,43.1557729024,2.88084653491,2.9150251994
2006-06-10,43.1530746116,2.89433865948,2.83587757434
2006-06-10,43.0319084348,2.8952381795,2.83677710657
2006-07-05,43.1557729024,2.96089479407,2.80619532495
2006-07-21,43.1557729024,2.94650350549,2.7351405863
2006-07-28,43.1557729024,3.02115693707,2.79990035138
2006-07-28,43.1557729024,3.02655363159,2.80259882251
2006-08-13,43.1557729024,3.01216265918,2.73064508423
2006-08-13,43.1557729024,3.04274315942,2.74593540985
2006-09-14,43.1557729024,3.01486159961,2.7108582431
2006-09-14,43.1557729024,3.01935867273,2.70456237854
2006-09-23,43.1557729024,2.94740527222,2.66498803564
2006-09-30,43.1557729024,2.92671865942,2.66139050287
2006-09-30,43.1557729024,2.92132211566,2.65779271033
2006-11-01,39.7984817897,2.18756017219,1.77173628039
2006-11-01,39.9624601121,2.13539441816,1.77113003993
2007-05-21,43.1557729024,2.48060727301,2.26744501978
2007-06-13,43.1557729024,2.47521077698,2.2116809248
2007-06-13,43.1557729024,2.48240626599,2.22157457977
2007-06-22,43.1557729024,2.43923403601,2.19639096503
2007-07-15,43.1557729024,2.41764774255,2.1181413598
2007-07-15,40.6751678285,2.42484332227,2.11004666425
2007-07-31,43.1557729024,2.20571784038,1.81773510425
2007-07-31,43.1557729024,2.2129131729,1.8096405683
2007-08-09,43.0183667063,2.44455839988,1.79165171429
2007-08-16,43.1557729024,2.04528791724,1.69271562097
2007-08-16,43.1557729024,2.04978516132,1.69361529547
2007-09-01,43.1557729024,1.94365334302,1.6387503833
2007-09-01,43.1557729024,1.92836322174,1.64054936285
2007-09-26,43.1557729024,1.82942695526,1.56769597168
2008-02-08,37.0821208952,3.13538454663,3.21003604211
2008-02-24,43.1557729024,3.08681636517,3.19654526324
2008-02-24,43.0502883084,3.11110099457,3.20823805347
2008-03-11,43.1557729024,3.07962125806,3.24781213824
2008-03-11,43.1557729024,3.08411855804,3.26849905884
2008-03-20,43.1557729024,3.04724217523,3.15966933344
2008-04-05,43.1557729024,2.99957336536,3.07332530438
2008-04-12,43.1557729024,3.04994063849,3.12459212653
2008-04-12,43.1557729024,3.04814188843,3.1263912525
2008-04-21,43.1557729024,3.01126576263,3.03824819
2008-05-07,43.1557729024,2.99867395984,2.95999880011
2008-05-14,43.1557729024,3.01936044196,2.96269681628
2008-08-11,43.1557729024,2.70456296643,2.38257109692
2008-08-27,43.1557729024,2.52018175818,2.17480496582
2008-09-03,41.6402479024,1.65044120007,1.5065343515
2008-09-03,40.2497360722,1.02803943018,0.966879073547
2008-09-19,43.1557729024,2.34749324182,2.06057855792
2008-09-19,43.1557729024,2.35378939734,2.07676826624
2009-03-23,43.1557729024,3.1497759632,3.36743501904
2009-04-24,43.1557729024,3.24061685345,3.35034570569
2009-05-01,43.1557729024,3.26759939624,3.34315052417
2009-05-01,43.1557729024,3.26939852441,3.34315080219
2009-05-17,43.1557729024,3.28109061163,3.32156432721
2009-05-17,43.1557729024,3.297280328,3.31976580701
2009-05-26,43.1557729024,3.29728007074,3.28738641937
2009-11-02,39.2548171488,2.51393738233,2.32500762354
2009-11-09,43.047845847,2.62721258167,2.43563680176
2009-11-09,42.9525099266,2.62091702283,2.45182670251
2009-12-04,43.1557729024,2.60472833881,2.6703853623
2010-01-12,43.1557729024,2.9087316355,3.0337505495
2010-01-12,43.1557729024,2.9033354068,3.03734833691
2010-02-13,43.1557729024,2.97259037061,3.13268646606
2010-02-13,43.1280394199,2.98428296869,3.13628440442
2010-04-02,37.3829517994,2.46891720587,2.67038760437
2010-04-02,38.3186116198,2.45722426428,2.63800853967
2010-05-04,43.1557729024,2.99417491608,3.12279198553
2010-05-04,43.0697789987,2.99597398035,3.12099338306
2011-02-09,42.712302448,3.03374974713,3.1470762832
2011-10-23,43.1557729024,2.86286077631,2.62091720892