Date,Rarea,NDWI,MNDWI
1984-06-22,51.8370868031,1.61993701532,1.29107519591
1984-08-25,51.8395832086,1.58677776214,1.19925531581
1984-09-26,51.8420795934,1.52074504699,1.1942619391
1986-04-09,51.8420795934,4.99713961519,4.8623320981
1986-05-11,51.8420795934,5.29116908112,5.05206078707
1986-05-27,51.8420795934,5.27626887549,5.02959286617
1986-08-31,51.8420795934,5.31668035518,4.85733816011
1986-10-02,51.8370868163,5.03208877901,4.5677536274
1986-10-18,51.4302192336,4.65263369893,3.75891717452
1987-01-06,51.8370868143,4.64514133199,4.45287811596
1987-01-22,47.5721020979,3.20038650293,1.89975713159
1987-08-18,51.8395832066,4.19727588319,3.64163314354
1987-09-03,51.8345904239,4.22274003348,3.62333579617
1989-02-12,51.8295976505,3.97860201705,3.5567093481
1989-03-16,51.8420795934,4.5452889106,4.39550385518
1989-06-04,51.8420795934,4.32310891963,3.89871856221
1989-06-20,51.8202587069,4.2806706064,3.83381176705
1989-07-06,51.8395832066,4.22075615254,3.68902007442
1989-08-23,51.839583201,4.07549568237,3.46684057686
1989-09-24,51.839583201,3.78591257812,3.25963853389
1990-03-03,51.8420795934,4.01854899874,3.81384391963
1990-06-23,51.8420795934,3.99795869285,3.57917855879
1990-07-09,51.8320940316,3.94302755761,3.49180365084
1990-07-25,51.8420795934,3.86728245892,3.39690027514
1990-08-10,51.8395832066,3.87698486086,3.39343420155
1990-09-27,51.8420795934,3.73177141023,3.19465924042
1990-10-13,51.8420795934,3.6628108548,3.23627538768
1990-10-29,51.8420795934,3.49235846957,3.05298903574
1991-04-07,51.8420795934,3.29264245175,3.01803626645
1991-05-09,51.839583203,3.22321196645,2.91284305002
1991-05-25,51.8370867994,3.29763453183,2.87040347654
1991-06-26,51.8420795934,3.33211367591,2.80830573308
1991-07-12,51.8420795934,3.23702427587,2.74815635486
1991-11-01,51.8345904144,2.82047253847,2.42998310463
1991-11-17,51.8420795934,2.63663834753,2.29517718251
1991-12-03,48.6122828815,2.45190380968,2.24275296962
1992-08-15,51.8420795934,1.67840600292,1.39354028395
1992-09-16,51.8420795934,1.58603817699,1.32114387599
1993-03-27,51.8420795934,4.51587891782,4.62821638657
1993-04-12,51.8420795934,4.48592227841,4.57079964804
1993-08-02,51.8395831954,4.30368503256,3.94170431576
1993-09-19,51.8395831954,3.91424529379,3.4723795892
1993-11-22,51.8395832066,3.54025302309,3.27504562453
1994-01-09,47.5359337981,3.56974136044,3.57723095395
1994-06-18,51.8395832086,3.73631726579,3.59901527946
1994-07-20,51.8345904332,3.64463482333,3.39499260312
1994-09-22,51.8420795934,3.38750480356,3.02302836679
1994-10-08,51.8420795934,3.26221366517,2.87823565732
1995-01-12,51.8370869337,3.0579779249,2.99057466684
1995-01-28,51.8420795934,2.91568326523,2.88572592148
1995-02-13,51.8420795934,2.78087708993,2.75591285605
1995-03-17,49.5610916496,2.36182738899,2.29442324323
1995-06-21,51.8420795934,2.36815759572,2.24411806902
1995-07-23,51.834590422,2.39858483835,2.15424714934
1995-08-08,51.8395832066,2.31370673728,2.0144479782
1995-09-09,51.8395831937,2.16142514109,1.88705347162
1995-09-25,51.8420795934,2.13895716721,1.8097426989
1995-10-11,51.7095336944,2.30848023528,1.72455189418
1996-01-31,51.8420795934,4.64701813623,4.71016316514
1996-03-03,51.8420795934,5.25426977071,5.40427951479
1996-06-07,51.8420795934,5.09894370392,4.9047712751
1996-08-10,51.8420795934,5.016562242,4.57774073506
1996-08-26,51.839583203,4.91373937608,4.44043824385
1996-09-11,51.8420795934,5.54597406059,4.38052515792
1996-10-29,51.8420795934,4.28066777608,3.94614898287
1996-11-30,46.318991302,3.57121958716,3.30960555047
1997-02-02,51.4405139024,5.02959150582,5.35240278104
1997-04-23,51.8420795934,5.0044276821,5.06890445427
1997-06-10,51.8420795934,5.15394091357,4.97716661739
1997-08-13,51.8395831954,5.06157451953,4.74999273531
1997-08-29,51.8395832066,4.97966307198,4.6551289421
1998-04-26,51.8420795934,3.78883766455,3.48926856714
1998-05-28,51.8420795934,3.67653810689,3.31701556762
1998-06-13,51.8420795934,3.61483431706,3.24037108415
1998-07-15,51.8420795934,3.59411861572,3.11668478249
1998-10-03,51.6905026887,3.04000200921,2.81021356269
1999-05-15,51.8420795934,3.97014368312,3.81286996583
1999-06-16,51.8395831937,3.84934145834,3.64900275605
1999-09-20,51.8420795934,3.47987263168,3.23272727304
2000-01-26,44.2594600251,3.47932449971,3.5859639213
2000-07-20,51.8420795934,5.22329472862,4.9497063337
2000-08-21,51.8420795934,5.18437032833,4.83487141573
2000-09-06,51.6698274415,5.66317313226,4.88480037667
2003-11-18,51.8420795934,2.82877801504,2.72381099787
2003-12-04,51.8420795934,2.66888978376,2.4750690833
2004-04-10,51.8420795934,4.9821574211,5.14941617916
2004-05-28,51.8420795934,5.02709363716,4.96468227925
2004-07-31,51.8420795934,4.96171581616,4.66011920186
2005-02-08,51.8420795934,4.44964626853,4.55960628298
2005-04-13,51.8420795934,4.03773805833,4.33231493504
2005-06-16,50.1418627053,3.70524574538,3.628442605
2005-07-18,45.3417339369,3.5470625184,2.96073788672
2005-09-04,51.8271012193,5.4938579086,3.55406174305
2005-09-20,51.8420795934,3.70345470073,3.30013193857
2006-05-18,51.8420795934,4.81240400606,4.85983592574
2006-06-03,51.8420795934,4.784394992,4.70256121846
2006-07-05,51.8420795934,4.75498490108,4.54528662276
2006-07-21,51.8420795934,4.8051996574,4.52032365694
2006-09-23,51.8420795934,4.3156167751,3.96362362764
2007-05-21,51.8420795934,4.67010628804,4.56276257808
2008-03-20,51.8420795934,4.77245950801,4.7774523796
2008-04-05,51.8420795934,4.68258818868,4.66012079976
2008-04-21,51.8420795934,4.68009197798,4.62267464864
2008-05-07,51.8420795934,4.66261683174,4.527811092
2008-08-11,51.4788409855,4.45791185323,4.01105453755
2008-08-27,51.8420795934,4.43247883423,4.08345144503
2009-03-23,51.8420795934,4.7849431606,4.907268144
2009-04-24,51.8420795934,4.69257561397,4.75248976534
2009-05-26,51.8420795934,4.71005107711,4.7100509421
2009-12-04,51.8420795934,3.54821026942,2.38585086101
2010-01-21,49.0666850889,0.827906807638,0.843865131579
2011-10-23,51.7389953636,3.97559485233,3.78633861816