Date,Rarea,NDWI,MNDWI
1984-10-19,6.89941007846,0.0,0.00450129443359
1986-04-16,6.89941007846,0.00450129614258,0.0117033702393
1986-05-18,6.00176234531,0.617577612,0.634682469666
1986-11-26,6.89941007846,0.102629527954,0.0981282276001
1986-12-12,6.89941007846,0.437525747192,0.477137134216
1986-12-28,6.89941007846,0.355602202393,0.425822383423
1987-01-13,6.89941007846,0.457331538147,0.51314755835
1987-02-14,6.13723116275,0.301586849915,0.335796682983
1987-08-25,6.89941007846,0.146742201416,0.105330294495
1987-09-10,6.89850981961,0.110731853088,0.0918264140015
1989-03-07,6.83002991743,0.00540155560303,0.0162046536255
1989-03-23,6.89941007846,0.0018005189209,0.00360103735352
1989-04-08,6.89941007846,0.0018005189209,0.00360103735352
1989-05-10,6.89941007846,0.0,0.00360103735352
1989-05-26,6.89941007846,0.00450129656982,0.00270077789307
1989-06-11,6.89941007846,0.00360103735352,0.000900259460449
1989-07-13,6.89941007846,0.0126035459595,0.00270075512695
1989-08-14,6.89941007846,0.0,0.0
1989-08-30,6.89941007846,0.00270077789307,0.0
1989-11-18,6.89941007846,0.0,0.0
1989-12-04,6.89941007846,0.000900253662109,0.000900253662109
1990-04-11,6.89941007846,0.00180051867676,0.0
1990-05-29,6.89941007846,0.0,0.000900259460449
1990-06-14,6.89941007846,0.0,0.000900259460449
1990-07-16,6.89941007846,0.0,0.0
1990-08-01,6.89941007846,0.0,0.0
1990-08-17,6.89941007846,0.0,0.0
1990-09-02,6.89941007846,0.00450130187988,0.0
1990-09-18,6.89941007846,0.0,0.0
1990-10-20,6.89941007846,0.0,0.0
1990-11-05,6.89941007846,0.000900264404297,0.0
1990-12-23,6.87150182986,0.241269376038,0.249371725708
1991-02-25,6.89941007846,0.317791352661,0.466334000305
1991-04-14,6.89941007846,0.529352266846,0.561761541565
1991-06-01,6.89941007846,0.441126853333,0.460032290833
1991-06-17,6.89941007846,0.417720123291,0.442027092529
1991-07-03,6.89941007846,0.32679396698,0.383510243591
1991-07-19,6.89941007846,0.257474074707,0.327694200317
1991-08-04,6.89941007846,0.157545379028,0.252972772156
1991-08-20,6.89850981943,0.128737063782,0.195356223145
1991-09-05,6.89941007846,0.00630181634521,0.147642495483
1991-09-21,6.89941007846,0.00630181219482,0.11793393335
1991-10-23,6.89941007846,0.0,0.0720207252808
1991-11-08,6.89941007846,0.0234067350464,0.0576165809937
1992-03-31,6.89941007846,0.0252072562866,0.0657189137573
1992-04-16,6.89941007846,0.0459132090454,0.0585168365479
1992-05-02,6.89941007846,0.0144041464844,0.0369106240845
1992-06-03,6.89941007846,0.0207059603271,0.0279080324707
1992-06-19,6.89941007846,0.0108031098022,0.0243069980469
1992-07-05,6.89941007846,0.0,0.0144041535034
1992-09-23,6.89941007846,0.0,0.000900259460449
1992-11-26,6.60862629294,0.0,0.00090026171875
1993-01-29,6.89941007846,0.631081465698,0.725608582214
1993-04-03,6.89941007846,0.586068539062,0.628380672852
1993-07-24,6.89941007846,0.324093186707,0.399714893677
1993-08-09,6.89941007846,0.177351058533,0.355602191406
1993-09-10,6.89941007846,0.0846243464966,0.192655429138
1993-10-12,6.89941007846,0.00180051751709,0.115233152161
1993-10-28,6.89941007846,0.0,0.076522017334
1994-02-01,6.89941007846,0.583367788452,0.645485578247
1994-06-09,6.89941007846,0.242169666931,0.281781047607
1994-07-11,6.89941007846,0.156645074951,0.175550508423
1994-07-27,6.89941007846,0.126936525818,0.142240921204
1994-08-12,6.89941007846,0.108931343201,0.115233149048
1995-02-20,6.89393790948,0.0207060128174,0.0765223296509
1995-03-08,6.89941007846,0.249371740051,0.271878190369
1995-03-24,6.89941007846,0.132338089966,0.171949472961
1995-06-12,6.89941007846,0.0,0.06841968927
1995-07-30,6.89941007846,0.0,0.0477137354736
1995-08-31,6.89941007846,0.0,0.0351101074219
1995-09-16,6.89941007846,0.0,0.0306088109741
1995-10-02,6.89941007846,0.0,0.0252072568359
1995-10-18,6.89941007846,0.0,0.0243069974365
1995-11-03,6.89941007846,0.0,0.0216060978394
1995-12-05,6.24163444371,0.0549157696533,0.25477323645
1996-03-26,6.89941007846,0.570764181152,0.665291272095
1996-05-13,6.89941007846,0.544656610474,0.592370249573
1996-05-29,6.89941007846,0.526651540466,0.575265434753
1996-06-14,6.89941007846,0.50684583606,0.537454568848
1996-06-30,6.89941007846,0.482538854126,0.509546559387
1996-08-01,6.89941007846,0.410518095764,0.433924778992
1996-09-02,6.89941007846,0.283581625122,0.354701967834
1996-09-18,6.89941007846,0.17104916687,0.244870302307
1996-10-04,6.89941007846,0.135038844055,0.182752534973
1996-10-20,6.89941007846,0.0927266873169,0.125135999817
1997-02-25,6.89941007846,0.490641436584,0.577966490479
1997-07-03,6.89941007846,0.311489737366,0.33939780719
1997-08-20,6.89941007846,0.156645067932,0.183652828857
1997-11-08,6.89941007846,0.282681369202,0.321392467834
1997-11-24,6.89941007846,0.225965070923,0.255673619934
1997-12-10,6.8940084761,0.180952108582,0.225064764771
1998-02-28,6.89941007846,0.46183280127,0.606774450806
1998-04-01,6.88676416899,0.400615322449,0.532953244324
1998-05-19,6.89941007846,0.457331655823,0.520349723999
1998-07-06,6.89941007846,0.341198146423,0.431223957214
1998-07-22,6.89941007846,0.323193105835,0.371807032288
1998-08-07,6.89941007846,0.429423527466,0.459132040283
1998-09-08,6.69162952085,0.315090639038,0.391612608032
1998-10-10,6.89941007846,0.126036308777,0.162946942749
1999-04-04,6.89941007846,0.50774617981,0.555459856689
1999-05-06,6.89941007846,0.496042796936,0.53835492511
1999-07-09,6.89941007846,0.449229191956,0.459132036011
2000-06-25,6.89941007846,0.500544112854,0.535654163208
2000-08-28,6.89941007846,0.531152892334,0.552759086304
2001-02-04,6.89941007846,0.440226682007,0.500544010315
2001-08-15,6.89941007846,0.685997305786,0.716606088318
2003-08-05,6.89941007846,0.0,0.0
2003-11-25,6.89941007846,0.0,0.0
2004-04-17,6.89941007846,0.180952214844,0.270978123047
2004-06-04,6.89941007846,0.0864249206543,0.153044098877
2004-06-20,6.89941007846,0.0531152974243,0.0846243637085
2004-08-07,6.89941007846,0.053115289856,0.0621178822632
2004-08-23,6.89941007846,0.0477137346191,0.0477137325439
2004-09-08,6.89941007846,0.0396114047852,0.0378108839722
2004-09-24,6.89941007846,0.0243069984131,0.0243069970703
2005-06-07,6.89941007846,0.0261075167236,0.0288082932739
2005-11-14,6.89941007846,0.0,0.0
2006-04-07,6.89941007846,0.0504145026245,0.0585168328857
2006-05-25,6.89941007846,0.0432124304199,0.029708552002
2006-07-28,6.89941007846,0.0126036292725,0.0117033700562
2006-08-13,6.89941007846,0.0171049256592,0.0126036288452
2006-09-14,6.89941007846,0.00630181439209,0.00630181439209
2006-09-30,6.89941007846,0.00270077789307,0.00270077789307
2007-02-05,6.89941007846,0.0,0.0
2007-04-10,6.89941007846,0.0,0.0
2007-04-26,6.89941007846,0.0,0.0
2007-05-12,6.89941007846,0.0,0.0
2007-06-13,6.89941007846,0.0,0.0
2007-07-15,6.89941007846,0.0,0.0
2007-07-31,6.89941007846,0.0,0.0
2007-08-16,6.89941007846,0.0,0.0
2007-09-01,6.89941007846,0.0,0.0
2008-02-24,6.89941007846,0.000900258300781,0.0171049204712
2008-03-11,6.89941007846,0.00180051599121,0.0216062130737
2008-03-27,6.89941007846,0.00630181140137,0.0126036273193
2008-09-03,6.89941007846,0.024307034668,0.0
2008-09-19,6.89941007846,0.0,0.0
2009-05-01,6.89941007846,0.00720207489014,0.0117033624268
2009-05-17,6.89941007846,0.0126036199951,0.000900258300781
2009-11-09,6.89941007846,0.0,0.0
2010-01-12,6.89941007846,0.00540155426025,0.0117033579102
2010-02-13,6.89941007846,0.000900259460449,0.0153043924561
2010-04-02,6.89941007846,0.0207059385376,0.0306087772827
2010-04-18,6.89941007846,0.0171049043579,0.0207059397583
2010-05-04,6.89941007846,0.0171049041748,0.0216061957397
2011-10-14,6.89941007846,0.0,0.0