Date,Rarea,NDWI,MNDWI
1984-10-19,7.14661734307,0.175528751587,0.136822389282
1986-04-16,7.14661734307,0.200732794434,0.197132182068
1986-11-26,7.14661734307,0.154825351929,0.118819479004
1986-12-12,6.74686125389,0.181829677246,0.195331862
1986-12-28,7.14661734307,0.178229097961,0.2088340401
1987-01-13,7.14661734307,0.157525689453,0.206133618408
1987-02-14,6.83082899677,0.173940117328,0.223236406067
1987-08-25,7.14661734307,0.189030889343,0.126020644897
1987-09-10,7.14661734307,0.166527311035,0.101716719666
1989-03-23,6.6660073268,0.125120479309,0.112518389465
1989-04-08,7.14661734307,0.168327536072,0.156625637085
1989-05-10,7.14661734307,0.178229162903,0.153925216492
1989-05-26,7.14661734307,0.166527246643,0.134121960693
1989-06-11,7.14661734307,0.237638736267,0.207933903809
1989-07-13,6.85676728283,0.339031234654,0.235838753174
1989-08-30,7.14391690539,0.285346475464,0.209734219543
1989-11-18,7.14661734307,0.221436081726,0.236738560181
1989-12-04,7.14661734307,0.199831212952,0.219634274231
1990-04-11,7.14661734307,0.171027979614,0.203433210266
1990-05-29,7.14661734307,0.191731323059,0.202533056519
1990-06-14,7.14661734307,0.191731342468,0.19083115448
1990-07-16,7.14661734307,0.203433168457,0.198032268616
1990-08-01,7.14661734307,0.207033816345,0.189931000793
1990-08-17,7.14661734307,0.211534501892,0.180929525513
1990-09-02,7.14661734307,0.238539082886,0.207033789124
1990-09-18,7.0980094251,0.251928249643,0.193531544128
1990-10-20,7.14661734307,0.19803233429,0.1665272005
1990-11-05,7.14661734307,0.216035272156,0.189030856384
1990-12-23,7.14481702697,0.147624126831,0.167427327637
1991-02-25,7.14661734307,0.171928105896,0.209734237915
1991-04-14,7.14661734307,0.16472694696,0.191731305176
1991-06-01,7.14661734307,0.181829747009,0.190831194153
1991-06-17,7.14661734307,0.187230601624,0.198032346558
1991-07-03,7.14661734307,0.183630026367,0.189931022217
1991-07-19,7.14661734307,0.178229163269,0.182729836792
1991-08-04,7.14661734307,0.182729874939,0.178229130554
1991-08-20,7.14661734307,0.18903085199,0.199832625671
1991-09-05,7.14661734307,0.150504434282,0.180029382874
1991-09-21,7.07640578271,0.149208744405,0.10081638446
1991-10-23,7.14661734307,0.164726929321,0.171027954102
1991-11-08,7.14661734307,0.150324588196,0.148524341064
1992-03-31,7.14661734307,0.115218887756,0.136822417358
1992-04-16,7.14661734307,0.139522850037,0.151224722961
1992-05-02,7.14661734307,0.132321667847,0.151224710693
1992-06-03,7.14661734307,0.144023591858,0.138622703308
1992-06-19,7.14661734307,0.145823872437,0.119719626892
1992-07-05,7.14661734307,0.141323212891,0.10351701178
1992-09-23,6.9854903836,0.0666109134521,0.0513084057007
1993-01-29,7.14661734307,0.115218788513,0.167427285706
1993-04-03,7.14661734307,0.127820848145,0.167427263611
1993-07-24,7.14661734307,0.194431697083,0.171928054077
1993-08-09,7.14661734307,0.172828201599,0.149424427002
1993-09-10,7.14661734307,0.100816607483,0.0603099462891
1993-10-12,7.14661734307,0.174628517578,0.148524258606
1993-10-28,7.14661734307,0.136822420227,0.101716668579
1994-02-01,7.14661734307,0.116118854187,0.170127673523
1994-06-09,7.14661734307,0.201632907532,0.188130695618
1994-07-11,7.14661734307,0.171027928284,0.12782090564
1994-07-27,7.14661734307,0.155725496338,0.104417096924
1994-08-12,7.14661734307,0.142223365784,0.0990162734985
1995-02-04,6.26538752543,0.112518469788,0.0873143297729
1995-02-20,6.40163217484,0.135022179443,0.106217432068
1995-03-08,7.14661734307,0.12332021991,0.0990162471924
1995-03-24,7.14571720373,0.0693114559937,0.0324053660889
1995-06-12,7.14661734307,0.182729836548,0.153025016296
1995-07-30,7.14661734307,0.2214360849,0.19623200946
1995-08-15,6.27218007395,0.214923010948,0.128720929932
1995-08-31,7.14661734307,0.183630033508,0.157525762329
1995-09-16,7.13851601732,0.158425944763,0.117019187012
1995-10-02,7.14661734307,0.138622757141,0.108017743286
1995-10-18,7.14661734307,0.142223265503,0.117019191711
1995-11-03,7.14661734307,0.129620389954,0.111617618408
1995-12-05,7.14661734307,0.090914953064,0.0738121759644
1996-03-26,7.14661734307,0.127820841125,0.185430224792
1996-05-13,7.14661734307,0.122419858704,0.182729670288
1996-05-29,7.14661734307,0.158425814636,0.181829597595
1996-06-14,7.14661734307,0.151224652954,0.170127713867
1996-06-30,7.14661734307,0.162926576416,0.171027889526
1996-08-01,7.14661734307,0.144023411438,0.114318700317
1996-09-02,7.14661734307,0.144923620911,0.116118967957
1996-09-18,7.14661734307,0.0837136728516,0.0792129257202
1996-10-04,7.14661734307,0.143123346619,0.115218832458
1996-10-20,7.14661734307,0.194431736389,0.167427367615
1997-02-25,7.14661734307,0.153025003967,0.224136540955
1997-07-03,6.88632372949,0.294348064453,0.168327484924
1997-08-20,7.14661734307,0.219635809204,0.156625586853
1997-11-08,7.14661734307,0.162926608276,0.159326017273
1997-11-24,7.14661734307,0.118819427917,0.128721089722
1997-12-10,7.14661734307,0.11161832428,0.0945155403442
1998-02-28,7.14661734307,0.150324559021,0.187230551392
1998-04-01,7.14661734307,0.0972158164062,0.172828164246
1998-05-19,7.14661734307,0.126920780457,0.110718123901
1998-07-06,7.14661734307,0.215135039734,0.208834029541
1998-07-22,7.14661734307,0.196231944458,0.172828210449
1998-08-07,7.14661734307,0.179129281738,0.138622676453
1998-09-08,6.40939401037,0.144923735657,0.108917841003
1998-10-10,7.14661734307,0.200732694397,0.188130701843
1999-01-30,6.14471599461,0.16382676416,0.211534536377
1999-04-04,6.99539194005,0.165627065979,0.206133688782
1999-05-06,7.10427504658,0.16472692688,0.198032355286
1999-07-09,6.61484966047,0.30785009613,0.144023623474
2000-06-25,7.14661734307,0.20073274762,0.198932424194
2000-08-28,7.14661734307,0.210634361694,0.180029340698
2001-08-15,7.14661734307,0.216935375793,0.180929516296
2003-08-05,7.14661734307,0.116119118042,0.0765125996094
2003-11-25,6.79740465397,0.0549089884033,0.0576094910278
2004-04-17,7.14661734307,0.160226137573,0.184530088989
2004-06-04,7.14661734307,0.190831142029,0.189030838074
2004-06-20,7.14661734307,0.180929539978,0.165627055908
2004-08-07,7.14661734307,0.147624174561,0.113418573059
2004-08-23,7.14661734307,0.113418662109,0.0819134716797
2004-09-08,7.14661734307,0.14852434845,0.120619762634
2004-09-24,7.14661734307,0.088214574585,0.0531087791138
2005-02-15,7.11297974923,0.0648105168457,0.190831168762
2005-06-07,7.14661734307,0.0549091069336,0.0477079282227
2005-11-14,7.14661734307,0.0117019691162,0.00720121142578
2006-04-07,7.14661734307,0.196231906372,0.216035117249
2006-05-25,7.14661734307,0.226836874451,0.2196357146
2006-06-10,7.08174996,0.227736941406,0.196231897278
2006-07-28,7.14661734307,0.270043865662,0.207033675415
2006-08-13,7.14661734307,0.279945445496,0.21333467395
2006-09-14,7.14661734307,0.298019457349,0.20883397876
2006-09-30,7.14661734307,0.249577285625,0.177328931213
2007-01-04,6.99323139531,0.189030764221,0.240339152222
2007-02-05,7.14661734307,0.12872089917,0.221436079346
2007-04-26,7.14661734307,0.173728174683,0.220535927551
2007-05-12,7.14661734307,0.209734186768,0.210634356812
2007-06-13,7.14661734307,0.181829513,0.207033715515
2007-07-15,7.14661734307,0.204333333984,0.162926623413
2007-07-31,7.14661734307,0.19983262854,0.140422967163
2007-08-16,7.14661734307,0.177329014587,0.124220345276
2007-09-01,7.14661734307,0.21949429753,0.145823839417
2008-02-08,6.96428319167,0.18182964209,0.199832563721
2008-02-24,7.14661734307,0.18362992981,0.20973419519
2008-03-11,7.14661734307,0.186330365845,0.228637237793
2008-03-27,6.52291572894,0.207033729614,0.212434598755
2008-09-03,7.07550576189,0.283905668621,0.19353151947
2008-09-19,7.14661734307,0.210634379639,0.176428791016
2009-05-01,7.14661734307,0.201632871826,0.216935360352
2009-05-17,7.14571719024,0.0873142653809,0.0
2009-11-09,7.14661734307,0.197132193298,0.177328972412
2010-01-12,7.14661734307,0.155725371155,0.182729798828
2010-02-13,7.14661734307,0.196231961609,0.235838380493
2010-04-18,7.14661734307,0.206133559387,0.219635727661
2010-05-04,7.14661734307,0.220535873291,0.243939680969
2011-10-14,7.14661734307,0.231337652344,0.183629938171