Date,Rarea,NDWI,MNDWI
1984-06-22,54.8806487395,3.28565048779,2.98354957715
1984-08-25,54.8781521152,3.14833200317,2.77882086743
1984-09-26,54.8806487395,3.016007479,2.6964294895
1984-10-28,53.8295297033,2.8537225835,2.22455685474
1986-04-09,52.0370054226,4.56396753613,4.28683384253
1986-05-11,54.8781521152,4.98091827393,4.76120729663
1986-05-27,54.8781521152,5.045831427,4.82612111499
1986-08-31,54.8806487395,5.0907698623,4.62888162061
1986-10-02,54.463700101,4.8535832373,4.46409866504
1987-01-06,54.8806487395,4.44412467041,4.25437529053
1987-01-22,54.8806487395,4.38170683594,4.1719835835
1987-08-18,54.8781521152,4.08210118604,3.51285272803
1987-09-03,54.8806487395,4.03715938379,3.52533606934
1989-02-12,54.8781521132,4.25687159985,3.97973741968
1989-03-16,54.8806487395,4.79616144849,4.75871026294
1989-06-04,54.8781521152,4.67132290063,4.34924830713
1989-06-20,54.8806487395,4.71875927612,4.30930152173
1989-07-06,54.8806487395,4.74871826953,4.25687036816
1989-08-23,54.8806487395,4.49155798853,3.89984207593
1989-09-24,54.8806487395,4.05463754272,3.62520446777
1990-03-03,54.8806487395,4.58394004492,4.44162749097
1990-06-23,54.8806487395,3.99471274756,3.56278370093
1990-07-09,54.8781521152,4.00469836914,3.4229689043
1990-07-25,54.8806487395,3.80745956006,3.25569129541
1990-08-10,54.8806487395,3.74504257715,3.18328695947
1990-09-27,54.8806487395,2.69486251434,2.26949385913
1990-10-13,54.8806487395,2.33940093359,1.89748591943
1990-10-29,54.8806487395,2.04479025293,1.62035228076
1991-01-17,47.0809378585,1.78014081201,1.44558438696
1991-04-07,54.8806487395,1.61286234106,1.54045798267
1991-05-09,54.8806487395,1.58789464575,1.48303325854
1991-05-25,54.8806487395,1.67028497827,1.4680525459
1991-06-26,54.8806487395,1.64441363125,1.10103754834
1991-07-12,54.8806487395,1.44807664771,0.956230488525
1991-11-01,54.8781519848,0.896310275391,0.666614765137
1991-11-17,54.8806487395,0.818912681152,0.619177805908
1991-12-03,54.1299366055,1.0511067561,0.771475833496
1992-06-28,54.8781521152,0.616680276123,0.421939295898
1992-08-15,54.8806487395,0.561753706543,0.416946040283
1992-09-16,54.8806487395,0.501833072998,0.332058713623
1993-03-27,54.8806487395,4.75121968677,4.78867038574
1993-04-12,54.8806487395,4.79366341968,4.78617391431
1993-07-17,54.8806487395,4.91100727612,4.65384748413
1993-08-02,54.8806487395,4.83111291382,4.55647661133
1993-09-19,54.8806487395,4.61889373315,4.31679294043
1993-11-22,54.8806487395,4.35174675,4.13203694604
1994-01-09,54.8806487395,4.47907959521,4.47158981226
1994-06-18,54.8806487395,4.85435187778,4.59469213657
1994-07-20,54.8806487395,4.88603885425,4.48906528564
1994-09-22,54.8806487395,4.54399244971,4.24688506396
1994-10-08,54.8806487395,4.46659494507,4.12454643872
1994-10-24,54.8806487395,4.44162756421,4.05463864746
1995-01-28,54.8806487395,4.17697713428,3.9497773269
1995-02-13,54.536114122,4.23939435571,4.08959233179
1995-06-21,54.8806487395,4.34675019971,4.05713206519
1995-07-23,54.8806487395,4.25936561182,3.84990662939
1995-08-08,54.8806487395,4.17447718408,3.70260175342
1995-09-09,54.8781521152,4.01968364404,3.60772777759
1995-09-25,54.8806487395,4.01968319629,3.60023751392
1995-10-11,54.5460918291,3.87237815576,3.58026349902
1995-12-14,53.4427769535,3.63768845703,3.45542932861
1996-01-31,52.1851181047,4.43257351678,4.45161769775
1996-03-03,54.8806487395,4.98591199243,5.0957669292
1996-06-07,54.8806487395,5.17815609375,5.03834060474
1996-08-10,54.8806487395,5.22059959033,4.81363775391
1996-08-26,54.8806487395,5.10075887622,4.71127315356
1996-09-11,54.8806487395,4.97342752393,4.69379649463
1996-10-29,54.8806487395,4.71876251929,4.48157567944
1996-11-30,54.8806487395,4.64386398633,4.4990537998
1996-12-16,53.885418243,4.59642477124,4.60890824146
1997-02-02,47.1382036445,4.6838149939,4.87356435718
1997-04-23,54.8806487395,5.21845784015,5.09576538037
1997-06-10,54.8806487395,5.31297916479,5.09077181226
1997-06-26,54.8806487395,5.31297856714,5.09576512231
1997-08-13,54.8806487395,5.38787996826,4.98591111841
1997-08-29,54.8806487395,5.31298024268,4.97842154175
1997-12-03,54.8806487395,4.8485915918,4.7112729397
1998-04-26,54.8806487395,4.60391374805,4.33676706006
1998-05-28,54.8806487395,4.66882697607,4.30680528662
1998-06-13,54.8806487395,4.6688251958,4.25437331812
1998-07-15,54.8806487395,4.7289778786,4.19195677637
1998-10-03,54.6359719328,4.09708165991,3.83243143823
1998-12-22,54.5779263576,4.09458626562,3.80996227783
1999-05-15,54.8806487395,4.79366779736,4.60391812549
1999-06-16,54.8806487395,4.83860302222,4.5190260105
1999-09-20,54.8806487395,4.53150915771,4.19195762305
2000-02-11,47.6092454382,4.59247820844,4.60403165332
2000-07-20,54.8806487395,5.24806489819,4.95844635864
2000-08-21,54.8806487395,5.22559524365,4.91600305908
2000-09-06,54.6135016582,5.03334869629,4.84110216992
2003-11-18,54.8781520732,4.64635771167,4.55647670557
2003-12-04,54.8806487395,4.58144307642,4.46659514502
2004-04-10,54.8806487395,5.06830291943,5.16317672559
2004-05-28,54.8806487395,5.14819616504,5.09576525049
2004-07-31,54.8806487395,5.27802504004,4.98091682886
2005-02-08,54.8806487395,4.92598945947,4.93847300781
2005-04-13,54.8806487395,4.77119269653,4.76869696558
2005-09-04,54.8132377075,4.59747279013,4.25187857397
2005-09-20,54.8806487395,4.47158790381,4.16948739111
2006-02-27,54.4649612389,4.42165152515,4.57894416357
2006-05-18,53.9281785403,4.94845954517,4.90851248389
2006-06-03,54.8806487395,4.99589703442,4.85608191479
2006-07-05,54.8806487395,5.00588374121,4.78867095337
2006-07-21,54.8806487395,5.02585771704,4.77369092456
2006-09-23,54.8806487395,4.80614789673,4.50654334009
2007-05-21,54.8806487395,4.7961587395,4.59892156445
2008-03-20,53.9788091233,4.93348031909,4.84110161963
2008-04-05,54.8806487395,4.9110090564,4.82362474878
2008-04-21,54.8646600706,4.83860510205,4.69629425464
2008-05-07,54.8806487395,4.9259887373,4.75122012476
2008-08-27,54.8806487395,6.17186231567,4.64136484082
2009-03-23,54.8806487395,4.85358657739,4.8535851189
2009-04-24,54.8806487395,4.89103524927,4.89353228491
2009-05-26,54.8806487395,4.96593622485,4.87355784766
2009-11-02,54.8806487395,4.55148413208,4.33676706396
2010-03-26,50.4369056913,4.40418117847,4.51902879688
2010-04-27,50.1423453689,3.88985874268,3.76752017065
2011-10-23,54.8806487395,4.75121940674,4.50654271313