Date,Rarea,NDWI,MNDWI
1984-06-14,18.3207986303,0.0623068452493,0.00449884307861
1984-11-05,18.3207986303,0.0,0.0
1984-11-21,18.3207986303,0.0,0.0
1986-11-11,18.3207986303,0.0,0.0
1986-12-13,18.3207986303,0.0,0.0
1986-12-29,18.3207986303,0.000899768249512,0.0
1987-01-14,18.3207986303,0.00269930413818,0.0
1987-02-15,17.7807291376,0.000899768249512,0.0
1989-03-08,18.3207986303,0.0593849210205,0.0251935840454
1989-03-24,18.3207986303,0.0566856035767,0.0242938081055
1989-05-27,18.3207986303,0.110206478949,0.0179953850098
1989-06-12,18.3207986303,0.150947002905,0.0224942394409
1989-07-14,18.3207986303,0.214086670669,0.026993090271
1989-08-15,18.3207986303,0.0823133853207,0.0125967686768
1989-08-31,18.3207986303,0.063883781311,0.0143963065796
1990-03-11,18.3207986303,0.308623182922,0.236641077209
1990-03-27,18.3207986303,0.17635610907,0.011697059082
1990-04-28,18.3207986303,0.426494057617,0.290627736694
1990-05-30,18.3207986303,0.50769655344,0.306823754578
1990-08-18,18.3207986303,0.453487433105,0.243839354553
1990-09-03,18.3207986303,0.41659637738,0.229442869507
1990-09-19,18.3207986303,0.384204464417,0.214146704651
1990-10-05,18.3207986303,1.14631303638,0.278930519775
1990-12-24,18.3207986303,0.260935002258,0.122369419434
1991-01-09,18.3207986303,0.23304192627,0.112471882446
1991-02-26,18.3207986303,0.423795430542,0.282530233948
1991-04-15,18.3207986303,0.712625513123,0.448990046204
1991-06-02,18.3207986303,0.958145137592,0.583056782471
1991-06-18,17.9860517092,1.00548737769,0.585755882263
1991-07-04,18.3207986303,1.1000453938,0.640642317566
1991-07-20,18.3207986303,0.956531934891,0.553363491455
1991-08-05,18.3207986303,0.844426572271,0.502976003601
1991-08-21,18.3207986303,0.828696368225,0.546165526611
1991-09-06,18.3207986303,0.785940733221,0.541666501831
1991-10-24,18.3207986303,0.66493612323,0.439991317932
1991-11-09,18.3207986303,0.670334589294,0.478681740967
1992-02-13,18.3207986303,0.538966790405,0.389603521851
1992-02-29,18.3207986303,0.500276273682,0.327518788208
1992-05-19,18.3207986303,0.510173644531,0.339215813232
1992-06-04,18.3207986303,0.491966374601,0.327518728333
1992-06-20,18.3207986303,0.549986185093,0.339215859497
1992-08-23,18.3207986303,0.402200174072,0.25733603949
1992-10-10,18.3207986303,0.338315989563,0.111572356689
1992-11-27,18.3207986303,0.28252972937,0.155661246033
1992-12-13,18.3207986303,0.258235758423,0.151162350891
1992-12-29,18.3207986303,0.243839316589,0.120569903992
1993-01-14,18.3207986303,0.231242412354,0.115171225342
1993-03-03,18.3207986303,1.79596432306,1.66639655579
1993-05-22,18.3207986303,1.59171532404,1.25879476685
1993-06-07,18.3207986303,1.94712976312,1.57461877032
1993-06-23,18.3207986303,1.90753728156,1.5737173053
1993-07-09,18.3207986303,2.10639005518,1.71408414258
1993-09-27,18.3207986303,1.97862346375,1.59441489301
1993-10-13,18.3207986303,1.87244982825,1.38026765857
1993-10-29,18.3207986303,2.01461398462,1.57281954156
1993-11-14,18.2825277974,1.98348467047,1.50983441705
1994-01-17,17.7425740671,1.6016105025,1.32357796436
1994-04-23,18.3207986303,1.7005886684,1.42885418408
1994-05-25,18.3207986303,1.69698893396,1.40815867645
1994-06-10,18.3207986303,1.57011810321,1.27948894366
1994-08-13,18.0768877765,1.4594455246,0.984360471924
1994-08-29,18.3207986303,1.52423050055,1.14362236914
1994-09-14,18.3207986303,1.45674601685,1.09863270197
1994-09-30,18.3207986303,1.39016203857,1.06354113367
1994-10-16,18.3207986303,1.391961591,1.04644520752
1994-11-17,18.3207986303,1.34067380609,1.017652172
1994-12-19,18.3207986303,1.25429427722,0.958266194763
1995-01-04,18.3207986303,1.2470961123,0.938470979126
1995-01-20,18.3207986303,1.28668754102,0.979861615967
1995-03-25,18.3207986303,1.2920840437,1.12922397723
1995-05-12,18.3207986303,1.20390486151,0.969961852295
1995-07-15,18.3207986303,1.30151607349,1.01945088757
1995-07-31,18.3207986303,1.31681245814,1.00505447601
1995-08-16,18.3207986303,1.28082152595,0.974462038208
1995-09-17,18.3207986303,1.237197953,0.969063106628
1995-11-04,18.3207986303,1.14631983032,0.841294136597
1995-11-20,18.3207986303,1.14991883917,0.845792922058
1995-12-06,18.3207986303,1.15351750952,0.873685838379
1995-12-22,18.3207986303,1.15531709668,0.907877595886
1996-02-08,18.3207986303,0.951067060364,0.752215710937
1996-04-12,15.8669824755,0.889883712219,0.52817258551
1996-05-14,18.3207986303,1.0459783429,0.834096100342
1996-05-30,18.312700563,1.19477738692,0.886325467873
1996-06-15,18.3207986303,1.12574807232,0.827797335815
1996-08-18,18.3207986303,1.03654607019,0.77920896814
1996-09-19,18.3207986303,0.954665948486,0.696429085083
1996-10-05,18.3207986303,0.925872908875,0.672135046082
1996-11-06,18.3207986303,0.933071290894,0.669435680481
1996-11-22,18.3207986303,0.8448926026,0.583956541809
1996-12-08,18.3207986303,0.845792391846,0.578557833252
1996-12-24,18.3207986303,0.798103895142,0.56776024707
1997-02-10,15.7704544637,1.91204009656,1.85371738191
1997-02-26,18.3207986303,2.39758498907,2.27750429272
1997-04-15,18.3207986303,2.15374271863,1.86311168811
1997-06-02,18.3207986303,2.61837172791,2.2566580509
1997-06-18,18.3207986303,2.80202525202,2.34663777039
1997-08-21,18.3207986303,2.75210422943,2.29984969495
1997-09-22,18.3207986303,2.28545247992,1.76087641968
1997-11-25,18.3207986303,2.42042017468,1.87245004132
1997-12-11,18.3207986303,2.48160522174,2.0173151554
1998-01-12,18.3207986303,2.36159616247,1.89224613104
1998-01-28,18.3207986303,2.48936650592,2.07940248077
1998-03-17,18.3207986303,2.61263679388,2.21796910437
1998-04-18,18.3207986303,2.65166548999,2.23956341351
1998-05-04,18.3207986303,2.69035604932,2.27735406781
1998-05-20,18.3207986303,2.62647096069,2.18737535413
1998-06-05,18.3207986303,2.56931891907,2.09469721521
1998-07-07,18.3207986303,2.55762115583,2.09919554199
1998-07-23,18.3207986303,2.48880312561,2.03531062152
1998-09-25,17.5907675267,1.84005769055,0.88178773822
1998-10-11,18.3207986303,2.32864037958,1.90484122595
1998-11-12,18.1284459931,2.25125927704,1.73928161639
1998-11-28,18.3207986303,2.35203333832,1.90933934473
1998-12-14,18.3207986303,2.28904830493,1.84905357642
1999-05-07,18.3207986303,2.33673735583,1.97322432898
1999-06-24,17.4346009143,0.990656568665,0.215946614319
1999-07-10,18.3207986303,2.32367418476,1.85895147491
1999-08-11,18.3207986303,2.29894572052,1.85985089276
2000-04-23,18.3207986303,2.9983485119,2.85827734363
2000-06-26,18.3207986303,2.98154658331,2.58867833124
2000-07-12,18.3207986303,2.9761470274,2.60847300922
2000-07-28,18.3207986303,2.98874495666,2.61927164978
2000-08-13,18.3207986303,3.00584128839,2.59137863934
2000-08-29,18.3207986303,2.95473759993,2.54818898596
2001-02-21,18.3207986303,2.30704557825,1.94353233362
2001-03-25,18.3207986303,2.268354005,1.98582213971
2001-08-16,18.3207986303,2.44921095245,1.955229263
2003-11-26,18.3207986303,1.95252680804,1.43965097662
2003-12-28,18.3207986303,1.86884695917,1.37306701868
2004-03-01,18.3207986303,1.95522839795,1.67359602399
2004-04-18,18.3207986303,2.15407993231,1.84815349634
2004-06-05,18.3207986303,2.23955935095,1.90663951331
2004-06-21,18.3207986303,2.17387473608,1.79776540796
2004-08-08,18.3207986303,2.10908985944,1.68709160132
2004-08-24,18.3207986303,2.15857765625,1.78606726007
2004-09-09,18.3207986303,2.01551209021,1.59801267218
2005-06-08,18.3207986303,1.80089607154,1.43695051447
2005-07-10,18.3207986303,1.73161267786,1.32357798334
2005-09-12,18.3207986303,1.65289726697,1.25969302924
2005-11-15,18.3207986303,1.50533292572,1.13732264771
2006-04-08,18.3207986303,2.6671169316,2.43947064349
2006-04-24,18.3207986303,2.94735444575,2.70399218127
2006-05-26,18.3207986303,2.77399283454,2.43358000726
2006-06-11,18.3207986303,2.9554565647,2.58744307062
2006-06-27,18.3207986303,3.0038856711,2.62973274798
2006-07-29,18.3207986303,2.86373438433,2.38622986914
2006-08-14,18.3207986303,2.92700162927,2.47890742725
2006-09-15,18.3207986303,2.85951654266,2.43841634613
2006-10-01,18.3207986303,2.78393368555,2.3682327713
2006-11-18,18.3207986303,2.59587789252,2.08479918848
2006-12-04,18.3207986303,2.50589871149,1.957929047
2006-12-20,18.3207986303,2.50859755029,2.02271337976
2007-01-05,18.3207986303,2.54638839581,2.10549337939
2007-01-21,18.3207986303,2.4528099574,1.97592396033
2007-02-06,18.3207986303,2.38442591339,1.9714247724
2007-03-10,18.3207986303,2.31424261847,1.9615273407
2007-03-26,18.3207986303,2.28544928064,1.91383866394
2007-05-13,18.3207986303,2.29264690192,1.92643501831
2007-06-14,18.3207986303,2.19636962524,1.77437122498
2007-08-01,18.3207986303,2.15541337922,1.7149853053
2007-08-17,18.3207986303,2.12258719507,1.66099813409
2007-09-02,18.3207986303,2.1459812959,1.74557752759
2007-10-04,18.3207986303,2.02271072705,1.5791173161
2008-01-24,18.3207986303,1.81036030786,1.37486596002
2008-09-20,18.3207986303,2.37902761725,1.90574054694
2009-05-18,18.3207986303,2.6784481644,2.38975773995