Date,Rarea,NDWI,MNDWI
1984-06-15,4.35589837714,0.322580466228,0.353145372744
1984-06-15,4.89235996461,0.305408318585,0.36977820689
1984-07-01,4.36701632392,0.260886727636,0.286342617079
1984-07-01,4.89235996461,0.262331417655,0.300755417439
1984-09-03,4.89235996461,0.240824913879,0.217570447551
1984-12-31,4.89261020714,0.204900571533,0.20400186322
1986-05-04,4.89235996461,0.237833157088,0.40665270701
1986-05-04,4.89235996461,0.235697624632,0.394720633776
1986-05-20,4.38021333883,0.237075449805,0.28950372502
1986-05-20,4.89235996461,0.233072211072,0.296896910212
1986-07-23,4.89235996461,0.265562667414,0.304857358692
1986-07-23,4.89235996461,0.267849602369,0.303705071058
1986-08-08,4.89235996461,0.258007501072,0.281395284972
1986-08-24,4.89235996461,0.243520742126,0.243446468833
1986-08-24,4.89235996461,0.239926277527,0.239179056063
1986-08-31,4.89261020714,0.229165049622,0.222225914329
1986-10-11,4.7276412897,0.217461305603,0.198590693848
1986-10-11,4.70279065708,0.215664049927,0.201399228112
1986-10-27,4.89235996461,0.220157103333,0.194996279419
1986-10-27,4.89235996461,0.22285288208,0.200387862244
1986-12-14,4.55552495586,0.112324927917,0.114122117187
1986-12-14,4.89235996461,0.212968282593,0.202185072876
1989-07-15,4.89235996461,0.230940292542,0.470701111447
1989-08-16,4.89235996461,0.2262922125,0.24490550401
1989-08-16,4.89235996461,0.224720478591,0.245441108854
1989-09-17,4.89235996461,0.194097593872,0.182274837952
1989-09-17,4.89235996461,0.189604570557,0.183173413696
1990-06-16,4.89235996461,0.239098043289,0.294987405698
1990-06-16,4.89235996461,0.23370643367,0.290621215748
1990-07-02,4.82117713134,0.238199364944,0.31788932158
1990-07-02,4.89235996461,0.230111962051,0.312459022762
1990-08-03,4.89235996461,0.222697809424,0.277551207784
1990-08-03,4.89235996461,0.223596381262,0.269675232655
1990-08-19,4.89235996461,0.206522966833,0.206184685345
1990-08-19,4.89235996461,0.202928499854,0.199559674209
1990-10-06,4.25871258781,0.181517142273,0.169849441248
1990-10-06,4.89235996461,0.181517138489,0.173443837488
1991-04-16,4.89235996461,0.212968308472,0.259018977431
1991-04-16,4.89235996461,0.210272482788,0.252897896695
1991-05-02,4.89235996461,0.217461287537,0.249726341578
1991-05-18,4.89235996461,0.228089476111,0.284444074994
1991-05-18,4.89235996461,0.223977035989,0.270362373616
1991-06-03,4.89235996461,0.225774221109,0.387152399159
1991-06-19,4.89235996461,0.250779933425,0.525068525911
1991-06-19,4.89235996461,0.234605132888,0.52529382123
1991-08-06,4.26679994944,0.237075527197,0.263790368973
1991-08-06,4.89235996461,0.236176900732,0.258680623677
1992-02-14,4.89235996461,0.141978690186,0.14287731012
1992-02-14,4.89235996461,0.141080082886,0.141080095337
1992-04-18,4.89235996461,0.12041230658,0.114865645972
1992-04-18,4.89235996461,0.123108076111,0.11935861637
1992-05-04,4.89235996461,0.114120690735,0.108729162903
1992-06-21,4.89235996461,0.141823653357,0.174606617288
1992-06-21,4.89235996461,0.13928287854,0.17113903708
1992-08-24,4.89235996461,0.137485703735,0.119372744873
1992-08-24,4.89235996461,0.138384282471,0.122953031836
1992-09-09,4.89235996461,0.134789908508,0.121310900452
1992-09-09,4.89235996461,0.133891289001,0.122209492004
1992-09-25,4.89235996461,0.132992687927,0.120412301086
1992-10-11,4.89235996461,0.14197870752,0.119513709595
1992-10-11,4.89235996461,0.138384283203,0.123108099976
1992-12-30,4.89235996461,0.125803911682,0.122209514648
1992-12-30,4.89235996461,0.128499686584,0.125803885254
1993-05-23,4.89235996461,0.169835324036,0.228635432584
1993-05-23,4.89235996461,0.169835313232,0.229534019864
1993-06-08,4.89235996461,0.165567878701,0.195066487827
1993-06-08,4.89235996461,0.165567828408,0.196934133976
1993-06-24,4.89235996461,0.170959450845,0.215212774223
1993-06-24,4.89235996461,0.167139528381,0.220660700518
1993-08-11,4.89235996461,0.167139523437,0.191849245903
1993-08-11,4.89235996461,0.165342304626,0.195218128187
1993-08-27,4.89235996461,0.161747901062,0.152832366531
1993-10-30,4.89235996461,0.133891283569,0.119513696777
1994-05-26,4.89235996461,0.20652300614,0.294613912628
1994-05-26,4.89235996461,0.208475240479,0.29186173029
1994-07-13,4.89235996461,0.262687738263,0.27021064764
1994-07-13,4.89235996461,0.263431271888,0.271109215633
1994-08-14,4.89235996461,0.180618573486,0.192300405579
1994-08-14,4.89235996461,0.179719957581,0.19304391416
1994-12-20,4.89235996461,0.120412310242,0.107831919617
1994-12-20,4.89235996461,0.121310885315,0.108730498352
1995-01-28,4.88199178291,0.117728121826,0.111437303528
1995-02-06,4.89235996461,0.122209498962,0.117716516602
1995-02-06,4.89235996461,0.122209484985,0.115919298096
1995-02-13,4.73895404365,0.122221574707,0.115930775208
1995-03-17,4.89261020714,0.189622963684,0.20939404541
1995-04-11,4.89235996461,0.203083681885,0.236176917761
1995-06-14,4.89235996461,0.231165792276,0.42451981644
1995-06-14,4.89235996461,0.227416283035,0.418345859601
1995-06-30,4.89235996461,0.248672719202,0.40274544791
1995-06-30,4.89235996461,0.244137500782,0.404616504013
1995-07-16,4.89235996461,0.262486786122,0.514447172402
1995-07-16,4.89235996461,0.257518051248,0.507765706268
1995-08-01,4.89235996461,0.225393679663,0.343015131017
1995-08-01,4.89235996461,0.222024782425,0.341182619966
1995-08-08,4.89261020714,0.209041572696,0.244428743639
1995-08-17,4.56034906587,0.232906763696,0.408804239628
1995-09-02,4.89235996461,0.203982235168,0.288278121374
1995-09-02,4.89235996461,0.201286412903,0.27659631632
1995-09-09,4.34837991085,0.199001020159,0.212918324641
1995-09-18,4.89235996461,0.199489226562,0.220900638037
1995-09-18,4.89235996461,0.193198997803,0.21461040769
1996-03-12,4.89235996461,0.189606867432,0.202187417786
1996-05-31,4.89235996461,0.239771243445,0.309861829199
1996-05-31,4.89235996461,0.227190816809,0.318847813574
1996-07-02,4.89235996461,0.229618876781,0.346348645187
1996-07-02,4.8914613595,0.227345889404,0.342049312333
1996-11-23,4.89235996461,0.169835371399,0.175226989624
1996-11-23,4.89235996461,0.169835356323,0.175226958313
1997-07-05,4.89235996461,0.239027935913,0.364169172628
1997-07-05,4.89235996461,0.238129283447,0.362678512837
1997-07-21,4.89235996461,0.24078292627,0.298335287903
1997-07-21,4.89235996461,0.239884300659,0.292045141418
1997-08-06,4.89235996461,0.220999400315,0.256101158936
1997-08-06,4.89235996461,0.215607771653,0.245948721828
1997-08-22,4.89235996461,0.217461347107,0.220157132019
1997-08-22,4.89235996461,0.214765512878,0.22015711969
1997-09-07,4.89235996461,0.208475328918,0.236331952393
1997-09-07,4.89235996461,0.207576698364,0.238129154785
1997-09-23,4.89235996461,0.208474166992,0.220155901733
1997-09-23,4.89235996461,0.221955288086,0.225549675659
1998-01-13,4.85421661256,0.18780743811,0.221954311035
1998-01-13,4.86786491023,0.187807452942,0.224650135315
1998-02-14,4.89235996461,0.20128646875,0.236331960937
1998-02-14,4.89235996461,0.198590633179,0.232737534912
1998-03-02,4.89235996461,0.193199055725,0.231838964966
1998-03-02,4.89235996461,0.192300445129,0.227345923096
1998-03-18,4.89235996461,0.199489279907,0.232737546387
1998-03-18,4.89235996461,0.196793466187,0.230940343201
1998-04-10,4.89261020714,0.210292676575,0.333465006177
1998-04-26,4.89261020714,0.19860971521,0.231861079468
1998-05-21,4.89235996461,0.211171089172,0.361868090908
1998-06-06,4.89235996461,0.205779485657,0.260791375309
1998-06-06,4.89235996461,0.203982270447,0.26965042806
1998-06-22,4.89235996461,0.216562732544,0.298053289086
1998-06-22,4.89235996461,0.212069695557,0.296072757896
1998-09-10,4.89235996461,0.210272485718,0.231838925171
1998-09-10,4.89235996461,0.207576671204,0.232737502319
1998-10-12,4.89235996461,0.203083654297,0.20937386377
1998-10-12,4.89235996461,0.197692034729,0.209373858093
1998-12-15,4.89235996461,0.187807378113,0.193198981628
1998-12-15,4.89235996461,0.186010171509,0.195894769836
1999-05-24,4.89235996461,0.20398217926,0.256241890161
1999-06-16,4.89261020714,0.213887402771,0.314832979003
1999-08-28,4.89235996461,0.217461372131,0.232737574585
1999-08-28,4.89235996461,0.22195434552,0.234534752808
2000-05-10,4.63793272082,0.214766654663,0.288452320129
2000-06-27,4.89235996461,0.227345960937,0.404010717009
2000-07-29,4.89235996461,0.221055745667,0.31457366791
2000-07-29,4.89235996461,0.220157126709,0.306461650254
2000-08-30,4.89235996461,0.220157140259,0.237230597656
2000-08-30,4.89235996461,0.222852925171,0.235433388855
2000-10-01,4.89235996461,0.193199028259,0.206678055054
2000-10-01,4.89235996461,0.190503166626,0.203982182434
2000-10-17,4.89235996461,0.177922762512,0.186908769165
2000-10-17,4.89235996461,0.17432833252,0.180618558105
2001-08-17,4.89235996461,0.212069702881,0.294624828333
2001-08-17,4.89235996461,0.215664096313,0.295466959884
2004-03-02,4.7596498026,0.166240934448,0.19230037616
2004-04-19,4.89235996461,0.201286447754,0.239027736755
2004-04-19,4.89235996461,0.194996223083,0.237230533936
2004-06-22,4.33584986249,0.188706003845,0.42656688525
2004-08-25,4.89235996461,0.216506387742,0.243168271109
2005-06-09,4.89235996461,0.198590609009,0.301855622835
2005-09-13,4.89235996461,0.186908761475,0.177922756775
2005-11-16,4.89235996461,0.159950709778,0.149167524963
2005-11-16,4.89235996461,0.163545106689,0.148268907104
2006-02-04,4.51067354453,0.196793440674,0.236331893311
2006-05-18,4.88283405974,0.202204531067,0.318314857002
2006-05-27,4.89235996461,0.206678049683,0.243520667297
2006-06-12,4.57643847511,0.21476545575,0.377257189856
2006-06-12,4.89235996461,0.214765448975,0.380396861854
2006-07-30,4.18098579803,0.211171090393,0.264188543274
2006-07-30,4.89235996461,0.212069656128,0.262951696798
2006-09-16,4.89235996461,0.2129682948,0.217461305176
2006-09-16,4.89235996461,0.213866854309,0.221954271118
2006-11-03,4.89235996461,0.199489245361,0.208475268982
2006-11-03,4.89235996461,0.197692026123,0.209373868347
2007-03-11,4.65058416781,0.174328349915,0.188706024292
2007-04-12,4.89235996461,0.179720880554,0.193199967529
2007-04-28,4.89235996461,0.186010182495,0.258906202893
2007-04-28,4.89235996461,0.179719949768,0.250075192846
2007-07-17,4.89235996461,0.130297147705,0.104981027563
2007-09-03,4.74274683521,0.0952514795532,0.0781781497192
2007-09-03,4.89235996461,0.0916570824585,0.0817725258179
2008-03-29,4.89235996461,0.106034695068,0.108730541443
2008-03-29,4.89235996461,0.103338882019,0.104237540588
2008-04-05,4.89261020714,0.093463567627,0.103349144592
2008-04-21,4.89261020714,0.0979570203247,0.0871727146606
2008-08-20,4.89235996461,0.11322349353,0.152606965979
2008-09-05,4.89235996461,0.095251489502,0.0817725172729
2008-09-05,4.89235996461,0.0916570738525,0.0844683147583
2009-05-19,4.89235996461,0.196793432129,0.231838856384
2009-05-19,4.89235996461,0.194097602905,0.230940186584
2009-11-11,4.89047818312,0.184212942749,0.175226931641
2009-11-27,4.5297295992,0.207576671631,0.22285288739
2010-05-06,4.89235996461,0.197692068054,0.236331877869
2010-05-06,4.89235996461,0.201286447083,0.236331864197
2011-05-25,4.89235996461,0.211171105286,0.259709536096
2011-06-10,4.89235996461,0.205779507935,0.244221992855
2011-06-17,4.89261020714,0.206697920898,0.239949512512
2011-07-28,4.89235996461,0.224650143188,0.240824901794
2011-10-23,4.89261020714,0.194116405334,0.181534817871