Date,Rarea,NDWI,MNDWI
1984-06-15,48.9333676112,3.28576980466,3.95158639237
1984-07-01,49.2542705237,3.23681043683,3.24439529729
1984-09-03,49.2542705237,2.89713301227,2.64332936084
1986-05-20,49.2542705237,3.19016331715,3.7297287244
1986-07-23,49.2542705237,3.4963558489,3.71969327478
1986-08-24,49.2542705237,3.27888872152,3.12448465643
1986-10-11,49.2542705237,3.03266925424,2.70482946729
1986-10-27,48.1036236901,2.86642863418,2.62280157175
1986-12-14,42.475372618,2.25562942192,2.20991217124
1986-12-30,48.9956640155,2.97425953042,2.99475781157
1989-08-16,49.2542705237,4.39733196621,4.82088776135
1989-09-17,49.2542705237,3.83692573971,3.61766477157
1990-06-16,49.2542705237,4.43294026283,4.57467071154
1990-07-02,47.2507528436,4.45152053565,5.4926339451
1990-08-03,45.1857439548,4.37710204288,4.64521611615
1990-08-19,49.2542705237,4.12741505848,3.72970825624
1990-10-06,49.2542705237,3.80830838438,3.50803463687
1991-04-16,49.2542705237,3.62598789277,4.17378993277
1991-05-02,49.2542705237,3.71315365058,3.89505301937
1991-05-18,49.0136548781,3.82548068086,4.3487606976
1991-06-03,49.19586221,3.87490408845,4.98867050322
1991-06-19,49.2542705237,4.45087509088,6.21296022503
1991-08-06,49.2542705237,5.06989011109,4.1493073725
1991-09-07,49.0475814218,4.07974534936,4.31186435291
1992-04-18,49.2542705237,3.03446528951,3.06523025624
1992-05-04,49.2542705237,2.91238942865,2.89351880164
1992-06-21,49.2542705237,3.09018021426,3.10096688101
1992-08-24,49.2542705237,2.87091776376,2.67989446775
1992-09-09,49.2542705237,2.84164445225,2.70287773068
1992-09-25,48.37547144,2.59901805332,2.44946756118
1992-10-11,49.2542705237,2.79183991512,2.58553955997
1992-12-30,43.3641342839,1.33084220099,1.396441289
1993-05-23,49.2542705237,2.63008944369,2.95629236032
1993-06-08,49.2542705237,2.67232425051,2.62110634109
1993-06-24,49.2463270627,2.74960588046,2.7520792885
1993-07-26,47.8698308884,2.81790135259,2.71728722161
1993-08-11,49.2542705237,2.60932329022,2.66551611295
1993-08-27,49.2542705237,2.41082765255,2.14461272631
1993-12-17,46.8738950294,1.62312395652,1.57453847996
1994-05-26,49.2542705237,1.80516269815,1.94598185003
1994-07-13,49.2533718846,2.1644431898,1.96078383627
1994-08-14,49.2542705237,1.61234137717,1.37578053516
1994-12-20,48.6164793213,1.07564370105,0.923777668152
1995-01-05,44.0415534719,1.21942268634,1.15022905261
1995-02-06,49.2542705237,1.25716421564,1.27154219794
1995-06-14,49.2533718846,1.93906917813,2.52957627796
1995-06-30,49.2542705237,2.05228500247,2.38089071224
1995-07-16,49.2542705237,1.98130473245,2.58056408068
1995-08-01,49.2542705237,2.0534174278,1.95284463437
1995-09-02,49.2542705237,1.60117900106,1.49282853605
1995-09-18,49.2542705237,1.44931280404,1.25087402502
1995-10-20,44.1554526512,1.34455693967,2.02763072775
1996-03-12,49.2506760089,3.02835394849,3.09934420844
1996-05-31,49.2542705237,3.72853040905,3.90905564594
1996-07-02,49.2488787969,3.87051223236,4.13024040664
1996-11-23,49.2542705237,3.44602889981,3.43652443662
1997-07-05,49.2542705237,3.99891305934,4.23915487618
1997-07-21,49.2542705237,3.89562866701,3.74101298097
1997-08-06,44.2676476338,3.68185916258,3.4158699929
1997-08-22,49.2542705237,4.11741676457,3.46962879994
1997-09-07,49.249777553,3.78953539045,3.70237172737
1997-09-23,49.2542705237,3.79125486847,3.53065742322
1998-01-13,48.7905961351,3.43727901374,3.64845242335
1998-02-14,48.0807903807,3.49029667671,3.67281395806
1998-03-02,49.2542705237,3.45682260776,3.62239271375
1998-03-18,49.2542705237,3.50826900056,3.63856760353
1998-05-21,49.2542705237,3.7338220846,4.06951277531
1998-06-06,49.2542705237,3.76324049209,3.67721026783
1998-06-22,49.2542705237,3.84525046333,3.83608345715
1998-09-10,49.2542705237,3.6518113345,3.47029213534
1998-10-12,49.2542705237,3.57812504861,3.44333373855
1998-12-15,47.2371162753,3.22512551923,3.31408765735
1999-05-08,49.1418220279,3.55926489957,3.93992755615
1999-08-28,49.2542705237,4.09639592273,3.52174895228
2000-05-10,48.7312730491,3.75801275488,3.89915246976
2000-06-27,49.2542705237,4.11407613678,4.55339915527
2000-07-29,49.2533719091,4.7875125954,3.99557037116
2000-08-30,49.2542705237,3.9981120332,3.66732409852
2000-10-01,49.2425885181,3.85423514778,3.69825703573
2000-10-17,49.2542705237,3.69787623384,3.5999271197
2001-08-17,49.2416899769,3.8969603962,3.7618351743
2004-04-19,49.2542705237,2.65360893646,2.55745781409
2004-08-25,49.2542705237,2.71404068552,2.41547639099
2005-06-09,49.2542705237,2.42714151843,2.01378352904
2005-09-13,49.2542705237,1.84665333826,1.59863587732
2005-11-16,49.2542705237,1.52495077783,1.32186358954
2006-02-04,42.8296669319,1.75589298425,1.80441763751
2006-05-27,49.2542705237,2.8448592543,2.74692081204
2006-06-12,49.2542705237,2.95628736642,3.12335897063
2006-07-30,49.2542705237,3.05547591468,2.73741655266
2006-09-16,49.2542705237,2.9357737724,2.71920793457
2006-11-03,49.2542705237,2.83782514398,2.70123559369
2007-04-12,49.2542705237,2.75875684363,2.74348054047
2007-04-28,49.2542705237,2.8216496994,2.95374680267
2007-09-03,43.7450654591,2.78413424931,2.54218438275
2008-03-29,48.9023907844,2.9366721001,2.9555445705
2008-09-05,49.2542705237,3.08209273007,2.78390820404
2009-05-19,49.2542705237,3.47517855901,3.27568553929
2010-05-06,49.2542705237,3.52510739474,3.59184063709