Date,Rarea,NDWI,MNDWI
1984-10-19,81.8624889155,4.19025677686,3.72245033105
1986-05-02,78.8017310246,4.0151395459,4.00012782251
1986-05-18,81.8624889155,4.06059868795,3.8854043394
1986-11-26,81.8624889155,2.95694934424,2.74430989551
1986-12-12,81.8624889155,3.37972455396,3.2171185083
1987-01-13,81.8624889155,3.81751214111,3.55984285303
1987-02-14,81.8624889155,4.28531841553,4.18024918188
1989-03-07,81.2896177768,7.36232730273,7.4648936228
1989-03-23,81.8624889155,7.58747427295,7.65501721924
1989-05-10,81.8624889155,8.33088931808,8.52351413204
1989-05-26,81.8624889155,8.81428312771,9.02246776529
1989-06-11,81.8624889155,9.2066569283,9.47737277284
1989-07-13,81.8624889155,10.0305490966,9.5349096581
1989-08-14,81.6298344255,9.44204839809,8.4884927214
1989-08-30,81.8624889155,9.0684003724,8.05027471411
1989-11-18,81.8624889155,7.44988503711,7.17470493628
1989-12-04,81.8624889155,7.35482323633,7.13718028076
1990-03-26,78.5754658465,7.32996618156,7.70020462394
1990-04-11,81.8624889155,7.92769547729,8.11531694214
1990-05-29,81.8624889155,8.96622588359,9.1909795535
1990-06-14,81.8624889155,9.58151042292,9.47487045497
1990-07-16,81.8624889155,10.2304050936,9.45235556362
1990-08-01,81.8624889155,10.0899302213,8.6385098516
1990-08-17,73.135767818,7.04198553816,3.53481916846
1990-09-18,81.704885081,9.24128778478,7.802613323
1990-10-04,81.8624889155,8.08529930542,7.45238564575
1990-11-05,81.8624889155,7.81762542505,7.31229499951
1990-12-07,77.1573908963,7.47453877422,7.13943699932
1990-12-23,81.2545932153,6.84449313428,6.43922956592
1991-02-25,81.8624889155,7.48240569556,7.56495928687
1991-04-14,81.8624889155,8.11782012256,8.34046429395
1991-06-01,81.8624889155,8.98084214676,9.04338306034
1991-07-03,81.8624889155,9.72292591602,9.32016196402
1991-07-19,81.8624889155,9.48757565113,8.85615282426
1991-08-04,81.8624889155,9.06089470194,8.32338293063
1991-08-20,81.8624889155,8.73115062521,8.12282143848
1991-09-05,77.4718631591,8.21788620386,7.60748712134
1991-09-21,81.8599872934,8.8382503942,7.98773472485
1991-10-23,81.8624889155,7.59998287524,7.34981943701
1991-11-08,81.8624889155,7.53494066919,7.28978025659
1991-12-26,81.6597016779,7.17720700684,7.15719326831
1992-03-31,81.8624889155,6.72190834155,6.83948397656
1992-04-16,81.8624889155,6.77694391162,6.96206295435
1992-05-02,81.8624889155,6.77194026709,6.84698739258
1992-06-03,81.8624889155,7.26011010624,7.17470048755
1992-06-19,81.8624889155,7.79295798076,7.36982775928
1992-07-05,81.8624889155,7.59032547856,7.25268236398
1992-12-28,81.8624889155,5.44607570605,5.38603638403
1993-02-14,81.8624889155,5.39103994116,5.38103288574
1993-03-18,79.4911631551,3.42225024414,3.35720618896
1993-07-24,81.8624889155,6.39704529814,5.60660760616
1993-08-25,81.8624889155,5.37403359976,4.85068282544
1993-10-12,75.3294098747,4.83629737896,3.65478935492
1994-06-09,81.8624889155,9.11632338041,8.84864726323
1994-07-11,81.8624889155,9.38231072841,8.72606672001
1994-08-12,81.8624889155,8.84364513041,8.30043648437
1994-12-02,81.8624889155,7.01964030933,6.73445250806
1995-03-08,80.7324491156,6.4092023103,6.50926849658
1995-04-09,81.8624889155,6.72440876245,7.02710428735
1995-06-12,81.8624889155,7.76414442764,8.15428058708
1995-07-14,80.6366881423,7.98706688958,9.1794840236
1995-07-30,81.8624889155,7.49713617756,7.7347907779
1995-08-15,81.8624889155,7.13010341866,6.91453042261
1995-09-16,81.8624889155,6.60182862598,6.27161314282
1995-10-02,81.8624889155,6.55680493359,6.21658257959
1995-12-21,81.8624889155,5.79130024951,5.6862312644
1996-02-07,81.8624889155,7.98023224927,8.22289054663
1996-05-29,81.8624889155,9.41846330061,9.35229116982
1996-06-14,81.8624889155,9.9604638073,9.94767965248
1996-07-16,81.8624889155,9.95123166471,9.26223239198
1996-08-01,81.8249641464,10.1575913965,9.41112316605
1996-09-02,81.8624889155,8.71578927677,8.1228228501
1996-10-20,81.8624889155,8.0502773313,7.63500580396
1996-12-23,76.5577730367,7.11466252637,7.45496468718
1997-06-01,81.8624889155,8.83363886235,8.6956552327
1997-07-03,81.8624889155,9.32672583029,8.9770451415
1997-07-19,81.0894799521,9.33056301829,8.72106487162
1997-08-04,81.8624889155,8.75366508248,8.24039750098
1997-08-20,81.8624889155,8.72864994796,8.16034621338
1997-11-08,81.8574856276,7.92519582471,7.71505784351
1997-11-24,81.8624889155,7.70755326782,7.6099892312
1997-12-10,81.8624889155,7.72006171631,7.66252368262
1998-01-27,74.4462037286,6.91203644458,6.81697414966
1998-03-16,74.1479747945,6.36764830736,6.3115129895
1998-04-01,77.0234533613,7.09215520312,7.03711900244
1998-05-19,81.8624889155,8.25583994112,7.9531418586
1998-07-06,81.8624889155,8.87104497541,8.13067845585
1998-08-07,81.5161036584,8.1465828898,7.239744323
1998-08-23,81.8624889155,7.76508833447,7.25725691333
1998-09-08,81.8074526335,7.80011162695,7.36732897217
1998-10-10,81.8624889155,7.39484887817,7.01960332959
1998-10-26,74.0798451362,5.8288155769,5.21591245361
1999-05-22,81.3695172696,8.36591192086,8.41344249899
1999-07-09,81.8624889155,8.86393302742,8.49841844584
1999-08-26,81.8624889155,8.16284833105,7.71005268042
2000-05-08,80.981919677,8.65652555831,8.74658259395
2000-08-28,81.8624889155,8.59062943994,8.0652851106
2001-02-04,72.1326023995,6.83603435926,7.0783764236
2001-08-15,81.8624889155,8.68361982589,7.99523862305
2003-08-05,81.8624889155,7.47994080659,6.80195783447
2004-04-17,81.8624889155,8.10281105786,8.25290824585
2004-06-04,81.8624889155,8.39343013692,8.60598946025
2004-06-20,81.8624889155,8.6310067249,8.86365767485
2004-08-07,81.8624889155,8.54810071851,8.26541512842
2004-08-23,81.8624889155,8.27292139453,8.0002428728
2004-09-08,81.8624889155,8.06778811646,7.67753242261
2005-11-14,81.8624889155,6.61433947681,6.19406340942
2006-04-07,81.8624889155,7.97272728125,8.1703553418
2006-05-25,81.8624889155,8.35547492383,8.3784201777
2006-06-26,81.8624889155,8.68354189653,8.55595703715
2006-07-28,81.8624889155,8.52058276099,8.15077188473
2006-08-13,81.8624889155,8.50557373267,8.07278970312
2006-09-14,81.8624889155,8.09780802173,7.67503155981
2006-09-30,81.8624889155,7.98023191431,7.57496643506
2007-01-04,81.8624889155,7.23224253296,7.2072259397
2007-02-05,77.6636078831,6.6768789314,6.66687219873
2007-04-10,81.0874777937,7.292399718,7.11825511282
2007-04-26,81.8624889155,7.25975933813,7.22723732886
2007-05-12,81.8624889155,7.36482725317,7.18721050171
2007-06-13,81.8624889155,7.85299837626,7.63785648027
2007-07-15,81.8624889155,7.40028051437,6.88244196139
2007-07-31,81.8624889155,7.4778316025,6.90452552246
2007-08-16,81.8624889155,6.91203142334,6.41920917651
2007-10-03,81.8624889155,6.40920522437,6.05647384106
2008-02-08,80.7807234483,7.2347399248,7.17970276245
2008-02-24,81.8624889155,7.88016672803,7.9652221377
2008-09-03,74.4333266251,5.49610054053,5.198406729
2008-09-19,81.8624889155,8.11782116382,7.68503805249
2010-04-18,77.4211708381,6.50927359521,6.38301433091