Date,Rarea,NDWI,MNDWI
1984-05-21,176.049316687,1.76732148975,1.57483964746
1984-08-25,176.049316687,1.63983337891,1.35486128857
1984-09-10,171.862809258,3.45680181986,1.23987442896
1984-09-26,176.049316687,1.47734821069,1.26986970947
1984-10-28,176.049316687,1.62483609692,1.4548519646
1986-05-11,176.049316687,3.17969618896,3.11470223853
1986-05-27,176.049316687,3.14469872827,2.9922122959
1986-08-31,176.049316687,2.78497395475,2.36726813452
1986-10-02,172.717012926,2.80067828796,2.25673394981
1987-01-06,176.049316687,5.21218332864,5.48966358913
1989-03-16,176.049316687,3.15485362551,3.34233877004
1989-05-03,176.049316687,2.92987243215,3.02236495901
1989-07-06,176.049316687,2.63739694924,2.42741817458
1989-07-22,176.049316687,2.54599399811,2.3499252029
1989-08-07,176.049316687,3.371293485,2.24993412576
1989-09-08,176.049316687,2.26242504861,1.97480251318
1989-09-24,174.28670134,3.0688612689,1.84747068655
1989-12-13,175.951815909,1.7499781094,2.07479371924
1990-03-03,176.049316687,1.47500488821,1.64498930642
1990-06-23,176.049316687,2.12244975759,1.86996872219
1990-07-09,176.044317151,3.05736677346,2.6523993345
1990-07-25,176.049316687,3.66286695279,2.62224367529
1990-08-10,176.049316687,2.93987086477,2.54990681155
1990-09-27,176.049316687,2.09978897632,2.09729123462
1990-10-13,176.049316687,1.88730774292,1.8623123728
1991-01-01,176.049316687,1.41235410303,1.40235605225
1991-03-06,176.049316687,3.26218725708,3.55232115383
1991-03-22,176.049316687,4.2797593196,4.58473910891
1991-04-07,176.049316687,4.7872198113,4.84455865332
1991-04-23,175.416427192,4.69956980884,4.70707038428
1991-05-09,176.049316687,4.67707084937,4.59207974268
1991-05-25,176.049316687,4.54227911705,4.41709363184
1991-06-10,176.049316687,4.4920859978,4.35959842041
1991-06-26,176.049316687,4.46224568899,4.28460431201
1991-07-12,176.04681687,4.45575353236,4.11461848413
1991-08-13,176.049316687,4.09446770188,3.7796467002
1991-12-03,173.127711461,2.59226499707,2.30227570972
1992-01-04,174.578136044,1.89480908179,2.13978749341
1992-06-28,176.049316687,3.25718881055,3.1247014856
1992-08-15,176.049316687,3.09720151685,3.01221083496
1992-11-03,176.049316687,2.48475549438,2.64724325146
1993-01-06,176.015574397,1.947304073,2.16728542383
1993-03-27,176.049316687,1.79497542239,2.04745253762
1993-05-14,176.049316687,1.47500458816,1.64248963357
1993-05-30,176.049316687,1.37251480154,1.45750729177
1993-07-01,176.049316687,1.435008626,1.41001210671
1993-07-17,176.049316687,1.32002003103,1.32002086575
1993-08-02,176.049316687,1.28002389236,1.28252449099
1993-09-19,176.049316687,1.10754115359,1.07738796826
1993-11-22,174.97239957,1.44250798977,1.82997188747
1994-02-10,175.906835806,1.6873284624,2.07994779958
1994-04-15,176.049316687,1.5498411311,1.78997642898
1994-06-02,176.049316687,1.44235137891,1.4998464231
1994-07-20,176.049316687,1.3723578457,1.28986665186
1994-08-05,175.891817544,1.22737236475,1.20737490259
1994-08-21,176.049316687,1.27738284058,1.04489104932
1994-09-22,176.049316687,0.974903575928,0.844913270508
1995-03-17,176.049316687,1.41985364404,1.49234728687
1995-04-02,170.918176573,1.51081798305,1.79735747819
1995-06-21,176.039316666,2.68489613577,2.7323912781
1995-07-07,176.049316687,2.53475185059,2.55974986206
1995-07-23,176.049316687,2.42491763528,2.41491906619
1995-08-08,176.049316687,2.19743702541,2.25493382302
1995-08-24,176.049316687,1.93246106326,2.06229450195
1995-09-09,176.049316687,1.84746901369,1.87481135669
1995-09-25,176.049316687,1.69498355837,1.73982382666
1995-10-11,176.039317609,1.54984061646,1.57483912988
1995-12-14,176.049316687,2.13728640747,2.19478178149
1996-03-03,176.049316687,28.8369964586,31.9095508881
1996-03-19,159.913920188,29.4432362654,31.3781531778
1996-06-07,176.049316687,35.2504055633,34.877924146
1996-07-25,175.781816228,35.9489665538,34.5529369529
1996-09-11,174.68921703,35.4033331905,34.5402993145
1996-09-27,176.049316687,35.2179078089,34.680447638
1996-10-29,176.049316687,34.5127907156,34.0528225251
1996-11-30,176.026818304,34.7627794941,34.9029336531
1996-12-16,160.520677482,25.0683232656,25.1508291101
1997-02-02,176.049316687,34.3753034124,34.6954839361
1997-06-10,176.049316687,35.2264998638,34.877929812
1997-06-26,176.046816763,35.8070640903,34.7579381006
1997-07-12,176.014318413,38.3084084682,34.8354329832
1997-08-13,176.049316687,35.8514657079,34.7029417517
1997-08-29,175.554350283,34.7473917126,34.1528241013
1997-12-03,176.049316687,34.0329810164,34.1804693262
1998-05-12,176.049316687,32.4104046438,31.8954348916
1998-06-29,176.046816737,32.35557299,31.2906215132
1998-07-15,176.049316687,31.878095721,30.9756374197
1998-07-31,176.041817292,31.665445113,30.8706442761
1998-12-06,174.026689944,30.8229817527,31.2492339751
1999-02-24,160.148506427,30.6930274492,30.9230188801
1999-03-12,176.049316687,30.9104822932,31.0929775129
1999-04-29,174.465593093,30.0096830953,29.785567811
1999-05-15,160.96947572,27.3557777463,27.340784303
1999-06-16,176.049316687,29.9355316228,29.625551325
2000-07-20,176.049316687,33.5500466738,33.2230018675
2000-08-21,176.044316997,39.4760909971,33.7903217461
2000-09-06,175.914324867,33.7752170775,33.9528134014
2001-02-13,176.049316687,30.1080172043,31.1104606565
2001-08-08,176.049316687,30.3059484367,30.1330191841
2003-11-18,176.049316687,20.4760529819,20.0635882712
2004-03-09,176.049316687,18.4836712639,18.533672593
2004-04-10,176.049316687,19.9279489279,20.228565917
2004-04-26,160.62437021,18.8286244585,19.4827104798
2004-05-28,176.049316687,20.2710598262,20.4060571353
2005-02-08,152.837600145,2.39478834888,2.45229025781
2005-06-16,176.046816788,15.5688422058,15.2213716646
2005-07-18,176.049316687,14.9663801738,14.6914040811
2005-09-04,176.046816857,14.3989243464,13.878951604
2005-09-20,176.049316687,13.8414485481,13.4039822771
2006-06-03,176.049316687,16.7977689248,16.1338161064
2006-07-05,176.049316687,16.526286854,16.0463231438
2006-08-22,173.745488525,14.4866594848,14.2789398223
2006-09-23,176.049316687,15.0738865264,15.2988755066
2007-01-29,173.614927745,12.1690596101,12.4390525615
2007-05-21,176.049316687,11.4917945528,11.2118104637
2007-06-22,176.049316687,11.1216156125,10.7866425515
2008-02-01,162.622478623,21.5136678325,22.0084926228
2008-03-20,163.54212634,25.5726636501,26.3448716466
2008-04-05,176.049316687,27.2033129898,27.5533064253
2008-08-27,176.049316687,30.344202252,29.0582255276
2009-03-23,176.049316687,29.938149585,31.8080722715
2009-04-08,163.229797278,29.1705550919,30.6363605754
2009-04-24,176.049316687,29.4106764732,31.2105947847
2009-05-10,176.049316687,29.7431635132,31.7430695655
2009-05-26,176.049316687,29.8081693455,31.4755871558
2009-12-04,176.049316687,28.4907516079,30.3304976741