Date,Rarea,NDWI,MNDWI
1984-05-21,46.2143413364,0.689559856079,0.622944364258
1984-05-21,46.2143413364,0.694060910767,0.625644983582
1984-08-25,46.2143413364,0.490612783325,0.396991037476
1984-08-25,46.2143413364,0.494213681274,0.401492142578
1984-09-10,45.5932023803,0.646350555908,0.386189058533
1984-09-10,46.1099193254,0.823688529175,0.397891619934
1984-09-26,46.2143413364,0.280864045654,0.247556434875
1984-09-26,46.2143413364,0.283564677246,0.250257057068
1984-10-28,46.2143413364,0.315972293884,0.27726329126
1984-10-28,46.2143413364,0.315241576,0.280864124512
1984-12-31,46.2143413364,0.327674928162,0.320473246399
1986-04-25,44.8336963968,0.414094448853,0.190843603516
1986-04-25,44.0931722631,0.402391706909,0.189043200562
1986-05-11,46.2143413364,0.514018229065,0.449203288818
1986-05-11,46.2143413364,0.523020337708,0.454604568054
1986-05-27,46.2143413364,0.521219872498,0.440201181274
1986-05-27,46.2143413364,0.521219870667,0.437500550598
1986-08-31,46.2143413364,0.434799719055,0.350180145081
1986-08-31,46.2143413364,0.432099100403,0.344778932251
1986-10-02,46.2143413364,0.405993315308,0.289866201965
1986-10-02,46.2143413364,0.40869400415,0.285365185669
1987-01-06,46.2143413364,0.47620934314,0.444702074341
1987-01-06,46.2143413364,0.475309140198,0.446502510376
1987-01-22,45.4240429843,0.532022615051,0.689561104187
1987-01-22,44.9514141231,0.487012612488,0.63554881488
1989-03-16,46.2143413364,2.89959483063,2.7789664267
1989-03-16,46.2143413364,2.88969263489,2.78346763647
1989-05-03,46.2143413364,2.97881403699,2.81047412732
1989-05-03,46.2143413364,2.9779139046,2.81677558252
1989-06-20,46.2143413364,3.1876649425,2.93200368378
1989-07-06,46.2143413364,3.17326163654,2.88969352313
1989-07-06,46.2143413364,3.16876065326,2.89869581036
1989-07-22,46.2143413364,3.18766484857,2.8806912254
1989-07-22,46.2143413364,3.17956315918,2.88609278534
1989-08-07,46.2143413364,3.13905312341,2.83478020392
1989-08-07,46.2143413364,3.13005109534,2.83658083044
1989-09-08,46.2143413364,2.93380309497,2.68354366614
1989-09-08,46.2143413364,2.92750169568,2.69434641815
1989-09-24,46.2143413364,2.7465575885,2.52510514771
1989-09-24,46.2143413364,2.74925842596,2.52780589716
1989-12-13,45.9766851542,2.47739236121,2.51610242029
1989-12-13,45.9568804725,2.46839030835,2.53140632623
1990-03-03,46.2143413364,1.97596958014,2.30185029364
1990-03-03,46.2143413364,1.97056844519,2.29734930542
1990-06-23,46.2143413364,1.87784615137,1.74101391632
1990-06-23,46.2143413364,1.88864878534,1.75451719598
1990-07-09,46.2125409082,1.59157609595,1.31971154193
1990-07-09,46.2143413364,1.59877804205,1.30980934216
1990-07-25,46.2143413364,1.50605554108,1.24589395068
1990-07-25,46.2143413364,1.4970534917,1.24229318768
1990-08-10,46.2143413364,1.46824634387,1.21798713135
1990-09-27,46.2143413364,1.14866963599,0.946122052307
1990-09-27,46.2143413364,1.15947232275,0.94882273645
1990-10-13,46.2143413364,2.64933399164,0.889408204956
1990-10-13,46.2143413364,2.65653603333,0.887607778381
1990-10-29,46.2143413364,0.991131728821,0.849798777527
1990-10-29,46.2143413364,1.00103420721,0.842597188477
1991-01-01,46.2143413364,0.806587866211,0.743573234985
1991-01-17,46.0631073515,0.757076280029,0.788583795227
1991-01-17,46.2062395522,0.786783160217,0.858799798096
1991-03-06,46.2143413364,1.7950263006,1.82203334802
1991-03-06,46.2143413364,1.79682672882,1.82203338843
1991-03-22,46.2143413364,3.0220252843,2.98961771747
1991-03-22,46.2143413364,3.0283268894,2.9995201781
1991-04-07,46.2143413364,3.74400289777,3.7359012887
1991-04-07,46.2143413364,3.75120490643,3.7377020105
1991-04-23,46.2143413364,3.90514243695,3.8781362478
1991-04-23,46.2143413364,3.905142703,3.87183493671
1991-05-09,46.2143413364,3.98976328961,3.93304973712
1991-05-09,46.2143413364,4.00416695679,3.94925387341
1991-05-25,46.2143413364,3.99876566376,3.89254018256
1991-05-25,46.2143413364,4.00776752997,3.90064193298
1991-06-10,46.2143413364,4.16170501123,4.03027329797
1991-06-10,46.2143413364,4.16170581091,4.03477513861
1991-06-26,46.2143413364,4.22472108887,4.03027413153
1991-06-26,46.2143413364,4.23732428906,4.03477541095
1991-07-12,46.2143413364,4.36965641754,4.11579490253
1991-07-12,46.2143413364,4.35795344556,4.12389695532
1991-08-13,46.2143413364,4.25082759814,4.04197708612
1991-08-13,46.2143413364,4.25442856299,4.04917907544
1991-11-17,46.2143413364,3.52074752612,3.60626939801
1991-11-17,45.9925692886,3.49284128766,3.58106371246
1991-12-03,46.2143413364,3.37491182953,3.51714754425
1991-12-03,46.2143413364,3.36861036975,3.49914325232
1992-06-28,46.2143413364,0.688659645264,0.551827614319
1992-06-28,46.2143413364,0.682358199707,0.561730027954
1992-08-15,46.2143413364,0.477109718323,0.383487933716
1992-08-15,46.2143413364,0.479810372009,0.379887108887
1992-09-16,46.2143413364,0.334876560242,0.254758126892
1992-11-03,46.2143413364,0.198044986389,0.198045041748
1992-11-03,46.2143413364,0.198044996582,0.198945266663
1993-01-06,46.2143413364,0.0,0.187242537598
1993-01-06,46.2143413364,0.0,0.185442137634
1993-03-11,40.6866107567,0.133230541077,0.23585476239
1993-03-11,40.5662511301,0.157536044739,0.258359965271
1993-03-27,46.2143413364,0.345678886475,0.358281872192
1993-03-27,46.2143413364,0.344778696594,0.349279823914
1993-05-14,46.2143413364,0.387988682495,0.363683148193
1993-05-14,46.2143413364,0.39068931012,0.36368317572
1993-05-30,46.2143413364,0.385288087036,0.350180054199
1993-05-30,46.2143413364,0.380787096863,0.347479427368
1993-07-01,46.2143413364,0.396090677002,0.346579204529
1993-07-17,46.2143413364,0.42112731455,0.348379647034
1993-07-17,46.2143413364,0.418776237917,0.347479528015
1993-08-02,46.2143413364,0.387088642639,0.333076110229
1993-08-02,46.2143413364,0.392489845093,0.327674890503
1993-09-19,46.2143413364,0.34837966571,0.302469084045
1993-09-19,46.2143413364,0.337577212646,0.297968108765
1993-11-22,46.2143413364,0.680557888733,0.645449737549
1993-11-22,46.2143413364,0.683258618958,0.646350093567
1994-01-09,45.2893772427,0.324075140198,0.47711128186
1994-01-09,41.2003559148,0.117927892578,0.207949187744
1994-02-10,41.390139117,0.979429800232,1.31493787696
1994-04-15,46.2143413364,2.24243532092,2.17762012476
1994-04-15,46.2143413364,2.23973487537,2.19022324969
1994-05-01,39.9406717571,2.03808935779,2.00568180157
1994-06-02,46.2143413364,2.2793440957,2.1875223916
1994-06-18,46.2143413364,2.33065710388,2.20912834302
1994-07-20,46.2143413364,2.38016790485,2.25143742139
1994-07-20,46.2134411285,2.38736650873,2.25773602954
1994-08-05,46.2143413364,2.38647002911,2.26224049487
1994-09-06,46.2143413364,2.31985500067,2.18122226672
1994-09-22,46.2143413364,1.87874674811,1.8724460036
1994-09-22,46.2143413364,1.88234727875,1.8760466308
1995-01-28,45.3161223969,1.15587213495,1.2134860899
1995-01-28,45.3294556674,1.15767262543,1.22158813293
1995-04-02,42.0643380239,1.18269631682,1.139109246
1995-04-02,44.0155387952,1.47298210103,1.4873856957
1995-06-21,46.2143413364,2.35046088849,2.19202324426
1995-06-21,46.2143413364,2.3648645033,2.18842245178
1995-07-07,46.2143413364,2.39907385498,2.21959214373
1995-07-07,46.2143413364,2.39457441626,2.22409464318
1995-07-23,46.2143413364,2.48999480804,2.27574380176
1995-07-23,46.2143413364,2.49809688995,2.26584145465
1995-08-08,46.2143413364,2.50799935687,2.26764198523
1995-08-08,46.2143413364,2.50799952405,2.27754449707
1995-08-24,46.2143413364,2.52330338196,2.28294602625
1995-08-24,46.2143413364,2.52870477765,2.27484409583
1995-09-09,46.2143413364,2.51250062152,2.29464878644
1995-09-25,46.2143413364,2.44138352533,2.25233852161
1995-09-25,46.2143413364,2.43328167236,2.24783765326
1995-10-11,46.1702307876,2.42968050323,2.27484374731
1995-10-11,46.1900355563,2.45578685138,2.28024513708
1995-11-28,46.2143413364,1.68518366925,1.61676861365
1996-01-31,46.2143413364,4.32533590649,4.47443399304
1996-03-03,46.2143413364,4.47048221643,4.57641153843
1996-03-03,46.2143413364,4.48368890312,4.58481003473
1996-03-19,46.2143413364,4.44047830253,4.4395778914
1996-03-19,46.2143413364,4.43147614304,4.44047826151
1996-06-07,46.2143413364,4.51729310602,4.41646907965
1996-06-07,46.2143413364,4.50108932495,4.40746711835
1996-08-10,46.2143413364,4.52719593768,4.30394207867
1996-08-26,46.2125408959,4.53720684849,4.33185843652
1996-09-11,46.1576277237,4.49568695502,4.29854067975
1996-09-11,46.1360226414,4.45787813544,4.2931395224
1996-09-27,46.2143413364,4.56601977055,4.24362714105
1996-09-27,46.2143413364,4.56472110129,4.25262966113
1996-10-29,46.2143413364,4.16620700848,4.18691379291
1996-10-29,46.2143413364,4.15810542432,4.16530887073
1996-11-30,46.2143413364,3.96635800989,4.19141386072
1996-11-30,46.2143413364,3.98706247278,4.17610936688
1996-12-16,46.2143413364,3.52391562235,3.82368435666
1997-01-01,46.2143413364,3.735001888,4.00866950482
1997-02-02,44.3894873536,3.60400354926,4.08803155732
1997-06-10,46.2143413364,4.111292242,4.22742173932
1997-06-10,46.2143413364,4.09418842902,4.22022036267
1997-06-26,46.2143413364,4.16620559302,4.178809448
1997-07-12,46.2143413364,4.27693322314,4.21751940796
1997-07-12,46.2143413364,4.2616299541,4.21661953552
1997-08-13,46.2143413364,4.23012182458,4.08518731836
1997-08-13,46.2143413364,4.23012174243,4.09599006647
1997-11-01,46.0955161066,3.70257686542,3.64676427209
1997-12-03,46.2143413364,3.84302673596,3.91684510614
1997-12-03,46.2143413364,3.82952406439,3.90694354352
1998-04-26,46.2143413364,3.81511914856,3.81331923285
1998-05-12,46.2143413364,3.84482765094,3.81962187421
1998-05-12,46.2143413364,3.84752814838,3.81692122314
1998-06-29,46.2143413364,4.09328845819,3.92314719604
1998-06-29,46.2134411154,4.08608679834,3.91504553088
1998-07-15,46.2143413364,4.06358131738,3.88353773804
1998-07-15,46.2143413364,4.06538208319,3.89254034534
1998-07-31,46.2143413364,4.09238828632,3.93214953583
1998-07-31,46.2116406718,4.09868994434,3.9276485387
1998-12-06,42.4167983563,3.44692908417,3.57206058789
1998-12-06,42.156634378,3.44512855756,3.56035767523
1999-01-07,46.2143413364,3.70619300537,3.8322244021
1999-02-08,45.7120219732,3.41002353351,3.66478550775
1999-02-08,41.6234021633,3.39291949524,3.66388554114
1999-03-12,46.2143413364,3.66208225641,3.72059701843
1999-03-12,46.2143413364,3.66118218414,3.71609598505
1999-04-29,41.3919030355,3.82843993457,3.68008754034
1999-04-29,41.9042218615,3.88383097856,3.70619445331
1999-06-16,46.2143413364,3.96635648474,3.8718344942
1999-06-16,46.2143413364,3.9699572301,3.86373239209
1999-09-20,45.6969144325,3.66028128412,3.41002331042
1999-09-20,45.7570306932,3.65037838831,3.33710557953
2000-07-04,41.4405396676,4.79525263153,3.65194971635
2000-07-20,46.2143413364,4.13289785284,4.01046883496
2000-07-20,46.2143413364,4.1247960437,4.00776846075
2000-08-21,46.2143413364,4.16980689453,4.04737819537
2000-08-21,46.213441108,4.16800649756,4.04107662476
2000-09-06,46.2080398629,4.13019714569,4.06178184369
2000-09-06,46.1945366551,4.1238955545,4.04467774219
2001-02-13,46.2143413364,3.68458789752,3.71879680798
2001-02-13,46.2143413364,3.6881890191,3.73410066455
2001-03-17,45.993342134,3.71928662385,3.75349543214
2001-03-17,45.9364040156,3.72288772011,3.76339801961
2001-08-08,46.2143413364,4.10499100555,3.97626098889
2001-08-08,46.2143413364,4.11669354736,3.98436278693
2003-11-18,46.2143413364,3.47033537042,3.43972906171
2003-11-18,46.2143413364,3.47213598431,3.43072706091
2004-03-09,46.2143413364,3.6809869472,3.75030436322
2004-03-25,46.2143413364,3.92044546228,4.11334702272
2004-03-25,46.0392171947,3.9204456499,4.12319318893
2004-04-10,46.2143413364,3.73860048541,3.79351435114
2004-04-10,46.2143413364,3.737700495,3.79981605566
2004-05-28,46.2143413364,3.74490197699,3.80521758307
2004-05-28,46.2143413364,3.73680006213,3.81692055005
2004-07-31,46.2143413364,3.94821126797,3.9248068851
2005-02-08,45.6850082209,3.28218837628,3.3758113382
2005-02-08,45.7448569394,3.22637471588,3.31369612622
2005-04-13,46.2143413364,3.50724387103,3.66298241486
2005-06-16,46.2143413364,3.79801482715,3.88353704382
2005-06-16,46.2143413364,3.79531440344,3.8880383833
2005-07-18,46.2143413364,3.89523895703,3.87003397021
2005-07-18,46.2143413364,3.88533678082,3.86553295166
2005-09-04,46.2143413364,3.88173554779,3.87813619867
2005-09-04,46.2143413364,3.87093302545,3.87543550885
2005-09-20,46.2143413364,3.66388219366,3.6746863111
2005-09-20,46.2143413364,3.67468487244,3.68818968225
2006-05-18,46.2143413364,3.73319918103,3.79531476941
2006-05-18,46.2143413364,3.72779785962,3.80071616754
2006-06-03,46.2143413364,3.82502162225,3.85292964319
2006-06-03,46.2143413364,3.8232213858,3.86463264423
2006-07-05,46.0847136407,4.01226771991,3.95375441736
2006-07-05,46.2143413364,4.02307066724,3.94925355774
2006-07-21,46.2080398325,4.16980294719,4.02131014544
2006-08-22,44.4058747893,4.1526419465,3.70169496832
2006-08-22,45.0818709876,4.11932187056,3.62247654126
2006-09-23,46.2143413364,3.92944763611,3.86913421381
2007-01-29,45.9370747255,3.37221197797,3.40462040979
2007-01-29,46.0793090346,3.4694356377,3.49464228558
2007-05-21,46.2143413364,3.52794896783,3.60536939203
2007-05-21,46.2143413364,3.53335044763,3.58916564795
2007-06-22,46.2143413364,3.76470736414,3.64948025537
2007-06-22,46.2143413364,3.7485035238,3.65668207251
2007-08-09,46.2143413364,3.69809150482,3.522549672
2008-02-01,46.2143413364,3.67648503363,3.79711467059
2008-02-01,46.2143413364,3.67198422009,3.80161601611
2008-03-04,39.6173870089,2.25774441211,2.47049039866
2008-04-05,46.2143413364,3.60536744641,3.71609466364
2008-04-05,46.2143413364,3.60806823346,3.72599729901
2008-08-27,46.2143413364,4.08698621631,3.95195454279
2009-03-23,46.2143413364,3.54775351239,3.69448945563
2009-03-23,46.2143413364,3.56035669525,3.6899885957
2009-04-24,46.2143413364,3.59726559045,3.64587795819
2009-04-24,46.2143413364,3.58646296619,3.6440775166
2009-05-10,46.2116301006,3.68638734509,3.72149675836
2009-05-26,46.2143413364,3.72509682275,3.71429550226
2009-05-26,46.2143413364,3.72239631451,3.71519589191
2009-12-04,45.4021693946,3.13095293005,2.41348239844