Date,Rarea,NDWI,MNDWI
1984-08-25,148.261185563,1.37597761011,0.855609484131
1984-09-10,126.720631145,1.94481604562,0.552892147217
1984-09-26,143.055858059,0.963184766357,0.637954292725
1984-10-19,148.261185563,0.865615933838,0.590420607178
1986-05-02,147.97521929,4.41183181943,1.71995320789
1986-05-18,148.261185563,1.13236379767,0.780555678711
1986-11-26,148.261185563,1.4392987194,1.23915599674
1986-12-12,148.261185563,1.01399702604,1.06903468986
1987-01-13,140.302434492,1.38348404883,0.573681640787
1987-02-14,148.261185563,2.50505896256,2.3099195214
1989-03-07,148.261185563,7.49033137964,7.80132588542
1989-03-23,148.261185563,7.45358145719,7.64544153223
1989-05-10,148.261185563,7.77380930314,7.67796543701
1989-05-26,148.227887807,7.81806552417,7.48783075244
1989-06-11,148.261185563,8.50608553478,8.47606178429
1989-07-13,148.25368019,9.31583457874,8.57187609367
1989-08-14,148.261185563,8.92923952008,8.08903326896
1989-08-30,148.261185563,7.66623115177,7.16259966772
1989-11-18,148.261185563,6.63803971884,6.39204989502
1989-12-04,148.261185563,6.51213747876,6.52964834302
1990-02-22,148.261185563,6.10512111881,6.70554805607
1990-04-11,148.261185563,6.665520132,6.86738825146
1990-05-29,148.261185563,8.60439838053,8.54357939746
1990-06-14,148.261185563,8.55436254118,8.38846941382
1990-07-16,148.103575157,8.76441489523,7.51784924902
1990-08-01,148.261185563,7.64793724048,6.81985323169
1990-08-17,127.795508145,10.3381129456,6.35702458008
1990-09-18,148.261185563,6.41206272974,5.96174340527
1990-10-04,148.261185563,6.3813343761,5.8716790835
1990-11-05,148.261185563,5.92922077124,5.9017005625
1990-12-23,148.261185563,6.3144955376,6.3878215883
1991-02-25,148.261185563,6.74807969645,7.12334535954
1991-04-14,148.261185563,10.4632191943,11.1587105981
1991-06-01,148.261185563,10.9960978178,11.0136090905
1991-06-17,148.261185563,11.4048182955,11.2212560282
1991-07-03,148.261185563,11.8642097477,11.1704458728
1991-07-19,148.261185563,11.7316159577,10.9610714782
1991-08-04,148.261185563,11.3313336557,10.6851013228
1991-08-20,148.261185563,11.3900406385,10.6575817129
1991-09-05,148.261185563,10.9678007212,10.3823861528
1991-09-21,148.231164193,10.6700901755,10.2222716204
1991-10-23,148.261185563,9.83950073413,9.45672725366
1991-11-08,148.261185563,9.7194148208,9.26909440625
1992-03-31,148.261185563,6.51463658325,6.296981479
1992-05-02,148.261185563,6.07182173535,5.76660483618
1992-06-03,148.253680373,6.23193503076,5.83665470142
1992-06-19,148.261185563,6.35202036621,5.86167268701
1992-07-05,148.256182124,6.30949067651,5.82664786621
1992-11-26,148.261185563,2.78948658813,2.62264258048
1992-12-28,148.258683806,2.98039792106,3.22557135368
1993-02-14,145.414754797,2.56760385075,2.69261357939
1993-03-18,148.261185563,2.15230797672,2.04395574927
1993-07-24,148.261185563,2.91660453081,2.50178203394
1993-08-09,143.164052424,3.59396744823,2.62466618421
1993-08-25,148.261185563,2.8676305715,2.54681482495
1993-10-12,133.900115381,1.3659707605,1.09155067668
1994-06-09,148.261185563,4.77417364225,4.59076933813
1994-07-11,148.261185563,5.02357504492,4.56074848389
1994-07-27,148.261185563,5.11456985085,4.70835244897
1994-09-29,148.261185563,4.17547290723,4.09541619067
1994-12-02,148.261185563,3.7176475354,3.66761161401
1995-01-03,148.261185563,3.57069471481,3.43059427853
1995-03-08,148.261185563,3.39491737451,3.66838578971
1995-04-09,148.261185563,3.99784742578,4.17624809684
1995-06-12,148.261185563,5.50469471061,5.46716730949
1995-07-14,148.261185563,5.75737260612,5.49468641422
1995-07-30,148.261185563,5.71984363908,5.30705313859
1995-08-15,148.261185563,5.22699433024,5.08689655168
1995-08-31,148.261185563,5.03185621964,4.92850927466
1995-10-02,148.261185563,4.54323452368,4.34809584497
1995-12-05,148.261185563,5.23622953638,5.31205695207
1995-12-21,148.261185563,8.09329891692,8.43677607707
1996-02-07,148.033528616,12.0285517593,12.8699216261
1996-03-26,148.261185563,11.9192545192,13.1426170502
1996-05-29,148.261185563,12.9252034746,13.1100945007
1996-06-14,148.223658889,13.2151744884,13.172641027
1996-06-30,148.198640959,13.3475064573,12.9766535541
1996-07-16,148.261185563,13.4353242802,12.336274509
1996-08-01,148.236167688,14.8257631531,13.0317678103
1996-09-02,148.261185563,12.691528124,12.1811648921
1997-06-01,148.261185563,12.8602328196,12.8902528506
1997-07-03,148.258683774,13.3650037573,13.0000179799
1997-07-19,148.261185563,13.5170511142,13.0550560236
1997-08-20,148.251178405,13.7649610807,13.2324471068
1997-11-24,148.261185563,12.5414212324,12.4388452676
1997-12-10,148.168618972,12.4188347793,12.7840914458
1998-02-12,144.330236431,12.0935992407,12.3415087123
1998-02-28,148.261185563,12.3537848538,12.6487558059
1998-03-16,148.261185563,12.3512831179,12.4457100243
1998-04-01,141.489787547,10.5072291921,10.3856499977
1998-05-19,148.261185563,12.6815170322,12.2111830266
1998-07-06,148.261185563,12.9637421888,12.0860938523
1998-07-22,148.197277501,13.8245572555,12.4931732413
1998-08-07,136.720031305,7.99292645652,6.76205776145
1998-08-23,146.287519398,13.6233445741,12.0110354927
1998-09-08,147.385559239,12.5845228942,11.5629853154
1999-04-04,148.261185563,12.2234557019,12.1917058412
1999-05-22,148.261185563,13.232917914,13.2024231127
1999-07-09,148.261185563,14.2359721399,13.5576780929
1999-08-26,148.261185563,13.8162498539,13.3027324672
2000-05-08,148.261185563,13.5031864985,13.6883160447
2000-08-28,148.261185563,14.1306940515,13.8478819125
2000-12-18,148.261185563,11.2787944418,13.1860001322
2001-08-15,148.261185563,15.9846671465,14.132544689
2003-08-05,148.261185563,8.0182844761,7.83057095313
2004-06-04,148.261185563,13.9797814604,13.992985536
2004-06-20,148.260214311,14.3891272197,14.1583366515
2004-08-07,148.261185563,14.6743964327,14.1908602856
2004-08-23,148.261185563,14.4009279245,13.834832967
2004-09-08,148.261185563,13.6997370117,13.274435917
2005-11-14,148.138600954,9.86201503564,9.22156063208
2006-04-07,148.256182013,13.1868790955,14.2192338414
2006-05-25,148.261185563,13.485130047,13.7055201086
2006-06-10,148.258683768,13.5938332668,13.6371977476
2006-06-26,148.261185563,13.4976386347,13.4620742698
2006-07-28,148.251178625,13.9527751408,13.6972408025
2006-08-13,148.258683836,13.673077052,13.5996716899
2006-09-14,148.261185563,12.9605410073,13.0843049255
2006-09-30,148.258683837,12.4538576113,12.5061580686
2007-01-04,148.141101922,12.6089722419,13.6991010116
2007-02-05,147.680780155,12.3095288171,12.464637509
2007-03-09,148.098568685,11.0428522236,10.7774281457
2007-04-03,131.936024824,10.0161818644,8.97106569922
2007-04-10,148.261185563,10.3282765647,9.892034875
2007-04-26,148.173624945,10.287159761,9.91204895483
2007-05-12,148.258683836,10.2522931138,9.84700368018
2007-06-13,148.261185563,10.3723739341,9.74442999951
2007-07-15,148.143604092,10.2773851304,9.50175778613
2007-07-31,148.2536804,10.0671576609,9.22656336597
2007-08-16,148.261185563,9.34672547193,8.57610204419
2007-09-01,148.258683836,9.20513400998,8.50104765112
2007-10-03,148.261185563,8.88092392085,8.34593675684
2008-02-08,142.377280028,12.1494127699,12.6170076156
2008-02-24,148.256182143,12.4996648512,13.5890226662
2008-03-27,148.258683814,12.2144620707,13.2351838354
2008-09-03,148.258683801,12.409598737,12.4163303191
2009-05-17,148.261185563,12.6590006946,13.2291683676
2010-04-18,146.326014271,10.6558588869,13.5188160433
2011-02-16,133.31177281,12.5714381558,13.3959632564