Date,Rarea,NDWI,MNDWI
1984-06-20,37.2766961308,1.97447267451,1.86911567696
1984-07-06,37.2766961308,2.00888404779,1.92675645845
1986-05-18,37.2766961308,1.61797921894,1.58541503493
1986-11-01,37.2766961308,1.08436736621,1.08706927637
1986-11-17,37.2766961308,1.22396613483,1.18884127802
1986-12-12,37.2766961308,1.52928217383,1.60583633624
1986-12-28,37.2766961308,1.67518538544,1.67968855267
1987-01-04,32.3714190925,1.76705032684,1.76164649017
1987-02-14,36.8361314672,2.12460316339,2.08587576642
1987-02-21,37.2766961308,2.09308082184,2.06606171039
1989-01-18,37.2766961308,2.99732019165,3.03383662633
1989-02-26,37.2766961308,3.77817299536,3.91597056586
1989-03-07,37.2766961308,3.73674349323,3.85923018604
1989-03-23,37.2766961308,3.7219235457,3.85382630927
1989-03-30,37.2766961308,3.7345324149,3.84301863074
1989-05-10,37.2766961308,3.83534757044,3.94962968539
1989-05-26,37.2766961308,3.81810849195,3.89196078431
1989-06-02,37.2766961308,3.82038643494,3.90777654251
1989-06-11,37.2766961308,3.8788292654,4.00671987923
1989-07-13,37.2712923016,4.07837548316,4.02975856654
1989-07-20,37.2766961308,3.90584821804,3.87573501668
1989-08-05,37.2766961308,3.90404682509,3.80693676809
1989-08-21,37.2766961308,3.8636133438,3.76998227884
1989-08-30,37.2766961308,3.70965020418,3.66919567578
1989-09-22,37.2766961308,3.60241764983,3.5151865448
1989-11-18,37.2766961308,3.16483861932,3.12160806158
1989-11-25,36.9902940482,3.36141040619,3.26542738591
1989-12-04,37.2766961308,3.14862727673,3.14412412177
1990-02-22,37.2766961308,3.02343864343,3.03514693683
1990-03-01,37.2766961308,2.9964194729,3.01173031592
1990-03-17,35.461927927,2.8252984986,2.84331122919
1990-04-02,37.2766961308,2.99732012628,3.02073671991
1990-04-11,37.2766961308,2.99371765387,3.01842693415
1990-05-04,37.2766961308,3.08591818741,3.11203670309
1990-05-20,37.2766961308,3.20170847335,3.23127079433
1990-05-29,37.2766961308,3.22316504647,3.23847604079
1990-06-05,37.2766961308,3.19164271792,3.16102102407
1990-06-14,37.2757954942,3.29130304528,3.22768266194
1990-07-16,37.273994215,3.40602000813,3.20413904347
1990-07-23,37.2766961308,3.40783870593,3.07508256373
1990-08-01,37.2766961308,3.26426990179,2.99220977571
1990-09-18,37.2766961308,2.72359370885,2.61274818866
1990-09-25,37.2766961308,2.68699248511,2.55690867804
1990-10-04,31.7972446425,2.89901909944,2.51998428381
1990-10-11,37.2766961308,2.51715005144,2.43982593286
1990-10-20,34.3433959547,2.82156559978,2.21376619
1990-11-05,37.2766961308,2.31602903545,2.19845528918
1990-12-07,36.3202166043,1.93776170964,1.78776483643
1990-12-23,37.2766961308,1.7909578134,1.70310508636
1991-02-25,37.2766961308,2.92616989886,2.96849981238
1991-03-04,37.2766961308,2.88973474083,2.9468845423
1991-03-20,35.2544808095,3.43953308954,3.5503115849
1991-04-05,37.2766961308,3.64307720441,3.78898047455
1991-04-14,37.2766961308,3.66829503662,3.88388301346
1991-06-01,37.2766961308,3.73842848926,3.88333233156
1991-06-17,37.2766961308,3.85979936347,4.04996478078
1991-07-03,37.2766961308,3.8915053865,4.01649981567
1991-07-19,37.2766961308,3.8524987548,3.88162991022
1991-08-04,37.2766961308,3.77322827531,3.79252664907
1991-08-11,35.5988300895,3.75131955856,3.75385547662
1991-08-20,37.2766961308,3.71112656383,3.68715193758
1991-09-05,36.5436947982,3.34914470817,3.31393507091
1991-09-21,37.2118502457,3.55678196169,3.4314273606
1991-11-08,37.2766961308,3.10719786096,3.07117239728
1991-11-15,37.0891715433,3.10539656219,3.09458893634
1991-12-26,37.2766961308,2.91626281458,2.88343020421
1992-03-31,37.2766961308,1.83189617432,1.7949700379
1992-05-02,37.2766961308,1.74993822198,1.69950253156
1992-06-03,37.2766961308,1.68317473059,1.62199142312
1992-06-19,37.2766961308,1.66634191809,1.53561508971
1992-06-26,37.0024590179,1.58048804686,1.48965425952
1992-07-05,37.2766961308,1.53553038918,1.43050537904
1992-08-29,36.9338519773,1.30322223059,1.21495974847
1992-11-26,37.2766961308,1.19424510327,1.22936996173
1992-12-28,37.2766961308,1.3716706441,1.3878821084
1993-01-20,37.2766961308,1.41039802185,1.41219929254
1993-02-14,36.4694446966,1.25098525214,1.28881201013
1993-04-03,37.2766961308,1.09787694159,1.08836198249
1993-05-12,36.3494620623,0.962781392151,0.975390462646
1993-06-13,37.2766961308,0.87030916603,0.841488797561
1993-07-24,37.2766961308,0.894117894797,0.828879879592
1993-07-31,37.2766961308,0.864580378777,0.808716050984
1993-08-16,37.2766961308,0.852522383543,0.788958475586
1993-08-25,37.2766961308,0.884888639512,0.771846126465
1993-09-01,37.2766961308,0.832581170967,0.777250150452
1993-09-17,37.2766961308,0.553482415757,0.537680626038
1993-11-04,36.5202215286,0.517697066364,0.616036041077
1993-11-20,37.2766961308,0.622340531982,0.64125391333
1994-03-28,37.2766961308,1.56170429779,1.55810176007
1994-04-06,37.2766961308,1.56080443054,1.55089741217
1994-04-13,37.2766961308,1.54191977172,1.5392178493
1994-04-29,37.2766961308,1.53597870332,1.53859590445
1994-05-15,37.2766961308,1.51661686031,1.49500153853
1994-05-31,37.2766961308,1.50527249189,1.46653094234
1994-06-09,37.2766961308,1.52096143581,1.46474392365
1994-07-11,37.2766961308,1.51415206123,1.41699604518
1994-07-27,37.2766961308,1.46653117787,1.37736785969
1994-08-03,37.2766961308,1.43144856277,1.35936918936
1994-08-19,37.2730935781,1.67422527939,1.3377539039
1994-09-04,37.2766961308,1.32964833505,1.26449510577
1994-09-20,37.2766961308,1.23837639905,1.18343750653
1994-09-29,37.2766961308,1.14249909001,1.11048584845
1994-11-07,37.2766961308,0.879022179382,0.833990288818
1994-11-23,37.2766961308,0.796163513611,0.759237382263
1994-12-02,37.2766961308,0.701596629333,0.673676870483
1995-01-03,37.2766961308,0.661969130005,0.631347437317
1995-01-26,37.2766961308,0.65206156958,0.658366035339
1995-02-11,37.2766961308,0.62774435321,0.625943079834
1995-03-08,37.2766961308,0.594420782898,0.601625881592
1995-04-09,37.2766961308,1.54099043787,1.56291306809
1995-05-18,37.2766961308,1.76609335207,1.83348245833
1995-06-03,36.738762349,1.82048135976,2.07657051301
1995-06-12,37.2766961308,1.8457135688,1.85318375539
1995-06-19,37.2766961308,1.8434036855,1.85318372029
1995-07-05,37.2766961308,1.82802257719,1.86532688563
1995-07-14,37.2766961308,1.85279161677,1.95301364428
1995-07-30,37.2766961308,1.78394740749,1.79385465279
1995-08-15,37.2766961308,1.72196216311,1.67998189918
1995-08-22,37.2766961308,1.68230576419,1.64991109908
1995-08-31,37.2766961308,1.66161937386,1.61745990616
1995-09-07,37.2766961308,1.6153336281,1.58061846393
1995-09-23,37.2766961308,1.56850047087,1.54008978387
1995-10-02,37.2766961308,1.49595857477,1.48425028082
1995-10-09,37.2766961308,1.49022980271,1.46353560529
1995-11-03,37.2766961308,1.36986936237,1.35726043701
1995-12-05,37.2766961308,1.41309995386,1.43831779022
1996-02-07,37.2766961308,3.26571001898,3.32605276324
1996-05-29,37.2766961308,3.90314622152,4.02112997732
1996-06-14,37.2685903946,3.94675506927,4.04533446315
1996-06-30,37.2766961308,3.94469804027,3.94551392502
1996-07-07,37.2766961308,3.8981381117,3.89916594587
1996-07-16,37.2766961308,3.86389632953,3.80730083241
1996-07-23,37.2316644059,3.79828022993,3.68540735773
1996-08-01,37.2478757528,3.89021263879,3.86622033462
1996-08-08,37.2766961308,3.75183907845,3.69886031881
1996-09-02,37.2766961308,3.67463131683,3.58723760089
1996-09-25,37.2766961308,3.48276368231,3.50978277045
1996-10-11,37.2766961308,3.33184865479,3.33055598907
1997-01-15,37.2766961308,3.64938144586,3.74124647357
1997-01-31,36.0606670078,3.59984644562,3.70071788293
1997-02-16,37.2766961308,3.58724842999,3.6827162948
1997-06-01,37.2766961308,3.89478976655,3.98471237538
1997-06-08,37.2766961308,3.84596005552,3.91712119578
1997-06-24,37.2766961308,3.94778590297,4.0315453741
1997-07-03,37.2766961308,3.92926481277,3.97159483077
1997-08-11,37.2766961308,4.157869019,3.94563495455
1997-08-20,37.2766961308,4.08041745588,3.91957299976
1997-09-28,37.2766961308,3.83130998975,3.87454064203
1997-11-24,37.2766961308,3.66018921796,3.68720836621
1997-12-10,37.2766961308,3.62354198114,3.62326299335
1998-01-18,35.9267922425,3.57012543292,3.71956094483
1998-01-27,37.0681253182,3.57462865033,3.68720853741
1998-02-03,37.2766961308,3.56562208014,3.59894570923
1998-02-28,37.2766961308,3.56201974371,3.63226950293
1998-03-16,37.2766961308,3.56382102667,3.62956758655
1998-04-01,36.2854913578,3.54670889502,3.60615101501
1998-04-17,37.2766961308,3.54760965674,3.61957596956
1998-05-10,37.2766961308,3.49897508331,3.50891036596
1998-05-19,37.2766961308,3.46379381228,3.46199255935
1998-05-26,37.2766961308,3.48721037612,3.46919766774
1998-06-11,37.2766961308,3.46647820393,3.41335827004
1998-06-27,37.2766961308,3.44977595456,3.40924736343
1998-07-06,37.2748948557,3.46633709005,3.37047749177
1998-07-29,37.2766961308,3.51832336616,3.28276580831
1998-08-07,35.4911529872,3.42249219729,3.25670403857
1998-08-14,37.2766961308,3.36611539435,3.18645393243
1998-08-23,37.2766961308,3.26980362456,3.13151509656
1998-08-30,37.2766961308,3.20805162457,3.08918511664
1998-09-08,37.1956388143,3.21036159941,3.05184933397
1998-09-15,37.2766961308,3.0905766685,3.01443223944
1998-12-04,37.2766961308,2.98381059308,3.0297431095
1999-02-06,37.2766961308,3.01713416559,3.0180348241
1999-03-10,36.1957527339,2.96219530023,2.99641968115
1999-03-26,37.2766961308,3.00362520288,2.9955194873
1999-04-04,37.2766961308,2.98471122223,2.96309595654
1999-04-11,37.2766961308,2.9621952464,2.92526915027
1999-06-30,37.2766961308,2.98553809602,2.93461152969
1999-07-09,37.2766961308,3.01701791595,2.92325275295
1999-08-26,37.2766961308,2.89017284301,2.7109175874
1999-09-02,37.2766961308,2.8736081378,2.68119655243
2000-08-28,37.2766961308,3.81829170476,3.80789378888
2001-03-15,34.8900405501,3.51158399084,3.60975347614
2001-06-03,37.2766961308,3.7262714407,3.7893161694
2001-08-15,37.2766961308,3.77883325231,3.76106070984
2003-08-05,37.2766961308,3.31748091559,3.23323071731
2003-11-25,34.2068468912,2.58572870862,2.64607140295
2004-05-10,37.2766961308,3.60975348248,3.6407956098
2004-05-26,37.2766961308,3.64580731646,3.64121948952
2004-06-04,37.2766961308,3.66602756293,3.66062382258
2004-06-11,37.2766961308,3.67161152011,3.65782302139
2004-06-20,37.2766961308,3.70101124092,3.68570052882
2004-07-13,37.2766961308,3.67003983004,3.58898249178
2004-08-07,37.2766961308,3.66445227672,3.5809331983
2004-08-23,37.2766961308,3.61065420398,3.4962732334
2004-09-08,37.2766961308,3.52149101605,3.42962605432
2005-03-10,37.1821290767,2.87483352155,2.891945612
2005-06-14,37.2766961308,3.05128438112,3.0282775599
2005-07-16,37.2766961308,3.03417228767,2.95681989953
2005-09-02,37.2766961308,2.99281703467,2.73302380852
2005-09-18,37.2766961308,2.69879954173,2.58712064916
2005-10-04,37.2766961308,2.53128116252,2.42451508868
2005-11-14,37.2766961308,2.16742394023,2.08407440826
2006-04-07,37.2766961308,3.63226947144,3.74484917242
2006-04-14,37.2766961308,3.65388477869,3.69711538916
2006-04-30,33.2084697497,3.6467080854,4.67993797567
2006-05-25,37.2766961308,3.69493271079,3.72275365179
2006-06-10,37.2739942203,3.69845055311,3.73128329049
2006-06-26,37.2766961308,3.71376144617,3.7312832748
2006-07-03,37.2766961308,3.71556262855,3.72587941604
2006-07-19,37.2766961308,3.72054261241,3.74518480423
2006-07-28,37.2766961308,3.69714368597,3.68903795635
2006-08-13,37.2757954952,3.69714362005,3.69621478601
2006-09-14,37.2766961308,3.58543627332,3.58993949384
2006-09-30,37.2766961308,3.49627314862,3.49807445172
2006-11-08,37.2748948576,3.29993420636,3.27921957227
2007-01-04,37.2766961308,3.1765469223,3.17294439166
2007-02-05,37.2766961308,3.01353162366,3.00002208044
2007-03-09,37.2766961308,2.76675708734,2.73433416144
2007-04-10,37.2766961308,2.58392782568,2.54249852527
2007-04-26,37.2766961308,2.55109518639,2.54339915259
2007-05-12,37.2766961308,2.51457878027,2.47945394415
2007-06-13,37.1454616445,2.46228549947,2.38483078133
2007-07-15,37.2766961308,2.4316638835,2.33979886232
2007-07-31,37.2766961308,2.38409608816,2.29665303191
2007-08-16,37.2766961308,2.69673446507,2.22637501294
2007-09-01,37.2766961308,2.53578505986,2.17593933173
2008-02-08,37.0137306467,3.58183354504,3.72503511676
2008-03-27,37.2766961308,3.62326304333,3.71963127936
2008-04-12,37.0713519393,3.68090370679,3.8060922215
2008-09-03,37.2766961308,3.69390479047,3.66608394646
2009-04-06,37.2766961308,3.57282727856,3.69171144073
2009-05-17,37.2766961308,3.61744956059,3.66199053925
2010-04-18,37.2766961308,3.4445271414,3.46925408734