Date,Rarea,NDWI,MNDWI
1984-08-25,8.77225185873,1.68808333464,1.5099765199
1984-09-26,8.77225185873,1.51822127666,1.49466967841
1984-10-28,8.77225185873,1.5072751712,1.52798462256
1984-12-31,8.77225185873,1.0426662655,1.51357814301
1986-04-09,8.77225185873,1.25320644113,1.3974260282
1986-05-11,8.77225185873,0.860474558737,1.44154578064
1986-05-27,8.77225185873,1.47046822437,1.48386481427
1986-08-31,8.77225185873,1.56320940263,1.48386480377
1986-10-02,8.77225185873,1.57911975481,1.41813536682
1987-01-06,8.77225185873,1.19107807882,1.46765753845
1989-03-16,8.77225185873,0.0476647177325,0.0666298098145
1989-05-03,8.77225185873,0.117204163899,0.0648290432739
1989-06-20,8.77225185873,0.171789428814,0.119273302197
1989-07-06,8.77225185873,0.311362939606,0.0558250532227
1989-07-22,8.77225185873,0.610535822448,0.20799281311
1989-08-07,8.77225185873,0.344189724762,0.0954425686035
1989-08-23,8.5840667045,0.567188314592,0.181891280643
1989-09-08,8.77225185873,0.391647992633,0.114351049622
1989-09-24,8.77225185873,0.237544311286,0.065729467041
1989-12-13,8.48329309516,0.0322590015524,0.0378169283447
1990-03-03,8.77225185873,0.292475243923,0.299834010071
1990-06-23,8.77225185873,1.31610293381,0.970634857971
1990-07-09,8.77225185873,1.85222729988,0.976037611511
1990-07-25,8.77225185873,1.60769866605,0.889584589101
1990-09-27,8.77225185873,1.11272886482,1.01385416461
1990-10-13,8.77225185873,0.854369710019,0.858084395508
1990-10-29,8.77225185873,0.895745312649,0.909406920471
1991-01-01,8.77225185873,1.25950922689,1.27587201044
1991-03-06,8.77225185873,1.40987613418,1.48296435309
1991-03-22,8.77225185873,1.41749945186,1.47035865411
1991-04-07,8.77225185873,1.38736616708,1.4289402226
1991-04-23,8.77225185873,1.32613848849,1.38932227325
1991-05-09,8.77225185873,1.36087280885,1.34160102405
1991-05-25,8.77225185873,1.38283576502,1.3470035033
1991-06-10,8.77225185873,1.60733586626,1.37760291503
1991-06-26,8.77225185873,1.6996406096,1.26146522296
1991-07-28,8.77225185873,1.94957445875,1.28667641803
1991-08-13,8.77225185873,1.55006586335,1.25606228717
1991-11-17,8.77225185873,0.676046656338,0.67980379187
1991-12-03,8.77225185873,0.603113969692,0.633882962708
1992-01-04,8.77225185873,0.990442825256,1.02105657739
1992-06-28,8.77225185873,1.30272831308,1.2416563302
1992-08-15,8.77225185873,1.34340191888,1.30378419727
1992-09-16,8.77225185873,1.22995114948,1.20473984497
1992-11-03,8.77225185873,0.958774159817,0.967033213684
1993-01-06,8.77225185873,1.17952856982,1.24165645776
1993-03-11,8.77225185873,1.17772780255,1.23355288324
1993-03-27,8.77225185873,1.17126952749,1.23265236871
1993-04-12,8.77225185873,1.19753663367,1.26686773926
1993-05-14,8.77225185873,1.20744094489,1.25966447943
1993-05-30,8.77225185873,0.89394472604,1.22364831244
1993-07-17,8.19420790475,1.34739146114,1.25426177228
1993-08-02,8.77225185873,1.29119268714,1.25696326776
1993-09-19,8.77225185873,1.21104267517,1.21554474829
1993-11-22,8.77225185873,1.09489076819,1.23085161426
1994-04-15,8.77225185873,1.18043027869,1.04356737805
1994-06-18,8.77225185873,1.34198952847,1.00935246582
1994-07-20,8.77135146066,1.33826374299,1.01835612592
1994-08-21,8.76773921441,1.12288409711,1.07057969586
1994-09-06,8.77225185873,0.976036989807,0.96613268219
1994-09-22,8.77225185873,1.02545693951,1.01565469415
1995-01-28,8.77225185873,0.466408708191,0.78245033313
1995-04-02,8.07413218711,0.656390052768,0.827262082546
1995-06-21,8.77225185873,0.619473641886,0.629381774658
1995-07-07,8.77225185873,0.681361921135,0.533938871948
1995-07-23,8.77225185873,0.880563142377,0.638386135864
1995-08-08,8.77225185873,0.823053011962,0.587062929871
1995-08-24,8.77225185873,0.702158931301,0.647389831116
1995-09-25,8.77225185873,0.32939158041,0.321443463257
1995-10-11,8.77225185873,0.20333550497,0.264718354431
1995-11-28,8.77225185873,0.745531413818,0.787850250977
1995-12-14,8.77225185873,0.524934517578,0.616775649292
1996-01-31,8.77225185873,1.17592679883,1.26956880884
1996-03-19,8.77225185873,1.33079609418,1.39922682825
1996-06-07,8.77135145889,1.3729595939,1.41633456696
1996-08-10,8.77225185873,1.91944851002,1.35330632495
1996-08-26,8.77225185873,1.81668238138,1.3461031261
1996-09-11,8.77135145267,1.59869223975,1.3983264223
1996-09-27,8.77225185873,1.38682583727,1.36140983392
1997-06-10,8.77225185873,1.44989651033,1.43614342627
1997-07-12,8.77225185873,1.96659112228,1.44964954205
1997-08-13,8.77225185873,1.6316724593,1.42623902979
1997-11-01,8.77225185873,1.38752572144,1.42534284491
1997-12-03,8.77225185873,1.37131436243,1.42623904517
1998-04-26,8.77225185873,1.26581177627,1.36771275378
1998-05-12,8.77225185873,1.36772325201,1.35510716754
1998-06-29,8.77225185873,1.66775797595,1.37851762256
1998-07-15,8.77225185873,1.60632617424,1.35960911029
1998-07-31,8.77225185873,1.65280093198,1.39652567688
1999-02-24,8.77225185873,1.3666568923,1.398326492
1999-03-12,8.77225185873,1.3612545112,1.40282851324
1999-04-29,7.92430913813,1.16614582655,1.14621345081
1999-06-16,8.76955065933,1.32461682136,1.32089178101
2000-07-04,8.49449897743,1.77799497368,1.50967546067
2000-07-20,8.77225185873,1.58317688882,1.42533860522
2000-08-21,8.76955066672,1.68538527071,1.47486073834
2000-09-06,8.77225185873,1.7404810022,1.46945831812
2001-02-13,8.76324788589,1.31188746259,1.44334663531
2001-08-08,8.7704510643,1.83541490655,1.40192812598
2003-11-18,8.77225185873,1.40267314004,1.46315556976
2003-12-04,7.69054228582,1.23175143451,1.27857247131
2004-04-10,8.76955066861,1.46495613464,1.47846240674
2004-05-28,8.77135146176,1.44229063174,1.45685270807
2004-07-31,8.77225185873,1.57062109425,1.4613547431
2005-02-08,8.77225185873,0.802258632202,1.46135472888
2005-04-13,8.77045106461,1.42083644489,1.44964950208
2005-06-16,8.77225185873,1.44030623184,1.43704383191
2005-07-18,8.77225185873,1.61464956408,1.43794426782
2005-09-04,8.77225185873,1.41633455634,1.41633458118
2005-09-20,8.77225185873,1.34880430383,1.38482047296
2006-05-18,8.77225185873,1.4864104747,1.46495635474
2006-06-03,8.77225185873,1.51537871246,1.46225514868
2006-07-05,8.77225185873,1.7169984516,1.47576122253
2006-07-21,8.77225185873,1.81734943265,1.5183061344
2006-08-22,7.96468040409,1.64089471451,1.39562546313
2006-12-28,8.12675105988,1.47594471455,1.47576116174
2007-01-29,8.77225185873,1.40102762433,1.44784871332
2007-04-03,7.5309569199,1.29658084924,1.34880440094
2007-05-21,8.77225185873,1.39472477185,1.40733057318
2007-06-22,8.77225185873,1.50726804321,1.4316414317
2007-08-09,8.77225185873,1.55213996237,1.46225514612
2008-02-01,8.77225185873,1.3839198089,1.43074098901
2008-03-04,8.7668847755,1.06247559479,1.41114037803
2008-03-20,8.77225185873,1.39727037661,1.44424698169
2009-03-23,8.77225185873,1.39456941684,1.45865352777
2009-04-08,8.77225185873,1.35044964834,1.40552971429
2009-04-24,8.77225185873,1.33529816492,1.39922687335
2009-05-26,8.77225185873,1.38572067975,1.39292407159