Date,Rarea,NDWI,MNDWI
1984-05-21,5.04566792373,0.34665956006,0.0073938603676
1984-07-01,5.04586873074,0.275645577895,0.011810726085
1984-10-28,5.04566792373,0.0902149730797,0.00799707332093
1984-12-31,5.04566792373,0.065168973201,0.0
1986-05-04,5.04586873074,0.166811027007,0.0128457149199
1986-05-11,5.04566792373,0.146515576835,0.00359815570068
1986-05-20,5.04586873074,0.18614114502,0.0
1986-05-27,5.04566792373,0.255864824387,0.0108932359681
1986-08-24,5.04586873074,0.739146630184,0.014039068125
1986-08-31,5.04566792373,0.206555770977,0.0
1986-10-11,5.04586873074,0.126070119855,0.0
1986-10-27,5.04586873074,0.176734306188,0.000897685913086
1986-11-12,5.04586873074,0.132343098952,0.00179531774902
1986-12-14,5.04586873074,0.109256833074,0.00614296373435
1987-01-06,5.04566792373,0.0917356059094,0.00646619182057
1987-01-22,4.66929964668,0.10257257171,0.00799714345033
1987-01-31,5.04586873074,0.0170557682495,0.00269297613525
1989-03-09,5.04586873074,0.313490038114,0.00628370031738
1989-03-16,5.04566792373,0.289999155381,0.0422786624146
1989-05-03,5.04566792373,0.444294054603,0.144826976709
1989-06-20,5.04566792373,0.976278259541,0.065737418828
1989-07-06,5.04566792373,0.739147668738,0.00719637609863
1989-07-15,5.04586873074,1.19219694997,0.0879721221313
1989-08-07,5.04566792373,1.53490489913,0.0188904667358
1989-08-16,5.04586873074,0.894950073214,0.172296934157
1989-08-23,5.04566792373,0.857919481257,0.0170913899536
1989-09-08,5.04566792373,0.68555553877,0.0110591353221
1989-09-17,5.04586873074,0.781863047008,0.0215441411133
1989-09-24,5.04566792373,0.514666895148,0.0781900442696
1989-12-13,4.6908216179,0.221270816817,0.0426844567129
1990-03-03,5.04566792373,0.410736069374,0.0415484906487
1990-03-12,5.04586873074,0.417436791042,0.112209075623
1990-06-16,5.04586873074,1.05279604306,0.0608729795338
1990-07-02,5.04407335892,0.995516564005,0.0904961357838
1990-07-09,5.04566792373,1.3740074389,0.112612616137
1990-07-25,5.04566792373,1.3467148377,0.053073194458
1990-08-03,5.04586873074,1.45138962399,0.183938532995
1990-08-19,5.04586873074,1.24523511662,0.0542933970847
1990-09-04,5.04586873074,1.22708182816,0.179868928245
1990-09-27,5.04566792373,0.981009079459,0.018890487793
1990-10-06,5.04586873074,0.726265492197,0.209157600891
1990-10-13,5.04566792373,0.566212806598,0.144827164429
1990-10-29,5.04566792373,0.517637386554,0.148425405579
1990-11-23,5.04497106302,0.469529794793,0.0439859378052
1991-01-01,5.04566792373,0.420112873407,0.0449773843384
1991-02-02,5.03830931744,0.417975200186,0.258416984645
1991-03-22,5.04566792373,0.488478284845,0.234612618994
1991-04-07,5.04566792373,0.474844052662,0.0143927463989
1991-04-16,5.04586873074,0.555509689512,0.09784631073
1991-04-23,5.04566792373,0.60077649444,0.0413086058541
1991-05-02,5.04586873074,0.667462749441,0.0285565883595
1991-05-09,5.04566792373,0.668284691665,0.187035318134
1991-05-18,5.04586873074,0.749265917334,0.146320699524
1991-05-25,5.04566792373,0.719262549407,0.0269864251709
1991-06-03,5.04497104434,0.786793713098,0.0323163297729
1991-06-10,4.88667836677,0.774315295996,0.170843582844
1991-06-26,5.04566792373,1.21532030282,0.109843533078
1991-07-28,5.04566792373,1.58639925231,0.0523431450676
1991-08-06,5.04586873074,1.61642813821,0.047407651714
1991-08-13,5.04566792373,1.74719177101,0.0709937401925
1991-08-22,5.04586873074,1.64158194895,0.0949843365285
1991-09-07,5.04586873074,1.12197965954,0.0414302500043
1991-11-10,5.04586873074,0.528047425477,0.0770308395802
1991-11-17,4.98857345433,0.509531239791,0.0953519093018
1991-12-03,5.04027069338,0.484739226429,0.109674233967
1992-01-04,5.04566792373,0.201597458798,0.00170031556947
1992-02-14,5.04586873074,0.319874208375,0.0062837119751
1992-04-02,5.04586873074,0.393638500473,0.00538601074219
1992-04-18,5.04586873074,0.471176506532,0.0502696740112
1992-05-04,5.04586873074,0.367451004639,0.00269300512695
1992-06-21,5.04586873074,0.965234216753,0.0224417949829
1992-06-28,5.04476838503,0.895111145667,0.0107946016846
1992-08-15,4.72120813877,0.673960865725,0.0161918982544
1992-08-24,5.04229216877,0.384829237045,0.0
1992-09-16,5.04566792373,0.589224004524,0.00809592669678
1992-09-25,5.04586873074,0.457538991867,0.0
1992-10-11,5.04586873074,0.474594600847,0.00359067333984
1992-11-12,5.04586873074,0.448157305465,0.00269301013184
1992-11-28,4.59426528557,0.37620901897,0.0493725269775
1993-01-06,5.04566792373,0.177013341598,0.0
1993-03-11,5.04566792373,0.292490554806,0.00511503431014
1993-03-27,5.04566792373,0.375827391311,0.0197900490112
1993-05-14,5.04566792373,0.547957658336,0.0359819622192
1993-05-30,5.04566792373,0.484700402165,0.0170914381714
1993-06-08,5.04497104434,0.586913976974,0.0188511168823
1993-06-24,5.03868734891,1.00318611357,0.0287255170288
1993-07-17,5.04566792373,1.06758467969,0.0278153603097
1993-08-02,5.04566792373,1.00918059091,0.0170913658447
1993-08-11,5.03634626485,0.862043902636,0.00718142797852
1993-08-27,5.04586873074,0.891554518883,0.010603125652
1993-09-12,5.04586873074,0.58328453679,0.0115007775685
1993-09-19,5.04566792373,0.543544613165,0.000899537780762
1993-10-30,5.04586873074,0.421649328446,0.0
1993-11-22,5.04566792373,0.400393681238,0.160210891966
1993-12-17,5.04586873074,0.403861142065,0.233039045594
1994-04-08,5.04586873074,0.546932674206,0.0529627085571
1994-04-15,5.04566792373,0.596621760411,0.0234446580207
1994-04-24,5.04586873074,0.602564155104,0.0795548302584
1994-05-26,5.04586873074,0.997082454926,0.0561590678381
1994-06-18,5.04566792373,1.13437407645,0.0871856625558
1994-07-13,5.04497104434,1.46879514552,0.0258635611378
1994-07-20,5.04386884298,1.79354001806,0.0776256656566
1994-07-29,5.04497104434,1.42876884177,0.0667762133638
1994-08-14,5.04586873074,0.98655947531,0.0350091384277
1994-09-06,5.04476838503,1.30093984179,0.0378797737489
1994-09-22,5.04566792373,1.27466958079,0.0341827935791
1994-10-01,5.04586873074,0.658582687792,0.113761325893
1994-11-18,4.46056459186,0.483080912695,0.169659749268
1994-12-04,5.04586873074,0.532281241343,0.00179535961914
1994-12-20,5.04586873074,0.465430449565,0.0347557599042
1995-01-05,5.04586873074,0.469542319092,0.0367200389153
1995-01-21,5.04586873074,0.471995893523,0.0798892804501
1995-01-28,5.04566792373,0.470022557871,0.052004453345
1995-03-10,5.04586873074,0.538100326379,0.241047603115
1995-03-17,5.04566792373,0.538486650066,0.0143927515869
1995-04-02,4.92476887553,0.535689327894,0.0431782471313
1995-06-14,5.04497104532,0.881833661747,0.088841386527
1995-06-21,5.04566792373,0.881787923629,0.0440072372688
1995-06-30,5.03419889584,0.990917342923,0.0737500006211
1995-07-07,5.04566792373,1.00707461805,0.0649755706471
1995-07-16,5.03958492978,1.32719557115,0.11573988232
1995-07-23,5.04566792373,1.36096697604,0.104354499383
1995-08-01,5.04317569797,1.43881895581,0.0702472740136
1995-08-08,5.04566792373,1.22494577867,0.0627391002571
1995-08-17,5.04586873074,1.33377278228,0.121579995506
1995-08-24,5.04566792373,1.03556784401,0.0417002430281
1995-09-02,5.04586873074,0.919497035168,0.282833263034
1995-09-18,5.04586873074,0.812948247323,0.153459436995
1995-09-25,5.04566792373,0.781025195051,0.0143927268066
1995-10-11,5.04566792373,0.693896253077,0.100678870991
1995-10-20,5.04586873074,0.634644225475,0.145253755657
1995-11-28,4.95633442994,0.172445066637,0.0
1995-12-07,5.04586873074,0.489625778528,0.111448444157
1996-01-31,5.04566792373,0.464138462162,0.0467342121668
1996-03-12,5.04586873074,0.505382888403,0.0215441858521
1996-03-19,5.04463081072,0.481236713669,0.0431077362252
1996-05-31,5.04497104434,0.756387410518,0.0664275980835
1996-06-07,5.02586387933,1.03454450828,0.224502391711
1996-07-18,5.04586873074,0.932763439998,0.165914293863
1996-08-10,5.04566792373,0.978830009028,0.0198888028531
1996-09-11,5.04566792373,1.19846972811,0.0369238776231
1996-09-27,5.04566792373,0.892716503225,0.0333256171861
1996-10-29,5.04566792373,0.596731592269,0.0378797808194
1996-11-23,5.04586873074,0.502520509651,0.0188510963135
1997-01-01,5.04566792373,0.407086044238,0.0737630366211
1997-03-31,5.04586873074,0.590999012745,0.255681346686
1997-06-10,5.04566792373,1.00518532371,0.133217915139
1997-07-05,5.04586873074,1.50142521461,0.111311166748
1997-07-12,5.04566792373,1.78336659647,0.176438500129
1997-07-21,5.04586873074,1.69961881701,0.0565531044922
1997-08-13,5.04566792373,1.51881730032,0.0530733922729
1997-08-22,5.04586873074,1.254351424,0.0529625879517
1997-08-29,5.04566792373,1.32450727532,0.0251873762207
1997-09-23,5.04586873074,0.832409799345,0.0406203985981
1997-11-01,5.04566792373,0.64282161549,0.058996418614
1997-12-03,5.04566792373,0.666847830726,0.110768275366
1998-01-13,5.04586873074,0.609229117751,0.138546944322
1998-02-14,5.04586873074,0.766164186969,0.121505470746
1998-03-02,5.04586873074,0.746921743291,0.110061087894
1998-03-18,5.04586873074,0.81275869179,0.0351075611465
1998-04-26,5.04566792373,1.04823771944,0.0293606220294
1998-05-12,5.04566792373,0.994190924129,0.0170773721129
1998-05-21,5.04382347446,1.49517500352,0.110202173906
1998-06-06,5.04586873074,1.3843877442,0.0382476762734
1998-06-22,5.04586873074,1.86005837565,0.085623624274
1998-06-29,5.04476836611,2.67265615871,0.260295180601
1998-07-15,5.04566792373,2.45404370701,0.0985132660939
1998-07-31,5.02947613284,3.23866370906,0.500114181115
1998-08-09,5.04586873074,2.50348857668,0.0855986171083
1998-09-10,5.04586873074,2.41315419324,0.0963420602529
1998-09-26,5.04586873074,1.8276847202,0.181029189752
1998-10-12,5.04586873074,0.998195241419,0.0921883991343
1998-10-19,5.04566792373,1.06866376597,0.0908513773148
1998-12-06,5.04566792373,0.921843556436,0.0989048955119
1998-12-22,5.04566792373,0.836880403232,0.0104136669769
1999-01-16,5.04586873074,0.893928501948,0.0578975839238
1999-02-17,5.04586873074,0.953326733048,0.0520646733398
1999-02-24,5.04566792373,0.903647833925,0.0143927788086
1999-03-05,5.04586873074,0.979113101549,0.0215440053711
1999-03-12,5.04566792373,1.07485042362,0.129464661689
1999-04-06,5.04586873074,1.10134485481,0.000897685913086
1999-05-15,5.04566792373,1.74748553599,0.167834270061
1999-06-16,5.04566792373,1.61036816669,0.0538317339482
1999-08-28,5.04586873074,1.29754905856,0.0436620642559
2000-05-10,5.04586873074,1.09667255761,0.105375475611
2000-06-27,5.04586873074,1.45853576479,0.0986449874512
2000-07-04,5.04566792373,1.49389363856,0.0806206207491
2000-07-20,5.04566792373,1.4781212106,0.0405643713874
2000-07-29,5.04586873074,1.9074497059,0.0905661891724
2000-08-21,5.04566792373,2.0240221342,0.115227142872
2000-08-30,5.04407342435,1.81376538058,0.0546590516602
2000-09-06,5.04566792373,1.67653336945,0.0312444192543
2000-09-22,4.53742418868,1.06700184629,0.194429770272
2000-10-01,5.04586873074,1.26392170473,0.0420916700684
2000-10-17,5.04586873074,1.15978067696,0.0160593392578
2001-02-13,5.04566792373,1.05210841265,0.0384407859535
2001-08-08,5.04566792373,2.04660746925,0.0303447264443
2001-08-17,5.04586873074,1.93682814077,0.0212202578594
2003-11-18,5.04566792373,1.61954920499,0.0188763716857
2004-03-02,5.04586873074,1.4410593161,0.609417170557
2004-03-25,5.04566792373,1.51836687578,0.167386947561
2004-04-10,5.04566792373,1.5218944259,0.0494611358458
2004-04-19,5.04586873074,1.67620487751,0.0466786681519
2004-05-28,5.04566792373,2.03543575646,0.18179401897
2004-06-29,5.04566792373,2.81129761543,0.214470259106
2004-07-31,5.04566792373,2.07940418833,0.122099105412
2004-08-25,5.04586873074,2.5824870055,0.0214455100342
2005-02-08,5.04566792373,0.852335083947,0.015292230835
2005-04-13,5.04566792373,1.59272895285,0.0207741616706
2005-06-09,5.04586873074,2.37014722623,0.112909340946
2005-06-16,5.04566792373,2.58347988056,0.0702070727008
2005-07-18,5.04566792373,3.25247041893,0.121156998864
2005-09-04,5.04566792373,2.81801119029,0.0315687827644
2005-09-13,5.04586873074,2.55809745778,0.0178549262329
2005-09-20,5.04566792373,2.59067969855,0.0195501358681
2005-09-29,5.04586873074,2.20583834671,0.0194250384991
2005-11-16,5.04586873074,1.53683998303,0.014264172937
2006-05-18,5.04566792373,1.91411406117,0.207548886437
2006-05-27,5.04586873074,1.84177104264,0.0479495335636
2006-06-03,5.04566792373,2.12549354637,0.100280347923
2006-06-12,5.04586873074,2.43752299022,0.252349661581
2006-06-28,5.04586873074,2.5923887715,0.317306962865
2006-07-05,5.033973772,2.85928065477,0.174495125912
2006-07-21,5.04476837924,3.36021674846,0.136431620152
2006-07-30,5.04497106204,3.04144731985,0.0567611932598
2006-08-22,5.04566792373,2.18308094559,0.09491121259
2007-01-29,5.04566792373,1.40844928314,0.0386240246592
2007-03-11,5.04586873074,1.5616651043,0.0367060172974
2007-04-03,5.04566792373,1.57312214387,0.0305703812072
2007-04-12,4.79054825877,1.90619765855,0.0741828955547
2007-05-21,5.04566792373,1.8873071033,0.0269722696349
2007-06-22,5.04566792373,2.86751676979,0.158546571453
2007-08-09,5.04566792373,3.41558591413,0.0632186009876
2007-08-18,5.03762076279,3.64445059774,0.0438591390805
2007-09-03,5.04586873074,2.92481473796,0.0388922699585
2008-02-01,5.04566792373,1.45023747957,0.0412486457053
2008-03-20,5.04566792373,1.62692597924,0.0915527846852
2008-03-29,5.04586873074,1.67622925757,0.41510986783
2008-04-05,5.04566792373,1.62244216711,0.0555991368595
2008-09-05,5.04138043057,3.2215689932,0.104140536503
2008-09-21,5.04586873074,2.24675350204,0.0903831042378
2008-10-07,4.992568267,2.5950425915,0.680153461154
2009-03-23,5.04566792373,1.874057997,0.440773215121
2009-04-08,5.04566792373,1.8344959149,0.0391003261441
2009-04-17,5.04586873074,2.09010617242,0.0427361706603
2009-04-24,5.04566792373,2.15382766321,0.0625732752559
2009-05-19,5.04586873074,2.33870816089,0.114844948151
2009-05-26,5.04566792373,2.31952068022,0.0529463753049
2010-05-06,5.04586873074,2.12213095933,0.248738101494
2011-04-07,4.99460008938,1.9495559119,0.62526209218