Date,Rarea,NDWI,MNDWI
1984-08-18,298.636024609,41.633752835,32.4495866036
1984-09-03,298.636024609,39.4356905239,31.5963360191
1986-05-20,298.636024609,32.7937664412,31.1066327799
1986-12-14,298.636024609,29.9517128474,30.2071222291
1987-01-31,292.118574069,27.6685921754,31.2565265484
1989-03-09,298.636024609,32.559846782,36.5706016143
1989-08-16,298.636024609,44.6674569774,32.8999279353
1989-09-17,298.636024609,45.7178045134,31.0303775315
1990-03-12,298.636024609,32.9593516584,35.4278791565
1990-06-16,298.606041756,40.1564793423,35.5977625246
1990-07-02,298.626029279,39.6803614739,35.2879367141
1990-08-03,298.626029447,40.9610391986,34.2891423201
1990-08-19,298.636024609,39.7867412696,33.3090719035
1990-09-04,290.470426621,46.824527678,33.0309619708
1990-10-06,274.462878723,44.5387864231,28.9314952639
1990-11-23,281.733912705,31.0455301513,27.0251644541
1990-12-09,297.386772699,32.2412676667,29.9609878899
1991-03-31,298.636024609,34.9981276906,35.8204262046
1991-04-16,298.636024609,35.8024679085,35.6377372434
1991-05-02,298.636024609,36.1324007167,35.3478985393
1991-05-18,298.636024609,36.6033072527,35.0380766662
1991-08-06,298.626029414,39.9250693691,32.3102650046
1991-08-22,298.636024609,49.6101552647,31.9998271291
1991-09-07,287.710897394,39.6981964719,22.2874223447
1991-11-10,298.636024609,37.7244714827,29.0215002961
1992-02-14,298.636024609,26.6791445397,26.4592801041
1992-04-02,298.636024609,25.1000618463,24.3904379488
1992-04-18,298.636024609,22.5815244469,23.5209185816
1992-05-04,298.636024609,23.9206977281,22.7613433004
1992-06-21,298.606040009,25.104339841,22.5214768297
1992-09-09,298.491431521,30.4057382428,21.6119796344
1992-09-25,298.636024609,23.2447557649,21.0585622471
1992-11-12,297.537561084,24.2844218478,21.1222566686
1992-11-28,298.636024609,21.9862361308,20.2627419
1993-03-20,291.937259628,23.181115565,24.5840214367
1993-05-23,277.728943347,21.0361713054,18.4473616386
1993-06-08,298.636024609,26.542906175,24.6303117584
1993-06-24,298.606040471,26.4459043763,24.3304798512
1993-08-27,298.636024609,27.6370910925,24.3204837438
1993-10-30,298.636024609,27.0787899883,26.4292983326
1993-11-15,298.636024609,26.5555992344,26.8454590967
1993-12-17,254.518897377,22.7811417936,25.2796172828
1994-07-29,298.62602989,36.8054471306,33.0292238752
1994-08-14,298.636024609,35.4977993938,32.6294629817
1994-10-01,298.636024609,35.5870300018,33.3153315836
1994-11-18,298.636024609,35.5381416411,34.448407843
1994-12-20,298.636024609,34.488457718,35.2579382151
1995-01-21,297.842439496,34.7682167111,35.5477413967
1995-06-14,298.636024609,37.5409532031,34.7382353791
1995-06-30,298.426129944,38.2746204695,34.5146407652
1995-07-16,293.133428545,36.9523119404,33.7850672584
1995-08-01,298.436127157,38.0211288282,34.094873568
1995-09-02,298.616035526,41.2956874572,33.6251450201
1995-09-18,298.636024609,37.7841328148,33.0754605289
1995-12-07,298.636024609,35.6377391067,36.4378881589
1996-03-12,298.636024609,35.9481483357,35.9781513738
1996-07-18,297.46762692,38.9296118714,34.3427746029
1996-11-23,297.54663832,34.8119091522,35.4484067683
1997-02-11,297.699306905,35.5877515402,36.2779512576
1997-03-31,298.526084728,35.697694801,36.0908614883
1997-04-16,297.966363501,35.048666405,35.6410931299
1997-07-05,298.626029571,37.9097957751,35.3485103581
1997-07-21,298.636024609,37.9781644359,35.0280569817
1997-08-22,298.636024609,37.2740160764,34.5383493781
1997-09-23,267.434884061,31.62110598,28.061885049
1998-01-13,297.152283859,33.1890639016,34.5389185642
1998-02-14,298.606041815,34.8381318029,35.9674905022
1998-03-18,298.626029971,32.8292197141,35.7276293449
1998-05-21,298.478961919,35.7093066249,33.8687288918
1998-06-06,298.616034921,34.5212322192,32.8093440334
1998-06-22,298.636024609,35.8591968706,32.4095683889
1998-08-09,293.328704721,31.8079680455,28.0717425422
1998-09-10,298.636024609,34.9577939777,32.0997257473
1999-01-16,298.626029971,34.9581333117,35.9175367678
1999-02-17,298.406182599,35.0780588703,35.812068966
1999-03-05,298.546088854,35.2279760442,35.0780406184
1999-04-06,298.616037195,35.4478176672,34.5546050641
1999-08-28,298.606040361,44.2107839722,30.9266949645
2000-05-10,297.766605495,35.9575692141,35.1886581413
2000-06-27,298.636024609,38.2595955908,35.4084693513
2000-07-29,298.636024609,38.0312841233,35.1286393552
2000-08-30,298.636024609,38.3035134704,34.6645369693
2000-10-17,298.636024609,36.5085679671,34.1848227115
2001-03-26,298.636024609,34.0185772307,34.8681314504
2001-08-17,298.636024609,32.8021563052,28.8116212815
2004-03-02,263.137741436,29.8375554742,30.7169746607
2004-04-19,298.636024609,35.4441051715,35.0343317496
2004-08-25,298.626029481,34.547404621,31.4064166783
2005-06-09,298.636024609,36.0002802319,34.3684471975
2005-09-13,298.636024609,33.532799211,30.0809060578
2005-09-29,298.636024609,32.5796040982,29.4275635152
2005-11-16,298.636024609,29.3613566613,28.6579851441
2006-05-27,298.626029662,36.3800569429,34.8081933147
2006-06-12,298.636024609,40.0481514692,34.7882114602
2006-06-28,298.606042008,38.0264501945,34.5383416623
2006-07-30,298.616034771,38.3490431128,33.6288668967
2006-09-16,297.766475661,38.1205791117,32.3895666233
2006-11-03,265.516184368,22.5755835297,17.8023118997
2007-03-11,298.606039779,34.8181684416,35.038049677
2007-04-28,298.626029696,34.135423787,32.7868243247
2007-08-18,298.626029696,32.9044085261,27.1925513488
2007-09-03,298.636024609,31.8300458557,26.7790778766
2008-03-29,298.406138712,35.5477404777,35.5883618298
2008-09-05,298.606041446,42.7018608881,31.3501728039
2008-10-07,298.426139846,37.3310963076,30.3307539211
2009-04-17,293.758458546,30.9200880031,30.7601615842
2009-05-19,298.616034908,35.3185342458,34.2485023352
2010-05-06,298.626029684,35.797617757,35.4940630065