Date,Rarea,NDWI,MNDWI
1984-08-18,5.07923649872,0.162937448975,0.126029050781
1984-08-25,5.07923649872,0.135031079712,0.117026978821
1984-09-03,5.07923649872,0.0837193879395,0.153035278748
1984-09-10,5.05060287154,0.219650642822,0.17644062323
1984-09-26,5.07923649872,0.168338805298,0.147634031921
1984-12-31,5.07923649872,0.0,0.170139180603
1985-03-05,5.07923649872,0.000900201721191,0.174640230164
1986-04-18,5.07923649872,0.0171038981323,0.179141269836
1986-05-11,5.07923649872,0.114213314951,0.168338801147
1986-05-20,5.07923649872,0.142737485233,0.170139196289
1986-05-27,5.07923649872,0.154440137089,0.171039406006
1986-11-12,4.55400414574,0.0558128739014,0.190844032776
1986-12-30,5.07923649872,0.0783180654297,0.202546625793
1987-01-06,5.07923649872,0.0,0.175540432007
1987-01-22,5.07923649872,0.039609190979,0.184542516174
1987-01-31,5.07923649872,0.10892516217,0.168338792236
1989-02-21,5.07923649872,0.135931356995,0.174640238403
1989-05-03,5.07923649872,0.178241035278,0.162937546692
1989-07-06,5.07923649872,0.260212541025,0.15753629364
1989-08-07,5.07923649872,0.238484182231,0.149434448425
1989-08-16,5.07923649872,0.237975818076,0.151234862488
1989-08-23,5.07923649872,0.235727084223,0.149434449646
1989-09-08,5.07923649872,1.71797608382,0.166538373047
1989-09-24,5.07923649872,0.225810832533,0.157536301514
1989-12-13,5.07923649872,0.100823280457,0.180041476624
1990-02-24,5.07923649872,0.00720165753174,0.167438569031
1990-03-03,5.07923649872,0.0,0.171939622314
1990-03-12,5.07923649872,0.0393124168309,0.203849077251
1990-06-16,5.07923649872,0.243320389116,0.177058346735
1990-06-23,5.07923649872,0.225259806184,0.180828630808
1990-07-02,5.07923649872,0.240323255294,0.178240965881
1990-07-09,5.07923649872,0.279116814462,0.173739973816
1990-07-25,5.07923649872,0.259750148964,0.163837735657
1990-08-03,5.07923649872,0.262828515914,0.160236927551
1990-08-19,5.07923649872,0.217553545804,0.147634049255
1990-09-04,5.07743609669,0.329832250318,0.174410791047
1990-09-27,5.07923649872,0.182742137024,0.149434466614
1990-10-06,5.07805739243,0.153935523987,0.148534253723
1990-11-14,5.07923649872,0.142232821899,0.148534242676
1990-11-23,5.07923649872,0.125128879883,0.138631969666
1991-01-01,5.07923649872,0.139532188232,0.133230712463
1991-02-27,4.7103229674,0.101723530884,0.168339037292
1991-03-06,4.59102085756,0.076517661438,0.212448915039
1991-03-31,5.07923649872,0.107124732666,0.172839838928
1991-04-07,5.07923649872,0.112525964294,0.168338813782
1991-04-16,5.07923649872,0.134130942566,0.168338803345
1991-04-23,5.07923649872,0.140432409485,0.166538394653
1991-05-02,5.07923649872,0.151234850952,0.161137145813
1991-05-09,5.07923649872,0.146733803162,0.163837761597
1991-05-18,5.07923649872,0.184260003534,0.16023692334
1991-05-25,5.07923649872,0.185004897493,0.148534257751
1991-06-03,5.07923649872,0.206609771028,0.166538347229
1991-06-10,5.07923649872,0.211110759981,0.180041359741
1991-06-26,5.07923649872,0.196245087769,0.146733854248
1991-07-28,5.07923649872,0.203051319765,0.170139182129
1991-08-06,5.07923649872,0.208452589846,0.156636109741
1991-08-13,5.07923649872,0.207665376276,0.156636108826
1991-09-07,5.07923649872,0.172839831787,0.153035275696
1991-09-30,5.07923649872,0.185442760498,0.155735901001
1991-11-17,5.07923649872,0.146733853882,0.156636106934
1991-12-03,5.07923649872,0.0,0.14943445752
1992-04-02,5.07923649872,0.0,0.153035286987
1992-04-18,5.07923649872,0.0,0.149434443726
1992-05-04,5.07923649872,0.0,0.142232804382
1992-06-21,5.07923649872,0.157253720758,0.142232771912
1992-06-28,5.07923649872,0.148251640436,0.14763401532
1992-08-15,5.07923649872,0.00810181359863,0.133230717529
1992-09-09,5.07923649872,0.0368341090018,0.129629895508
1992-09-16,5.07923649872,0.0,0.130530092773
1992-09-25,5.07923649872,0.0,0.118827403564
1992-11-03,5.05966119917,0.0,0.127829468872
1992-11-12,5.07923649872,0.0,0.120627878357
1992-11-28,5.07923649872,0.0,0.16383774292
1993-01-06,5.07923649872,0.0,0.164737952576
1993-01-15,5.07923649872,0.0,0.159336712097
1993-03-20,5.07923649872,0.0,0.167438583008
1993-05-23,5.07923649872,0.0222226240785,0.149434458374
1993-05-30,5.07923649872,0.0171038322754,0.157536312805
1993-06-08,5.07923649872,0.0312246461732,0.157536278687
1993-06-24,5.07923649872,0.0420270874574,0.152135036438
1993-07-17,5.07923649872,0.028524041681,0.148534230347
1993-08-02,5.07923649872,0.0216048378906,0.14133258667
1993-09-19,5.00001845203,0.0180042002563,0.128729689026
1993-12-17,5.01284295095,0.0,0.171939637512
1994-04-08,4.56635409574,0.120627824341,0.157536317078
1994-04-24,5.07923649872,0.150334642273,0.160236936096
1994-06-18,5.07923649872,0.222700486675,0.164737901245
1994-08-21,5.07923649872,0.176440664307,0.148534245056
1994-09-22,5.07923649872,1.26640223517,0.143133000122
1994-12-27,5.07923649872,0.11342618396,0.135031134338
1995-01-28,5.07923649872,0.0,0.160236933655
1995-02-13,5.07923649872,0.0,0.165638175415
1995-03-17,5.07923649872,0.0,0.155735902527
1995-06-21,5.07923649872,0.0464151340964,0.168338716675
1995-07-07,5.07923649872,0.0511985654395,0.157536272278
1995-07-23,5.07923649872,0.0381579698297,0.15483566272
1995-08-08,5.07923649872,0.0252056481934,0.154835684448
1995-08-24,5.07923649872,0.00990222058105,0.151234868774
1995-09-09,5.07923649872,0.0,0.150334667786
1995-09-25,5.07923649872,0.0,0.142232805725
1995-10-11,5.0507897418,0.0,0.126029047363
1995-12-07,5.07923649872,0.0,0.172839835083
1996-01-31,5.07923649872,0.110725570496,0.165638186768
1996-03-19,5.07923649872,0.128729692505,0.154835700745
1996-04-29,5.07923649872,0.135931301941,0.174640118713
1996-05-31,5.07923649872,0.193544557312,0.157536406067
1996-06-07,5.07923649872,0.238060333161,0.16383768103
1996-07-18,5.07923649872,0.217567529169,0.169238896973
1996-09-11,5.07923649872,0.182742117432,0.153935492065
1996-09-27,5.07923649872,0.15393549408,0.149434448608
1996-11-30,4.67852648318,0.116126799011,0.161137155396
1996-12-16,5.07923649872,0.0783180466919,0.16653839325
1996-12-25,5.07923649872,0.0,0.16833884198
1997-01-01,5.07923649872,0.0711163946533,0.162037354309
1997-02-11,5.07923649872,0.000900203796387,0.161137150269
1997-03-31,5.07923649872,0.116126796143,0.144033222778
1997-04-16,5.07923649872,0.126929262329,0.151234841125
1997-06-19,5.03002468285,0.302391907613,0.142850520258
1997-07-05,5.07923649872,0.339642826462,0.138893295414
1997-07-12,5.07923649872,0.249706685589,0.165638140076
1997-07-21,5.07923649872,0.215767176935,0.146733810242
1997-08-06,5.07923649872,0.42340777058,0.29806698944
1997-08-13,5.07923649872,0.192644306946,0.15033465863
1997-08-22,5.07923649872,0.174640224731,0.142232799988
1997-08-29,4.47034675434,0.0414094819336,0.0
1997-09-23,5.07923649872,0.154835693237,0.152135062927
1997-11-17,5.07923649872,0.108024948792,0.149434454529
1997-12-03,5.07923649872,0.0900208112183,0.143133018677
1998-01-13,5.01567773999,0.0990228826904,0.144933430054
1998-02-14,5.07923649872,0.115226601074,0.143133015137
1998-03-02,4.39225036405,0.0234054874268,0.225052143494
1998-04-26,5.07923649872,0.139532203735,0.134130943298
1998-05-12,5.07923649872,0.129629886902,0.128729716187
1998-06-06,5.03753355611,0.167156081293,0.131430319458
1998-06-22,4.6212034998,0.185160172601,0.132330523621
1998-07-15,5.07923649872,0.184542434021,0.135031147888
1998-07-31,5.07923649872,0.167438550049,0.146733819275
1998-10-03,5.07923649872,0.135031177734,0.136831556824
1998-10-19,5.07923649872,0.140432415222,0.13593135498
1998-12-22,5.07923649872,0.0,0.153035282288
1999-01-23,5.0355178626,0.0,0.161137193542
1999-02-01,4.37710092822,0.0,0.0990228594971
1999-02-08,4.87867358258,0.000900204162598,0.139532166748
1999-02-17,5.07923649872,0.0621143676147,0.143133023254
1999-02-24,5.07923649872,0.0729168248901,0.145833633118
1999-03-05,5.07923649872,0.0927214000244,0.141332591431
1999-06-16,5.07923649872,0.199563447199,0.140432401855
1999-08-28,5.07923649872,0.168338806702,0.133230744812
2000-05-10,5.07923649872,0.150334611694,0.146733842224
2000-06-27,5.07923649872,0.21009762785,0.142232788879
2000-07-04,5.07923649872,0.207947733582,0.145833606567
2000-07-20,5.07923649872,0.19056143902,0.131430339294
2000-07-29,5.07923649872,0.198663258173,0.135931348877
2000-08-21,5.07923649872,0.178241059875,0.14133260437
2000-08-30,5.07923649872,0.169239018433,0.135031142456
2000-09-06,5.07923649872,0.16293755603,0.136831551208
2000-10-01,5.07923649872,0.125128846436,0.144933410461
2000-10-17,5.07923649872,0.135931378479,0.135931356384
2001-02-13,5.07923649872,0.124228649719,0.143133017578
2001-03-10,5.07923649872,0.114326405212,0.136831560303
2001-03-17,4.86093596774,0.111625820923,0.126212644691
2001-03-26,5.07923649872,0.111625819519,0.140432391846
2001-08-08,5.07923649872,0.187243107361,0.130530102234
2001-08-17,5.07923649872,0.875437877398,0.12872970874
2003-11-18,5.07923649872,0.109825385132,0.115226605957
2003-12-04,5.07923649872,0.109825366089,0.121528039124
2004-03-25,5.07923649872,0.00540122570801,0.132330541077
2004-03-25,5.07923649872,0.00540122570801,0.135031153564
2004-04-10,5.07923649872,0.000900204162598,0.135931356689
2004-04-19,5.07923649872,0.000900204162598,0.13593136145
2004-05-28,5.07923649872,0.0153034401245,0.129629914612
2004-06-06,5.07923649872,0.0582309564759,0.128729708252
2004-06-22,5.07923649872,0.110443008478,0.147351596735
2004-06-29,5.07923649872,0.0297068037109,0.114326411194
2005-02-17,5.07923649872,0.0873201782837,0.135931367126
2005-04-13,5.07923649872,0.100823287842,0.128729729065
2005-06-09,5.07923649872,0.159954432733,0.118827426819
2005-06-16,5.07923649872,0.169856676325,0.120627855408
2005-07-18,4.99418615612,0.125128869324,0.0738171022949
2005-09-04,5.07923649872,0.152135087097,0.129629917358
2005-09-13,5.07923649872,0.156636104187,0.123328456055
2005-09-20,5.07923649872,0.122428253784,0.0909210240479
2005-09-29,5.07923649872,0.135031143982,0.120627837097
2005-10-31,5.07923649872,0.158549611308,0.09542203125
2005-11-16,5.07923649872,0.110725572937,0.120627824036
2006-02-04,4.75975005349,0.0988816232168,0.13503105426
2006-05-27,5.07923649872,0.15815405047,0.118827436218
2006-06-28,5.07833629737,0.189661227167,0.120627864563
2006-07-05,5.07923649872,0.182742006165,0.123328494385
2006-07-30,5.07923649872,0.175540396301,0.122428244568
2006-09-23,5.07923649872,0.143133001282,0.130530118713
2006-11-03,5.07923649872,0.0,0.150193417982
2006-12-05,5.07923649872,0.056713112854,0.119727637329
2007-01-29,5.07923649872,0.0972224677124,0.125128889282
2007-03-11,5.07923649872,0.0945218426514,0.11792722876
2007-04-03,5.07923649872,0.101723518188,0.105324337097
2007-06-22,5.07923649872,0.179645980106,0.10262370343
2008-02-01,5.07923649872,0.0855197637939,0.129629933594
2008-03-20,5.07923649872,0.0999230792236,0.121528069763
2008-04-05,4.50299366107,0.0,0.0
2008-09-21,4.92550444215,0.94788196823,0.127829501648
2008-10-07,5.07923649872,0.993721964508,0.129629905396
2009-03-23,5.07923649872,0.0819189333496,0.119727649841
2009-04-08,5.07923649872,0.0504116386108,0.118827445068
2009-04-17,5.07923649872,0.0855197327881,0.116126823853
2009-04-24,5.07923649872,0.0828191109009,0.117027027588
2009-05-19,5.07923649872,0.116126774292,0.120627863647
2009-05-26,5.07923649872,0.131430262268,0.119727642395
2010-04-20,5.07923649872,0.0981226853027,0.117927243103
2010-05-06,5.07923649872,0.109825358826,0.108024949707
2011-04-07,5.07923649872,0.09632227948,0.121528063538
2011-04-14,4.85598642414,0.117927241577,0.157536322388