Date,Rarea,NDWI,MNDWI
1984-08-18,6.44542477902,0.331649893836,0.179809207642
1984-09-03,6.44542477902,0.446569724024,0.189698707642
1986-04-18,6.44542477902,0.247698814193,0.191496829712
1986-05-20,6.44542477902,0.808234288621,0.195992190857
1986-11-12,6.24822575037,0.18993125808,0.252219612302
1989-02-21,6.44542477902,0.234357540034,0.341693377174
1989-03-09,6.44542477902,0.253586540566,0.245439342285
1989-08-16,6.44542477902,0.728451782828,0.178264987851
1989-09-01,6.44542477902,0.472214801097,0.183405371643
1989-09-17,6.44542477902,0.393994336288,0.17711204364
1990-06-16,6.44542477902,0.571638503978,0.172556936157
1990-07-02,6.44542477902,0.5393286474,0.177094523567
1990-08-03,6.44542477902,0.472190020063,0.170903389483
1990-08-19,6.44542477902,1.0949763814,0.171717788025
1990-10-06,6.44542477902,0.255818700671,0.175313959839
1990-11-23,6.44542477902,0.242413947602,0.169919668945
1990-12-09,6.44542477902,0.279500616748,0.227373995658
1991-03-31,6.44542477902,0.196960809151,0.220629306415
1991-04-16,6.44542477902,0.202344552595,0.184473683146
1991-05-02,6.44542477902,0.361877731374,0.172616826965
1991-05-18,6.44542477902,0.244070944412,0.177112076233
1991-06-03,6.44542477902,0.48716409303,0.183966029015
1991-06-19,6.44542477902,0.514932365377,0.166362327894
1991-08-06,6.44542477902,0.42420138569,0.168178008542
1991-09-07,6.44542477902,0.26682268051,0.166323480103
1991-11-10,6.44542477902,0.199714337009,0.215235110713
1992-05-04,6.44542477902,0.135234018998,0.155534924683
1992-06-21,6.44542477902,0.252723623412,0.163626473206
1992-08-24,6.44542477902,0.148719849564,0.162727374268
1992-09-09,6.44542477902,0.122989379967,0.169919817383
1992-09-25,6.44542477902,0.145867480085,0.157333057373
1992-10-11,6.44542477902,0.157114054028,0.143847325256
1992-11-28,6.44542477902,0.142574213043,0.168121596375
1993-01-15,6.44542477902,0.113833010609,0.17621303241
1993-01-31,6.44542477902,0.143808124384,0.182506372375
1993-03-20,6.44542477902,0.138103633989,0.278224445984
1993-05-23,6.44542477902,0.159970023404,0.179107609183
1993-06-24,6.44542477902,0.369294800154,0.17626960864
1993-08-27,6.44542477902,0.206244512662,0.184304555481
1993-11-15,6.44542477902,0.143825845964,0.176269454079
1994-01-18,6.44542477902,0.1419289356,0.366034170806
1994-07-29,6.44542477902,0.252011503601,0.19061203789
1994-08-14,6.27416362422,0.189384557294,0.160030196777
1994-09-15,6.44542477902,0.182823407835,0.183405502808
1994-11-02,6.44542477902,0.173959622681,0.177112118652
1994-12-20,6.44542477902,0.25145349161,0.286795296814
1995-01-05,6.44542477902,0.177302054759,0.171097074038
1995-06-14,6.44542477902,0.448582417743,0.287525151142
1995-06-30,6.44542477902,0.466221493498,0.297414713948
1995-07-16,6.44542477902,0.442165563613,0.294788119827
1995-08-01,6.44542477902,0.386247866724,0.289506619677
1995-08-17,6.44542477902,0.321752446589,0.303891373766
1995-09-02,6.44542477902,0.256943430563,0.270612456726
1995-12-07,6.10624236572,0.229005716816,0.274265155311
1996-05-15,6.14814843765,2.2558193258,0.622559752652
1996-05-31,6.44542477902,0.211800702665,0.216500797444
1996-07-18,6.44542477902,0.362823070039,0.240408461937
1996-12-25,6.44542477902,0.230888541755,0.347073812129
1997-02-11,6.44542477902,0.206476902207,0.319161191956
1997-04-16,6.44542477902,0.223600887619,0.3978114256
1997-07-21,6.44542477902,0.46246233904,0.248150549975
1997-08-22,6.44542477902,0.298028388235,0.260723116394
1998-01-13,6.44542477902,0.210534984161,0.272410731445
1998-02-14,6.44542477902,0.200278768749,0.252631713989
1998-05-21,6.44542477902,0.224860031554,0.26342036792
1998-06-06,6.11423864796,0.131232503821,0.0970970079956
1998-06-22,6.44542477902,0.484924076692,0.284983431093
1998-07-24,6.44542477902,0.37287828014,0.292175833986
1998-08-09,6.44542477902,0.338823951065,0.288607824755
1998-09-10,6.44542477902,0.254345408847,0.291290846313
1998-10-12,6.44542477902,0.257771749997,0.35346606573
1998-11-13,6.44542477902,0.181543654417,0.219367204468
1998-11-29,6.44542477902,0.233599860429,0.309271683594
1999-02-01,6.36387484123,0.184240588745,0.410919671181
1999-02-17,6.44542477902,0.153574535174,0.248136646606
1999-03-05,6.44542477902,0.13285422673,0.209477605591
1999-04-06,6.44542477902,0.160992433636,0.225604023653
1999-08-28,6.44542477902,0.307367494163,0.287779119952
2000-05-10,6.44542477902,0.228392304622,0.25702468459
2000-06-27,6.44542477902,0.31931246096,0.279673569599
2000-07-29,6.17135292558,0.224761188965,0.17171750708
2000-08-30,6.44542477902,0.292958112922,0.29668482782
2000-10-17,6.35534201385,0.227757622309,0.326208705377
2001-03-10,6.44542477902,0.179689075004,0.239146170715
2001-08-17,6.44542477902,0.232736372069,0.180708129272
2004-03-02,6.44542477902,0.258706033342,0.374263548183
2004-04-19,6.44542477902,0.263395125626,0.314182651803
2004-06-22,6.44542477902,0.551955799918,0.414457042682
2005-02-17,6.44542477902,0.164126654859,0.254690562954
2005-06-09,6.44542477902,0.575722671513,0.383377435397
2005-09-29,6.44542477902,0.210619557679,0.208462078768
2006-05-27,6.44542477902,0.217007938968,0.188683029024
2006-06-12,6.44542477902,0.374898178972,0.19947164792
2006-06-28,6.44542477902,0.444531750656,0.207030752958
2006-07-30,6.44542477902,0.259267213121,0.201104108298
2006-09-16,6.4445257189,0.227648907902,0.210503559965
2006-11-03,6.44542477902,0.162839863485,0.203600208993
2006-12-05,6.33574109366,0.14523971213,0.214755498445
2007-03-11,6.44542477902,0.0832374260067,0.204107953326
2007-04-28,6.44542477902,0.153172527831,0.182530817828
2007-08-18,6.44225162693,0.230973570054,0.179833694476
2007-09-03,6.44542477902,0.241455347836,0.200991225797
2008-09-05,6.44542477902,0.303648101959,0.297626118418
2008-10-07,6.44542477902,0.326501324793,0.315607053477
2009-04-17,6.44542477902,0.185710817122,0.220657312942
2009-05-19,6.44542477902,0.231896889114,0.2466731257
2010-05-06,6.44542477902,0.14649502563,0.240044924744
2011-04-07,6.44542477902,0.152753011072,0.211275624207