Date,Rarea,NDWI,MNDWI
1984-06-22,5.1165726072,0.262974800415,0.245863424072
1984-08-25,5.1165726072,0.245863423218,0.221547255737
1984-09-10,5.1165726072,0.240459831177,0.223348452698
1984-09-26,5.1165726072,0.235056238647,0.220646655762
1984-12-31,5.1165726072,0.225149649109,0.232354440308
1985-03-05,5.1165726072,0.223348450256,0.221547252319
1986-04-25,5.1165726072,0.156704138367,0.148598753723
1986-05-11,5.1165726072,0.151300543152,0.138692165771
1986-05-27,5.1165726072,0.147698152405,0.136890969543
1987-01-06,5.1165726072,0.144996361145,0.156704137634
1987-01-22,5.1165726072,0.142294561218,0.14499635553
1989-01-27,5.1165726072,0.307104156921,0.335923322083
1989-02-28,5.1165726072,0.312507750488,0.340426312378
1989-04-17,5.1165726072,0.310706532227,0.332320904907
1989-05-03,5.1165726072,0.313230631571,0.320661417904
1989-06-04,5.1165726072,0.31611014447,0.326917330994
1989-06-20,5.1165726072,0.322414341797,0.324215532043
1989-07-06,5.1165726072,0.323314936523,0.320613139404
1989-08-07,5.1165726072,0.323314940186,0.320613140442
1989-08-23,5.1165726072,0.322414341675,0.318811940247
1989-09-08,5.1165726072,0.317010744629,0.315209545227
1989-09-24,5.1165726072,0.308905360535,0.308905360962
1989-12-13,5.1165726072,0.295396370117,0.319712542664
1990-03-03,5.1165726072,0.28999277948,0.318811940125
1990-04-20,5.1165726072,0.296297773071,0.317011611877
1990-05-22,5.1165726072,0.309805950928,0.319712533875
1990-06-07,5.1165726072,0.314308947998,0.315209542236
1990-06-23,5.1165726072,0.31881194165,0.318811940002
1990-07-09,5.1165726072,0.326016729065,0.319712539734
1990-07-25,5.1165726072,0.321513735291,0.315209543213
1990-09-27,5.1165726072,0.306203556946,0.307104151794
1991-01-01,5.1165726072,0.284589178223,0.284589179382
1991-03-06,5.1165726072,0.282787983337,0.313408347778
1991-04-07,5.1165726072,0.306203546265,0.322414322388
1991-04-23,5.1165726072,0.314308945374,0.32061313916
1991-05-09,5.1165726072,0.309805949524,0.315209544434
1991-06-10,5.1165726072,0.309805950378,0.31340834491
1991-07-28,5.1165726072,0.314308950012,0.308004752075
1991-08-13,5.1165726072,0.303501762756,0.299899367371
1991-09-30,5.1165726072,0.342955132297,0.302601160767
1991-11-17,5.1165726072,0.298098170044,0.312507752441
1991-12-03,5.1165726072,0.287290984619,0.303501762085
1992-01-04,5.1156720115,0.285489783691,0.307104151489
1992-06-28,5.1165726072,0.25937240448,0.23955923407
1992-08-15,5.1165726072,0.247664620667,0.231453847107
1992-09-16,5.1165726072,0.244062228638,0.229652645996
1992-11-03,5.1165726072,0.230553241699,0.216143664612
1993-01-06,5.1165726072,0.185523298096,0.19452929425
1993-03-11,5.1165726072,0.170213122375,0.180119707947
1993-03-27,5.1165726072,0.138692157959,0.170213119568
1993-04-12,5.1165726072,0.152201152588,0.172014320618
1993-04-28,5.1165726072,0.13418917804,0.169312531189
1993-05-30,5.1165726072,0.154902941772,0.158505336426
1993-07-17,5.1165726072,0.154002342834,0.151300547607
1993-08-02,5.1165726072,0.155803538025,0.142294562683
1993-09-19,5.1165726072,0.125183185059,0.115276601013
1994-02-10,5.1165726072,0.117978389465,0.201734081055
1994-06-18,5.1165726072,0.167511339844,0.209839474854
1994-07-20,5.1165726072,0.18192062793,0.203534958069
1994-08-05,5.1165726072,0.0189125710449,0.205336478394
1994-08-21,5.1165726072,0.0,0.197231085327
1994-09-06,5.1165726072,0.0801532528076,0.191827449951
1994-09-22,5.1165726072,0.0,0.183722105835
1994-12-27,5.1165726072,0.0,0.126984381836
1995-01-28,5.1165726072,0.0,0.10266821698
1995-02-13,5.1165726072,0.0,0.0936622241211
1995-03-17,5.1165726072,0.0216143594971,0.0792526555786
1995-04-02,5.1165726072,0.0324215424805,0.0900598378906
1995-06-21,5.1165726072,0.0756502630005,0.0756502643433
1995-07-07,5.1165726072,0.0738490674438,0.0738490679321
1995-07-23,5.1165726072,0.0702466715698,0.0693460740356
1995-08-08,5.1165726072,0.0729484675293,0.0684454760132
1995-08-24,5.1165726072,0.0684454759521,0.0648430812988
1995-09-09,5.1165726072,0.0549364986572,0.0558370963135
1995-09-25,5.1165726072,0.0495329077759,0.0486323098145
1995-10-11,5.1165726072,0.0468311140747,0.0423281205444
1995-11-28,5.1165726072,0.0117077780762,0.0342227353516
1996-01-31,5.1165726072,0.14769815332,0.153101743713
1996-03-03,5.11634657565,0.205336481445,0.216606326365
1996-03-19,5.1165726072,0.189125699768,0.226050249207
1996-06-07,5.1165726072,0.255770002686,0.241360423462
1996-09-11,5.11567200912,0.259372406616,0.243161630981
1996-09-27,5.1165726072,0.247664623169,0.240459833557
1996-11-30,5.1165726072,0.276483797485,0.293595168335
1996-12-16,5.1165726072,0.287290981262,0.308004752075
1997-03-22,4.6405053419,0.272881399902,0.303501758911
1997-06-26,5.1165726072,0.315209559265,0.321513747498
1997-07-12,5.1165726072,0.318811943237,0.317010742554
1997-08-13,5.1165726072,0.317911347961,0.317010747742
1997-11-17,5.1165726072,0.281887389709,0.310706546265
1997-12-03,5.1165726072,0.278284984192,0.303501747986
1998-02-05,5.11116902969,0.298998767944,0.320613140259
1998-06-13,5.1165726072,0.288191585876,0.297197570618
1998-07-31,5.1165726072,0.276483796082,0.294495766052
1998-10-03,5.1165726072,0.257571219666,0.28188738208
1998-10-19,5.1165726072,0.250366430603,0.280986783813
1998-11-04,5.1165726072,0.253068685181,0.281887897522
1998-12-22,5.1165726072,0.253068533997,0.282788324524
1999-02-08,4.99679287362,0.14139394696,0.182821484192
1999-02-24,5.1165726072,0.248565226929,0.268378396851
1999-06-16,5.1165726072,0.239559233704,0.246764023438
1999-09-20,5.1165726072,0.218845454834,0.223348444031
2000-07-04,5.1165726072,0.290893371277,0.289092173401
2000-07-20,5.09294857422,0.328718603577,0.280086192444
2000-08-21,5.1165726072,0.289992772644,0.283688580505
2000-09-06,5.1165726072,0.281887381775,0.282787978821
2001-03-17,5.1165726072,0.248565221375,0.254869412292
2001-08-08,5.1165726072,0.317911339783,0.297197564087
2003-12-04,4.89323530021,0.253968802979,0.249465813599
2003-12-20,5.1165726072,0.231453849854,0.224249061829
2004-03-25,5.1165726072,0.241360430298,0.251267015015
2004-04-10,5.1165726072,0.244962825623,0.250366416077
2004-04-26,5.07857805173,0.256670604065,0.258471790222
2004-05-28,5.1165726072,0.248565223328,0.2440622276
2004-06-29,5.1129702109,0.240459831421,0.241360428162
2005-06-16,5.1165726072,0.255770009827,0.253068215881
2005-09-04,5.1165726072,0.231453846924,0.242261030212
2005-09-20,5.1165726072,0.226050250793,0.237758036377
2006-05-18,4.6197858932,0.247604651341,0.170213109314
2006-06-03,5.1165726072,0.282664539005,0.22514964856
2006-07-05,5.1165726072,0.254064257972,0.217044263733
2006-08-22,5.1165726072,0.224249048401,0.217044263
2006-09-23,5.1165726072,0.233255043274,0.23595683905
2006-12-28,5.11577090169,0.254869414551,0.255770013611
2007-01-29,5.1165726072,0.258471809204,0.253068214417
2007-04-03,5.1165726072,0.251267011536,0.231453845825
2007-06-22,5.1165726072,0.241360426758,0.222447857239
2007-08-09,5.1165726072,0.2430627171,0.216143662903
2008-02-01,5.1165726072,0.248565224854,0.245863427551
2008-03-04,5.1165726072,0.246764025818,0.249465819275
2008-03-20,5.1165726072,0.248565223816,0.247664621765
2008-04-05,5.1165726072,0.257571201233,0.254869403625
2008-09-28,5.1165726072,0.217044261414,0.210740071899
2009-03-23,5.1165726072,0.300799969055,0.311607152527
2009-04-24,5.1165726072,0.308004759888,0.308905355042
2009-05-26,5.1165726072,0.311607151917,0.308905351196
2011-04-14,4.83884941469,0.3089053526,0.331010645003