Date,Rarea,NDWI,MNDWI
1984-06-22,4.88323640598,0.0782857383679,0.0455112765575
1984-08-25,4.88323640598,0.00405133608351,0.00134926894483
1984-09-10,4.88323640598,0.0,0.0922623024256
1984-10-12,4.88323640598,0.00224995888624,0.0922623026087
1984-12-31,4.88323640598,0.000900690002441,0.0760499079554
1985-03-05,4.88323640598,0.0,0.0661423367884
1986-04-25,4.88323640598,0.644313631962,0.697846320191
1986-05-11,4.88323640598,0.619673616089,0.653391162045
1986-11-10,4.88323640598,0.596955067519,0.665350882311
1986-12-21,4.88323640598,0.562181433574,0.577648554122
1986-12-28,4.88323640598,0.538678760863,0.555367990057
1987-01-06,4.88323640598,0.523381193009,0.526450603601
1987-01-13,4.88323640598,0.498981365234,0.497628570092
1987-01-22,4.88323640598,0.465655904724,0.460700353417
1987-02-07,4.88323640598,0.410713923157,0.399453553002
1989-01-18,4.88323640598,0.651349618755,0.691880586101
1989-02-19,4.88323640598,0.71161094287,0.741418438091
1989-02-28,4.88323640598,0.609596512733,0.722503981243
1989-03-07,4.88323640598,0.56389805133,0.70358952061
1989-03-16,4.88323640598,0.544746948402,0.702688837505
1989-03-23,4.88323640598,0.716199156291,0.734212931377
1989-04-01,4.88323640598,0.611719302593,0.701788149455
1989-04-17,4.88323640598,0.660850977595,0.697284707378
1989-04-24,4.88323640598,0.735028840453,0.734128158141
1989-05-03,4.43019011826,0.164977864238,0.0028539439501
1989-06-20,4.88323640598,0.81432479362,0.716199174297
1989-07-06,4.88323640598,0.78859688542,0.707192287151
1989-07-13,4.88323640598,0.816112027929,0.702688835735
1989-08-07,4.88323640598,0.73156031892,0.680090386439
1989-08-14,4.87466044606,0.73926386064,0.67641698877
1989-08-30,4.88323640598,0.658018217369,0.644960002196
1989-09-08,4.88323640598,0.661649231727,0.647662069518
1989-09-24,4.88323640598,0.642734775367,0.642176702497
1989-11-18,4.88323640598,0.480967596313,0.524200640015
1989-12-13,4.88323640598,0.388927847388,0.457535574873
1990-02-22,4.88323640598,0.27183837577,0.309088026287
1990-03-26,4.88323640598,0.260998328444,0.283547328651
1990-05-22,4.88323640598,0.281724774918,0.273607976088
1990-06-07,4.88323640598,0.323128195629,0.275441149024
1990-06-14,4.88323640598,0.341618801776,0.27068339191
1990-06-23,4.88323640598,0.374930157122,0.315050261917
1990-07-25,4.88233571677,0.372521261098,0.227044140833
1990-08-01,4.88323640598,0.333879948165,0.249642595561
1990-08-17,4.88323640598,0.315611862522,0.247166583201
1990-09-18,4.88323640598,0.235990983065,0.222777351122
1990-09-27,4.88323640598,0.227252542725,0.206466063269
1990-10-04,4.88323640598,0.209535469301,0.199052160645
1990-10-13,4.88323640598,0.184019497742,0.18110903689
1990-10-20,4.88323640598,0.166779256267,0.163755769569
1990-10-29,4.88323640598,0.149666177715,0.143280119105
1990-11-05,4.88323640598,0.13345378355,0.135173924403
1990-11-14,4.88323640598,0.121391622084,0.111756020594
1990-12-07,4.88323640598,0.0945722987061,0.0982421630239
1990-12-23,4.88323640598,0.00180137994385,0.0378147952098
1991-01-01,4.88323640598,0.000900690002441,0.0162123969727
1991-01-17,4.88323640598,0.000900690002441,0.00514981963609
1991-02-25,4.88323640598,0.0190663381151,0.204608171977
1991-03-06,4.88323640598,0.00368752628748,0.188042570204
1991-03-22,4.88323640598,0.0394148262276,0.310084093544
1991-04-14,4.88323640598,0.243885245131,0.27901209767
1991-04-23,4.88323640598,0.246573187373,0.271806592299
1991-04-30,4.88323640598,0.244785934218,0.266402456557
1991-05-09,4.88323640598,0.236679745375,0.254693510512
1991-05-25,4.88323640598,0.2339882892,0.24633300883
1991-06-01,4.88323640598,0.237004707495,0.238481124587
1991-06-10,4.88323640598,0.262937484166,0.26370041664
1991-07-03,4.88233571903,0.337549826188,0.25919697383
1991-07-12,4.88323640598,0.277189545672,0.244785952529
1991-07-19,4.88323640598,0.276380701972,0.230728144023
1991-07-28,4.88323640598,0.250878849049,0.206957029677
1991-08-04,4.88323640598,0.235507094728,0.207857713149
1991-08-13,4.88323640598,0.207334971488,0.186241192214
1991-08-20,4.88323640598,0.181271509235,0.175432929762
1991-09-05,4.88323640598,0.165468845201,0.164624668166
1991-09-21,4.88323640598,0.127597542098,0.14841227693
1991-09-30,4.88323640598,0.116421941547,0.14628947761
1991-11-17,4.88323640598,0.456380576553,0.480444850046
1991-12-03,4.88323640598,0.414019969949,0.420999421824
1991-12-26,4.88323640598,0.38882895784,0.402985661021
1992-01-04,4.88323640598,0.344695234085,0.376865701792
1992-03-31,4.88323640598,0.227704644263,0.241536395366
1992-04-16,4.88323640598,0.189522520762,0.215963906935
1992-06-03,4.88323640598,0.180837062758,0.167005310801
1992-06-19,4.88323640598,0.189843947585,0.167906000071
1992-07-05,4.88323640598,0.19250363764,0.168227425246
1992-11-03,4.88323640598,0.0808924305793,0.0829339905647
1992-11-26,4.88323640598,0.00195325614492,0.0675375124339
1992-12-28,4.88323640598,0.00186848553371,0.00180137731934
1993-01-06,4.88323640598,0.0,0.0
1993-01-13,4.88323640598,0.000900689941406,0.0
1993-01-29,4.88323640598,0.000900689941406,0.0
1993-02-14,4.88323640598,0.00180137994385,0.0
1993-03-02,4.88323640598,0.0,0.045034432373
1993-03-11,4.88323640598,0.0288220360718,0.0387296115723
1993-03-27,4.88323640598,0.025219282959,0.0333254801025
1993-05-05,4.88323640598,0.0207158392334,0.0369282354126
1993-05-30,4.88323640598,0.0369282363892,0.0306234171753
1993-08-02,4.88323640598,0.025247546431,0.00360275714111
1993-08-09,4.88323640598,0.0090068927002,0.000900690002441
1993-08-25,4.88323640598,0.00450344708252,0.000900690002441
1993-10-28,4.88323640598,0.0,0.14443158997
1994-02-01,4.77706099653,0.00278330171305,0.0658173723135
1994-02-10,4.88275957013,0.00163183426585,0.264954295391
1994-04-06,4.88323640598,0.246619101478,0.266755666912
1994-05-01,4.88323640598,0.216896386268,0.248741904704
1994-06-09,4.56065961085,0.182839766907,0.201754225342
1994-07-11,4.88323640598,0.177266104285,0.19704945613
1994-07-20,4.88323640598,0.196795162089,0.188943265883
1994-08-05,4.88323640598,0.103409644447,0.184471609901
1994-08-12,4.88323640598,0.13728259614,0.170848245603
1994-08-21,4.88323640598,0.0358580036994,0.163755768226
1994-09-29,4.88323640598,0.0034332142097,0.113638634197
1994-10-15,4.88323640598,0.00253252420726,0.100128306621
1994-10-31,4.88323640598,0.000971329920152,0.0727862307502
1994-11-25,4.88323640598,0.00163183426585,0.0367586901619
1994-12-02,4.88323640598,0.000660504345703,0.0
1994-12-11,4.88323640598,0.000660504345703,0.0
1995-01-03,4.88323640598,0.0,0.0
1995-01-19,4.88323640598,0.0,0.0
1995-01-28,4.88323640598,0.0,0.0
1995-02-04,4.88323640598,0.0,0.0
1995-03-17,4.88323640598,0.0,0.0
1995-06-12,4.88323640598,0.0872361195099,0.0267663591574
1995-06-21,4.88323640598,0.126258900076,0.0360275597534
1995-07-07,4.88323640598,0.120603984236,0.0321704928244
1995-07-14,4.88323640598,0.105165143586,0.0306234303589
1995-07-23,4.88323640598,0.0816765851445,0.0180137826538
1995-07-30,4.88323640598,0.0531653718877,0.00450344512939
1995-08-08,4.88323640598,0.0468464187636,0.00360275610352
1995-08-24,4.88323640598,0.00900689086914,0.000900689025879
1995-08-31,4.88323640598,0.00450344500732,0.0
1995-09-25,4.88323640598,0.00180137902832,0.000900690002441
1995-10-11,4.88323640598,0.000900690002441,0.0
1995-11-03,4.88323640598,0.0,0.00180137994385
1995-11-28,4.31888930758,0.0618084370835,0.0270206616211
1995-12-05,4.88323640598,0.0,0.0162123970337
1995-12-21,4.88323640598,0.0,0.110699923512
1996-01-31,4.88323640598,0.0,0.0945723014526
1996-02-07,4.88323640598,0.000900690002441,0.0867875250285
1996-03-19,4.88323640598,0.000900690002441,0.000900690002441
1996-03-26,4.88323640598,0.000900690002441,0.00276917553615
1996-04-11,4.88323640598,0.000886559308938,0.0261870802603
1996-06-30,4.88323640598,0.0547088992322,0.0216836459341
1996-07-16,4.88323640598,0.035458883885,0.0125955188426
1996-08-01,4.88323640598,0.0143933654058,0.00457055474758
1996-08-10,4.88323640598,0.0135774430532,0.00547124389553
1996-08-26,4.68645574813,0.00413257413689,0.0
1996-09-02,4.88323640598,0.0050332640783,0.000900690002441
1996-09-27,4.88323640598,0.00212280182292,0.0
1996-10-29,4.88323640598,0.0,0.0
1996-11-14,4.88323640598,0.0,0.119791579468
1996-11-30,4.88323640598,0.0,0.120692267944
1996-12-16,4.88323640598,0.0,0.105380560486
1997-01-01,4.88323640598,0.0187837414477,0.205226355034
1997-01-08,4.88323640598,0.00154706365464,0.191913759276
1997-02-02,4.88323640598,0.0864660991821,0.158602418901
1997-02-25,4.71198576086,0.0,0.130599838135
1997-03-22,4.88323640598,0.00307999897222,0.167326734999
1997-04-30,4.88323640598,0.194347380385,0.258296263991
1997-05-25,4.88323640598,0.233076987258,0.268203846388
1997-06-01,4.88323640598,0.240282498,0.25559420259
1997-06-26,4.65261763416,0.165507669872,0.157772351787
1997-07-03,4.88323640598,0.260546224583,0.248741906047
1997-07-12,4.88323640598,0.215416429668,0.228026065837
1997-08-04,4.88323640598,0.223268311775,0.224338540709
1997-08-13,4.88323640598,0.205508858867,0.222537166503
1997-08-20,4.88323640598,0.207225463988,0.218612989802
1997-10-23,4.88323640598,0.178982697505,0.227054738298
1997-11-08,4.88323640598,0.172031504395,0.208059041992
1997-12-03,4.88323640598,0.146812229309,0.163925312256
1997-12-10,4.88323640598,0.144110164001,0.150414983215
1998-01-27,4.87053141924,0.0756578548584,0.100877125488
1998-02-05,4.88323640598,0.0603461342163,0.0945722997437
1998-02-12,4.88323640598,0.0,0.0873667911377
1998-02-28,4.88323640598,0.0504385585938,0.0747571514282
1998-04-01,4.88323640598,0.00186848553371,0.154664113581
1998-06-29,4.88323640598,0.046648604283,0.118961537135
1998-07-06,4.88323640598,0.0190663444628,0.113232442317
1998-07-22,4.88323640598,0.0133407922126,0.102438309827
1998-08-07,4.88323640598,0.00366986456203,0.0972602335643
1998-09-08,4.88323640598,0.00268793925279,0.0873667894287
1998-10-19,4.88323640598,0.0,0.054041314209
1998-10-26,4.88323640598,0.0,0.0423323635254
1998-11-04,4.88323640598,0.000886559308938,0.0351268572388
1998-12-22,4.88323640598,0.00186848553371,0.00276917333889
1999-01-07,4.88323640598,0.0,0.0
1999-01-23,4.88323640598,0.0,0.0
1999-02-08,4.88323640598,0.0,0.0
1999-02-15,4.88323640598,0.0,0.0
1999-02-24,4.88323640598,0.0,0.000900690002441
1999-04-04,4.88323640598,0.0,0.0
1999-06-16,4.88323640598,0.0153117092896,0.0
1999-07-09,4.88323640598,0.0411773724021,0.00180137811279
1999-08-26,4.88323640598,0.00540413635254,0.0
2000-01-10,4.88323640598,0.0,0.0801612831421
2000-01-26,4.88323640598,0.0,0.136904658875
2000-02-11,4.3791794033,0.0243185870972,0.0684523231201
2000-05-08,4.88323640598,0.0297227214355,0.154017739197
2000-06-25,4.88323640598,0.080426192907,0.14951430072
2000-07-04,4.88323640598,0.0718007741355,0.145911546997
2000-08-28,4.88323640598,0.00180137902832,0.118890886536
2000-09-06,4.88323640598,0.0,0.117089511169
2000-09-22,4.88323640598,0.00186848553371,0.117990199646
2000-11-16,4.88323640598,0.0,0.115288133301
2000-12-27,4.88323640598,0.0,0.113486758179
2001-02-13,4.78897148453,0.0,0.11078469165
2001-03-17,4.88323640598,0.0,0.0774592161865
2001-08-08,4.88323640598,0.00915876499502,0.0944027555305
2001-08-15,4.88323640598,0.00433390201488,0.093657479536
2003-08-05,4.88323640598,0.299929263672,0.291007144757
2003-11-18,4.88323640598,0.205356978577,0.163925309082
2003-11-25,4.88323640598,0.194633485028,0.18561247201
2003-12-04,4.88323640598,0.184725914166,0.173016964398
2003-12-20,4.88323640598,0.165726688293,0.152216360718
2004-03-09,4.88323640598,0.108983313843,0.102678494385
2004-03-25,4.88323640598,0.0621475093994,0.0918702329102
2004-04-10,4.88323640598,0.0918702321777,0.10808262677
2004-04-26,4.88323640598,0.0954729868774,0.104479872253
2004-05-28,4.88323640598,0.098160922346,0.0936716108398
2004-06-04,4.88323640598,0.103310746469,0.0900688571167
2004-06-13,4.88323640598,0.109629699031,0.0891681719971
2004-06-20,4.88323640598,0.12114084795,0.0981609324168
2004-06-29,4.88323640598,0.120448554867,0.0837640432739
2004-07-31,4.88323640598,0.085056790671,0.0756578418579
2004-08-23,4.88323640598,0.0639488901978,0.0540413132935
2004-09-08,4.88323640598,0.0450344293213,0.0468358059082
2005-02-08,4.88323640598,0.0,0.0315241016846
2005-04-13,4.88323640598,0.0,0.0
2005-06-16,4.88323640598,0.0231635935935,0.000900689086914
2005-07-18,4.81232579814,0.0114546373557,0.0
2005-09-20,4.88323640598,0.0,0.0
2006-05-25,4.87920272968,0.729101959513,0.732058342177
2006-06-03,4.88323640598,0.718548018935,0.716199167156
2006-06-10,4.88323640598,0.727554887648,0.711374293739
2006-06-26,4.88323640598,0.736561774062,0.708912410181
2006-07-28,4.88323640598,0.727007414775,0.696963279639
2006-08-13,4.88323640598,0.723952135634,0.700566030006
2006-09-14,4.88323640598,0.699633542616,0.686476435405
2006-09-23,4.88323640598,0.686123225966,0.670843317115
2006-09-30,4.88323640598,0.676568859111,0.667240556739
2006-12-19,4.88323640598,0.48457034613,0.487018100886
2006-12-28,4.88323640598,0.43601795451,0.470890487037
2007-01-04,4.88323640598,0.404239555152,0.435117263409
2007-01-29,4.88323640598,0.29182306604,0.356658494184
2007-02-05,4.88323640598,0.281915490723,0.312538893799
2007-03-09,4.88323640598,0.256696214783,0.255541213313
2007-03-25,4.88323640598,0.216165238586,0.218853174299
2007-04-03,4.88323640598,0.200683993446,0.198303351299
2007-04-10,4.88323640598,0.185019076243,0.19281798025
2007-05-12,4.88323640598,0.156550259071,0.154989066553
2007-06-13,4.88323640598,0.159319439765,0.140337868262
2007-06-22,4.88323640598,0.188053173538,0.141478742945
2007-07-15,4.88323640598,0.155970999797,0.126982954084
2007-07-31,4.88323640598,0.118689552321,0.108153264551
2007-08-09,4.88323640598,0.0979737177873,0.100047071131
2007-08-16,4.88323640598,0.0874374313606,0.0945581689281
2007-09-01,4.88323640598,0.0853958695442,0.0819626586914
2007-10-03,4.88323640598,0.00163183426585,0.0396302978516
2008-02-01,4.88323640598,0.0,0.0
2008-03-11,4.36905662913,0.0,0.0
2008-03-27,4.88323640598,0.0,0.0
2009-03-23,4.88323640598,9.88993480009e-05,0.0261199703979
2009-04-08,4.88323640598,0.0,0.0
2009-05-01,4.88323640598,0.0,0.0
2009-05-10,4.88323640598,0.0,0.0
2009-05-26,4.88323640598,0.00180137805176,0.0
2010-04-02,4.88323640598,0.0,0.059445444458
2010-04-11,4.88323640598,0.0,0.0666509539185
2010-04-18,4.71706840703,0.00113733818599,0.0731924229028
2011-02-09,4.88323640598,0.642890184767,0.660935747047
2011-02-16,4.88323640598,0.670811521437,0.689771903131
2011-02-25,4.88323640598,0.681973000652,0.716117929957
2011-04-14,4.88323640598,0.725432098948,0.735032387904