Date,Rarea,NDWI,MNDWI
1984-06-29,1222.05409143,264.979111988,254.07747633
1986-11-10,1222.05409143,217.763789181,297.084232578
1986-12-28,1181.76149181,288.560550969,285.397503934
1987-01-13,1222.05409143,285.588297516,289.751225696
1987-02-14,1153.00182014,288.858357303,269.371460309
1989-01-18,1208.63274549,247.085814603,297.690676316
1989-02-19,1222.05409098,239.360567216,321.527632296
1989-03-07,1222.05409098,332.456024053,331.679459094
1989-03-23,1222.05628833,318.664702336,313.822464988
1989-04-24,1222.05409098,302.717890538,303.724190242
1989-05-10,1222.05503241,314.007035488,305.661746825
1989-07-13,1222.05409098,314.68999117,296.283305472
1989-08-30,1222.01627685,233.512635628,220.750355938
1989-11-18,1146.71400535,160.877774014,193.379732536
1990-02-22,1221.81621901,192.955330359,224.832110372
1990-03-26,1221.97406853,222.608698543,256.507123369
1990-06-14,1221.6939902,322.482251383,304.765653548
1990-08-01,1222.05503241,302.636499443,283.236670391
1990-08-17,1130.37284914,257.177835754,219.678656094
1990-09-18,1221.45474218,238.575848336,228.852001551
1990-10-04,1222.05409143,229.09949581,217.288209146
1990-10-20,1222.05409143,222.930483673,211.325549587
1990-11-05,1221.97406899,219.20874822,207.083635056
1990-12-07,1222.05409143,214.246395892,202.561614259
1990-12-23,1210.18104881,209.504183043,203.742205941
1991-02-25,1221.89622796,259.00348004,312.598049964
1991-04-14,1222.05628833,315.946565847,314.225750647
1991-04-30,1222.05409143,307.419526217,302.537214741
1991-06-01,1222.01502096,301.101911571,292.42370221
1991-07-03,1221.29467707,310.613001721,282.288609469
1991-07-19,1221.93499835,284.353203836,262.490597297
1991-08-04,1209.67236131,265.556606157,238.455148399
1991-08-20,1221.81617966,239.719678726,222.475808017
1991-09-21,1222.05628833,211.662886855,198.940607688
1991-12-26,1192.28391126,251.127471811,251.248428756
1992-03-31,1183.88639707,220.398763414,220.086368218
1992-04-16,1205.64843986,214.088786737,209.047115651
1992-05-18,1222.05628833,213.083480179,204.803147066
1992-06-03,1222.05503241,206.184463223,196.677473493
1992-06-19,1221.85403454,201.576355414,191.056441683
1992-07-05,1221.37601481,196.328387295,183.113475102
1992-10-25,1213.22076087,107.619830593,122.290786463
1992-11-26,1221.97500951,75.1045896883,123.309351517
1992-12-28,1222.05409143,93.7542152045,109.961928896
1993-01-13,1222.05503241,85.9496855165,100.756702755
1993-01-29,1222.05503241,96.3144621649,99.1160241024
1993-02-14,1220.76716958,99.589624227,105.362444256
1993-03-02,1211.33285251,90.0728851094,120.287064723
1993-03-18,1222.05409143,87.4709791849,128.169687154
1993-05-05,1222.05503241,129.306794065,141.29380786
1993-07-24,1221.29602064,153.443105239,137.702294481
1993-08-09,1221.73400122,135.832706316,128.229516652
1993-08-25,1222.01407996,129.569824122,123.887749365
1993-10-28,1222.05409143,74.0652820599,144.936863337
1993-12-31,1051.93410436,80.338985079,163.108566709
1994-02-01,1052.02228745,68.7852356172,213.227456304
1994-04-06,1222.05409143,284.699511868,287.113660755
1994-08-12,1221.97626555,258.047013969,246.662087586
1994-09-29,1209.03964059,229.139149105,223.691954105
1994-10-15,1222.05409143,228.733217927,220.169484915
1994-10-31,1221.93405918,220.769633337,211.805750497
1994-12-02,1221.05463824,199.678748845,192.619103799
1995-01-03,1222.05503241,172.747127481,166.784673438
1995-01-19,1222.01407948,155.800602855,158.202542199
1995-02-04,1222.05628833,145.456441898,150.819976238
1995-03-08,1200.20832177,152.218749177,158.182476935
1995-06-12,1221.85402708,193.775644876,180.291560664
1995-07-14,1221.77616809,195.984740491,178.83541577
1995-08-15,1221.6949338,184.020945274,169.865917462
1995-08-31,1221.65397804,174.929238371,164.685119949
1995-09-16,1221.7740004,174.108846056,163.224436958
1995-11-03,1222.05409098,138.712595886,146.997349222
1995-12-05,1221.45595934,112.721758148,141.855949438
1995-12-21,1220.69341239,105.997561404,177.084456498
1996-03-26,1222.01407948,303.457010141,308.078011488
1996-04-11,1221.89404603,285.144822463,307.79918563
1996-06-14,1151.17672496,300.760047936,285.749387523
1996-06-30,1069.73265983,261.306184436,254.076870034
1996-07-16,1222.01502096,291.9089323,284.099331378
1996-08-01,1222.01627685,278.419952833,268.411780375
1996-09-02,1221.93499829,263.867850887,255.224046137
1997-01-08,1222.05503241,240.212128548,326.02281164
1997-04-30,1221.97500951,323.671541997,329.384218629
1997-06-01,1222.05409143,313.447783229,328.393695286
1997-07-03,1222.05409143,337.480006258,329.414765355
1997-08-04,1220.76817022,333.025635769,302.703594477
1997-08-20,1222.01502096,330.984821285,321.070582024
1997-09-05,1173.45683865,312.301908102,300.259162528
1997-10-23,1222.05628833,313.364059927,305.538945859
1997-11-08,1222.05409143,308.651905291,300.399069074
1997-12-10,1222.05409098,292.593166487,293.675035417
1998-01-27,1222.05503241,265.74485761,306.336632024
1998-02-28,1222.05628833,284.874967379,334.101506708
1998-04-01,1195.35634484,289.597876795,328.898083239
1998-04-17,1144.73977601,303.539209106,299.457546622
1998-07-22,1217.30873926,325.443076275,314.525360895
1998-08-07,1222.05628833,321.231320676,310.389880032
1998-09-08,1221.9349984,298.961104653,288.65609369
1998-10-26,1221.97501026,263.307121739,255.103944204
1999-02-15,1222.05409098,244.115792246,306.553720931
1999-04-04,1222.05503241,296.96105552,309.90747124
1999-05-22,1096.08807007,304.174020817,280.767179733
1999-07-09,1221.65491229,291.23263685,277.954100157
1999-08-26,1221.93405698,256.468931147,243.719954914
2000-05-08,1215.20938798,304.209160613,325.449971568
2000-06-25,1222.05503241,331.986807114,323.353872508
2000-08-28,1221.97500917,306.705708579,295.901141579
2000-11-16,1222.05409143,244.878137181,279.82890004
2000-12-18,1220.02236743,225.16588877,289.77830574
2001-08-15,1222.05628833,299.462441534,289.433393958
2003-08-05,1222.05503241,301.951268126,288.939590938
2003-11-25,1222.05503241,236.271638389,231.333289684
2004-06-04,1222.05628833,277.203516418,267.318660763
2004-08-07,1197.62200462,240.861428643,228.432603972
2004-08-23,1222.01408007,231.934103357,222.770339154
2004-09-08,1222.05503241,222.648753618,212.804654708
2006-05-25,1204.55482674,335.066952847,331.542965993
2006-06-10,1222.05503241,331.006774649,322.107340202
2006-06-26,1221.9762656,321.714994494,312.305235832
2006-08-13,1222.01408001,310.97051983,301.704668613
2006-09-14,1222.05503241,321.498390538,311.381629072
2006-09-30,1222.05409098,314.022225671,303.457680948
2006-12-19,1222.05409143,303.486228212,306.226792718
2007-01-04,1182.75266327,261.854080008,293.494556223
2007-02-05,1222.01502194,285.276019911,289.86355656
2007-03-09,1222.05409098,283.660267552,278.626165842
2007-03-25,1221.85623208,268.455043296,269.796403772
2007-04-10,1222.05503241,267.588490059,266.472311659
2007-04-26,1201.88718889,244.765797873,252.409222354
2007-05-12,1222.01407312,244.84011672,248.202226806
2007-06-13,1222.05503241,244.464346381,234.017730885
2007-07-15,1221.93404981,229.347377725,214.706827597
2007-07-31,1221.89624299,219.038412377,206.683790539
2007-08-16,1134.59909448,181.861083665,164.646976
2007-09-01,1222.05409143,197.799165611,187.995119286
2007-10-03,1222.05628833,180.271913082,173.449364407
2008-02-08,1211.36026727,225.923300899,289.015600458
2008-02-24,1199.992832,285.384636706,298.567437575
2008-03-27,1222.05628833,272.10441525,308.703714157
2010-04-02,1222.05409143,296.108377912,322.865491918
2010-04-18,1143.32542301,304.423845071,317.911135094
2010-05-04,1163.91118142,305.553429159,305.553105266
2011-02-16,1198.08976778,272.919890778,333.352631311