Date,Rarea,NDWI,MNDWI
1986-11-10,57.4758454556,6.12852128813,5.91926275464
1986-11-17,57.4776479638,6.05127762447,5.85626995044
1986-11-26,56.965269527,6.03572043075,5.8742885105
1986-12-03,56.9686609887,6.20099007442,6.07085925562
1986-12-19,57.4601817496,5.31109638563,5.15261720557
1986-12-28,57.3459149331,5.26864150301,5.03974587939
1987-01-13,57.4583547717,4.49438039683,4.32763717627
1987-02-14,57.4758454556,3.19224177187,3.0104278583
1987-02-21,57.4327349164,2.9267431139,2.80225783672
1989-01-18,57.4733467981,8.7171002017,8.77519411914
1989-02-19,53.1840070036,7.99150222188,8.64373153201
1989-02-26,57.4776479638,8.0923686357,8.18690418401
1989-03-07,57.4758454556,8.072414567,8.08057494141
1989-03-30,54.0282892467,7.78341501392,7.78018649502
1989-04-08,57.4758454556,7.13276328648,7.98626757238
1989-05-10,57.4758454556,8.63521035734,8.62923080857
1989-06-02,51.2943301313,10.1685215808,9.70426278588
1989-06-11,57.4708481106,8.89581641256,8.82370554207
1989-06-18,57.4776479638,8.98374405962,8.76674374741
1989-07-13,57.4758454556,8.80465186968,8.51395448487
1989-07-20,57.4776479638,8.5902948951,8.46325939891
1989-08-05,57.4776479638,8.08823933936,7.81634342943
1989-08-21,57.4676673268,7.67943695878,7.45273910355
1989-08-30,57.4758454556,7.53827998949,7.3239836862
1989-09-22,57.3753265363,6.69725440266,6.51908800547
1989-12-11,57.4776479638,7.61827709786,7.61041154883
1990-03-01,57.3584278067,5.88743324871,5.75160712285
1990-03-17,57.4776479638,5.3883071509,5.85437837231
1990-03-26,57.4733467766,5.44003002371,5.42901608289
1990-05-29,54.0629673407,5.40008063438,5.13265353293
1990-06-14,57.4758454556,5.65622859362,5.33583916564
1990-07-23,57.4776479638,5.2781146516,4.6797301655
1990-08-17,57.4758454556,4.74117610594,4.2390635911
1990-09-25,57.4651721652,3.97394031683,3.51152491656
1990-10-11,50.6428202848,3.32777720664,3.14240005051
1990-10-20,56.6130573687,3.1330975722,2.92840368188
1990-10-27,57.3295223721,2.95682357227,2.88196833521
1990-11-21,57.3855899088,2.79328238251,2.63856186499
1990-12-07,57.4758454556,2.84110106014,2.62357071826
1990-12-23,57.4758454556,2.59296124492,2.53611796289
1991-02-25,56.8186892993,2.791140939,2.44272859744
1991-03-20,57.4776479638,2.26471279559,2.09404450347
1991-04-05,57.4776479638,2.32526174367,2.09013827735
1991-04-14,57.4758454556,2.28602757726,2.04332372016
1991-04-30,57.4633520337,2.32756417971,2.02855807721
1991-06-01,57.4608533748,2.61859639843,2.22326892022
1991-07-19,57.4758454556,2.89871046808,2.38451434321
1991-07-26,57.283011215,2.90678344532,2.18003983411
1991-08-20,57.4758454556,2.18202686785,1.93982283465
1991-08-27,57.4751528041,2.07709818303,1.78843122702
1991-09-05,53.1322583836,2.35217456435,1.84984058235
1991-09-21,57.4608534478,1.61181469839,1.59100940166
1991-12-26,57.4758454556,1.25865205137,1.22683494043
1992-04-07,57.4701623944,0.111517619487,0.0783078874809
1992-04-16,57.3009416948,0.127845227479,0.10777731359
1992-04-23,57.1981794508,0.180539938455,0.168613084138
1992-05-18,56.8833577354,0.358135225932,0.265342078284
1992-06-03,57.4758454556,0.619093586551,0.451741876882
1992-06-19,57.4708480933,0.685038628443,0.567454562517
1992-06-26,57.4776479638,0.61182343643,0.558015912299
1992-07-05,57.4758454556,0.730866264582,0.693003268073
1992-08-29,57.4776479638,0.110030420699,0.122271671033
1992-09-14,56.3695284607,0.019051230081,0.0250881887686
1992-09-23,57.4758454556,0.0265055796712,0.0224882658691
1992-11-17,57.3828311232,0.758540670166,0.863339271729
1992-11-26,55.190406337,0.558717319906,0.69212519458
1992-12-19,57.4776479638,0.0448350276712,0.097312654541
1993-01-13,57.4758454556,0.0340014224447,0.00749598266602
1993-01-20,57.4751528102,0.0288069656202,0.00499037060547
1993-01-29,57.4758454556,0.0439961223958,0.0274853259277
1993-02-05,57.319453389,0.0287286578422,0.0174661870117
1993-02-14,57.4758454556,0.0365002327474,0.0249867490234
1993-03-02,57.4758454556,0.0414976089681,0.0224881516113
1993-03-18,57.4758454556,0.090373781227,0.0643385666954
1993-05-05,57.4758454556,0.221492313382,0.28407495694
1993-05-12,57.4776479638,0.398084801298,0.356292891023
1993-06-29,57.4776479638,0.598241852908,0.649401865719
1993-07-15,57.4576866654,0.561928233371,0.532126759262
1993-07-24,57.4758454556,0.552844291449,0.542945853747
1993-08-09,57.4708480962,0.300793149449,0.224118455458
1993-08-16,57.4776479638,0.272811937804,0.201049891511
1993-09-01,57.4776479638,0.148513894154,0.0931612073999
1993-10-12,57.4758454556,0.0299840649414,0.00499731787109
1993-10-28,57.4758454556,0.00749602270508,0.0
1993-11-04,56.5201124172,0.00748572607422,0.0
1993-12-31,57.4758454556,0.0389987974447,0.0399784353027
1994-02-01,55.947987728,1.36359409336,1.58663856519
1994-03-28,57.4776479638,6.1075675525,6.15388045184
1994-04-06,57.4683494202,6.11527758454,6.13713802336
1994-04-13,57.4776479638,6.10268321196,6.19919500042
1994-04-29,57.4776479638,6.07637917591,6.14200020882
1994-05-08,57.4733467752,6.16160885217,6.18557430707
1994-05-15,57.4751528041,6.14034174623,6.18127645887
1994-05-31,57.4776479638,6.26339698315,6.19451359207
1994-09-20,57.3183678889,4.46719322052,4.3366604406
1994-10-15,57.4758454556,3.88939707894,3.80292427075
1994-10-31,57.4758454556,3.76946299495,3.72046956519
1994-11-07,57.4776479638,3.51204456409,3.4034695459
1995-01-03,57.4683494905,3.22226289608,3.21074886792
1995-01-10,57.3179561305,3.09534353895,3.15893690479
1995-02-04,57.4258721565,3.00535253102,3.11037377822
1995-02-11,57.3897879429,2.87697773877,2.93525815684
1995-03-15,57.4776479638,2.73173471013,2.85051631463
1995-03-31,56.1351611483,2.76029144165,2.82988866301
1995-04-16,57.3279705218,2.94732213271,2.99123095235
1995-05-02,57.4776479638,2.86189978722,3.02708671023
1995-06-12,57.415604426,3.34155524004,3.33265630268
1995-06-19,57.4726576422,3.40733410256,3.44894443425
1995-07-30,57.4758454556,3.12268066549,3.0957813631
1995-08-15,57.4458612195,2.84611307997,2.83896775634
1995-08-31,57.4758454556,2.55664122012,2.52797920016
1995-09-07,49.6339316543,2.32516091039,2.25577589202
1995-09-16,57.4758454556,2.45302045877,2.48710839165
1995-09-23,57.4776479638,2.25878650099,2.22138804212
1995-10-18,57.4758454556,2.15034950301,2.12634252954
1995-11-03,57.4758454556,2.09885867554,2.07387179907
1996-01-29,57.4776479638,1.95491076795,2.03464020528
1996-02-07,57.4558569053,1.78055165243,1.92145490625
1996-03-01,57.4776479638,1.95953816887,2.00257326344
1996-03-17,57.4601817599,1.83040313909,1.95064236001
1996-03-26,57.4583547932,1.81802401396,1.91332505348
1996-04-11,55.3862186161,2.61709597607,2.53006941265
1996-05-13,57.4758454556,2.08910735713,2.07629792022
1996-06-05,57.4726575726,2.25843183827,2.19778674915
1996-06-21,57.475152808,2.42676290357,2.25434271001
1996-07-07,57.4776479638,2.51718477877,2.32618704023
1996-08-01,57.4758454556,2.02375163646,1.94781994219
1996-09-02,57.4758454556,1.61316765638,1.5283689555
1996-10-04,55.2684243146,1.2743091084,1.27680743335
1996-10-11,57.4776479638,0.443010870161,1.23761987769
1997-01-08,57.4758454556,4.33415216341,4.57999904053
1997-01-15,57.4776479638,4.37679012114,4.58865724011
1997-01-31,57.4776479638,4.9829425293,5.07631239423
1997-02-09,57.4758454556,4.82173875273,4.95229495044
1997-02-16,56.9386715123,4.90129117903,4.9311606648
1997-02-25,57.4758454556,4.63148989071,4.74990507495
1997-04-14,57.4758454556,4.5362994049,4.61191492671
1997-04-30,56.8433279388,4.39985538236,4.37026215257
1997-05-23,56.9879642019,4.42185912097,4.49461518927
1997-06-01,57.4758454556,4.46939189723,4.44943975743
1997-06-24,57.4776479638,4.77423824406,4.64156613649
1997-07-03,57.4758454556,4.5847141714,4.50717461673
1997-07-10,57.4776479638,4.55417187814,4.49885048095
1997-08-04,57.4758454556,4.29570845861,4.30514065013
1997-08-11,57.4751528041,4.00920239525,3.96882060294
1997-08-20,57.4758454556,3.76039377679,3.68484579124
1997-09-05,57.4758454556,3.52470684959,3.44846316794
1997-09-28,57.4751527877,2.93686353882,2.85202685645
1997-10-30,57.4776479638,2.65232946322,2.5925234939
1997-11-08,57.4758454556,2.61607399292,2.52612244458
1998-01-27,57.473346801,2.0728924637,2.16632057471
1998-02-03,57.4701623905,2.14474279057,2.09347979199
1998-02-12,57.4758454556,1.98044348397,2.0688741123
1998-02-19,52.8140355846,2.02373516333,1.88388732227
1998-04-24,57.4776479638,1.81776811673,1.81269990908
1998-05-19,57.4758454556,1.73254475843,1.95464750345
1998-05-26,57.4776479638,1.93063460235,1.92865037332
1998-06-11,57.4776479638,1.96079124709,1.92865961854
1998-06-27,57.4776479638,2.00994104216,1.92110470956
1998-07-29,57.4482322656,1.88830050053,1.70765120235
1998-08-07,54.1817574669,1.37736971305,1.35180473423
1998-08-14,57.4776479638,1.67973472084,1.60375533356
1998-09-08,57.4758454556,1.47173257961,1.43570231479
1998-09-15,57.4653775967,1.39928878264,1.35659701155
1998-10-26,57.4633521067,1.18435827539,1.23932801636
1999-01-05,57.2480874669,0.0412044010062,0.0
1999-01-30,55.0887733177,0.541589274946,0.0649660546875
1999-02-06,57.4751527714,0.0412043804984,0.0
1999-02-22,57.4751527714,0.0459989848326,0.00249510424805
1999-04-04,57.4758454556,0.115322038318,0.0583225221105
1999-04-11,50.8509350228,0.501135042928,0.0474105378418
1999-05-06,55.7472160308,0.114372263418,0.0498760118585
1999-07-09,57.4758454556,0.662079789399,0.384512311592
1999-08-26,57.4758454556,0.176407784364,0.0918051266879
1999-09-02,57.4776479638,0.127966450436,0.0677304084961
2000-03-12,57.4776479638,0.0599424730316,0.0831034485438
2000-05-08,53.3710876414,2.04844951884,2.16791276677
2000-06-25,57.4758454556,2.44261109695,2.42046376531
2000-08-19,57.4776479638,2.10934540248,2.11686180821
2000-08-28,57.4758454556,2.0551588883,2.0092419779
2000-09-04,57.4751527714,2.01149723341,1.97891404497
2000-09-20,57.4651714884,2.10937190707,2.01626544658
2000-11-16,57.4758454556,1.89798736776,1.96643009473
2000-12-18,57.4758454556,1.84087054277,1.99141644897
2001-06-03,57.4776479638,3.75561831049,3.77494523197
2001-08-15,50.1805905002,3.85088637462,3.46610243351
2003-08-05,57.4758454556,3.12385471198,2.92607672005
2003-11-16,57.4776479638,2.40307150493,2.36545874487
2003-11-25,56.7047642012,2.15080067309,2.35121919897
2004-02-04,57.4776479638,1.26774814067,1.96123295532
2004-03-07,55.600411537,1.96738704969,2.07351747314
2004-04-17,57.4758454556,2.9120326743,2.9243687769
2004-04-24,57.4776479638,2.94403124021,2.9210660567
2004-05-10,50.1457892724,2.33823193552,2.30201789175
2004-05-26,53.9234670933,2.26131028961,2.18660243231
2004-06-04,57.4758454556,3.13430821654,3.07590689962
2004-06-20,57.4758454556,3.30505218875,3.34183193572
2004-08-07,57.4758454556,2.98210542859,2.79907634839
2004-08-23,57.4758454556,2.87743539302,2.71901039225
2004-09-08,49.4895427721,2.17974805671,2.05146448799
2005-02-06,57.4776479638,2.9492585223,3.07908966235
2005-04-27,57.4751527916,2.76390598175,3.36927575958
2005-06-14,57.4776479638,3.63788195111,3.44565550349
2005-08-17,57.4776479638,3.22166571626,3.11625249125
2005-09-02,57.4776479638,3.1983980169,3.06246474469
2005-09-18,57.4526963112,3.01027121479,2.99189462139
2006-02-02,57.4758454556,2.78785466337,3.10330796851
2006-05-25,57.470848082,3.07571235379,2.95460922128
2006-06-10,57.4758454556,3.13613102218,3.02880528507
2006-06-26,57.4758454556,3.07889738455,2.97004329131
2006-07-03,57.4776479638,3.12024628809,2.94632795198
2006-07-19,57.4776479638,3.04606554412,2.86989667657
2006-08-13,57.4758454556,8.93188300225,8.92060376969
2006-09-14,57.4758454556,9.40183806294,9.62897761817
2006-09-30,57.4758454556,9.19183575273,9.38235696631
2006-11-08,57.4776479638,8.79084695231,9.04267096387
2006-12-19,52.6581930183,8.20451946151,8.18550818213
2007-01-04,57.4758454556,8.79705366557,9.02255474878
2007-02-05,57.4758454556,8.63928751424,8.75020336646
2007-03-09,57.4758454556,8.65677667489,8.42288512354
2007-03-16,57.470162462,8.45496140077,8.30723624768
2007-04-01,57.4776479638,8.36840198023,8.12351899937
2007-04-10,57.4758454556,8.45590866554,8.19398319842
2007-04-26,57.4758454556,8.23484395454,7.99845438952
2007-05-12,57.4658507112,8.23148440108,7.91958688647
2007-05-19,49.7269942325,2.98177989014,2.76219939771
2007-06-13,57.4758454556,8.45252461121,7.95452267299
2007-06-20,57.4776479638,8.39982225201,7.93639818933
2007-07-06,57.4776479638,8.47131204464,7.9641004509
2007-07-22,51.8957604956,4.54375425915,4.11959100562
2007-07-31,57.4758454556,8.19888823326,7.70482502826
2007-08-07,52.4680300976,7.14907780612,6.11642217211
2007-09-01,57.4658507339,7.89844139448,7.47437911712
2007-09-08,57.4776479638,7.83732814824,7.41654788458
2007-10-03,57.4758454556,7.49991452547,7.22854246533
2008-02-08,56.6743735145,8.67712255986,8.42288886182
2008-02-24,57.4758454556,8.52685300472,8.3804126731
2008-03-02,57.4501227451,8.69718975664,8.64343217554
2008-03-11,57.0544718797,9.40734611572,9.71298985332
2008-03-27,57.4708481421,9.48417593193,9.30490053589
2009-03-21,57.4601818229,8.44143353759,8.36711666077
2009-04-06,57.4776479638,8.42153064362,8.23755097198
2009-05-01,57.4708480947,8.46745508053,8.22598855168
2009-05-08,57.4776479638,8.56673029201,8.30017394289
2010-02-04,57.4751527733,8.08336459941,7.949759771
2010-02-20,57.4776479638,7.78678301252,7.75263770801
2010-03-24,57.3517077399,7.76780163028,7.66331553568
2010-04-02,57.4758454556,7.79448057495,7.51811100431
2010-04-18,57.4758454556,7.82550250208,7.47874108703
2010-04-25,57.4751526188,7.76846673166,7.4488068452
2011-02-07,57.4776479638,6.32049653198,6.70214675537
2011-04-05,57.4758454556,9.53102399584,9.78611734751