Date,Rarea,NDWI,MNDWI
1984-05-21,14.8195683643,0.873982057132,0.805697607565
1984-06-22,14.8222704945,1.15381688182,1.0524745741
1986-12-21,14.8267740448,1.89059059485,1.99237088495
1987-01-22,14.6588991379,2.05451988556,2.04190994727
1989-02-28,14.8267740448,1.64289527808,1.56633492139
1989-03-16,14.8267740448,1.66991658398,1.59515765063
1989-04-01,14.8240719146,1.67532086206,1.67081733746
1989-04-17,14.8258733347,1.7545833833,1.78430685931
1989-06-04,14.8249726246,2.14990696925,2.27875091609
1989-06-20,14.8006534486,2.28496760534,2.42557364802
1989-07-06,14.8186676544,2.25110796371,2.22581736394
1989-08-07,14.8240719141,2.13198103918,2.03470432861
1989-08-23,14.8231712045,1.98156240411,1.91490985046
1989-09-24,14.8267740448,1.87794890857,1.74686904449
1990-03-03,14.8267740448,2.03740639386,2.07343482245
1990-04-20,14.8240719146,2.1653072998,2.24547052637
1990-06-23,14.8240719157,2.6288835461,2.77172899179
1990-10-13,14.8267740448,2.07703763629,1.96174673657
1990-10-29,14.82136978,2.07703762408,1.94733535211
1990-11-14,13.8358515577,1.85005860925,1.6609094856
1991-01-17,14.8267740448,2.0419099386,1.93472541693
1991-02-02,14.4222527577,2.01939216907,1.91671121539
1991-03-06,14.8267740448,2.02929999451,2.03020071881
1991-04-23,14.8267740448,2.15179665155,2.07073273108
1991-05-09,14.8240719146,2.25417742272,2.20388244052
1991-07-12,14.8249726241,2.59001165768,2.26875479743
1991-07-28,14.8240719141,2.3847203509,2.08438115298
1991-08-13,14.7907456368,2.39922003065,2.06953179479
1991-11-17,14.4502771235,1.71675350922,1.82123591187
1991-12-03,14.8240719146,1.88788848889,1.9743566842
1992-01-04,14.8267740448,1.91310838281,2.02029292303
1992-06-28,14.8051570003,1.9656287106,1.93783384333
1993-01-06,14.8267740448,1.43302978442,1.35646942273
1993-03-11,14.8267740448,1.34385946875,1.39519996735
1993-05-30,14.8267740448,1.47446256403,1.54869523909
1993-08-02,14.8258733349,1.3019889388,1.26819994055
1993-09-19,14.8267740448,0.984476151306,0.938539929382
1993-12-24,14.8267740448,1.25919271582,1.30783108307
1994-02-10,14.8267740448,1.52220012744,1.69063293604
1994-05-01,14.8267740448,2.01759081091,2.09144907422
1994-07-20,14.7664264627,2.20600178415,2.12620590524
1994-08-05,14.7709300147,2.1191415149,2.06570290272
1994-09-06,14.8258733345,1.9464346767,1.87798069489
1994-10-08,14.8267740448,1.82213662561,1.74017199481
1994-11-25,14.8267740448,1.55282421606,1.56723562323
1995-01-28,14.8267740448,1.86897356915,1.89239204755
1995-03-17,14.8267740448,1.8275409057,1.92571833606
1995-04-02,14.8267740448,1.85816508868,1.99507305682
1995-06-21,14.7358023107,2.47279573925,2.50609015389
1995-07-07,14.7718307186,2.45563993973,2.38066901057
1995-08-08,14.8222704934,2.21503713276,2.09233567096
1995-08-24,14.8267740448,2.06712991754,1.97345604694
1995-09-25,14.8267740448,1.89149131543,1.77169687402
1995-10-11,14.8267740448,1.80412241675,1.69153364801
1996-04-04,14.8267740448,1.97795951343,2.08514408136
1996-04-20,14.8267740448,2.01488868262,2.15720094781
1996-05-22,14.8258733345,2.27696366985,2.30049514009
1996-09-11,14.644830609,2.06759962862,1.91490985907
1996-09-27,14.8267740448,1.91941333783,1.80682456232
1996-11-30,14.0405943873,1.99867584747,2.03200213721
1996-12-16,14.8267740448,1.95814388422,2.01488865454
1997-02-02,14.8267740448,1.98336377106,2.03290285376
1997-03-22,14.8267740448,2.0031794079,2.02839932104
1997-08-13,14.8267740448,2.07703769843,2.12207322809
1997-10-16,14.8267740448,1.9581438858,2.01759078186
1998-02-05,14.8267740448,1.85726432941,1.79781745789
1998-04-10,14.8267740448,1.94823607306,2.01849150385
1998-05-12,14.8024018362,2.05181780652,2.14729316022
1998-06-29,14.8141641018,2.19252645708,2.20877808189
1998-07-31,14.8267740448,2.09595263446,2.0696766155
1998-10-03,14.5471937211,2.00588152136,1.96264743872
1998-11-04,14.8267740448,1.97075380145,1.94193109424
1999-01-23,14.8267740448,1.95273945544,2.00407995184
1999-02-08,14.8267740448,2.03470425769,2.00137799182
1999-02-24,14.8267740448,2.0383070918,1.98426449506
2000-07-04,14.8195683664,2.19614345009,2.44408602422
2000-09-22,14.8267740448,1.99507301611,2.00317942603
2000-12-27,14.8267740448,1.9050019823,1.99867586108
2001-08-08,14.8222704968,2.08604479456,2.07883913202
2003-12-04,14.7629225601,1.79691672791,1.74377484204
2003-12-20,14.8267740448,1.80142027875,1.73566844305
2004-04-10,14.8267740448,1.8266401781,1.84915796252
2004-04-26,14.8267740448,1.84285298132,1.84195229535
2004-05-28,14.8213697832,1.96582645985,1.90139919165
2004-06-13,14.822270496,2.05140456345,1.94747320163
2004-07-15,14.8222704994,2.08122690352,1.91700446198
2004-07-31,14.8240719176,1.9894427334,1.87708004156
2005-06-16,14.8267740448,2.16560050214,2.22759409653
2005-07-18,14.8195683641,2.19622463471,2.19262178852
2005-09-20,13.9898246089,1.67171826288,1.59335650775
2006-02-27,14.8267740448,1.96444884753,2.00768295569
2006-09-23,14.8267740448,1.93112256689,1.97886022382
2006-12-12,14.8267740448,1.88518633575,1.93472541876
2007-01-29,14.8267740448,1.94373251019,1.94463323492
2007-06-22,14.825873335,2.14292730679,2.16662836921
2007-08-09,14.8267740448,2.01759078522,2.01128581042
2007-09-26,14.8267740448,1.94913677393,1.9230161817
2009-03-23,14.8267740448,1.70684572607,1.75007981512
2009-04-08,14.8267740448,1.74017198694,1.72485993109
2009-05-10,14.8267740448,1.77349830817,1.76899479028
2009-05-26,14.8267740448,1.78971111261,1.75998769598
2010-04-11,14.8267740448,0.986277561157,0.981774012939
2010-04-27,14.5880862568,0.996185404907,0.961958437805
2011-02-25,13.769191979,0.997086068848,0.979972588257