Date,Rarea,NDWI,MNDWI
1984-08-18,14.0665537759,0.965437650879,0.974443491455
1986-11-12,14.0665537759,2.08127636847,2.22704581951
1986-12-14,13.9166092422,2.05605959351,2.20645910834
1989-02-21,14.0665537759,2.12077534399,2.17841355145
1989-03-09,14.0656531842,2.11099592303,2.14148912597
1989-08-16,14.0656531785,2.22159932757,2.08835364715
1990-02-24,13.168412184,1.99121665631,2.24415710308
1990-07-02,14.0557466496,2.24222077868,2.45972667796
1990-08-03,14.0656531834,2.13471812909,2.17364153031
1990-10-22,14.0665537759,1.88121683209,1.96780110742
1991-02-11,14.0665537759,1.7561608551,1.77237160077
1991-03-31,14.0665537759,1.68141134167,1.66880297186
1991-05-18,14.063851991,1.79575475612,1.63271863839
1991-06-03,14.0458400714,1.82043436154,1.68683532106
1991-06-19,13.9864007508,1.9530828194,1.76098047329
1991-08-06,14.0647525844,1.73835291781,1.44404559184
1991-08-22,14.0665537759,1.68029473351,1.39952459119
1992-04-02,14.0665537759,1.6570952981,1.73622064013
1992-04-18,14.0665537759,1.64178519946,1.72103756549
1992-05-04,13.7099184261,1.24552339508,1.31396866199
1992-06-21,13.9845995836,1.58630790456,1.52047956576
1992-08-24,14.0665537759,1.38421465155,1.3454890058
1992-09-25,14.0665537759,1.31847122198,1.2923539024
1992-11-28,14.0665537759,1.22210750397,1.17347533527
1993-01-15,14.0665537759,1.17887885486,1.14375559131
1993-03-20,14.0665537759,1.03208175769,0.914103785583
1993-06-08,13.5135875356,0.826204870744,0.793077014501
1993-10-30,14.0665537759,1.12844554944,1.10683126691
1993-11-15,14.0659922245,1.12124079205,1.17977951477
1993-12-17,14.0665537759,2.00639981469,2.16310347259
1994-01-18,14.0665537759,2.0191351745,2.18381715539
1994-04-08,14.0665537759,1.99031611273,2.24235574877
1994-07-13,14.0548460386,2.09241477651,2.20155615112
1994-07-29,14.065653179,2.02596851173,2.19564403259
1994-08-14,14.0665537759,1.99027326618,2.14212067404
1994-10-17,14.0665537759,1.71113119476,1.8354134129
1994-11-02,14.0665537759,1.66970372723,1.81187070623
1994-12-04,14.0665537759,1.61836976447,1.69672156
1995-01-05,14.0665537759,2.01193047375,2.20633203851
1995-01-21,13.9732520504,1.92457257239,2.18291645227
1995-03-26,14.0665537759,1.98761426685,2.26577120044
1995-06-14,14.0557466266,2.13540314947,2.49074226739
1995-08-01,14.0413370726,2.13788252758,2.55859401874
1995-08-17,14.0611502076,1.96788566378,2.2848874655
1995-09-02,13.5305020323,1.88404564191,1.98028209851
1995-10-20,13.6108519731,1.65426652673,1.78708506877
1995-11-05,13.7843371836,1.71833596429,1.86693422272
1996-02-09,14.0665537759,1.99121667419,2.26216890338
1996-04-13,14.0410829442,2.03714700812,2.335787674
1996-04-29,14.0656531835,2.06416476862,2.30515338365
1996-05-15,14.0638519968,2.09640244874,2.26572495197
1996-05-31,14.0575478281,2.1174657143,2.30621964641
1996-07-18,14.0224245568,2.11789617844,2.19745929055
1996-08-03,14.0620507933,2.12143159552,2.10141020968
1996-12-25,13.9802135294,1.97500597394,2.20633204596
1997-04-16,14.0665537759,1.9804094339,2.21172114714
1997-06-19,14.0665537759,1.99730872034,2.36249812769
1997-07-05,14.063851978,2.05503173449,2.30569715993
1997-07-21,14.065653178,2.13251113203,2.37873359445
1997-08-06,14.0665537759,2.05052880145,2.25090946506
1997-08-22,14.0665537759,2.01012917407,2.17481104345
1998-05-21,14.0665537759,1.97770763751,2.24436519672
1998-06-06,14.0665537759,1.9939183031,2.20932664142
1998-06-22,14.0584484033,2.00259930533,2.25760536043
1998-07-24,14.0548460248,1.98474275433,2.21330661694
1998-08-09,14.0629513962,1.9595684931,2.12562762279
1998-09-10,14.0665537759,1.8560000108,1.96046916784
1998-10-28,14.0665537759,1.70392636078,1.82100384033
1998-11-13,12.1317271746,0.751096480286,0.760102364929
1998-11-29,14.0665537759,2.0199085921,2.20453082568
1999-04-06,14.0665537759,2.01553275012,2.23785281982
1999-08-28,14.0665537759,2.06133600409,2.19282302246
2000-06-27,14.0611501987,2.0074272597,2.21648890498
2000-08-14,14.0665537759,2.00292432257,2.10006156866
2000-10-01,13.3730981196,1.93615328167,2.05413133172
2000-10-17,14.0665537759,1.92457258533,2.05953485479
2001-08-17,14.0665537759,2.02003563214,2.07664604382
2004-04-19,14.0665537759,1.93988261157,2.12617889953
2004-06-22,14.0377347042,1.97836771726,2.07707997704
2005-10-31,14.0665537759,1.8381152887,1.84609346252
2006-02-04,14.0665537759,1.97140356183,2.1622028269
2006-05-27,14.0665537759,2.04435176141,2.23695208361
2006-06-28,13.8738276075,2.00112321509,2.42025708364
2006-11-03,14.0665537759,1.85972963879,2.11537180633
2007-03-27,14.0665537759,1.93537966278,2.11357058618
2007-04-28,14.0665537759,1.95969574255,2.16863400195
2007-08-18,14.0665537759,1.89845512274,1.96046912133
2007-09-03,14.0665537759,1.90385870972,2.00459828875
2008-03-13,13.4046169155,1.65619502466,1.80106392224
2009-04-17,14.0665537759,1.50669567188,1.5003914549
2009-05-19,14.0656531797,1.49408725049,1.42294017682
2010-04-20,14.0665537759,1.58324629291,1.59675521973
2010-05-06,14.0665537759,1.57694212164,1.56073139685