Date,Rarea,NDWI,MNDWI
1984-08-18,4.79195959567,0.193245526508,0.170324675164
1986-11-12,4.7928601835,0.207499593733,0.188223440491
1986-12-14,4.7928601835,0.202307967587,0.1934857044
1989-02-21,4.7928601835,0.221439334784,0.16619956718
1989-03-09,4.78745664957,0.190557902288,0.145712015386
1989-08-16,4.7910590018,0.286016975982,0.182579775807
1990-02-24,4.7928601835,0.200379621758,0.172602615152
1990-07-02,4.7764658887,0.296855864417,0.33095867067
1990-08-03,4.78655605179,0.296873456751,0.227884906692
1990-10-22,4.7928601835,0.185390998531,0.179076267022
1991-02-11,4.7928601835,0.202389179418,0.179033882146
1991-03-31,4.79105900845,0.220708238413,0.18252322202
1991-05-18,4.78745662332,0.302252308341,0.22044000416
1991-06-03,4.77935131522,0.27400914245,0.247945184681
1991-06-19,4.68118691629,0.316086129486,0.257163122468
1991-08-06,4.78385427774,0.289933685576,0.207012354311
1991-08-22,4.78925781345,0.273366305189,0.214997532556
1992-04-02,4.7928601835,0.137408937152,0.152355225215
1992-04-18,4.7928601835,0.150031334182,0.17170203686
1992-05-04,4.7928601835,0.14990418312,0.157589241008
1992-06-21,4.78475486801,0.191592758021,0.191886008073
1992-08-24,4.79105900314,0.168971994883,0.151299257996
1992-09-25,4.7928601835,0.150059593699,0.142293326111
1992-11-28,4.7928601835,0.142854870677,0.134188017395
1993-01-15,4.7928601835,0.151705373541,0.145726167648
1993-03-20,4.7928601835,0.137956359351,0.148597466248
1993-10-30,4.7928601835,0.122928860227,0.0990649695435
1993-11-15,4.7928601835,0.139224248367,0.130585655884
1993-12-17,4.7928601835,0.138238888853,0.144419433171
1994-01-18,4.7928601835,0.162667881785,0.153100425598
1994-04-08,4.7928601835,0.154449535764,0.147767526982
1994-07-13,4.77101996125,0.233609674331,0.189639874055
1994-07-29,4.78295368918,0.204582455138,0.200482264951
1994-08-14,4.78655603897,0.212761904226,0.216371473545
1994-10-17,4.68252574655,0.145556662669,0.133287434143
1994-11-02,4.79105900821,0.142812482624,0.134188015991
1994-12-04,4.7928601835,0.149017725344,0.119976346352
1995-01-05,4.7928601835,0.160753671201,0.152199847351
1995-01-21,4.7928601835,0.147972325969,0.139337268437
1995-03-26,4.7928601835,0.152577714244,0.128318272386
1995-06-14,4.7802518989,0.193704722305,0.260507679791
1995-08-17,4.78652781296,0.17880429634,0.266359789284
1995-09-02,4.7928601835,0.164988202672,0.161626058103
1995-10-20,4.33711946931,0.167704099925,0.156745175154
1995-11-05,4.7928601835,0.130133578123,0.1172321972
1996-02-09,4.79107313592,0.151451088907,0.151256857739
1996-04-13,4.7928601835,0.150183170777,0.15245065651
1996-04-29,4.7928601835,0.173319544379,0.196604361216
1996-05-15,4.77755012973,0.228407720015,0.343814534409
1996-05-31,4.77845071347,0.172330654402,0.1816263934
1996-07-18,4.76314068448,0.184472775634,0.18620354543
1996-08-03,4.77484836722,0.190692144105,0.170091684693
1997-04-16,4.7919595922,0.148099450563,0.130091231036
1997-06-19,4.78475486099,0.183275511172,0.215064768046
1997-07-05,4.79195959232,0.171878595681,0.211119829009
1997-07-21,4.7856554578,0.189371253525,0.239507908614
1997-08-06,4.79015841086,0.175664594035,0.185055572196
1997-08-22,4.7910589979,0.174414358507,0.166383255807
1998-05-21,4.78925782016,0.178454679243,0.1934398995
1998-06-06,4.7736970085,0.184938946659,0.187587848022
1998-06-22,4.7874566445,0.181114086304,0.212292362165
1998-07-24,4.78835722891,0.205444080713,0.206846419644
1998-08-09,4.79015840622,0.170660147342,0.197014047101
1998-09-10,4.7928601835,0.157024145418,0.14679628772
1998-10-28,4.7928601835,0.140940671567,0.137620857956
1998-11-13,4.7928601835,0.151451080911,0.142123805954
1998-11-29,4.79195959403,0.166114832648,0.160305150568
1999-02-17,4.7928601835,0.129275370103,0.133287434021
1999-08-28,4.78536231744,0.16615720239,0.147527360398
2000-06-27,4.78655604288,0.176116670793,0.198719882936
2000-08-14,4.7928601835,0.180040396794,0.161078610624
2000-10-01,4.54922757552,0.141392747925,0.158503998047
2000-10-17,4.7928601835,0.147244797727,0.152157459484
2001-08-17,4.79195959006,0.156840491682,0.148597477356
2004-04-19,4.78295369858,0.213139700006,0.158503968079
2004-06-22,4.77574896915,0.240489412039,0.171048773998
2005-06-09,4.78025192111,0.171627816076,0.145358915901
2005-10-31,4.7928601835,0.173121741658,0.135989199036
2006-02-04,4.7928601835,0.165479074871,0.142335715132
2006-04-25,4.7928601835,0.18432083642,0.155463142954
2006-05-27,4.78658429987,0.191214752212,0.165369679459
2006-06-28,4.35116085585,0.160584085857,0.175774228711
2006-11-03,4.7928601835,0.172051620976,0.155590291912
2007-03-27,4.7928601835,0.176791182259,0.152326980556
2007-08-18,4.79198784515,0.185560477239,0.159404566284
2007-09-03,4.7928601835,0.182858705083,0.16300692804
2008-03-13,4.7928601835,0.184363216213,0.155759819469
2008-09-21,4.4894205729,0.120562510605,0.0729054375725
2008-10-07,4.75327648411,0.148074749934,0.129685069458
2009-04-17,4.77508857272,0.17862061848,0.141223216049
2009-05-19,4.68298818595,0.176762923177,0.120622665994
2010-04-20,4.7856554744,0.194213190336,0.142250942944
2010-05-06,4.78475488437,0.189752632588,0.148597478577