Date,Rarea,NDWI,MNDWI
1984-08-18,69.9467754783,4.38803016211,4.74663280825
1986-11-12,69.9492772264,7.19748025439,7.6907926127
1986-12-14,69.9492772264,7.15745253418,7.65787805458
1989-02-21,69.9492772264,7.17996881006,7.33007299951
1989-03-09,69.9492772264,7.20748758594,7.3175645293
1989-03-16,68.4445107348,7.18997586963,7.35508979907
1989-04-01,63.4943243386,7.14494501489,7.38761346704
1989-08-16,69.9392703392,7.79547349306,7.55272690356
1990-02-24,66.3083459423,6.78219744922,7.37510781543
1990-07-02,69.8967406802,8.95349967077,10.2476979297
1990-08-03,68.9149360882,8.28924867155,8.00949710058
1990-10-22,69.9492772264,6.88976730273,7.21749372607
1991-02-11,69.9492772264,6.74716721655,6.88226066724
1991-03-31,69.9492772264,6.80470687305,6.82221851831
1991-05-18,69.9142529105,7.65983766802,7.44266747768
1991-06-03,69.916754888,8.10389970754,8.06067272299
1991-06-19,69.764149419,9.35809981401,8.48403326495
1991-08-06,69.8166869324,7.92885659717,6.9620984177
1991-08-22,69.9467754588,7.22342672086,6.61785003834
1992-04-02,69.9492772264,5.7064438208,6.27433929272
1992-04-18,69.9492772264,2.88198303174,6.31436709399
1992-06-21,69.6915984903,6.6646001888,6.86068569908
1992-08-24,69.8967408958,5.80401244678,5.68142720752
1992-09-25,69.8041759712,5.34119188257,5.3587033606
1992-11-28,69.9492772264,4.9934496228,4.92590331299
1993-01-15,69.9492772264,4.99567627255,5.02819942782
1993-03-20,69.9492772264,4.32771293368,4.82333236475
1993-06-24,68.5223398314,5.86874968736,5.68744529558
1993-10-30,69.9492772264,4.04001506015,4.18011125741
1993-12-17,69.9492772264,4.27017553305,5.83375947372
1994-01-18,69.9492772264,6.18150027939,6.53674751205
1994-04-08,69.9492772264,7.22722654135,7.75759429501
1994-07-13,69.7769319863,8.21515425494,8.51594075149
1994-07-29,69.9067477068,7.83919855596,8.54087098237
1994-08-14,69.9367685035,7.64009050951,8.13032229339
1994-10-17,69.9492772264,6.71687271005,6.85974546558
1994-11-02,69.9492772264,6.69212897632,6.80470736914
1994-11-25,69.9492772264,6.64959929321,6.57704939722
1994-12-04,69.9492772264,6.634588698,6.55453342871
1995-01-05,69.9492772264,6.8694778309,7.18719864364
1995-01-21,67.5082733778,6.96954946396,7.46528575303
1995-01-28,68.0201758789,6.96482020776,7.5574559642
1995-03-10,68.2831545786,7.09741085693,7.78933027428
1995-03-17,69.9492772264,6.56677248446,7.63751146469
1995-03-26,69.9492772264,7.18497178125,7.64227928543
1995-04-02,69.9492772264,7.14466954281,7.85015901254
1995-06-14,69.9017441473,8.23051965704,9.83873055156
1995-06-21,69.8241902711,8.11805946136,10.0849097162
1995-07-07,69.7616469568,7.90565759097,9.60599042808
1995-08-01,69.7591455086,7.59998446078,9.03954101957
1995-08-08,68.62877157,7.85000068689,8.3896479596
1995-08-17,69.7691524798,7.35456834257,8.95124267097
1995-08-24,63.9843719186,7.2947733934,7.52743479623
1995-10-20,62.2663830553,6.23931637964,6.70436190024
1995-11-05,69.9492772264,6.58678286996,6.7669075914
1996-02-09,69.9492772264,7.12493104492,7.72257039389
1996-04-13,69.2884525539,7.26752909595,8.19378875034
1996-04-29,69.9417720452,7.5024170953,8.08550713777
1996-05-15,69.8592148265,8.34389364226,9.45571278539
1996-05-31,69.7766574163,7.8539341808,8.50248946909
1996-07-18,69.6615776927,8.12723126769,8.39890865982
1996-08-03,69.8066787742,7.85128602749,7.67870490118
1997-04-16,69.946775511,7.19497939355,7.89709314283
1997-06-19,69.9417720838,7.7867415306,9.1997410711
1997-07-05,69.9467755106,7.53571648618,8.86693061425
1997-07-21,69.9417720027,7.75829220821,9.17448714508
1997-08-06,69.9492772264,7.45566023667,8.24737571196
1997-08-22,69.9492772264,7.32729709408,7.88017961996
1998-05-21,69.9492772264,7.42986785214,8.43551524047
1998-06-06,69.9492772264,7.63285245898,8.44590432595
1998-06-22,69.8992423148,7.71384997582,8.74121587663
1998-07-24,69.8467058848,7.62551304409,8.45180842937
1998-08-09,69.9067478365,7.472161775,8.04211479024
1998-09-10,69.9492772264,7.23723366904,7.38010676172
1998-10-28,69.9492772264,6.86725112354,7.01235141284
1998-11-29,69.9492772264,7.04487425684,7.29227115341
1999-04-06,69.8116820899,6.19651534238,7.5599576268
1999-08-28,69.7966718253,7.07489711011,7.48017668555
2000-06-27,69.9342667889,7.59825895738,8.65011391129
2000-08-14,69.9492772264,7.25915070258,7.53021001904
2000-10-01,69.7191148084,6.95231073584,7.14494346533
2000-10-17,69.9492772264,6.78969821045,6.99233826416
2001-08-17,69.8667205279,7.2722573414,7.6257777086
2004-04-19,69.9192559893,5.51381038306,5.68893126538
2004-06-22,69.679090824,4.97471668121,6.23248621356
2005-06-09,69.3113323253,7.25251581348,7.71614021146
2005-10-31,69.9492772264,5.66892359619,6.19928831934
2006-02-04,69.9492772264,6.81971944531,7.21499273975
2006-04-25,66.1035503639,6.93730351611,7.5084722046
2006-05-27,69.9492772264,7.32084269654,8.17271578306
2006-06-28,69.9067476461,7.14095430148,10.3100744168
2006-11-03,69.9492772264,6.95981602124,7.61789035289
2007-02-07,65.9819048472,6.58705990112,7.04487689844
2007-03-27,69.2902262292,6.82472086792,7.49991615195
2007-06-22,60.1764884329,6.90951057944,7.42388671758
2007-08-09,69.9492772264,7.31228517758,7.39088797999
2007-08-18,69.6540786819,7.19998205029,7.20498454785
2007-09-03,69.7141189341,7.12492941064,7.29754898682
2007-09-26,67.2042293764,6.7879697566,6.73793487525
2008-03-04,69.9303029245,6.47459227146,20.3342988954
2008-03-13,61.2035744263,5.92159879443,6.42194402026
2009-04-17,69.3627193077,3.68003459717,5.55383830957
2009-05-19,69.6740874778,5.91736679298,5.72973598121
2010-04-20,69.5688683982,3.5074184978,3.30227704639
2010-05-06,69.6865971856,2.72938204517,3.12292843092