Date,Rarea,NDWI,MNDWI
1984-07-06,35.0155912442,1.47781800656,1.41781057889
1986-11-17,35.128135474,3.91925215295,3.93364687231
1986-12-19,35.128135474,0.0260859937744,0.0143922635498
1987-01-20,30.8967354545,0.0845569187622,0.0190276572007
1987-02-21,35.128135474,0.0809565682373,0.0134927633667
1989-02-26,35.128135474,10.3317845811,10.1191345358
1989-06-18,35.0145834677,11.5054085278,11.0349861807
1989-07-20,35.1272359552,10.7556279159,10.3298880062
1989-08-05,35.0687666572,10.2592805428,9.73384466963
1989-08-21,35.128135474,8.9690006054,9.08471548079
1989-09-22,35.128135474,7.72839969574,7.58098285496
1989-11-25,35.128135474,6.91833734961,6.93149580195
1989-12-11,35.128135474,6.46766336523,6.51893990155
1990-03-01,35.128135474,0.109741058289,0.0368801573486
1990-04-18,35.128135474,0.256217937832,0.350139715747
1990-06-21,35.128135474,3.89365278895,2.38740155941
1990-09-25,35.128135474,0.173606758057,0.0368801443481
1990-10-11,30.7635573978,0.481652494759,0.0521720678101
1990-10-27,35.128135474,0.0404782399292,0.00809564117432
1990-11-28,35.128135474,0.044975859314,0.00989467248535
1991-03-04,35.128135474,0.120535305908,0.00719612536621
1991-03-20,35.128135474,0.200592409546,0.0458753118286
1991-04-05,35.128135474,0.519156638727,0.117836695862
1991-07-10,34.9285686454,3.28110502261,1.55021153244
1991-07-26,35.1263364529,1.88066644486,0.713291518372
1991-08-27,35.1272359574,0.384290094232,0.146621545471
1992-04-23,35.1218388138,0.186954748196,0.166410696899
1992-06-26,35.0966519135,1.06509928741,1.2268442493
1992-08-29,35.128135474,0.120535168762,0.126831899048
1992-11-17,35.128135474,0.020688720459,0.0224876759033
1992-12-03,35.128135474,0.00449758343506,0.0197891964111
1992-12-19,35.128135474,0.0125931332397,0.00989457910156
1993-01-20,35.128135474,0.00359807275391,0.00179903405762
1993-02-05,35.128135474,0.010794201416,0.0107942008057
1993-04-10,35.128135474,0.13222894165,0.0881526126099
1993-04-26,32.5255865005,0.662522762437,0.449762871521
1993-05-12,35.128135474,0.250460640981,0.404943519901
1993-06-29,35.1200397839,1.2246909612,1.38597100338
1993-07-15,35.1146427629,0.941120365102,1.1389464832
1993-08-16,35.1263363988,0.235976569984,0.233875380981
1993-09-01,34.4728617771,0.163711880981,0.0998462675171
1993-11-04,35.128135474,0.0062966494751,0.00809568579102
1993-11-20,35.128135474,0.00359807092285,0.00449757794189
1993-12-06,35.128135474,0.00269855865479,0.00539709710693
1994-01-23,34.6156886597,0.799023520816,7.98409575632
1994-04-13,35.1173413541,8.33656913736,8.55022411847
1994-04-29,35.048077522,10.0562740613,10.4138042207
1994-05-15,34.2555970423,10.384030093,11.1299930123
1994-11-07,35.128135474,7.67561192936,7.60544911881
1995-01-10,33.0826824987,3.62600279242,3.56303579718
1995-01-26,35.128135474,3.08627826434,3.25899059863
1995-02-11,35.128135474,0.0242869538574,0.0278850048828
1995-03-31,35.128135474,1.61104336102,1.6434267381
1995-04-16,35.128135474,0.190697559937,0.182602083313
1995-05-02,35.128135474,0.351657894082,0.44104086802
1995-06-19,35.0642688454,3.91126929746,4.35542421367
1995-07-05,32.6813549423,3.62318775307,3.78073353648
1995-09-07,30.389044845,0.0215884024658,0.00449758569336
1996-01-29,35.128135474,1.06593245667,1.1657812431
1996-03-01,35.128135474,0.0980474453125,0.20340799377
1996-03-17,35.128135474,0.562199907776,0.539712117432
1996-06-05,34.7565327739,1.82801933066,1.28685957357
1996-07-07,35.1164417954,1.99642715204,1.50352689122
1996-10-11,33.8644581871,0.1484193526,0.00719611297607
1996-12-14,35.128135474,7.7292704857,7.88946912808
1997-01-15,35.128135474,10.2698038822,10.2906898581
1997-01-31,35.128135474,10.109844644,10.0875815509
1997-02-16,35.128135474,10.056098345,10.0309111556
1997-04-21,35.1245372778,8.7063264493,8.77559139766
1997-05-23,35.1081199667,9.80924597375,10.11906409
1997-07-10,34.9608230444,10.1490431775,10.3330525173
1998-01-18,35.128135474,2.79662730652,2.84340400238
1998-02-03,34.9644010732,0.0269860089722,0.009894671875
1998-02-19,33.3267292857,0.228484741455,0.182608162048
1998-04-24,35.128135474,2.89509349714,3.03140310474
1998-05-26,35.1029485578,3.11614994604,3.30637623363
1998-06-11,30.4365808433,2.63060829021,2.70437060326
1998-08-30,34.301040835,0.796974927673,0.805970498291
1998-09-15,35.128135474,0.599080735962,0.656650092896
1998-12-04,35.128135474,0.00809565112305,0.0125932277832
1999-01-05,35.128135474,0.00629661608887,0.0269853270264
1999-01-21,33.2479748542,0.148756829518,0.0314829039917
1999-02-06,34.4894903023,2.62122091968,2.86409182684
1999-02-22,35.128135474,2.89017847955,2.98013208575
1999-03-26,35.128135474,0.0584685140381,0.323826975708
1999-09-02,30.04258257,0.275684878829,0.0170910084229
2000-03-12,35.128135474,12.5955141229,12.8210556555
2000-09-04,35.128135474,11.9588219607,11.8481809667
2000-12-25,34.1101127734,9.65273608036,9.48706793285
2001-03-15,35.128135474,10.0764299931,9.86959671246
2001-06-03,35.109245347,9.85046300557,10.1378452431
2004-02-04,35.128135474,0.0152917861328,0.00629661749268
2004-04-24,35.128135474,0.132228942505,0.135827769165
2004-05-10,34.8179638278,0.163567429775,0.188900170532
2005-02-06,35.128135474,0.0332821046143,0.0296840217896
2005-07-16,35.1245373744,0.413974602534,0.426319848977
2005-08-17,35.128135474,0.169109006226,0.0890521647339
2005-09-02,35.128135474,0.135826982361,0.0449757967529
2005-09-18,35.128135474,0.0467748349609,0.00989467547607
2006-04-14,33.6690026972,0.733120529297,0.394894431946
2006-07-03,35.0714649129,0.662241419856,0.84819580137
2006-07-19,35.128135474,0.449955206355,0.667166897567
2006-11-08,35.128135474,0.0107942060547,0.00449758502197
2007-03-16,35.128135474,0.00719613256836,0.0116936437988
2007-04-01,35.128135474,0.0206888804932,0.0143922183228
2007-06-20,35.0876564328,0.713471760604,0.653673509994
2007-07-06,35.0390819631,0.735059661483,0.632984648361
2007-09-08,35.128135474,0.0368801691284,0.0125932229614
2009-03-21,35.128135474,0.116938473267,0.146622268616
2009-04-06,35.0966517132,0.129531704407,0.171808812378
2010-02-04,33.2918898182,0.0676047216067,0.0683629353027
2010-02-20,35.128135474,0.00989468353271,0.0359804822388
2010-04-25,35.128135474,0.183484611736,0.185284020733