Date,Rarea,NDWI,MNDWI
1984-05-26,53.9570919214,12.6302166125,9.82136508946
1986-11-24,53.9696008457,5.35800835927,4.7719339985
1986-12-26,52.8916175,5.2644824321,4.52858580386
1987-01-11,53.8545875172,5.1752127693,4.54472449716
1987-01-27,53.9696008457,5.17985346296,4.41639847656
1989-01-16,53.9696008457,5.28566374248,4.63541604944
1989-03-05,53.9696008457,5.37133375396,4.40453731747
1989-05-08,53.9484582949,10.8967396217,9.28785726954
1989-05-24,53.9696008457,11.9047883493,10.8050047729
1989-06-09,53.9696008457,13.4023024268,12.0593371798
1989-08-28,53.9696008457,7.80804493532,7.02326064153
1989-10-31,52.7161294821,4.83156673095,4.25981606504
1990-03-08,50.3757603675,8.09484278754,6.07301437802
1990-05-27,53.9670990849,13.9238789383,11.3724178047
1990-06-12,53.9450932874,15.5667519287,12.6674265391
1990-07-14,53.9531088251,15.1847941751,12.2007713112
1990-08-15,53.0502001245,12.5278650836,8.72578006203
1990-09-16,53.7465479772,6.37517192699,5.31126958622
1990-11-03,53.9696008457,4.74611404673,4.21191937048
1990-11-19,53.9696008457,4.40346836452,3.87566118208
1990-12-21,53.9696008457,4.142057252,3.4866497007
1991-01-06,53.9696008457,4.22938366275,3.39598713824
1991-02-23,53.9696008457,4.21511817261,3.26231280046
1991-03-27,53.9696008457,6.02525769288,3.92557863964
1991-04-12,53.7604721948,7.84522739538,4.2579535576
1991-05-14,53.967099059,10.7933317272,6.64797221631
1991-05-30,53.9595544316,12.3521240579,8.05671788894
1991-07-01,47.5625778298,13.9375938491,6.45613407788
1991-07-17,53.9095579677,12.4985895272,8.65815390792
1991-09-03,53.9670990715,5.88575498866,4.27901548914
1991-11-06,53.9696008457,2.0737509025,1.88496000481
1991-11-22,53.9696008457,1.88037851591,1.68458235677
1992-01-09,53.9696008457,0.79105382333,0.774483152394
1992-01-25,53.9696008457,0.864998307239,0.782763477517
1992-02-10,53.9696008457,0.845170077133,0.756254185863
1992-04-30,53.9696008457,4.1199099826,2.29726259681
1992-07-03,53.7569498296,8.67003362453,6.76446299572
1992-08-04,53.9520883647,6.64804834682,5.52008906976
1993-01-27,53.8641916006,2.98142671908,2.6485822526
1993-02-28,53.9696008457,2.84946977614,3.06217041863
1993-03-16,53.9696008457,3.25440506131,3.27107419993
1993-04-01,53.9696008457,4.50308631833,3.81434314672
1993-06-04,53.9620955495,9.68231457335,8.36911607787
1993-08-23,53.9696008457,4.958714334,4.53764049661
1993-09-08,53.9696008457,3.62222535757,3.2811296354
1993-10-26,53.9696008457,2.18000360563,2.15963623151
1993-12-13,53.9696008457,1.04623573227,0.911963642948
1994-04-20,50.8401746088,4.09645878115,3.42304116304
1994-05-06,53.9320738488,8.11124950012,6.34198013794
1994-07-09,53.7969776345,11.6052694202,9.00322348062
1994-11-30,53.9696008457,1.1638192767,1.03169594517
1994-12-16,53.9696008457,1.18133178256,1.01829418427
1995-01-01,53.9696008457,1.20642794919,1.01699911571
1995-02-18,53.8487491233,1.65975956996,1.22497024775
1995-03-06,53.4914440235,1.9003419581,1.55907059046
1995-05-09,51.3177313223,5.21293598988,1.96566553276
1995-06-10,53.8595226071,10.8877288604,9.39250880367
1995-07-12,52.0893082262,8.94770836664,7.0477997104
1995-07-28,53.7644541196,8.23772717955,6.75026841831
1995-08-13,53.8326309211,6.86682249677,5.62206572376
1995-09-30,51.6089683129,3.377256304,2.80143454797
1995-11-01,53.8329840611,1.57331632097,1.40370596581
1996-02-05,53.9696008457,6.46517424259,6.72157994404
1996-06-28,53.0780383428,15.526093513,12.8539293062
1996-07-14,53.9696008457,14.3536315693,11.7607776294
1996-07-30,53.9696008457,12.4623584156,10.5280513919
1996-08-15,53.9696008457,10.2891092615,8.80809469883
1996-09-16,53.9696008457,6.46891693525,5.36194287017
1996-11-03,53.9696008457,5.13945046588,4.98935212898
1997-01-22,53.9696008457,6.31434145637,6.41530344372
1997-02-23,52.9169965871,6.05871826437,5.23326636707
1997-04-12,52.8764999611,8.75112362875,8.17662531156
1997-05-30,53.9696008457,13.5947593008,12.2505564451
1997-07-01,53.957062393,14.3207429773,12.4992696913
1997-08-02,53.9696008457,11.6486119551,10.471695274
1997-09-19,53.9696008457,7.40989531127,6.8763286109
1997-10-05,52.1525799997,6.34241082809,5.72346004152
1998-01-25,53.9685805254,5.43607265427,5.14489420059
1998-03-14,53.9696008457,5.82952071925,5.33426564052
1998-05-01,53.9696008457,9.62444305284,8.51304272221
1998-06-02,53.9696008457,12.1928051157,10.6152114571
1998-07-04,53.9520884707,13.3005533607,11.3844748269
1998-08-21,53.9696008457,8.29466395279,7.63619439916
1998-09-06,53.9696008457,6.61516755715,6.37731153863
1998-10-08,53.9696008457,5.01247894119,4.61297869945
1998-11-09,53.9696008457,4.33869662826,3.90972468044
1998-11-25,51.3849769845,4.23944806333,3.8716469614
1999-01-12,53.9696008457,5.71424898791,5.98767657883
1999-01-28,53.9696008457,6.00006005036,6.04024376066
1999-02-13,53.9696008457,6.27759104331,6.19456909247
2000-06-23,53.9696008457,13.5469511116,11.7141487959
2000-08-26,53.9696008457,8.67473498751,7.61208726049
2000-10-13,53.9696008457,6.15458113955,5.70685013496
2000-12-16,53.9696008457,5.47079210357,5.02461161767
2001-08-13,53.9645972741,8.77558393898,7.11980920055
2003-11-23,53.9696008457,4.82266722341,4.47672416865
2004-03-14,53.9696008457,5.04290280927,4.78594503304
2004-04-15,53.9696008457,8.35107719502,8.18209150799
2004-06-02,53.9470849089,12.42387097,11.5509937529
2004-06-18,53.9696008457,13.4617352567,12.6102954094
2004-08-05,53.9696008457,9.91058475761,9.14301859316
2004-09-22,53.9696008457,6.3145594066,6.09254784704
2005-02-13,53.9696008457,5.72469861761,5.74397561568
2005-06-21,53.9696008457,13.7904391111,12.1405789659
2006-01-31,53.9696008457,5.33639338947,5.17952631246
2006-06-08,53.9045546997,12.9986229022,10.7797518469
2006-06-24,53.9694438737,12.4770565058,10.7702153584
2006-08-27,53.9696008457,7.80611962512,8.04336472973
2006-11-15,53.9696008457,5.68941844758,5.51820678143
2007-01-02,53.9696008457,5.146376319,4.96452990612
2007-02-19,53.9696008457,4.78876141812,4.46787506346
2007-07-29,53.368362976,12.1925874746,8.98211457573
2008-02-06,53.9696008457,3.44981915465,3.1775174696
2008-02-22,53.9696008457,3.6152702098,3.40211814964
2009-04-29,46.0834679143,4.83631934284,5.57245978288
2009-05-31,47.2255744481,7.77040099926,7.30915092802
2010-03-31,52.4192573451,5.96707734789,5.37898203886
2011-04-03,53.6969105127,7.09579188772,6.6302533288
2011-04-19,53.9696008457,8.21382183305,7.46381688896