Date,Rarea,NDWI,MNDWI
1984-06-09,11.3744964613,3.10196426553,3.72347043303
1985-04-09,13.2894314933,2.91488378916,2.9544801481
1986-12-24,12.2325886297,2.8032392622,2.71575461487
1987-01-09,13.2885316038,2.78597223255,2.70596941003
1987-02-26,13.2885315923,2.7486857339,2.72482288707
1989-01-30,13.287631715,2.76901516752,2.62696126266
1989-02-15,13.2894314933,2.57227424364,2.36148893423
1989-03-03,11.4174412655,2.43395752102,2.23730244778
1989-04-04,13.2831322674,2.57811136688,2.38719475943
1989-05-06,13.2894314933,2.80173680655,2.58707264784
1989-07-09,13.1054473601,3.32914102616,3.73166522327
1989-11-30,13.2894314933,2.84637776033,2.76481127496
1990-03-22,11.9388649235,2.45825638759,2.26515969526
1990-04-07,13.2445143765,2.50631715718,2.29900459506
1990-05-25,12.2608957171,2.59439508547,2.78018797222
1990-08-13,13.2894314933,2.94641848542,2.98714004733
1990-09-30,13.2894314933,2.91611844089,2.8833864017
1990-10-16,13.2894314933,2.92912006903,2.84469081772
1990-11-01,13.2894314933,2.88373657141,2.80470380253
1990-12-03,13.2867318242,2.82466791761,2.76190072849
1990-12-19,13.2894314933,2.7155710915,2.56332170496
1991-01-04,13.2825073982,2.66099428148,2.45828673508
1991-01-20,13.2840321433,2.48350809269,2.28769641293
1991-03-09,13.288531604,2.16456055815,1.92554290811
1991-03-25,13.2849320467,2.14493227461,1.90586909838
1991-05-12,13.2813324811,2.23551708018,1.97472641243
1991-06-29,13.2687338119,2.71018357786,2.69920028323
1991-07-15,12.6659494151,2.73097688144,2.95889438423
1991-08-16,12.5669460149,2.91098851034,3.74410871343
1991-11-04,13.2894314933,2.86988780936,2.85278945529
1991-12-22,13.2894314933,2.81212533636,2.73541149454
1992-01-07,13.285831935,2.73203431908,2.68231753476
1992-04-12,13.2885316038,2.34220121432,2.25450150648
1992-05-14,12.9592299737,2.4931214176,2.7134580783
1992-08-18,13.2876317011,2.82227763619,3.02542611237
1992-10-05,13.2894314933,2.82669273252,2.8617886517
1992-11-06,13.2894314933,2.79969556381,2.81859309555
1992-11-22,13.2894314933,2.8140940156,2.83839112168
1992-12-08,13.2211646705,2.80959467612,2.82399298728
1992-12-24,13.2894314933,2.80329569266,2.79069717941
1993-01-25,13.2894314933,2.70824524816,2.70031572001
1993-04-15,13.2894314933,2.54554411086,2.5205157367
1993-07-04,13.2858319087,3.03396229004,3.48136326456
1993-07-20,13.2894314933,2.99623769904,3.34029059574
1993-10-24,13.061026358,2.69899059157,2.53526330016
1993-12-11,13.283132264,2.56461293878,2.40789235629
1994-01-12,11.6029746232,2.37563324011,2.23434873554
1994-05-04,12.2761985979,2.16160564264,2.23764415569
1994-07-07,12.98076362,2.708708274,2.86107151394
1994-09-25,13.2894314933,2.85638991471,2.84379148917
1994-10-11,13.2894314933,2.84469105173,2.79609649014
1994-12-14,12.5787738031,2.70049888056,2.62056299864
1995-03-04,13.2894314933,2.48236318241,2.37859566045
1995-10-14,12.5114448699,2.41889623633,2.3505027472
1995-10-30,13.2894314933,2.85548932297,2.84918992214
1996-02-19,11.4075634529,2.8419915264,2.92953635351
1996-04-07,12.8062624379,2.82646827812,2.88329046799
1996-04-23,11.689539187,2.6679308511,2.87499486097
1996-06-10,13.2759331548,3.07496770094,3.9218649065
1996-06-26,13.2894314933,5.67925321473,6.65365154034
1996-07-12,13.2894314933,3.14562095505,3.60915453431
1996-12-19,12.920693051,2.84379066568,2.85458960648
1997-01-04,13.2894314933,2.82849247006,2.8275924661
1997-02-21,13.2876317137,2.8022265556,2.82039430045
1997-03-09,13.2849319397,2.78872817571,2.80830434403
1997-04-10,13.2849320459,2.77523011224,2.81010466025
1997-05-28,13.2867318053,2.77888815391,3.00442359932
1997-07-15,13.1112520052,2.8248939285,3.03126890876
1997-07-31,13.2894314933,2.9668987439,3.12086758687
1997-09-01,13.2894314933,2.91855342331,3.00584382517
1997-10-03,13.2894314933,2.84559054331,2.85098982224
1997-12-22,12.7814247049,2.7115902062,2.58826471603
1998-02-08,13.2822323711,2.37571807018,2.18741640256
1998-02-24,13.287631715,2.15395072252,1.97414012875
1998-04-29,13.2894314933,1.66907196542,1.47199380032
1998-05-15,13.2894314933,2.09136117705,1.96387202544
1998-07-18,13.0050634088,2.57190853837,2.69331162447
1998-08-19,13.2714334326,2.30010964594,2.22444703418
1998-10-22,13.2894314933,2.74189313111,2.6725441984
1998-11-07,13.2894314933,2.84109112827,2.82764880279
1999-01-26,13.2867318237,2.52771632324,2.37434116437
1999-02-11,13.2816570491,2.34807442196,2.20744991696
1999-02-27,13.2858319355,2.12185993811,1.95164081241
1999-07-05,12.5927911092,2.19616279728,2.84372654071
2000-01-13,13.2876317145,2.49082093207,2.31160318362
2000-02-14,13.2876317127,2.17006380024,1.9722833032
2000-10-27,13.2894314933,2.7149810844,2.62664931319
2001-04-05,13.2894314933,1.95860977867,1.45799295152
2001-08-11,13.2777329184,2.9201581856,2.86152480033
2003-12-07,11.7530857832,2.40213494576,2.25515823169
2003-12-23,13.2813324294,2.56191270905,2.41483707618
2004-03-12,13.2894314933,1.95957183452,1.7896597128
2004-04-29,13.0266620138,1.74826566971,1.57452831156
2004-05-31,13.2462368464,1.59456480115,1.36771949546
2004-07-18,12.869856635,1.97333930073,1.86622326615
2004-09-20,13.2885315919,2.66270242975,2.58517311453
2005-02-11,13.286731826,2.09846290222,1.89584734909
2005-09-07,13.2894314933,2.73559393976,2.69509803882
2005-10-09,13.2894314933,2.8482903707,2.82309311521
2005-11-10,13.2894314933,2.79333981499,2.66575078569
2006-02-14,13.2804325297,2.20023682341,1.98133814004
2006-06-06,13.2840321523,2.30091772558,2.13069569453
2006-07-24,13.2894314933,2.95907830849,3.16771626503
2006-08-25,13.1800365412,2.82413376506,2.85647366573
2007-02-17,13.2822323573,2.3315376651,2.1802165372
2010-03-29,13.270406629,2.21081453787,2.02183548331
2011-04-17,13.2885316038,2.19641740921,1.99214024454