Date,Rarea,NDWI,MNDWI
1985-04-09,10.642364272,0.251168197249,0.356656715012
1986-12-24,9.39813757025,0.245718271097,0.211189357951
1987-01-09,10.642364272,0.217591151526,0.20611777803
1989-01-30,10.635164682,0.66878950081,0.559698423636
1989-03-03,9.72711620935,0.655977257373,0.421935387152
1989-04-04,10.6351646721,0.773042232121,0.650212195559
1989-05-06,10.0151019994,0.692371984457,0.650600941431
1989-07-09,10.6333647976,1.78988699854,1.82936904318
1989-09-11,10.6322989807,1.62089776342,1.61572434039
1989-11-30,10.642364272,1.53082170897,1.42197076863
1990-03-22,9.48280332141,1.01101849464,0.722302712714
1990-04-07,10.6261651509,1.12417670765,0.967939354751
1990-08-13,10.5254455757,1.19674443673,1.20024987848
1990-09-30,10.642364272,1.00815067482,0.885207695049
1990-10-16,10.642364272,1.00358034922,0.877334003662
1990-11-01,10.6324648548,0.993119821802,0.874002529131
1990-12-03,10.6396644313,0.716610261532,0.616462244345
1990-12-19,9.8205952248,0.764786973524,0.574492435449
1991-01-20,10.640564379,0.827067221797,0.718004594954
1991-03-25,10.642364272,0.648905924309,0.583926667165
1991-05-12,10.513672662,1.05423179196,0.991864391274
1991-06-29,10.63426475,1.49753171686,1.4671531843
1991-12-22,10.6405643753,1.11731216244,1.02778022627
1992-01-07,10.642364272,0.643040331385,0.578847833524
1992-02-08,9.91119331133,0.598084415419,0.582994281886
1992-04-12,10.2949250359,0.804370830071,1.15337537432
1992-05-14,10.6401302785,1.20083080698,1.29922258876
1992-08-18,10.6297649932,0.666665126902,0.76885402984
1992-10-05,10.6306649207,0.62211579382,0.62786875742
1992-11-06,10.6396644259,0.616437282148,0.586273396796
1992-11-22,10.642364272,0.278254539001,0.268478902756
1993-01-25,10.642364272,0.494185407284,0.458946447561
1993-03-30,10.6162656739,0.793362743654,0.675367443929
1993-04-15,10.642364272,1.28217178676,1.294736517
1993-07-20,10.6195055062,1.581854,1.86899494511
1993-11-09,10.642364272,0.644773168472,0.585571025028
1993-12-11,10.6414643231,1.04839725663,0.911506939722
1994-01-12,9.95963468414,0.943569389501,0.809223551027
1994-03-17,10.642364272,1.49754110713,1.4390167326
1994-05-04,10.4605749143,1.10217224282,1.17642081322
1994-09-25,10.642364272,0.787328417533,0.713487111508
1994-10-11,10.642364272,0.772703335593,0.69176481643
1995-03-04,10.642364272,1.21993756028,1.09719198472
1995-04-21,10.639664438,1.89907604146,1.33032858147
1995-05-23,10.5981011178,2.1313457136,1.28482266378
1995-08-11,10.3660732701,1.97086373662,1.47022960598
1995-10-14,10.642364272,1.10911372101,0.997548905939
1995-10-30,10.642364272,0.752876311461,0.670755560776
1996-02-19,10.642364272,0.640241763348,0.60008323918
1996-04-07,10.6342647338,1.06428601734,0.993889357519
1996-07-12,10.642364272,1.63480300202,1.60465356558
1996-09-14,10.5428907334,1.07505728555,1.00429350274
1996-12-19,9.34550901177,1.340714233,1.20074305593
1997-01-04,10.642364272,1.16159300797,1.02148040485
1997-02-21,10.642364272,1.23727314188,1.13375129442
1997-03-09,10.642364272,0.79629953769,0.703827628875
1997-04-10,10.6414643196,1.11738280752,1.04726858615
1997-07-31,10.2166906166,1.2759011707,1.18844788133
1997-09-01,10.642364272,0.859659535482,0.778593974585
1997-10-03,10.6414643273,1.31357091505,1.19013725551
1997-12-22,10.642364272,0.695170208156,0.567543790596
1998-02-24,10.6414643221,0.841593342699,0.712618805811
1998-04-29,10.6414643193,0.997284223589,0.886728691256
1998-05-15,10.642364272,1.56195636788,1.52132515762
1998-08-19,10.6369645959,1.03574193065,0.983732532885
1998-10-22,10.642364272,1.14647737455,1.00753279042
1998-11-07,10.642364272,1.32811124534,1.20900780304
1998-11-23,10.642364272,0.884635494996,0.75827604446
1999-01-26,10.6195060369,1.05798621075,0.948711815344
1999-02-27,10.642364272,1.14099643949,1.00926209319
1999-07-05,9.07895030328,0.792583788376,0.919509163992
2000-10-27,10.642364272,0.970366818257,0.838395955609
2001-04-05,10.642364272,1.23149566603,1.09873771856
2001-08-11,10.642364272,1.02533444376,0.982130441923
2003-12-07,9.35028256174,0.575883336248,0.459860833141
2003-12-23,10.642364272,0.610405789107,0.528298896701
2004-03-12,10.642364272,0.903887267537,0.798593674946
2004-04-13,10.6171656919,0.666234221928,0.519483010122
2004-04-29,10.6306649691,1.01290446783,0.958632784548
2004-05-31,10.6414643243,0.907021276139,0.823714757021
2004-06-16,10.642364272,1.21097410903,1.19662866304
2004-07-18,10.4758757366,0.874941072442,0.839614184114
2004-09-20,10.642364272,0.873441009782,0.779620820178
2005-09-07,10.642364272,1.02744469785,0.933511643163
2005-10-09,10.642364272,0.800686463219,0.688867259882
2005-11-10,10.642364272,1.01023256634,0.82156873753
2006-02-14,10.642364272,0.753624231521,0.605150624121
2006-06-06,10.4475022439,1.01467239953,0.947314555759
2006-07-24,10.642364272,1.50542126123,1.35704428309
2006-08-09,10.116179756,1.0672855971,0.954972526833
2007-02-17,10.642364272,1.1165425609,0.983954160747
2007-04-15,9.87587478034,0.831806703374,0.730070643545
2010-03-29,10.6405643763,0.594220763555,0.505013090929
2011-04-17,10.642364272,0.917975833215,0.765210735496