Date,Rarea,NDWI,MNDWI
1984-04-12,10.9696009513,0.569248391724,0.427837003723
1984-05-30,10.9696009513,0.475574581421,0.181943347473
1984-05-30,10.9696009513,0.4809788349,0.181943342163
1984-06-15,10.9696009513,0.424234136414,0.0
1984-07-17,10.9696009513,0.402617129272,0.0927731044312
1984-07-17,10.9696009513,0.402617120178,0.0909716846924
1984-09-03,10.5210681474,0.647610161743,0.548532098267
1984-09-03,10.594389573,0.657517956238,0.551234222412
1984-11-22,10.9696009513,0.603475399292,0.518808671326
1984-11-22,10.9696009513,0.593567575317,0.52511363623
1984-12-08,10.9696009513,0.624375372801,0.493588794067
1984-12-08,10.9696009513,0.621461306345,0.504397306885
1985-01-09,10.9696009513,0.5521349104,0.412524948608
1985-01-09,10.9696009513,0.562943419739,0.413425655273
1985-01-25,10.4858592126,0.610126574461,0.428737693665
1985-01-25,10.582588502,0.635992844374,0.419730600159
1985-03-30,10.9696009513,0.457560357239,0.330560332886
1985-03-30,10.9696009513,0.455758937744,0.334163166016
1985-04-15,10.9696009513,0.427836924438,0.282822718689
1985-04-15,10.9696009513,0.433241176025,0.291829808899
1985-11-09,10.9696009513,0.490886629272,0.409822778442
1985-11-09,10.9696009513,0.497191593933,0.406219934021
1985-12-11,10.9696009513,0.453957515442,0.353978772522
1985-12-11,10.9696009513,0.460262470886,0.357581607117
1986-01-28,10.9696009513,0.381000010132,0.288226960999
1986-04-18,10.9696009513,0.192751710754,0.121595704712
1986-04-18,10.9696009513,0.190950292358,0.121595702332
1986-07-07,10.8525087188,0.142312003601,0.0801630904541
1986-07-07,10.9696009513,0.140510585938,0.0774609619751
1986-08-08,10.8335935324,0.0,0.248595741882
1986-08-24,10.9696009513,0.00180141918945,0.242290778015
1986-08-24,10.9696009513,0.00180141918945,0.244992905884
1986-11-12,10.9696009513,0.265709176575,0.230581524109
1986-11-12,10.9696009513,0.261205628662,0.22787939563
1986-11-28,10.9696009513,0.242290726257,0.195453854736
1986-11-28,10.9696009513,0.240489305542,0.195453856628
1986-12-14,10.9696009513,0.238687884583,0.176538950989
1986-12-14,10.9696009513,0.241390012573,0.174737533875
1986-12-30,10.9696009513,0.198155973877,0.138709165405
1986-12-30,10.9696009513,0.198155966797,0.13690774707
1987-01-15,10.9696009513,0.169333270264,0.110787179871
1987-01-15,10.9696009513,0.163929012268,0.10988647113
1987-01-31,10.9696009513,0.119794262878,0.074758822937
1987-01-31,10.9696009513,0.120694969604,0.075659531189
1987-04-05,10.9696009513,0.0,0.0
1987-04-05,10.9696009513,0.0,0.0
1987-05-07,10.9696009513,0.0,0.0
1987-05-07,10.9696009513,0.0,0.0
1987-07-10,10.9696009513,0.185546053467,0.141411314453
1987-09-28,10.7687427312,0.261205693298,0.141411357422
1987-09-28,10.7894590479,0.26210639917,0.145014191956
1987-10-14,10.9696009513,0.497191600586,0.453056824829
1987-10-14,10.9696009513,0.495390169739,0.458461077881
1987-11-15,10.9696009513,0.50349655188,0.450354690491
1987-11-15,10.9696009513,0.508900803345,0.444950439209
1988-01-02,10.9696009513,0.478276653137,0.388205716858
1988-01-02,10.9696009513,0.4764752323,0.387305000793
1988-01-18,10.9696009513,0.465666710144,0.387304999023
1988-03-06,10.9696009513,0.364787244812,0.276517740967
1988-03-06,10.9696009513,0.366588659058,0.277418448914
1988-04-07,10.9696009513,0.317950340332,0.210765950928
1988-04-07,10.9696009513,0.313446790833,0.211666657532
1988-05-09,10.9696009513,0.262106353516,0.168432611755
1988-05-09,10.9696009513,0.254900680908,0.171134739258
1988-05-25,10.9696009513,0.231482237549,0.00270212872314
1988-05-25,10.9696009513,0.228780108337,0.00360283728027
1988-08-13,10.9696009513,0.555737749634,0.515205815857
1988-08-13,10.9696009513,0.55213490863,0.514305102722
1988-08-29,9.39835090596,0.849369253723,0.852071366821
1988-09-14,10.5562460013,0.883596248657,0.843064313049
1988-09-14,10.5661114291,0.873688424683,0.842163591492
1988-11-01,10.9696009513,0.920525327271,0.843964991028
1988-11-01,10.9696009513,0.921426023499,0.843964984741
1988-11-17,10.9696009513,0.914220351563,0.826851490845
1988-11-17,10.9696009513,0.911518214539,0.824149359558
1988-12-03,10.9696009513,0.910617486694,0.798929478821
1988-12-03,10.9696009513,0.907915358643,0.80073089386
1988-12-19,10.9696009513,0.87548982373,0.75929825116
1988-12-19,10.9696009513,0.875489818848,0.760198958557
1989-01-04,10.9696009513,0.860177740417,0.743986165222
1989-01-04,10.9696009513,0.864681280212,0.745787586548
1989-02-05,10.9696009513,0.799830127625,0.68093645459
1989-02-05,10.9696009513,0.809737930359,0.683638580872
1989-03-25,10.9696009513,0.684539279541,0.531418638672
1989-03-25,10.9696009513,0.681837137268,0.534120761414
1989-04-10,10.9696009513,0.639503782043,0.499893796082
1989-04-10,10.9696009513,0.649411587524,0.491787407959
1989-04-26,10.9696009513,0.604376108398,0.448553353455
1989-04-26,10.9696009513,0.607078234558,0.450354769043
1989-05-28,10.9696009513,0.569248406921,0.367489479858
1989-06-13,10.9696009513,0.484581690918,0.0
1989-06-13,10.9696009513,0.486383112366,0.0
1989-08-16,10.9696009513,0.598071099121,0.478276722717
1989-08-16,10.9696009513,0.599872512939,0.471971756531
1989-09-17,10.9696009513,0.500794467529,0.216170302368
1989-09-17,10.9696009513,0.506198722412,0.218872430847
1989-10-03,10.9034359779,0.517007230896,0.417028480652
1989-10-03,10.9245655232,0.51610652179,0.408021384827
1990-01-07,10.9696009513,0.505297973633,0.400815677734
1990-01-07,10.9696009513,0.498993003235,0.397212837769
1990-02-24,10.9696009513,0.431439765991,0.317049682434
1990-02-24,10.9696009513,0.424234085876,0.317950388977
1990-03-12,10.9696009513,0.411624154419,0.298134778625
1990-03-12,10.9696009513,0.413425572876,0.289127686401
1990-05-15,10.9696009513,0.289127658569,0.205361705627
1990-05-15,10.9696009513,0.287326236145,0.203560287048
1990-06-16,10.9696009513,0.284624092102,0.0189149012451
1990-06-16,10.9696009513,0.288226925354,0.022517739563
1990-10-06,10.9696009513,0.537723531006,0.444049742371
1990-10-06,10.9696009513,0.533219982483,0.444049744324
1990-10-22,10.9696009513,0.529617145081,0.440446901001
1990-10-22,10.9696009513,0.531418564026,0.438645483398
1990-11-07,10.9696009513,0.513404366211,0.417028447937
1990-11-07,10.9696009513,0.522411462097,0.415227032104
1990-12-09,10.9696009513,0.487283793579,0.391808585083
1990-12-25,10.9696009513,0.497191596741,0.379198658752
1990-12-25,10.9696009513,0.487283785645,0.378297944763
1991-01-10,10.9696009513,0.510702220398,0.383702197266
1991-01-10,10.9696009513,0.512503643066,0.381000061157
1991-01-26,10.9696009513,0.469269576782,0.370191553101
1991-01-26,10.9696009513,0.469269570007,0.374695094116
1991-02-11,10.9696009513,0.451255374451,0.360283734985
1991-02-11,10.9696009513,0.453056793091,0.360283734924
1991-02-27,10.9696009513,0.425134805969,0.302638340759
1991-02-27,10.9696009513,0.426936225403,0.29993620813
1991-03-31,10.9696009513,0.380099325623,0.263907835205
1991-03-31,10.9696009513,0.379198617188,0.263007125122
1991-04-16,10.9696009513,0.530517852173,0.404418534607
1991-05-18,10.9696009513,0.506198691223,0.356680931885
1991-05-18,10.9696009513,0.517007205322,0.352177375732
1991-06-03,10.9696009513,0.473773158569,0.349475261963
1991-09-07,10.9696009513,0.7133619776,0.617886758606
1991-09-07,10.9696009513,0.712461260254,0.618787463501
1991-10-09,10.9696009513,0.712461284729,0.564744896912
1991-10-09,10.9696009513,0.714262691711,0.565645602295
1991-11-10,10.9696009513,0.681837155273,0.559340640503
1991-11-26,10.9696009513,0.670127911499,0.550333538208
1991-11-26,10.9696009513,0.671929334229,0.554837079468
1991-12-12,10.9696009513,0.631157221765,0.523312240601
1991-12-12,10.9696009513,0.643106625122,0.528716495422
1991-12-28,10.9696009513,0.632298105835,0.509801594238
1991-12-28,10.9696009513,0.627794553955,0.516106555481
1992-01-29,10.9696009513,0.524212925842,0.447652608582
1992-01-29,10.9696009513,0.531418593872,0.447652606384
1992-03-17,9.59722484888,0.436844083313,0.16753198114
1992-04-02,10.9696009513,0.459361802124,0.344971703735
1992-04-02,10.9696009513,0.451255413147,0.350375957031
1992-04-18,10.9696009513,0.431439794128,0.283723454834
1992-04-18,10.9696009513,0.424234118713,0.290028419067
1992-05-04,10.9696009513,0.416127719177,0.278319176147
1992-05-04,10.9696009513,0.405319205078,0.278319172119
1992-05-20,10.9696009513,0.391808574646,0.283723447266
1992-05-20,10.9696009513,0.384602888855,0.290028413025
1992-07-07,10.9696009513,0.408922052307,0.175638305176
1992-07-07,10.9696009513,0.407120629211,0.17383688092
1992-08-08,10.5801268193,0.662922368591,0.730475564331
1992-08-08,10.5490045181,0.66382306958,0.736780525391
1992-08-24,10.9696009513,0.856574936035,0.979071542603
1992-09-09,10.9696009513,1.11327737439,1.14570294781
1992-09-09,10.9696009513,1.1078731181,1.14930578687
1992-12-14,10.9696009513,1.1538093233,1.08175251544
1992-12-14,10.9696009513,1.15199376798,1.08085179504
1992-12-30,10.9696009513,1.13669582166,1.06283759332
1992-12-30,10.9696009513,1.13759653333,1.06103616211
1993-01-31,10.9696009513,1.08355394226,1.00789427271
1993-01-31,10.9696009513,1.0835398126,1.01149710004
1993-02-16,10.9696009513,1.07471640248,0.99258219519
1993-02-16,10.9696009513,1.07453272733,0.987177924988
1993-03-04,10.9696009513,0.0,0.0
1993-03-20,10.9696009513,1.03491558435,0.951149516296
1993-03-20,10.9696009513,1.03761770367,0.950248803223
1993-04-05,10.9690817189,1.04090265016,0.905732547718
1993-04-05,10.9696009513,1.02649127718,0.914810283389
1993-05-23,10.9696009513,0.983575071167,0.848468604736
1993-05-23,10.9696009513,0.973667252075,0.85297215033
1993-06-08,10.9696009513,0.964660176392,0.816943772339
1993-06-24,9.39885196785,0.860177918701,0.65571674176
1993-07-10,10.9696009513,0.993482906738,0.787220385376
1993-07-10,10.9696009513,0.98537652063,0.787220379578
1993-09-12,10.9696009513,1.00249006641,0.766504130859
1993-09-12,10.9696009513,1.00068863617,0.75839773822
1993-10-14,10.9696009513,0.998887204468,0.843064402649
1993-10-14,10.9696009513,1.00609286737,0.854773621399
1993-11-15,10.9696009513,1.05202905981,0.922326841553
1993-11-15,10.9696009513,1.04212125043,0.92322754895
1993-12-01,10.9696009513,1.02861061682,0.91061761377
1993-12-01,10.9696009513,1.01870279889,0.912419026184
1994-01-02,10.9696009513,1.03761768536,0.900709790588
1994-01-02,10.9696009513,1.03041198712,0.900709775452
1994-01-18,10.9696009513,0.992582190796,0.859277141357
1994-01-18,10.9696009513,0.985376495117,0.869184944092
1994-02-03,10.9696009513,0.970965156372,0.835858678467
1994-02-03,10.9696009513,0.957454488831,0.835858669373
1994-02-19,10.9696009513,0.955653066772,0.833156537292
1994-02-19,10.9696009513,0.954752352905,0.828652984802
1994-03-07,10.9696009513,0.930433187073,0.797128147827
1994-03-07,10.9696009513,0.918723956238,0.797128140808
1994-03-23,10.9696009513,0.904312587646,0.780014649048
1994-03-23,10.9696009513,0.90251116571,0.779113934387
1994-04-08,10.9696009513,0.869184891052,0.736780560547
1994-04-08,10.9696009513,0.875489857483,0.727773457642
1994-04-24,10.9696009513,0.83585863916,0.666525188416
1994-04-24,10.9696009513,0.834057212158,0.662922349915
1994-05-10,10.9696009513,0.800730947754,0.46656765625
1994-05-10,10.9696009513,0.809738033813,0.46476623877
1994-06-11,10.9696009513,0.816943707825,0.0126099351807
1994-06-27,10.9696009513,0.745787598999,0.00720567883301
1994-09-15,10.9696009513,1.08895825159,1.01690145538
1994-09-15,10.9696009513,1.07634829852,1.01510003394
1994-10-01,10.9696009513,1.0592347785,0.986277281128
1994-10-01,10.9696009513,1.05022767786,0.977270187134
1994-10-17,9.99059535328,0.850269892273,0.787220211365
1994-10-17,10.0338435227,0.831354961548,0.785418772583
1994-11-02,10.9696009513,1.05022769348,0.961057406006
1994-11-02,10.9696009513,1.06282350254,0.96195810199
1994-11-18,10.9696009513,1.06553976031,0.942142494995
1994-11-18,10.9696009513,1.06013549353,0.939440358276
1994-12-04,10.9696009513,1.08282277418,0.952951007874
1994-12-04,10.9696009513,1.07544753918,0.950248876282
1994-12-20,10.9696009513,1.06103619568,0.946646025513
1994-12-20,10.9696009513,1.06914256769,0.935837503357
1995-01-05,10.9696009513,1.05833404486,0.918724011658
1995-01-05,10.9696009513,1.05383048877,0.925028976196
1995-01-21,10.9696009513,1.03401487048,0.895305552185
1995-01-21,10.9696009513,1.03131273749,0.893504127747
1995-02-06,10.9696009513,1.01509995178,0.857475717102
1995-02-06,10.9696009513,1.01509993945,0.857475717834
1995-03-10,10.9696009513,0.965560891663,0.829553701721
1995-03-10,10.9696009513,0.964660177002,0.831355121338
1995-03-26,10.9696009513,0.957454496887,0.825950859436
1995-03-26,10.9696009513,0.95835519989,0.819645887207
1995-04-11,10.9696009513,0.92683033667,0.773709679688
1995-04-11,10.9696009513,0.922326783081,0.782716764221
1995-04-27,10.9696009513,0.891702652283,0.75659619342
1995-04-27,10.9696009513,0.889000519104,0.76200044696
1995-05-13,10.9696009513,0.855674253601,0.701652878967
1995-05-13,10.9696009513,0.85567424469,0.705255712097
1995-05-29,10.9696009513,0.798929515198,0.318851206299
1995-05-29,10.9696009513,0.799830221252,0.31524837085
1995-06-14,10.9696009513,0.773709630859,0.417028629028
1995-06-30,10.9696009513,0.741284081665,0.0702553487549
1995-09-18,10.9696009513,1.11417811334,0.995284413452
1995-09-18,10.9696009513,1.10787314459,0.991681578064
1995-10-04,10.9696009513,1.1159795368,0.988078742065
1995-10-04,10.9696009513,1.10336957471,0.989880150024
1995-10-20,10.9696009513,1.11597951801,0.984475879944
1995-10-20,10.9696009513,1.10787311578,0.987178005798
1995-11-05,10.9696009513,1.10877383881,0.976369485352
1995-11-05,10.9696009513,1.10697241437,0.973667349915
1995-11-21,10.9696009513,1.0880575105,0.968263092468
1995-11-21,10.9696009513,1.09166034558,0.968263077515
1995-12-07,10.9696009513,1.10967453699,0.981773723633
1995-12-07,10.9696009513,1.12138375543,0.977270163147
1995-12-23,10.9696009513,1.11958231073,0.954752415527
1995-12-23,10.9696009513,1.12048301117,0.957454542419
1996-02-25,10.9696009513,1.02050417499,0.808837370789
1996-02-25,10.9696009513,1.02500772186,0.802532386719
1996-03-12,10.9696009513,1.02680914648,0.879993440735
1996-03-12,10.9696009513,1.02590842462,0.879092731812
1996-03-28,10.9696009513,1.00429137604,0.856574982422
1996-03-28,10.9696009513,1.00699349994,0.852972137634
1996-04-13,10.9696009513,0.943943821289,0.751191930237
1996-04-13,10.9696009513,0.947546657532,0.755695476074
1996-05-15,10.9696009513,0.931333905334,0.741284168335
1996-05-15,10.9696009513,0.934036029236,0.734979182922
1996-05-31,10.9696009513,0.969163745422,0.0315248466187
1996-05-31,10.398366215,0.959255907715,0.0342269763794
1996-07-02,10.7480264142,1.06896587478,0.743505944961
1996-07-02,10.7867571312,1.14564273296,0.822768380752
1996-09-20,10.9696009513,1.12768877875,0.846667320068
1996-09-20,10.9696009513,1.1186816709,0.834958092163
1996-10-06,10.9696009513,1.1458724983,0.977270205261
1996-10-06,10.9696009513,1.14857461872,0.974568065491
1996-10-22,10.9696009513,1.14767390632,0.986277294373
1996-10-22,10.9696009513,1.14568880387,0.992582257141
1996-11-07,10.9696009513,1.15110718042,1.00158933502
1996-11-07,10.9696009513,1.15020646924,0.99528435791
1996-11-23,10.9696009513,1.13595055955,0.980873038208
1996-11-23,10.9696009513,1.13037674259,0.987178004639
1996-12-09,10.9696009513,1.11326322861,0.96105738739
1996-12-09,10.9696009513,1.10875966983,0.956553822388
1996-12-25,10.9696009513,1.10697236816,0.954752401794
1996-12-25,10.9696009513,1.1159794585,0.957454525391
1997-01-10,10.9696009513,1.07544750958,0.916922576538
1997-01-10,10.9696009513,1.07454679364,0.921426127136
1997-01-26,10.9696009513,1.06013542926,0.902511210388
1997-01-26,10.9696009513,1.05202903192,0.904312619995
1997-02-11,10.9696009513,1.01870276642,0.869184941589
1997-02-11,10.9696009513,1.02590842731,0.879092741272
1997-02-27,10.9696009513,0.990780748535,0.815142335327
1997-02-27,10.9696009513,0.994383570679,0.816043042297
1997-03-31,10.9696009513,0.894404785095,0.561142207886
1997-03-31,10.9696009513,0.893504072083,0.564745037964
1997-04-16,10.9696009513,0.855674245911,0.192751964661
1997-04-16,10.9696009513,0.865582059265,0.183744868835
1997-05-02,10.9696009513,0.840362164673,0.67102872229
1997-05-02,10.9696009513,0.838560730957,0.666525177002
1997-05-18,10.9696009513,0.878191987427,0.75389404248
1997-05-18,10.9696009513,0.879993397522,0.759298298462
1997-06-03,10.9696009513,0.812440181946,0.462064119446
1997-06-03,10.9696009513,0.824149405334,0.45665985022
1997-08-22,10.9696009513,1.05473122327,0.956553833557
1997-08-22,10.9696009513,1.05563192828,0.956553823181
1997-09-07,10.9696009513,1.06644044202,0.926830424072
1997-09-07,10.9696009513,1.06734114813,0.925929710693
1997-09-23,10.9696009513,1.04031984912,0.899809124817
1997-10-09,10.9696009513,1.06914257257,0.927731123901
1997-10-09,10.9696009513,1.07184469177,0.933135373901
1997-11-26,10.9696009513,1.2078519563,1.11417812915
1997-11-26,10.9696009513,1.21325621954,1.11057527673
1997-12-12,10.9696009513,1.19432716703,1.0736461709
1998-01-13,10.9696009513,1.13219229303,0.962858860535
1998-01-13,10.9696009513,1.13039086194,0.970064532898
1998-01-29,10.9696009513,1.10967452045,0.974568052673
1998-01-29,10.9696009513,1.09436243665,0.979972304993
1998-02-14,10.9696009513,1.07364610553,0.93673822229
1998-02-14,10.9696009513,1.06012131955,0.937638929138
1998-03-18,10.9696009513,0.991681452698,0.775511091492
1998-03-18,10.9696009513,0.985376490356,0.779113926758
1998-04-03,10.9696009513,0.965560867188,0.866482824646
1998-04-03,10.9696009513,0.961958020691,0.866482829346
1998-04-19,10.9696009513,0.928631766602,0.767404748169
1998-04-19,10.9696009513,0.929532472839,0.76380189856
1998-05-21,10.9696009513,0.893504071716,0.792624594849
1998-05-21,10.9696009513,0.890801944275,0.788121040466
1998-06-22,10.9696009513,0.769206086792,0.00450354876709
1998-06-22,10.9696009513,0.770106790283,0.00270212902832
1998-09-10,10.9696009513,1.32421319471,1.29161811621
1998-09-10,10.9696009513,1.33772383967,1.2899862176
1998-09-26,10.9696009513,1.38852740044,1.29612164166
1998-09-26,10.9696009513,1.38059054205,1.3080003907
1998-10-12,10.9696009513,1.32114370489,1.21235561658
1998-10-12,10.9696009513,1.32961742945,1.22046199628
1998-10-28,10.9696009513,1.29882373254,1.16822079755
1998-10-28,10.9696009513,1.30169540174,1.16912150891
1998-11-13,10.9696009513,1.29719184864,1.15200799847
1998-11-13,10.9696009513,1.29070320298,1.15020657111
1998-11-29,10.9696009513,1.26656772175,1.13579520648
1998-11-29,10.9696009513,1.26097978495,1.12949023029
1998-12-15,10.9696009513,1.24945422242,1.12949022375
1998-12-15,10.9696009513,1.25394364012,1.12858950476
1998-12-31,10.9696009513,1.27917761994,1.12678810504
1998-12-31,10.9696009513,1.27197194038,1.10967460297
1999-01-16,10.9696009513,1.27917759974,1.0997667901
1999-01-16,10.9696009513,1.27287261677,1.09436251544
1999-02-01,10.9696009513,1.22151803715,1.06283766168
1999-02-01,10.9696009513,1.20963924509,1.06734120526
1999-02-17,10.9696009513,1.20802148414,1.05923480273
1999-02-17,10.9696009513,1.20892218251,1.04932698523
1999-03-05,10.9696009513,1.18190088655,1.01419931281
1999-03-05,10.9696009513,1.18190087287,1.01870284924
1999-03-21,10.9696009513,1.14226963111,0.979972287109
1999-03-21,10.9696009513,1.13488027219,0.982674416565
1999-04-06,10.9696009513,1.11975185322,0.93313538562
1999-04-06,10.9696009513,1.1177808822,0.928631823303
1999-04-22,10.9696009513,1.08895817633,0.849369337524
1999-04-22,10.9696009513,1.08715675208,0.855674301575
1999-05-08,10.2410598836,1.05923473199,0.717865677429
1999-05-08,10.5950569316,1.05202905017,0.718766385132
1999-05-24,10.9696009513,0.94304316803,0.0
1999-05-24,10.9696009513,0.935837476563,0.0
1999-06-09,10.9696009513,0.99078076825,0.629596109192
1999-06-25,10.9696009513,0.941241774658,0.179241255798
1999-06-25,10.9696009513,0.937638941345,0.178340541138
1999-07-27,10.9659981214,1.06283760321,0.926830420288
1999-07-27,10.9696009513,1.06193688586,0.926830413269
1999-08-28,10.9696009513,1.09436250586,1.0205043092
1999-08-28,10.9696009513,1.08895823486,1.02500784131
1999-10-15,10.9696009513,1.06824188934,0.911518368042
1999-10-15,10.9696009513,1.06912846311,0.905213387451
1999-10-31,10.9696009513,1.0934617356,0.95385170874
1999-11-16,10.9696009513,1.06824186365,0.929532543457
1999-11-16,10.9696009513,1.06553972559,0.932234664368
1999-12-02,10.9696009513,1.05202908099,0.904312665588
1999-12-02,10.9696009513,1.05112836145,0.903411944763
1999-12-18,10.9696009513,1.05202904358,0.907915474609
1999-12-18,10.9696009513,1.04662477972,0.905213345032
2000-01-03,10.9696009513,1.00609282562,0.881794888306
2000-01-03,10.9696009513,1.00699352698,0.886298434021
2000-01-19,10.9696009513,0.992582158325,0.860177838257
2000-01-19,10.9696009513,0.986277181152,0.866482805603
2000-02-04,10.9696009513,0.95295091626,0.811539500977
2000-02-04,10.9696009513,0.949348065796,0.812440208862
2000-02-20,10.9696009513,0.915121103699,0.812440211792
2000-02-20,10.9696009513,0.916021803406,0.814241624756
2000-03-07,10.9696009513,0.890801910461,0.730475602356
2000-03-07,10.9696009513,0.891702612549,0.740383411743
2000-05-10,10.9696009513,0.777312462036,0.626893954285
2000-05-10,10.9696009513,0.780014580627,0.631397499146
2000-06-27,10.9506719138,0.300836922363,0.0
2000-07-13,9.86112759028,0.499893798584,0.0
2000-07-29,10.9696009513,0.961057275024,0.771007514404
2000-07-29,10.9696009513,0.965560813232,0.766503964417
2000-09-15,10.9696009513,1.13399370605,1.03041207147
2000-09-15,10.9696009513,1.1330929859,1.02590851733
2000-10-01,10.9696009513,1.10624125148,0.942142505981
2000-10-01,10.9696009513,1.10697239771,0.944844634888
2000-11-02,10.9696009513,1.08625607202,0.956553849243
2000-11-02,10.9696009513,1.08445464001,0.949348158264
2000-11-18,10.9696009513,1.07364612695,0.92773111377
2000-11-18,10.9696009513,1.06734115112,0.928631821777
2000-12-04,10.9696009513,1.05022765472,0.898007682312
2000-12-04,10.9696009513,1.04572409521,0.894404833801
2000-12-20,10.9230855254,1.08895805627,0.897106932556
2000-12-20,10.9157809565,1.08265307062,0.899809050171
2001-01-05,10.9696009513,1.01780206287,0.861979268982
2001-01-05,10.9696009513,1.00879495691,0.866482823975
2001-01-21,10.9696009513,1.00068856226,0.838560798584
2001-01-21,10.9696009513,1.00248997375,0.837660085754
2001-02-06,10.9696009513,0.983575062927,0.832255828064
2001-02-06,10.9696009513,0.976369380127,0.827752277893
2001-02-22,10.9696009513,0.93763885498,0.795326708923
2001-02-22,10.9696009513,0.93853955957,0.80343309729
2001-03-10,10.9696009513,0.889901215271,0.660220246277
2001-03-10,10.9696009513,0.888099786987,0.656617393616
2001-04-11,10.9696009513,0.821447245667,0.650312398254
2001-04-11,10.9696009513,0.822347940918,0.662922328857
2001-05-13,10.9696009513,0.739482613586,0.519709461182
2001-05-13,10.9696009513,0.737681184265,0.513404498047
2001-05-29,10.9696009513,0.649411640747,0.0
2001-05-29,10.9696009513,0.652113775635,0.0
2001-06-14,10.964196685,0.667425810852,0.459361930298
2001-06-30,9.8977575535,0.544028677673,0.358482545044
2001-06-30,9.88244550784,0.552135051819,0.357581825073
2001-09-02,10.9416789989,0.532319301758,0.289127727417
2001-09-02,10.9425797067,0.526014331116,0.287326310547
2001-09-18,10.9696009513,1.14570296527,1.06463906396
2001-09-18,10.9696009513,1.15290863159,1.07454686951
2001-10-04,10.9696009513,1.11147595526,1.01960356177
2001-10-04,10.9696009513,1.10967453101,1.00068865057
2001-10-20,10.9696009513,1.20712073317,1.08805749554
2001-10-20,10.9696009513,1.2008157732,1.08535536401
2001-11-05,10.9696009513,1.15666685423,1.02140496777
2001-11-05,10.9696009513,1.1555966041,1.02500779584
2001-11-21,10.9687002433,1.16191567395,1.05022764923
2001-11-21,10.9696009513,1.16912134369,1.05022764319
2001-12-07,10.9696009513,1.14570288269,1.01690136884
2001-12-07,10.9696009513,1.15741210217,1.02320633093
2001-12-23,10.9696009513,1.12588725854,0.975468710632
2001-12-23,10.9696009513,1.12678796613,0.975468700684
2002-01-08,10.9696009513,1.11417802509,0.973667289673
2002-01-08,10.9696009513,1.11778084613,0.981773655701
2002-01-24,10.9696009513,1.07364607135,0.92502894519
2002-01-24,10.9696009513,1.08535528894,0.926830358948
2002-02-09,10.9677995335,4.16148837318,4.43121771969
2002-02-09,10.9696009513,4.13203341614,4.4409524454
2002-02-25,10.9696009513,1.01419918365,0.852071424377
2002-02-25,10.9696009513,1.00969561597,0.861979227356
2002-03-13,10.9696009513,0.770011410083,1.70256372425
2002-03-13,10.9696009513,0.761103216482,1.68287528688
2002-06-17,10.9696009513,0.682737886292,0.00180141845703
2002-07-03,10.9696009513,0.652113733521,0.000900709716797
2009-06-04,10.9696009513,0.465666791382,0.0
2009-06-04,10.9696009513,0.464766076538,0.0
2009-06-20,10.8759272682,0.405319298828,0.0
2009-11-11,10.9696009513,1.07094401172,0.941241781616
2009-11-11,10.9696009513,1.06553974243,0.945745318726
2009-12-13,10.9696009513,1.06914255463,0.922326846558
2010-01-14,10.9696009513,1.01600064117,0.550333744019
2010-01-30,10.9696009513,1.04392265405,0.874589196533
2010-11-14,9.49611188553,1.00519226202,0.858376542725
2011-09-14,10.9696009513,0.967362345886,0.893504120667
2011-09-14,10.9696009513,0.967362328918,0.889901282776
2011-09-30,10.9696009513,0.9799722854,0.870085664185
2011-09-30,10.9696009513,0.97727013855,0.874589220398
2011-11-01,9.4859913909,0.682737632385,0.568347560669