Date,Rarea,NDWI,MNDWI
1984-07-01,12.8016177323,0.962286694824,0.882171185669
1984-08-18,12.8016177323,0.922679031189,0.857866473145
1986-05-20,12.8016177323,1.64461417206,1.64641416504
1986-08-08,12.8016177323,1.71122670563,1.62751051544
1986-08-24,12.7809137423,1.69052269965,1.60950701202
1986-09-09,11.5480773137,1.38925493056,1.20082936426
1989-08-16,12.8016177323,1.58160259027,1.51769022815
1989-09-17,12.800717552,1.56449930487,1.50508787042
1990-03-12,12.8016177323,1.50778893134,1.60770755939
1990-04-13,11.2174248422,1.42677203961,1.50328632111
1990-06-16,12.2399735083,1.62128163891,1.40967196606
1990-07-02,12.8016177323,1.65541656665,1.66711849872
1990-08-03,12.8016177323,1.65451649445,1.6167089563
1990-08-19,12.8016177323,1.79770096811,1.59330454205
1990-09-04,12.8016177323,1.81722547985,1.57710147211
1990-10-06,12.7800135337,1.77923222603,1.50598797046
1991-05-02,12.8016177323,1.49518645367,1.52309147198
1991-05-18,12.8016177323,1.48798510577,1.48798483948
1991-06-19,11.6267217871,1.27734681409,1.25124172943
1991-08-06,12.8016177323,1.63294833986,1.41237064954
1991-08-22,12.779113402,1.50432250802,1.37366323816
1991-10-09,12.8007175522,1.31425252045,1.19723022516
1991-11-10,12.8016177323,1.24223888995,1.10361270605
1992-02-14,12.8016177323,1.22243559656,1.24043881873
1992-04-02,12.8016177323,1.1891293161,1.22603610199
1992-04-18,12.8016177323,1.17202605585,1.18282787024
1992-06-21,12.8016177323,1.15672299408,1.09731157776
1992-08-24,12.7998173813,1.01179554382,0.910076047607
1992-09-09,12.8016177323,0.955985064941,0.871368797302
1992-09-25,12.7980170255,0.913677046143,0.808356857361
1992-10-11,12.8016177323,0.847964492432,0.726441231262
1992-11-12,12.8016177323,0.761548216003,0.656227921387
1993-05-23,12.8016177323,1.61310841125,1.65091515778
1993-06-08,12.8016177323,1.58610330389,1.56809965302
1993-06-24,12.8016177323,1.57350103241,1.55639747815
1993-07-26,12.8016177323,1.49968713226,1.44117608655
1993-09-12,11.9864266295,0.986590257141,0.95508419989
1993-10-14,12.8016177323,1.1927297984,1.1018123465
1993-11-15,10.9445092751,1.41394446115,1.36556081158
1994-04-08,12.6487458274,1.54919669452,1.60140625714
1994-05-26,12.8016177323,1.56720013495,1.59150435748
1994-07-13,12.8016177323,1.54199532202,1.51589021472
1994-08-14,12.8016177323,1.46007995862,1.42587345673
1994-09-15,12.8016177323,1.36016136926,1.27914596265
1994-11-18,12.8016177323,1.13961981482,1.06940637396
1995-02-06,12.5203528189,1.48708433582,1.57079985596
1995-02-22,12.8016177323,1.51949126801,1.61490884857
1995-06-14,12.8016177323,1.43847587201,1.38626583862
1995-06-30,12.8016177323,1.38176535901,1.30795129407
1995-07-16,12.8016177323,1.33045575531,1.22783616388
1995-08-01,12.8016177323,1.27554545496,1.20713234399
1995-08-17,12.8016177323,1.21613427301,1.13691903516
1995-09-02,12.8016177323,1.13781941528,1.05860432751
1995-09-18,11.8780367842,0.509497017273,0.459987665833
1995-10-20,12.7845143742,1.08650971881,0.884871373047
1995-11-05,12.8016177323,0.947883662231,0.833561676697
1996-04-13,11.321473241,1.53929482361,1.72202898328
1996-04-29,12.8016177323,1.58340294293,1.66261750909
1996-05-31,12.8016177323,1.60230684235,1.65181575739
1996-08-03,12.8016177323,1.56720015179,1.54019470374
1996-09-04,12.8016177323,1.48438489636,1.41957236938
1996-12-09,12.8016177323,1.1189157868,1.07840807074
1997-06-19,12.8016177323,1.570800646,1.57170056274
1997-07-05,12.8016177323,1.56900030804,1.55909814423
1997-07-21,12.8016177323,1.55639798962,1.53659399615
1997-08-06,12.8016177323,1.57440129156,1.54469540741
1997-08-22,12.8016177323,1.55909842676,1.51408962836
1997-09-07,12.8016177323,1.60222109492,1.51679009686
1997-09-23,12.8016177323,1.5735012027,1.52849249341
1998-05-21,12.8016177323,1.58880407446,1.61040782666
1998-06-06,12.8016177323,1.59330484857,1.58880375684
1998-06-22,12.0291101419,1.26113958459,1.22783298724
1998-07-24,12.8016177323,1.59690561438,1.5455956936
1998-08-09,12.8016177323,1.58520344464,1.52129123682
1999-05-08,11.5930055927,1.52041951688,1.5347936673
1999-05-24,12.8016177323,1.5221917981,1.52039122552
1999-08-28,12.6215846113,1.47088206635,1.43307467554
2000-07-29,12.8016177323,1.47358272437,1.44837766681
2000-08-30,12.8016177323,1.46818159833,1.41957216602
2000-10-01,12.7404060041,1.42227280103,1.3988682099
2000-10-17,12.8016177323,1.40654291722,1.36376172626
2001-08-17,12.8016177323,1.52219168054,1.45377862549
2003-11-11,12.8016177323,1.26935394223,1.22063507788
2004-08-25,12.8016177323,1.37006351672,1.3232544093
2005-06-09,12.8016177323,1.35836124646,1.33585677667
2005-09-13,12.8016177323,1.23683828644,1.14772122186
2005-10-31,12.8016177323,1.14772153894,1.0279986886
2005-11-16,12.8016177323,1.13962011945,0.996492779785
2006-04-09,11.3191691076,1.27104301508,1.36376029382
2006-05-27,12.8016177323,1.46368100989,1.48978570276
2006-06-12,12.8016177323,1.47178258301,1.47718329559
2006-09-16,12.7989172014,1.39886883032,1.32595494623
2006-11-03,12.8007175597,1.2899483219,1.19993118408
2006-12-05,12.8016177323,1.20353213062,1.1567230191
2007-04-28,12.8016177323,1.32325476733,1.33855753723
2007-08-09,12.8016177323,1.3052511062,1.25664172412
2007-08-18,12.8016177323,1.30975208984,1.25844212921
2007-09-03,12.8016177323,1.28814799432,1.24223910126
2008-03-29,12.8016177323,1.37006383344,1.4204731618
2008-04-14,12.3484397891,1.38086580005,1.41147134198
2008-04-30,12.327552096,1.34575910675,1.37096369891
2008-08-04,12.8007175607,1.40877100342,1.38896697528
2008-08-11,11.1693717705,1.31202825586,1.24721566748
2008-08-20,12.8016177323,1.3790652193,1.33765717291
2008-09-05,12.8007175522,1.35656096259,1.33855738965
2008-09-21,12.5666728513,1.18732870538,1.17022532434
2008-10-07,12.8016177323,1.28634762451,1.24403945264
2009-11-11,12.8016177323,1.32775539783,1.29534911169
2009-11-27,12.8016177323,1.29174858911,1.26924418213
2010-01-14,12.6981096209,1.25304132904,1.27824601898
2010-04-20,12.5810766407,1.34755953088,1.40607044586
2010-05-06,12.8016177323,1.35386067657,1.40967109875
2011-05-25,12.8016177323,1.34575908173,1.3691634024