Date,Rarea,NDWI,MNDWI
1984-06-22,7.03588312383,0.344568712769,0.340070439148
1984-08-25,7.03588312383,0.310438263309,0.25280384729
1984-09-10,7.03588312383,0.272695101567,0.225814134705
1984-09-26,7.03588312383,0.20441995326,0.167336443359
1984-12-31,7.03588312383,0.0971631472168,0.119654598022
1985-03-05,6.52085681741,0.133149172119,0.157439828064
1986-05-11,7.03588312383,0.364361115784,0.376056640686
1986-05-27,7.03588312383,0.367959735291,0.383253890991
1986-08-31,7.03588312383,0.360762505981,0.354464906494
1986-10-02,7.03588312383,0.368859225159,0.299585921692
1986-10-18,7.03588312383,0.321177646912,0.281592773682
1987-01-06,6.84785279912,0.339170782715,0.364361173706
1989-06-04,7.03588312383,0.365257251024,0.370655189074
1989-06-20,7.03588312383,0.401247073608,0.403046405273
1989-07-06,7.03588312383,0.357163913086,0.358963192749
1989-07-22,7.03228450023,0.336471821289,0.252803961365
1989-09-24,7.03588312383,0.283392096985,0.247405905518
1989-12-13,6.23005090779,0.157440242126,0.150242960327
1990-03-03,7.03588312383,0.578479031433,0.629759403931
1990-06-23,7.03588312383,0.632458198914,0.588375305359
1990-07-09,7.03588312383,0.642354338501,0.566783580017
1990-07-25,7.03588312383,0.59287334198,0.506506646912
1990-08-10,6.92792467033,0.599170686584,0.512804091797
1990-09-27,7.03588312383,0.450727809204,0.369759068237
1990-10-29,7.03588312383,0.394949282166,0.322077287598
1991-05-25,7.03588312383,0.63785617511,0.608167673279
1991-06-26,7.03588312383,0.578478811951,0.520901075012
1991-07-12,7.03588312383,0.548790106628,0.485814480591
1991-08-13,7.03588312383,0.450727759155,0.392250370178
1991-09-30,6.48176375651,0.362561730896,0.313980434814
1991-11-01,7.03588312383,0.32297689447,0.278893864563
1991-12-03,7.03588312383,0.273495885132,0.257302113892
1992-08-15,7.03588312383,0.0638757843628,0.0476819147949
1993-04-12,7.01564949217,0.470520343567,0.513703740173
1993-07-01,6.67453822903,0.320277361755,0.298685652527
1993-08-02,7.03588312383,0.534395734802,0.496610417664
1993-09-19,7.03588312383,0.415641296631,0.365260705688
1993-10-05,7.03588312383,0.367959670654,0.331073836487
1994-05-01,7.03588312383,0.596472007507,0.615364682678
1994-06-18,7.03588312383,0.54609118988,0.508305729187
1994-08-21,7.03588312383,0.387752021973,0.33287313031
1994-09-22,7.03588312383,0.313080694946,0.268097955933
1994-10-08,7.03588312383,0.276194844177,0.233911058044
1995-07-23,7.03588312383,0.0935645228882,0.085467611084
1995-08-24,7.03498346648,0.0899659194336,0.0728724092407
1995-09-09,7.03588312383,0.0728723932495,0.0629761488647
1995-09-25,7.03588312383,0.0440833067627,0.0440833029785
1995-10-11,7.03588312383,0.0161938729248,0.0224914860229
1996-08-26,7.03588312383,0.281592786499,0.228513146118
1996-09-11,7.03588312383,0.275295195801,0.236610047058
1996-10-13,7.03588312383,0.250105445374,0.216818087646
1996-10-29,7.03588312383,0.226713846558,0.194326189697
1997-02-02,6.10338642252,0.567683161377,0.605468662598
1997-05-25,6.59772571527,0.61086648645,0.612665763245
1997-06-10,7.03588312383,0.634257570801,0.61266583374
1997-08-13,7.03588312383,0.564084495605,0.516402753357
1997-08-29,7.03588312383,0.517302267822,0.463323078613
1997-12-03,7.03588312383,0.317578980042,0.28159273938
1998-02-05,6.70883285387,0.573081111816,0.598271488647
1998-04-26,7.03588312383,0.610866525879,0.618063746887
1998-05-28,7.03588312383,0.618063421204,0.607267568176
1998-06-29,6.85485775044,0.667964896755,0.684931443189
1998-07-15,7.03588312383,0.606368212891,0.580278304321
1998-10-03,7.03498346678,0.442630954956,0.414741700928
1998-12-22,7.03048526012,0.413842134949,0.422838711365
1999-03-12,6.58498348087,0.414740633362,0.447128104187
1999-04-29,6.98867109542,0.612665833679,0.623461734253
2000-07-04,6.62438982467,0.715226547729,0.6729429328
2000-07-20,7.03588312383,0.615364770325,0.566783433289
2000-08-21,7.02598700243,0.582077479858,0.567683025452
2001-08-08,7.03588312383,0.584776457886,0.498409885437
2003-11-18,6.06095195965,0.0575782017822,0.0476819458618
2003-12-04,6.005778436,0.0116955534058,0.00719726257324
2004-03-09,6.58398798599,0.135848430237,0.126851843628
2004-05-28,6.75121013197,0.101661328979,0.0962633867187
2004-06-29,7.03588312383,0.164637419006,0.141246393921
2004-07-15,7.03588312383,0.159239552368,0.143945359863
2004-07-31,7.03588312383,0.146644347351,0.132249829651
2005-04-13,7.03588312383,0.178132380676,0.16373785437
2005-06-16,7.03588312383,0.202423147949,0.182630662537
2005-07-18,7.03588312383,0.180831326172,0.145744689148
2005-09-04,7.03588312383,0.0376586036334,0.0161938746338
2006-05-02,7.03588312383,0.600070666504,0.620762773865
2006-05-18,7.03588312383,0.606368237793,0.616264431885
2006-06-03,7.03588312383,0.608167518616,0.591074138
2006-07-05,7.03588312383,0.604568936462,0.573081097046
2006-07-21,7.03588312383,0.605468589844,0.572181349976
2006-08-22,7.03588312383,0.568582744446,0.537094880188
2006-09-23,7.03588312383,0.521800722595,0.461523851501
2007-05-21,7.03588312383,0.604568992371,0.609067251953
2007-06-22,7.03588312383,0.609966937744,0.590174492737
2007-08-09,6.77498538768,0.578210653245,0.512804048523
2008-02-01,6.54274015612,0.567683352539,0.61356584375
2008-04-05,7.03588312383,0.573980718689,0.596472057495
2008-04-21,7.03588312383,0.58657589624,0.600070700073
2008-05-07,6.93607843111,0.555088139221,0.547890980286
2008-08-11,7.03588312383,0.561579622956,0.524499696228
2008-08-27,7.03588312383,0.55148935199,0.530797261292
2008-09-12,7.03588312383,0.692340451567,0.504707211304
2009-03-23,7.03588312383,0.564984181274,0.604568998535
2009-04-24,7.03588312383,0.568582850098,0.589274917114
2009-05-26,7.03588312383,0.58477664917,0.610866601746