Date,Rarea,NDWI,MNDWI
1984-07-01,12.2353219992,0.124164899658,0.108869220337
1984-09-03,12.2353219992,0.120565910095,0.0980722734375
1985-04-15,12.2353219992,0.709900070679,0.74139129425
1986-04-09,12.2326227668,0.650516824036,0.674810174622
1986-05-04,12.2353219992,0.671210926208,0.717997847656
1986-05-20,12.2353219992,0.680208393433,0.712599359558
1986-07-23,12.2353219992,0.703601811584,0.690105682983
1986-08-08,12.2353219992,0.703601826111,0.701802412292
1986-08-24,12.2353219992,0.724910139938,0.70000289502
1986-08-31,12.2353219992,0.732108108383,0.715298604004
1986-09-09,12.2353219992,0.679516831973,0.68650665564
1986-10-02,12.2353219992,0.647436418498,0.650516747009
1986-10-18,12.2353219992,0.637920237,0.658614490845
1986-12-14,12.2353219992,0.670311165466,0.713499130371
1987-01-31,12.0265798026,0.595632053223,0.64241896936
1987-02-16,12.2353219992,0.610028084473,0.664012996338
1989-03-16,12.2353219992,0.786378630249,0.823268415527
1989-06-20,12.2353219992,0.594732319031,0.624424060059
1989-07-06,12.2270653542,0.58303560968,0.60912836261
1989-07-15,12.2353219992,0.776483140503,0.638820266663
1989-08-16,12.2353219992,0.598331441467,0.59563216925
1989-08-23,12.2353219992,0.596531911804,0.601030684937
1989-09-01,12.2353219992,0.567739936707,0.59113342865
1989-09-17,12.2353219992,0.556942956726,0.559642249573
1989-09-24,12.2344222534,0.568639716064,0.573138504578
1990-03-12,12.2353219992,0.782779714783,0.833165635925
1990-04-13,12.2353219992,0.647817428711,0.717997775574
1990-07-02,12.2353219992,0.593832602844,0.645118261597
1990-07-25,11.6190993389,0.560541941956,0.583035679382
1990-08-03,12.2353219992,0.58933390918,0.611827642334
1990-08-10,12.2353219992,0.568639689941,0.583935460632
1990-08-19,12.2353219992,0.571338961914,0.568639729492
1990-09-04,12.2353219992,0.602322449786,0.570439235962
1990-09-27,11.4034221735,0.532649820251,0.476865532166
1990-10-06,12.2353219992,0.526351627319,0.461569854065
1991-03-31,12.2353219992,0.529050891907,0.480464577637
1991-04-16,12.2353219992,0.526351621338,0.484963302063
1991-05-02,12.2353219992,0.525451862549,0.475965831177
1991-06-19,12.2353219992,0.511955649719,0.455271631897
1991-08-06,12.2353219992,0.756316299726,0.41838200061
1991-09-07,12.1948334356,0.449796201177,0.352700493347
1991-10-09,12.2353219992,0.376993625793,0.338304515076
1991-11-10,11.2089146366,0.323908524048,0.278921206909
1992-02-14,12.2353219992,0.214139475891,0.200643303711
1992-04-02,12.2353219992,0.179949153076,0.170051946838
1992-06-21,12.2353219992,0.151157278748,0.130463124451
1992-08-24,12.2353219992,0.120565907349,0.100771503723
1992-09-09,12.2353219992,0.151157592896,0.093573546875
1992-09-25,12.2353219992,0.13496211084,0.0836763372803
1992-10-11,12.2353219992,0.0989720569458,0.0674809154053
1992-11-12,12.2353219992,0.0836763463745,0.0557842296753
1993-01-31,11.0321041993,0.310412490234,0.321209496582
1993-03-20,10.8644240934,0.717098245178,0.735093292908
1993-03-27,12.2353219992,1.001418487,1.0338094339
1993-04-12,11.9531357549,0.968127772156,1.01491476526
1993-05-23,12.2353219992,0.894348277588,0.930338290466
1993-06-08,12.2353219992,0.870954828064,0.879952378906
1993-06-24,12.2353219992,0.815170451782,0.844862153076
1993-08-02,12.2353219992,0.797175484802,0.818769545715
1993-08-11,12.2173270782,0.680208379944,0.323008797485
1993-09-12,12.2353219992,0.74678964917,0.793576570801
1993-09-19,12.2353219992,0.753392127979,0.725195757935
1993-10-05,12.2353219992,0.675709630493,0.706301052185
1993-10-14,12.2353219992,0.688306072632,0.743190695679
1993-11-22,11.9712673486,0.599231072388,0.637020510925
1994-01-09,11.2842143613,0.553344108887,0.502058578979
1994-04-15,12.2353219992,0.726995204773,0.801674291321
1994-05-26,12.2353219992,0.707200693604,0.788178020203
1994-07-20,12.2353219992,0.735992725708,0.823268334778
1994-08-14,12.2353219992,0.744090449646,0.814270893677
1994-09-06,12.2353219992,0.927366117469,0.757586751709
1994-09-15,11.8394343672,0.850524614104,0.696403897705
1994-09-22,12.2353219992,0.834315093795,0.742291074524
1994-10-01,12.2353219992,0.736892271301,0.702702164978
1994-10-08,12.2353219992,0.700002731384,0.673910216309
1994-10-24,12.2353219992,0.678408918701,0.657714772644
1994-11-02,11.9196391841,0.656814992432,0.64961700415
1995-01-12,12.2191265064,0.622624604309,0.637020609741
1995-01-28,12.2353219992,0.00359898052979,0.0
1995-02-06,12.2353219992,0.608228632935,0.634321365051
1995-02-13,12.2353219992,0.590233657532,0.593832703613
1995-02-22,12.1183548135,0.518253827209,0.532649811951
1995-03-17,11.4082611132,0.586634811096,0.565040898499
1995-03-26,12.2353219992,0.598331397949,0.584835221863
1995-06-14,12.2353219992,0.594732438965,0.515554675476
1995-06-30,12.2353219992,0.597431740173,0.492161248901
1995-07-16,12.2353219992,0.589334013367,0.476865582031
1995-07-23,12.2353219992,0.594732484497,0.481364293091
1995-08-01,12.2353219992,0.576737543213,0.469667590027
1995-08-08,12.2353219992,0.55604332666,0.457970856689
1995-09-02,12.2353219992,0.525451946716,0.422880715515
1995-09-09,12.2353219992,0.512855471985,0.412083751404
1995-09-18,12.2308232583,0.509256477783,0.394088800415
1995-09-25,12.2353219992,0.490361792725,0.392289306519
1995-10-11,12.2353219992,0.481364322449,0.391389555054
1995-10-20,12.2254247892,0.450772871094,0.357199142212
1995-11-05,12.2353219992,0.417482255981,0.342803234436
1996-07-02,12.2353219992,0.748589701172,0.708101020325
1996-08-03,12.2353219992,0.750388824158,0.706301185974
1996-08-10,12.2353219992,0.734193368164,0.67121103772
1996-08-26,12.2353219992,0.701802482666,0.653216101562
1996-09-04,12.2353219992,0.717996406555,0.666710902954
1996-09-11,12.2353219992,0.699103185547,0.645118323303
1996-10-13,12.2353219992,0.660414032471,0.573138498657
1996-10-29,10.4886665384,0.574769196578,0.453472052551
1996-12-09,12.2353219992,0.610927883545,0.565940489807
1997-02-27,10.5723121064,0.813371315308,0.942091383857
1997-03-22,12.0872130674,0.392290243469,0.288819345337
1997-05-25,12.2353219992,1.12468406836,1.07879691583
1997-07-05,12.2353219992,1.14357873798,1.08419538269
1997-07-21,11.8698816972,1.17691132256,1.0374081123
1997-08-06,12.2353219992,1.13908003967,1.05450367108
1997-08-13,12.2353219992,1.14807747418,1.05540340302
1997-08-22,12.2353219992,1.13818025,1.06530062781
1997-08-29,12.2002320113,1.12108499707,1.05630311285
1997-09-07,12.2353219992,1.3510421913,1.03920789484
1997-09-23,12.2353219992,1.13008256238,1.0760976701
1997-12-03,12.2353219992,0.942934848816,0.582136298889
1998-01-13,12.2353219992,0.845762013916,0.690105707397
1998-02-05,12.2353219992,0.996019977844,1.01941349689
1998-02-14,12.2353219992,0.978924763245,0.9933207901
1998-03-02,12.2353219992,0.94923316803,0.960929919495
1998-04-26,12.2353219992,0.938436144531,0.924040247742
1998-05-21,12.2353219992,1.06081008953,0.919541392944
1998-05-28,12.2353219992,1.01682419836,0.885350610413
1998-06-06,12.2353219992,0.97605329869,0.878152971375
1998-06-22,12.2353219992,0.905145363098,0.859258275757
1998-07-15,12.2353219992,0.897047685974,0.834065370483
1998-09-10,12.0301799689,1.50885422069,0.709533647501
1998-09-26,11.23300526,0.81258477674,0.340104338928
1999-05-24,12.2353219992,1.07789715106,1.05270421185
1999-06-16,12.2353219992,1.07969667328,1.03470921539
1999-08-28,12.2353219992,1.08239587085,1.01311525336
1999-09-20,12.2353219992,1.11488613513,0.994220534119
2000-07-29,12.2353219992,1.13818032001,1.02301246466
2000-08-30,12.2353219992,1.10938827692,1.01671417401
2000-10-01,12.2344222498,1.10758860529,1.02121265326
2000-10-17,12.2353219992,1.02751119104,0.980724267029
2001-08-17,12.2353219992,1.12828300995,1.01131576202
2003-11-11,12.2353219992,1.00231830469,0.963629119141
2003-11-18,12.0787212679,0.999619109741,0.92673949408
2003-11-27,12.2344222537,0.796275864075,0.0242931419067
2003-12-04,11.784249815,0.915942396179,0.607329135864
2003-12-20,11.7767068835,0.640620061035,0.520953630249
2004-04-10,12.2353219992,1.11748614258,1.10758892114
2004-04-19,12.2353219992,1.10608235851,1.08149634253
2004-05-28,12.2353219992,1.11658639087,1.06979943811
2004-07-31,12.2353219992,1.14267914917,1.03560902563
2004-08-25,12.2353219992,1.11028837891,1.00141855798
2005-02-08,12.2353219992,1.08239596777,1.06440103528
2005-04-13,12.2353219992,1.00321807068,0.974426130859
2005-06-09,12.2353219992,0.987922378601,0.934837185364
2005-06-16,12.2353219992,0.991521335022,0.956431142212
2005-09-13,12.2353219992,0.9348094388,0.830466399719
2005-10-31,12.2353219992,0.787278484192,0.700002948914
2005-11-16,12.2353219992,0.786378740845,0.701802433044
2006-02-04,12.1719512377,1.04190720941,1.08239589954
2006-05-18,12.2353219992,1.04280698059,1.04550617023
2006-05-27,12.2353219992,1.0419072168,1.01581450299
2006-06-03,12.1111557365,1.04820540131,1.01941348694
2006-06-12,12.2353219992,1.06440091364,1.02211274799
2006-07-05,12.2353219992,1.05810272754,0.987922290222
2006-07-21,12.2353219992,1.08059663989,0.970827087219
2006-07-30,11.1330618338,0.962729467163,0.819669535583
2006-09-16,12.2353219992,1.03200996448,0.951932377441
2006-09-23,12.2353219992,1.00591727344,0.915942434753
2006-11-03,12.2353219992,1.58320151457,0.9069449776
2007-03-11,12.2353219992,0.780980285217,0.769283560425
2007-03-27,12.2353219992,0.761185808716,0.743190842041
2007-04-28,12.2353219992,0.723396433655,0.70360194928
2007-07-17,12.2353219992,0.721596958984,0.593832721985
2007-08-18,12.2353219992,0.682907793274,0.568639800232
2007-09-03,12.2353219992,0.985824962218,0.554243835937
2008-03-20,12.2353219992,1.00141848083,1.0158144707
2008-03-29,12.2353219992,0.982523775085,1.00231826398
2008-04-05,12.2353219992,0.979824537537,0.988822019348
2008-04-30,12.2353219992,0.985223026917,0.978025045105
2008-05-07,12.2353219992,0.990621517456,0.978025061768
2008-05-16,12.2353219992,0.974426043945,0.969927307556
2008-08-11,11.9247637129,1.04383969626,0.879052764648
2008-08-20,12.2353219992,1.02330445556,0.903345956177
2008-08-27,12.2353219992,1.35327038311,0.947726578136
2008-09-05,12.2353219992,1.39597659054,0.924040190674
2008-09-21,12.218226783,1.20557390725,0.911443700623
2008-10-07,11.6079155414,0.941135607483,0.851160627319
2009-03-23,11.5660724747,0.776481760681,0.760286360474
2009-04-17,12.2353219992,0.773782280518,0.745890104126
2009-04-24,12.2353219992,0.771982778076,0.737792383789
2009-05-19,12.2353219992,0.767484026855,0.722496651062
2009-05-26,12.2353219992,0.769283526733,0.715298647705
2009-11-11,12.232622757,0.614526970764,0.517354208679
2009-11-27,12.2353219992,0.610028254822,0.540747651306
2010-01-14,12.048582843,0.637920386108,0.605529425781
2010-01-21,12.051204415,0.545246424133,0.241132052551
2010-02-06,10.9726198595,0.610028203308,0.592033339478
2010-05-06,12.2353219992,0.870055199951,0.841263334412
2011-02-09,11.4152843677,0.87995230542,0.928538668945
2011-04-14,12.03377977,0.843962489441,0.87635352655
2011-05-25,12.2353219992,0.933037521362,0.969027481873
2011-09-14,12.2245250131,1.3237531435,0.925839690063