Date,Rarea,NDWI,MNDWI
1984-06-24,6.53970012243,0.00270214135742,0.00180142712402
1984-08-27,6.53970012243,0.00450356896973,0.00180142755127
1986-12-23,6.53970012243,0.0330650071665,0.0330650082651
1987-02-09,6.03770232815,0.0321642933603,0.0330650069223
1987-03-13,6.53970012243,0.0321642940928,0.0303204815547
1989-03-18,6.53970012243,0.0303628664804,0.030362867396
1989-07-24,6.53970012243,0.0339657210337,0.0255096124083
1989-08-25,6.53970012243,0.0348664342905,0.0294621540171
1990-03-21,6.53970012243,0.0291124647643,0.0294621540171
1990-06-09,6.53970012243,0.0357671480967,0.0408217374083
1990-08-28,6.53970012243,0.0348664349009,0.0309138932311
1990-10-15,6.53879940862,0.0321642934824,0.0303628680063
1990-10-31,6.53970012243,0.029462153956,0.0244958682165
1991-01-19,6.53970012243,0.0282117510192,0.0271980077428
1991-03-08,6.1147858522,0.0262972953405,0.0246089001281
1991-04-09,6.294949913,0.00679597129289,0.00769668516008
1991-05-11,6.53970012243,0.0300131797911,0.029112465924
1991-06-28,6.53970012243,0.0330650078379,0.0408217396056
1991-07-30,6.53970012243,0.0348664352671,0.0264103266417
1991-09-16,6.53970012243,0.0309138935973,0.0282117529723
1991-10-18,6.5378986964,0.0174031938292,0.0184875795504
1992-05-13,6.2380350678,0.00239130594099,0.0168027280601
1992-06-30,6.53970012243,0.00409383115617,0.00149059213484
1992-11-21,6.53970012243,0.00239130594099,0.000900713256836
1993-01-08,6.25327323754,0.0,0.0
1993-03-13,6.53970012243,0.0181908736486,0.020893013175
1993-03-29,6.12265221982,0.0,0.0
1993-08-04,6.53970012243,0.0228074703185,0.0201053308532
1993-08-20,6.53970012243,0.0228074701964,0.0190915867223
1993-09-05,6.53970012243,0.0237081833922,0.0210060438658
1993-09-21,6.53970012243,0.0226944407262,0.0190915869054
1994-05-03,6.53970012243,0.0143478374009,0.0117587264598
1994-05-19,6.53970012243,0.0264103247496,0.0264103264586
1994-07-06,6.53970012243,0.0336160323912,0.0354174596984
1994-07-22,6.53970012243,0.0330650076548,0.0354174605529
1994-08-07,6.53970012243,0.0303628685556,0.0237081852843
1994-09-24,6.53970012243,0.0282117511412,0.0253965814123
1994-10-10,6.53970012243,0.0246088984801,0.0208930137853
1994-11-11,6.53970012243,0.0208930150671,0.0181908751135
1994-11-27,6.53970012243,0.0181908756628,0.0163894487829
1994-12-13,6.53970012243,0.0190915887365,0.0181908763342
1995-02-15,6.53970012243,0.0255096109435,0.0246088992125
1995-03-19,6.53970012243,0.0255096108214,0.0255096128356
1995-04-04,6.53970012243,0.0235951545934,0.0246088998839
1995-05-06,6.53970012243,0.0219067589537,0.0246089005553
1995-05-22,6.53970012243,0.0264103246276,0.0282117538268
1995-06-23,6.53970012243,0.0282117522399,0.0300131802184
1995-07-25,6.53970012243,0.026410325299,0.0264103264586
1995-08-10,6.53970012243,0.0274240694757,0.0228074722106
1995-09-27,6.53970012243,0.0237081852843,0.0201053325621
1995-10-13,6.51147778311,0.0192046196715,0.0210060478331
1996-06-09,6.53970012243,0.00360285498047,0.00810642132568
1996-07-27,6.53970012243,0.0276607271372,0.0291124653136
1996-09-13,6.1261842695,0.0294621534067,0.0375685747324
1996-10-15,6.53970012243,0.0284484083604,0.0293491217393
1996-12-02,5.80375693928,0.0264103247496,0.0291124658019
1997-06-28,6.53970012243,0.0285614414927,0.0300131802184
1997-08-15,6.53970012243,0.0321642938486,0.0246088978087
1997-08-31,6.53970012243,0.0321642943979,0.0300131782653
1998-03-11,6.43251525054,0.353606017003,0.395151865504
1998-05-14,6.53970012243,0.482521076624,0.501987089947
1998-06-15,6.53970012243,0.492979954388,0.499284948529
1998-07-01,6.29208856337,0.509542482447,0.601387008905
1998-08-18,6.53398854552,0.506840338709,0.488826072535
1998-09-03,6.53970012243,0.509542476344,0.487925356776
1998-10-05,6.53970012243,0.484322500575,0.490277804974
1998-12-08,6.53970012243,0.493329631739,0.486674947858
2000-05-03,6.53970012243,0.521251744044,0.549724886212
2000-08-23,6.53970012243,0.530258877772,0.54196815182
2000-10-10,6.53970012243,0.506840328395,0.54737242837
2000-12-29,6.53609726574,0.489726774317,0.528107759869
2001-05-06,6.53970012243,0.517299206158,0.555129167218
2001-07-09,6.53970012243,0.528457453089,0.568989553187
2001-08-10,6.53970012243,0.539266012354,0.540717750958
2003-12-06,6.53240257946,0.493880653424,0.511894915936
2003-12-22,6.38426516186,0.451783777806,0.495682073529
2004-04-28,6.27183850801,0.481062267838,0.532402927262
2004-06-15,6.53970012243,0.514046037135,0.533861727931
2004-07-01,6.53970012243,0.537464591822,0.566838438458
2004-07-17,6.53970012243,0.523053174952,0.520351031703
2005-02-10,6.53970012243,0.475866382916,0.526306332501
2005-05-17,6.53970012243,0.496031770228,0.514597062543
2005-07-20,6.53970012243,0.505939617213,0.502887790692
2005-09-06,6.53879940935,0.496932482203,0.507391352765
2005-09-22,6.53699798168,0.490627487269,0.49748350694
2006-02-13,6.53970012243,0.464157115826,0.498384221295
2006-06-21,6.41900448736,0.434783243312,0.516398474469
2006-07-07,6.53970012243,0.510443187708,0.545221320599
2006-07-23,6.53970012243,0.507391358136,0.552427027753
2006-08-08,6.53970012243,0.515847464747,0.530809906109
2006-08-24,6.53970012243,0.50942944431,0.520902057416
2006-11-12,6.53970012243,0.443440700238,0.396886169528
2006-11-28,6.53970012243,0.478805181737,0.486123915919
2006-12-14,6.53970012243,0.479469241803,0.481620353541
2007-02-16,6.53970012243,0.452447836224,0.532961016322
2007-05-23,6.53970012243,0.511894926007,0.538916329571
2007-07-26,6.53970012243,0.513933012303,0.537114897748
2007-08-11,6.53970012243,0.519450320765,0.533512045392
2008-02-03,6.25978292445,0.467646934318,0.521251744959
2008-04-07,6.53970012243,0.484760490104,0.538015610272
2008-04-23,6.53970012243,0.487812320104,0.524854600306
2008-08-13,6.53970012243,0.633000381536,0.539817039471
2008-08-29,6.50006873241,0.459102525233,0.491178516461
2008-09-30,6.53970012243,0.508292069745,0.549724884503
2009-03-25,6.53970012243,0.457852118634,0.518199915936
2009-04-26,6.53970012243,0.48487352409,0.536214185101
2009-05-12,6.47247507419,0.486674950299,0.535313472211
2009-05-28,6.53970012243,0.492979942914,0.562377259581
2010-01-23,6.53970012243,0.47316424577,0.529008474957
2010-02-08,6.35145109264,0.411802731254,0.448293984645
2010-03-28,6.53970012243,0.492079226727,0.536563872401
2010-04-29,6.53970012243,0.488363344901,0.535313472455
2011-03-31,6.53970012243,0.492428915797,0.532961017054
2011-11-10,6.53970012243,0.484873521283,0.49027779472