Date,Rarea,NDWI,MNDWI
1984-05-21,56.9274116786,2.65702171165,2.99144723386
1984-06-15,56.9271632174,3.36593975013,3.3881692284
1984-07-01,56.9271632174,3.24949319449,3.21501648789
1984-08-18,56.9271632174,2.24187968604,2.12953673145
1984-09-03,56.9271632174,1.93730344141,1.74756749854
1984-10-28,56.9274116786,1.33787289148,1.25917373933
1986-04-09,56.9274116786,4.7743614292,4.56471892114
1986-05-11,56.9274116786,5.23856836841,5.54709436448
1986-05-20,56.9271632174,5.34161502094,5.49796011878
1986-05-27,56.9274116786,5.43479116526,5.65097532735
1986-07-23,56.9271632174,5.85496404481,5.62622706928
1986-08-08,56.9271632174,5.63620824482,5.39654429267
1986-08-24,56.9271632174,4.96807559155,4.76336142041
1986-08-31,54.6113570931,3.71366725293,3.16211221167
1986-10-11,56.9271632174,4.30400045361,4.04186505615
1986-10-27,56.9271632174,4.181670646,3.93451453564
1986-11-12,51.0579152183,2.86599946826,2.60636154858
1986-12-30,51.270823576,4.60281239802,4.44303432648
1987-01-06,56.7100452703,3.68371973779,3.52898412134
1987-01-22,55.8062752289,3.38922214575,3.25195649023
1987-01-31,56.9271632174,3.57252047925,3.39776422681
1987-02-07,56.9274116786,3.54395706201,3.45656500685
1987-08-18,56.9274116786,2.79678190061,2.44332766406
1989-03-16,56.9274116786,5.32592205469,5.2884870144
1989-05-03,56.906390455,4.72860924969,4.82804159923
1989-07-06,56.9274116786,7.17944650625,6.2022525783
1989-07-22,56.9274116786,6.74097910484,5.80914392771
1989-08-16,56.9271632174,5.99398374616,5.15936885859
1989-09-17,56.9271632174,4.8557306311,4.44130753955
1989-09-24,56.9274116786,4.90164445361,4.46488909009
1990-03-03,56.9274116786,4.51729878638,4.33760566943
1990-03-12,56.9006427673,4.41634383765,4.25406940845
1990-04-13,51.3472488559,4.51621349316,4.35892979443
1990-06-16,56.9271632174,5.88862599802,5.25805992151
1990-06-23,54.5531846795,7.18078280939,6.13792404374
1990-07-02,56.9271632174,6.14814058929,5.33744075808
1990-07-09,56.9274116786,6.20071323861,5.36644679903
1990-07-25,56.9274116786,5.26194531819,4.51385374729
1990-08-03,56.9271632174,5.54146085057,4.61763316938
1990-08-10,56.9274116786,4.65611263132,4.05214656834
1990-08-19,56.9271632174,4.43787901215,3.84370347797
1990-09-27,56.9274116786,3.46908340698,3.17458634814
1990-10-06,56.8797292013,3.46766775464,3.12314741943
1990-10-13,55.4174716439,3.73574265593,2.32867604921
1990-10-29,56.9274116786,3.1047038894,2.83516387183
1990-11-23,51.175694204,2.7911135603,2.53397139453
1991-01-01,56.1793058672,2.6080481084,2.42336377466
1991-02-27,56.9052129238,2.49153128223,2.50401401221
1991-03-31,56.602604409,2.70123966382,2.74368066528
1991-04-07,56.9274116786,2.65796278516,2.61553516577
1991-04-16,56.9271632174,2.78861802637,2.78861876489
1991-05-02,56.9271632174,3.02484890473,2.95994002924
1991-05-09,52.553969868,3.27596311057,3.30341247434
1991-07-12,51.9885656146,3.96633378609,3.48964823775
1991-08-06,56.9271632174,3.43178758539,2.89098047754
1991-09-07,56.7299375265,3.19306122559,2.26934340137
1991-10-09,56.9271632174,2.06712259155,1.83494591577
1991-11-10,51.466333383,1.49791516138,1.26074467432
1992-01-04,50.1329404265,1.18048469849,1.14554430713
1992-02-14,56.9271632174,0.958665455078,0.946182881836
1992-04-02,56.9271632174,0.671565649658,0.746461566895
1992-04-18,56.9271632174,0.684048610596,0.711510406494
1992-06-21,56.9271632174,1.64469687608,1.40367234998
1992-06-28,56.0125832356,1.47695155437,1.1899424843
1992-08-15,56.9274116786,0.35938540332,0.336923776367
1992-08-24,56.9271632174,0.279611309326,0.21969466626
1992-09-09,56.9271632174,0.0923716130371,0.0624134787598
1992-09-16,55.7020137584,0.139918320923,0.0299490778809
1992-11-12,56.083523507,0.0,0.526767295654
1993-03-27,56.3808657411,2.73533109277,3.45410545801
1993-05-23,56.9271632174,3.91860454657,3.91610975385
1993-06-08,56.9271632174,4.05247904188,3.86773525574
1993-06-24,56.9271632174,4.15370279527,3.98233482361
1993-07-17,56.9274116786,3.9788214145,3.73362203882
1993-07-26,56.9271632174,3.87772248231,3.57003251636
1993-08-02,56.9274116786,3.64533415842,3.36425536328
1993-08-11,56.8173125338,3.40276376172,3.23050428882
1993-08-27,56.9271632174,3.01829798022,2.78612118311
1993-09-19,51.5677753208,2.00907176538,1.80691632593
1993-10-14,56.9271632174,2.40165694482,2.24936903149
1993-11-22,50.1061384494,1.50742506885,1.39262097192
1994-01-09,55.8966687323,1.69710213159,1.66715384473
1994-04-15,56.9274116786,2.5107127522,2.40589145483
1994-04-24,56.9271632174,2.62884149634,2.6513107627
1994-05-26,56.9271632174,3.08382892005,2.98896338245
1994-06-18,56.9274116786,3.33222829219,3.14005413154
1994-07-13,56.9271632174,3.41914091986,2.96130871769
1994-07-20,56.9274116786,3.16271023872,2.84075865205
1994-08-14,56.9246667201,2.43661105054,2.21597631903
1994-09-06,56.9274116786,1.83436741211,1.63720372168
1994-09-22,56.9274116786,1.68212784912,1.48746033911
1994-10-01,56.9271632174,1.50790093335,1.36060612134
1994-10-08,55.72524486,1.42756287036,1.26034798315
1994-12-20,56.9271632174,0.876280234375,0.831342750488
1995-01-05,56.4175412225,0.7214957229,0.684048108643
1995-01-12,56.9274116786,0.694549035429,0.634650881376
1995-01-28,56.9274116786,0.606464137207,0.596481197021
1995-02-06,56.9271632174,0.619138304199,0.589180293457
1995-02-13,54.9853400423,0.554053016602,0.531591469727
1995-03-17,56.9274116786,0.878499428467,0.923422899658
1995-04-11,56.9271632174,1.09597482397,1.15089863086
1995-06-14,56.9271632174,2.83893439563,2.74827945598
1995-06-30,56.9271632174,3.05784827508,2.88309316985
1995-07-16,56.9271632174,2.95038736631,2.61924167395
1995-08-01,56.9271632174,2.64022615332,2.13609450434
1995-08-08,56.9274116786,2.08549129173,1.66620842673
1995-09-02,55.6497525014,1.49791749951,1.16338217505
1995-09-09,56.9274116786,1.25036440869,0.995798590332
1995-09-25,56.9274116786,0.915935799805,0.763695526611
1995-10-11,56.6528821495,1.18457415357,0.556549732666
1995-11-05,56.9271632174,0.426905869873,0.404437094238
1995-11-28,56.2432279406,0.0,0.222120662354
1995-12-14,56.9274116786,0.0,0.174702176514
1996-05-31,56.9271632174,6.53401597938,7.00347522774
1996-07-02,56.9271632174,6.98974787779,7.261873296
1996-08-10,56.9274116786,6.20940065283,6.40905791577
1996-08-26,56.9274116786,5.70277858057,5.96982327539
1996-09-11,56.9274116786,5.84004591211,5.77016526489
1996-09-27,56.9274116786,5.76517341138,5.63539552661
1996-10-29,56.9274116786,5.44321381274,5.53555809766
1996-11-23,56.9271632174,5.32757261377,5.34504671558
1996-11-30,56.9274116786,5.38596217139,5.40593020361
1996-12-25,56.7948381112,5.29761413892,5.37250898242
1997-04-23,56.7579350915,5.55802753955,5.78514075073
1997-06-10,56.9274116786,6.42965026826,6.4845545815
1997-06-26,56.9274116786,6.62181775972,6.55914940472
1997-07-05,56.9196736041,6.82447048852,6.68439045694
1997-07-21,56.9271632174,6.40419788123,6.1030557392
1997-08-06,56.9271632174,5.92580193232,5.71609162763
1997-08-13,56.9274116786,6.21595777464,5.99134470213
1997-08-22,56.9271632174,5.65711450879,5.43742037671
1997-09-07,56.8997014945,5.639638698,5.48485300757
1997-09-23,56.9271632174,5.46736685327,5.30509238672
1998-01-13,56.9271632174,4.9530942041,4.78832275269
1998-02-05,49.1538829973,3.01986334204,3.28216091932
1998-02-14,56.9246666339,5.31259368799,5.36002708398
1998-03-02,53.0245624191,4.45378459985,4.43381242432
1998-03-18,56.9246666961,5.29012535376,5.30510410425
1998-04-26,56.9274116786,5.32346757983,5.19368867163
1998-05-12,56.9274116786,0.326280755284,0.308850291482
1998-05-21,56.9271632174,5.85496012147,5.56380596918
1998-06-06,56.9271632174,6.03810023331,5.52386329193
1998-06-13,56.9274116786,6.23846081934,5.52305467996
1998-06-22,56.9271632174,6.22331586631,5.64775196033
1998-07-15,56.9274116786,5.83161061912,5.3025159387
1998-07-31,56.9274116786,5.56706279026,5.10285727097
1998-09-10,56.9271632174,4.64103018506,4.36141934375
1998-10-12,56.9271632174,4.32896003369,4.12174860229
1998-10-19,52.4130865468,4.25524487598,3.99069730835
1998-12-15,56.9271632174,4.33895061377,4.34893616431
1999-02-17,55.3589787564,5.39497880591,5.49983240894
1999-05-08,54.7334064146,5.87182388745,5.98916209033
1999-05-15,56.9274116786,5.84503334155,5.98385312669
1999-05-24,56.9271632174,5.97168480786,5.879314073
1999-06-16,56.9274116786,6.58641077678,6.2259404763
1999-08-28,56.9271632174,5.55226012329,5.31259349365
1999-09-20,55.8991574635,4.34509532275,3.14464445996
2000-07-20,51.3841698974,5.89400634299,6.18628344285
2000-07-29,56.9271632174,5.81345683393,6.03564599286
2000-08-30,56.9271632174,5.39248530127,5.38998451807
2000-10-01,54.9449295885,3.96447640674,4.05434681396
2000-10-17,56.9271632174,5.10039201514,5.14532427979
2001-03-26,50.4413874174,5.12036338965,5.84344542429
2001-08-17,56.5576754598,5.00302593994,5.00302176758
2003-11-18,56.9274116786,2.64298845776,2.4508165354
2004-06-13,56.9274116786,5.82911785642,5.92921887401
2004-06-22,56.9271632174,5.97229843421,6.04470040736
2004-08-25,56.8997013385,5.25517614844,5.16280457739
2005-02-08,56.9274116786,4.19035513696,4.01565341748
2005-02-17,50.1127360961,3.91703985913,3.8121861438
2005-06-09,56.9271632174,4.28559003192,4.26967457069
2005-07-18,56.9274116786,3.85997210496,3.76014063718
2005-09-04,56.8500436884,3.17707725659,2.98989686328
2005-09-13,56.9271632174,3.03078041138,2.85602297266
2005-09-20,56.9274116786,2.97242717529,2.76278480981
2005-09-29,56.9271632174,2.89097524512,2.70872876807
2005-10-31,56.9271632174,2.66129498706,2.45907668115
2005-11-16,56.9271632174,2.52398657983,2.3217680874
2006-04-25,56.9121837635,5.10788207031,5.17279111572
2006-05-18,56.9024554635,5.30096062842,5.43850070899
2006-05-27,56.9271632174,5.38904959345,5.43398758026
2006-06-03,56.827582431,5.5495924199,5.83437509618
2006-06-12,56.9271632174,5.73512723499,5.84586905069
2006-06-28,56.9271632174,5.72108904218,5.66616576606
2006-07-05,56.9274116786,5.70183411839,5.59950802561
2006-07-21,56.9274116786,5.57455132957,5.57455034568
2006-08-22,56.9274116786,5.16369514868,4.92659981714
2006-09-16,56.9271632174,5.01800710181,4.84325001343
2006-09-23,56.9274116786,4.97401931079,4.73692467773
2006-11-03,56.9221700924,4.75337517993,4.51870193164
2006-12-12,51.8571898215,1.5215092025,1.35769099072
2006-12-28,49.1602477796,2.05648083179,1.7719690896
2007-03-11,51.4090956758,4.11426746753,3.89207623413
2007-03-27,56.9271632174,3.95698562744,3.73729126123
2007-04-12,56.9271632174,4.13178147803,4.03901682815
2007-04-28,56.9271632174,4.07432213232,4.09679093994
2007-05-21,56.8649449053,4.0655656543,3.97821448608
2007-07-17,56.9271632174,4.21818274555,4.02345356147
2007-09-03,56.9271632174,3.49013811987,3.25296837012
2008-03-20,53.6570787161,4.73193081274,4.5425285564
2008-03-29,56.9271632174,4.65601150464,4.52119878247
2008-04-21,56.9274116786,4.70198224976,4.44991306665
2008-08-20,56.9271632174,4.45379448828,4.18167328564
2008-08-27,56.9274116786,4.57968780811,4.18785798169
2008-09-05,56.9271632174,4.16919055884,3.90206205737
2009-03-23,56.0601166017,3.9283008894,3.80601024658
2009-04-24,56.9274116786,4.04808841284,3.82846386963
2009-05-19,56.9146802916,4.45036103191,4.11083372185
2009-05-26,56.9274116786,4.44397711594,4.17942872532
2009-11-27,56.9271632174,2.92592618896,2.7811273916
2010-05-06,56.9271632174,5.12036561572,5.28763228784
2010-12-23,56.9274116786,4.65206900244,4.52728178711
2011-04-07,55.1946906656,5.19026812256,5.50062592833
2011-06-10,56.9271632174,5.61124127973,5.60624903046
2011-06-17,56.9274116786,5.61697869578,5.63694372947
2011-07-28,56.9271632174,5.48985145557,5.36408567304
2011-09-14,56.6475523087,5.07542675244,4.84324976904
2011-10-23,56.9274116786,4.76936894312,4.54974367871