Date,Rarea,NDWI,MNDWI
1984-06-15,7.45033067234,0.0557422395829,0.031459446228
1984-07-01,7.45033067234,0.0512480259598,0.0314594415894
1984-08-18,6.3765774769,0.131527179509,0.0386501669922
1984-09-03,7.45033067234,0.0305605910645,0.0233698754883
1986-05-04,7.45033067234,0.0143953760575,0.0161790501099
1986-05-20,7.45033067234,0.000912931660491,0.0
1986-07-23,7.45033067234,0.00269653381348,0.00179768908691
1986-08-08,7.45033067234,0.00264006010263,0.0016707453958
1986-08-24,7.45033067234,0.00181176320346,0.0
1986-10-11,7.45033067234,0.00181176320346,0.0
1986-10-27,7.45033067234,0.00181176277621,0.0
1986-12-14,7.45033067234,0.00181175075229,1.40993853401e-05
1989-07-15,7.45033067234,0.540055834816,0.511042927862
1989-08-16,7.44708783042,0.533471523322,0.482280301153
1989-09-17,7.44922035138,0.472350927619,0.430542727882
1990-03-12,7.44830742052,0.289369387677,0.328495232857
1990-06-16,7.44922035138,0.292080058107,0.283497084301
1990-08-03,7.44922035102,0.277698754152,0.253472476196
1990-10-06,7.45033067234,0.208699834137,0.164487629639
1990-11-23,7.22864410776,0.110515055788,0.0449420463257
1991-04-16,7.44920625169,0.0358971973693,0.0413466626587
1991-05-02,7.44922035138,0.034113608644,0.0332571100464
1991-06-19,7.45033067234,0.818596754857,0.636536652384
1991-08-06,7.45011918256,0.0125414582534,0.00629187536621
1992-04-18,7.45031657301,0.00174126615589,0.0
1992-06-21,7.44948823772,0.000912930867034,0.0
1992-08-24,7.45011918256,1.40993240656e-05,0.0
1992-09-09,7.45010508324,0.0,0.0
1992-10-11,7.45033067234,0.000912947529632,0.0
1992-12-30,7.45033067234,1.40993240656e-05,0.000898834655762
1993-05-23,7.45031657301,0.00264009849231,0.0
1993-06-08,7.44836381708,0.0,0.0
1993-06-24,7.45010508324,0.0,0.0
1993-08-11,7.45033067234,0.00265419781638,0.0
1993-08-27,7.45011918256,0.000912922322112,0.0
1994-05-26,7.45031657301,0.00808941552734,0.0035952923584
1994-07-13,7.45033067234,0.00719058398437,0.00449411535645
1994-08-14,7.45031657301,0.00179764599609,0.000898822998047
1994-10-01,7.45033067234,0.00175536547995,0.0
1994-10-17,7.45033067234,0.0287204479995,0.0
1994-12-20,7.45033067234,0.00181175386508,0.000898822998047
1995-01-05,7.44313994602,0.00984484192038,0.00179764599609
1995-02-06,7.45033067234,0.00624948120261,0.00449411535645
1995-04-11,7.4474649859,0.00898823504639,0.00988705963135
1995-06-14,7.44926264862,0.00898823077393,0.0107858829956
1995-06-30,7.4474649859,0.00898823266602,0.00808940966797
1995-07-16,7.45031657301,0.00988705529785,0.00808941394043
1995-08-01,7.45033067234,0.0107999772538,0.00719058630371
1995-09-02,7.44943184897,0.0107999765213,0.00808940820312
1995-09-18,7.44583655619,0.00450821394809,0.000898823364258
1996-05-31,7.45033067234,0.751111919641,0.757558889424
1996-07-02,7.45033067234,0.748626876233,0.746815228752
1996-11-23,7.45033067234,0.619001211938,0.66384429804
1996-12-09,7.45033067234,0.600703754195,0.696494793419
1997-07-05,7.44943184391,0.677562964898,0.712659817192
1997-07-21,7.45033067234,0.672649435238,0.68621662089
1997-08-06,7.45011918256,0.680090280435,0.673125250403
1997-08-22,7.45011918256,0.67396763128,0.658451343023
1997-09-07,7.44747907864,0.685708917981,0.705190693853
1997-09-23,7.45033067234,0.686917792359,0.688461691767
1998-01-13,7.45033067234,0.594591857307,0.626093427435
1998-03-18,7.45033067234,0.569340019968,0.610309263161
1998-06-06,7.45033067234,0.544764787247,0.541099060059
1998-06-22,7.45033067234,0.551828685773,0.543795619446
1998-09-10,7.45033067234,0.48806806311,0.474585579529
1998-10-12,7.45033067234,0.461959562257,0.419756678894
1999-05-08,7.45033067234,0.559844172264,0.615628301311
1999-05-24,7.45033067234,0.567006638177,0.605420472637
1999-08-28,7.45033067234,0.553524186029,0.575758972723
2000-07-29,7.45033067234,0.720498714079,0.682691299021
2000-08-30,7.45033067234,0.751566639565,0.726385256883
2000-10-01,7.44583650187,0.789345832354,0.817251965043
2000-10-17,7.45033067234,0.73180638165,0.774922124864
2001-03-26,7.2975276948,0.868848125432,0.964854021825
2001-08-17,7.16510861625,0.902386621928,0.845915372106
2004-06-22,7.43766604209,0.33526631665,0.328974382629
2004-08-25,7.45033067234,0.358636117554,0.326277951477
2005-06-09,7.45033067234,0.0728059680786,0.0476384771118
2005-09-13,7.45033067234,0.0358971615416,0.0170778938599
2005-10-31,7.45033067234,0.02961933777,0.0116848812866
2005-11-16,7.45033067234,0.0215298077407,0.010786019165
2006-02-04,7.45033067234,0.0188755852051,0.0296616329956
2006-05-27,7.45011918256,0.0449418865967,0.0449419160767
2006-06-28,7.45031657301,0.0467395768433,0.0350547091064
2006-07-30,7.45033067234,0.0421890074279,0.0206732761841
2006-09-16,7.45033067234,0.0377511599121,0.0206732377319
2006-11-03,7.45033067234,0.0278639423828,0.0188755363159
2007-03-11,7.45033067234,0.0114169594829,0.0116848297119
2007-03-27,7.45033067234,0.00808951641846,0.0116848293457
2007-04-12,7.45033067234,0.011684828064,0.0143813175659
2007-07-17,7.45033067234,0.00697910488712,0.0053929387207
2008-03-29,7.44853296933,0.0116284025084,0.0152801740723
2008-08-20,7.45033067234,0.0159673322431,0.0053929387207
2008-09-05,7.45033067234,0.0107858779297,0.00539293951416
2009-05-19,7.45033067234,0.00808941821289,0.0053929387207
2009-12-13,7.45033067234,0.00803303178089,0.00898825598145
2010-05-06,7.45033067234,0.00893186094348,0.00898824511719
2011-04-07,7.24747002808,0.448462978924,0.577965310567
2011-05-25,7.45033067234,0.96810046403,0.997074613293
2011-06-10,7.44609030097,0.970599714803,0.979940444644
2011-07-28,7.45033067234,1.02597484397,0.98537582592