Date,Rarea,NDWI,MNDWI
1984-06-15,6.30495836254,0.127611023315,0.113232312988
1984-06-15,6.30495836254,0.126712323486,0.112333621399
1984-07-01,6.30495836254,0.122219020691,0.104245644897
1984-07-01,6.30495836254,0.122218983032,0.105144273376
1984-08-18,6.30495836254,0.111435007507,0.0952589586792
1984-09-03,6.30495836254,0.1078403349,0.0916643115234
1984-09-03,6.30495836254,0.10694163855,0.0889682796021
1986-05-04,6.30495836254,0.29925606604,0.304647975952
1986-05-04,6.18391247815,0.304648006836,0.313634606384
1986-05-20,6.30495836254,0.286674697449,0.275890681702
1986-05-20,6.30495836254,0.292066649475,0.276789329224
1986-07-23,6.30495836254,0.304648040405,0.261512032654
1986-07-23,6.05515919093,0.307343952271,0.264208005188
1986-08-08,5.81340093427,0.307805983819,0.254322712158
1986-08-24,6.30495836254,0.287573389282,0.235450757446
1986-08-24,6.04347645842,0.285775994324,0.233653399597
1986-10-11,6.30495836254,0.241741444092,0.193213519714
1986-10-11,6.09266378344,0.239045398987,0.196808140442
1986-10-27,6.30495836254,0.278586705139,0.253424005005
1986-12-14,6.30495836254,0.224666805969,0.234552074219
1986-12-14,6.30495836254,0.225565401489,0.231856068665
1987-01-31,6.2358244722,0.229160082825,0.241741384155
1987-01-31,6.23466127411,0.227362695557,0.242639999512
1989-08-16,6.30495836254,0.406196909851,0.390020921509
1989-08-16,6.23207073688,0.413386108215,0.387324868713
1989-09-17,6.30495836254,0.3639596828,0.31812778595
1990-03-12,6.30495836254,0.313634587219,0.345087798279
1990-03-12,6.30495836254,0.311837184021,0.347783744446
1990-06-16,6.30495836254,0.361263809204,0.343290500305
1990-06-16,6.30495836254,0.362162389587,0.354074399231
1990-07-02,6.30495836254,0.371149097656,0.354074425781
1990-07-02,6.30495836254,0.368453030884,0.352277040527
1990-08-03,6.30495836254,0.343290482117,0.302850548645
1990-08-03,6.30495836254,0.347783725037,0.297458549805
1990-08-19,6.30495836254,0.327114471497,0.268701268066
1990-08-19,6.29262011796,0.332506362122,0.265106599976
1990-10-06,6.30495836254,0.280383996277,0.232754758057
1990-10-06,6.30495836254,0.284877253052,0.236349390503
1991-03-31,5.70374655169,0.294762839355,0.337898760986
1991-04-16,6.30495836254,0.353175851563,0.398109014038
1991-04-16,6.30495836254,0.354973095398,0.397210281738
1991-05-02,6.30495836254,0.356770504822,0.380135759155
1991-05-02,6.30495836254,0.360365112671,0.38013566803
1991-05-18,6.30495836254,0.357669138733,0.365757095032
1991-05-18,6.30495836254,0.354973108032,0.367554342102
1991-06-03,6.30495836254,0.354973098755,0.371149049988
1991-06-19,6.30495836254,0.379237115234,0.373845131653
1991-06-19,6.30495836254,0.373845078491,0.376541038025
1991-08-06,6.30495836254,0.346885194031,0.310039933289
1991-08-06,6.30495836254,0.34958113031,0.310039882324
1991-10-09,6.30495836254,0.311837224182,0.274991927856
1992-02-14,6.2583652667,0.179733586304,0.189618922485
1992-02-14,6.30495836254,0.180632251648,0.184226901245
1992-04-02,6.29776900805,0.149178954041,0.166253588379
1992-04-02,6.29956635265,0.150077558472,0.15996287085
1992-04-18,6.30495836254,0.138394974792,0.142888308655
1992-04-18,6.30495836254,0.139293591187,0.143786917419
1992-05-04,6.30495836254,0.0709123833652,0.0718110333896
1992-06-21,6.30495836254,0.129408352905,0.121320324524
1992-06-21,6.30495836254,0.132104323792,0.119522957764
1992-08-24,6.30495836254,0.106043002075,0.0934616136475
1992-08-24,6.30495836254,0.103346969666,0.0934616140137
1992-09-09,6.30495836254,0.0916643115845,0.0826776115723
1992-09-09,6.30495836254,0.0889683014526,0.0808802722168
1992-09-25,5.37748837294,0.0323520950928,0.0269600827637
1992-10-11,6.30495836254,0.0808802855225,0.0682989041748
1992-10-11,6.27921403197,0.0817789449463,0.0674002330322
1992-12-30,6.30495836254,0.000898672302246,0.0503255200806
1992-12-30,6.30495836254,0.00179734375,0.0494268470459
1993-05-23,6.30495836254,0.0,0.0125813979492
1993-05-23,6.30495836254,0.000898671875,0.0116827248535
1993-06-08,6.30495836254,0.000898672302246,0.0116827268677
1993-06-08,6.30495836254,0.000898671875,0.00988538067627
1993-06-24,6.30495836254,0.0017973458252,0.0116827260742
1993-06-24,6.30495836254,0.000898672302246,0.0116827240601
1993-08-11,6.30495836254,0.00179734460449,0.0125813959351
1993-08-11,6.30495836254,0.00179734460449,0.0134800678101
1993-08-27,6.30495836254,0.000898673522949,0.00898671124268
1993-08-27,6.30495836254,0.000898673095703,0.00988537945557
1993-12-17,5.63453154345,0.0,0.00359467706299
1994-05-26,6.30495836254,0.0,0.0
1994-05-26,6.30495836254,0.0,0.0
1994-07-13,6.30495836254,0.0,0.0
1994-07-13,6.30495836254,0.0,0.0
1994-08-14,6.30495836254,0.0,0.0
1994-08-14,6.30495836254,0.0,0.0
1994-10-17,6.30495836254,0.0,0.0
1994-12-20,6.30495836254,0.0,0.0
1994-12-20,6.30495836254,0.0,0.0
1995-01-05,6.16835878753,0.0,0.0
1995-01-05,6.12971571282,0.0,0.0
1995-01-12,5.38853969802,0.0164110514067,0.0118052583482
1995-01-28,6.30503864333,0.00629026965332,0.0053916529541
1995-02-06,6.30495836254,0.00359467590332,0.00179733892822
1995-02-06,6.30495836254,0.00449334613037,0.00269600561523
1995-03-17,6.30503864333,0.0053916583252,0.00629026470947
1995-04-11,6.30495836254,0.0134800315552,0.0116826958618
1995-06-14,6.30495836254,0.0152773740845,0.0152773768921
1995-06-14,6.30495836254,0.0107840299683,0.0170747150269
1995-06-30,6.30495836254,0.0152773756714,0.0089866930542
1995-06-30,6.30495836254,0.0125813672485,0.0107840219116
1995-07-16,6.30495836254,0.0143787089844,0.0170747178955
1995-07-16,6.30495836254,0.0152773760376,0.0143787106934
1995-08-01,6.30495836254,0.0116826977539,0.0080880223999
1995-08-01,6.30495836254,0.0134800281982,0.00718935009766
1995-08-08,6.12758589348,0.00988470758057,0.0044930480957
1995-08-17,6.30495836254,0.0107840234375,0.00898669262695
1995-09-02,6.30495836254,0.00988534588623,0.00808801141357
1995-09-02,6.30495836254,0.00808801062012,0.00898668011475
1995-09-18,6.30495836254,0.00179733447266,0.0
1995-09-18,6.30495836254,0.00359466851807,0.0
1995-11-05,6.30495836254,0.0,0.000898667419434
1995-11-05,6.30495836254,0.0,0.000898667053223
1996-03-12,5.50963832667,0.419689882037,0.482762886665
1996-05-31,6.30495836254,0.413386305786,0.432258270203
1996-05-31,6.30495836254,0.416980986877,0.434055587891
1996-07-02,6.30495836254,0.40799433606,0.414284966553
1996-07-02,6.30495836254,0.412487610474,0.423271594055
1996-11-23,6.30495836254,0.350479778992,0.363959751587
1996-11-23,6.30495836254,0.354973003906,0.36575699469
1996-12-09,5.9291304379,0.335202400208,0.411588863831
1996-12-09,6.12586936692,0.34239176239,0.407994381042
1996-12-25,6.03176472033,0.260612908081,0.305546086304
1996-12-25,6.30495836254,0.304647544739,0.369351300537
1997-07-05,6.30495836254,0.369351738586,0.420575607849
1997-07-05,6.30495836254,0.3711490047,0.423271557922
1997-07-21,6.30495836254,0.372946442993,0.388223731506
1997-07-21,6.30495836254,0.366655739624,0.385527713318
1997-08-06,6.30495836254,0.372047735291,0.388223642212
1997-08-06,6.30495836254,0.382831638428,0.390020908997
1997-08-22,6.30495836254,0.376541047974,0.375642380554
1997-08-22,6.30495836254,0.375642343201,0.38552763739
1997-09-07,6.30495836254,0.386426384094,0.408892970337
1997-09-07,6.30495836254,0.381933046936,0.407095629456
1997-09-23,6.30495836254,0.382492582652,0.38912146283
1997-09-23,6.30495836254,0.389125189758,0.397213199585
1998-01-13,6.30495836254,0.328911823486,0.382831720215
1998-01-13,6.30495836254,0.332506525635,0.390919726563
1998-03-02,6.07866514462,0.335202499634,0.386426391846
1998-03-02,6.21503417763,0.329810470886,0.393615633545
1998-03-18,6.30495836254,0.351378462341,0.398109026978
1998-03-18,6.30495836254,0.347783730591,0.397210323975
1998-05-21,6.30495836254,0.364858335938,0.390919624634
1998-06-06,6.30495836254,0.354973056396,0.364858389099
1998-06-06,6.30495836254,0.354972963684,0.363060917725
1998-06-22,6.30495836254,0.370250342285,0.373845011353
1998-06-22,6.30495836254,0.371148923523,0.381034198608
1998-09-10,6.30495836254,0.353175759521,0.325317089905
1998-09-10,6.30495836254,0.350479717651,0.325317073059
1998-10-12,6.30495836254,0.31363451947,0.292066589233
1998-10-12,6.30495836254,0.323519823853,0.287573234802
1999-02-17,6.21373675111,0.360365178406,0.412487708679
1999-02-17,6.20101777389,0.357669130493,0.410690357727
1999-04-06,6.11135053544,0.346885233154,0.388223789063
1999-04-06,6.10875306418,0.336999808533,0.393615679626
1999-05-08,6.30495836254,0.335202584351,0.402602363708
1999-05-08,6.30495836254,0.329810448242,0.402602207886
1999-05-24,6.30495836254,0.355871770325,0.374743698364
1999-08-28,6.30495836254,0.387325023926,0.386426341248
1999-08-28,6.30495836254,0.395412911499,0.39271691687
2000-05-10,6.30495836254,0.00359467297363,0.035048326355
2000-06-27,6.30495836254,0.0098853394165,0.0152773376465
2000-07-29,6.30495836254,0.0125814123535,0.00808801300049
2000-07-29,6.30495836254,0.0116827437744,0.00629066925049
2000-08-30,6.30495836254,0.00718933746338,0.0080880045166
2000-08-30,6.30495836254,0.00718933666992,0.00629066925049
2000-10-01,6.30495836254,0.00449333679199,0.00539200421143
2000-10-01,6.30495836254,0.0035946673584,0.00539200219727
2000-10-17,6.30495836254,0.00269600152588,0.00629066925049
2000-10-17,6.30495836254,0.00269600073242,0.00539200183105
2001-03-10,6.248055655,0.00179733447266,0.00359466931152
2001-03-10,6.25087858776,0.00179733447266,0.00449333557129
2001-08-17,6.30495836254,0.00808800537109,0.00718933789062
2001-08-17,6.30495836254,0.0080880045166,0.00718933587646
2004-03-02,5.92694402683,0.212085610046,0.238147025146
2004-03-02,5.92692600335,0.207592274109,0.30732438839
2004-08-25,6.30316102807,0.314533355774,0.291168027405
2004-08-25,6.30495836254,0.313634678162,0.298357287048
2005-06-09,6.30495836254,0.161760332153,0.150077660278
2005-06-09,6.30495836254,0.166253661499,0.150077625977
2005-09-13,6.30495836254,0.12042170752,0.0961576486816
2005-09-13,5.96622237086,0.11772567865,0.0934616366577
2005-09-29,6.10095975121,0.112333691956,0.0943603123169
2005-09-29,6.04869932874,0.140192443909,0.11143502356
2005-10-31,6.30495836254,0.106043003357,0.0853736312256
2005-11-16,6.30495836254,0.0970563327026,0.0844749671631
2005-11-16,6.05426051381,0.0907656459961,0.0808802911987
2006-02-04,6.30495836254,0.120421671448,0.148280371887
2006-02-04,6.30495836254,0.124016317566,0.146482993103
2006-04-25,5.522425073,0.0718928741455,0.103458625505
2006-05-27,6.30495836254,0.361263792419,0.380135715759
2006-05-27,6.30495836254,0.363061076477,0.391818325867
2006-06-12,6.30495836254,0.362162395081,0.383730326172
2006-06-12,6.30495836254,0.361263750854,0.386426197693
2006-06-28,6.30495836254,0.355871794556,0.363061011597
2006-06-28,6.30495836254,0.352277119202,0.366655652832
2006-07-30,6.30495836254,0.342391810059,0.34958111377
2006-07-30,6.30495836254,0.342391730164,0.348682346802
2006-09-16,6.30495836254,0.331607901794,0.328013111206
2006-11-03,6.30495836254,0.289370752197,0.286674709045
2006-11-03,5.92286408293,0.293864018372,0.291167968994
2007-03-11,6.30495836254,0.230058864136,0.246234829041
2007-03-11,6.30495836254,0.225565506409,0.240842785217
2007-03-27,6.30405971416,0.192314944946,0.195909602234
2007-03-27,6.08301803187,0.192314934082,0.195909545898
2007-04-12,6.30495836254,0.221072227844,0.247133537842
2007-04-12,6.28956110508,0.218377719727,0.240844466431
2007-04-28,6.30495836254,0.214781560547,0.248828617773
2007-07-17,6.30495836254,0.227362913574,0.209389589172
2007-09-03,6.3040596939,0.213882958374,0.19141628241
2007-09-03,5.37862834383,0.208490927429,0.190517586975
2008-03-04,5.89436866402,0.22465268158,0.219261024963
2008-03-29,6.30495836254,0.21657889502,0.252525515381
2008-04-21,5.95130169158,0.220159696472,0.213869400635
2008-08-20,6.30495836254,0.227362959412,0.204896283142
2008-08-27,5.74458034856,0.260131787922,0.222855379944
2008-09-05,6.30495836254,0.21568030011,0.193213607178
2009-05-19,6.30495836254,0.311837399719,0.318128011658
2009-05-19,6.14419116366,0.304647995239,0.319925283813
2009-11-27,5.71220473833,0.23455213269,0.291629218939
2009-12-13,6.30495836254,0.222869537537,0.257018831116
2009-12-13,6.17272311853,0.220173516296,0.250728126221
2010-05-06,6.30495836254,0.396311713013,0.471799528503
2011-05-25,6.30495836254,0.361264062134,0.394514584412
2011-06-10,6.30495836254,0.365757399536,0.381034604675
2011-06-17,6.30503864333,0.355850355347,0.368431037842
2011-07-28,6.30495836254,0.37204806488,0.377439937256
2011-10-23,6.30503864333,0.356749072083,0.372924148315