Date,Rarea,NDWI,MNDWI
1984-06-15,35.1652443278,5.42909724804,5.46297857059
1984-07-01,40.2374344287,7.82385529907,7.81846755351
1984-09-03,40.2374344287,3.6900912283,4.07341163931
1986-05-20,40.2374344287,5.82649796657,7.09724472793
1986-07-23,40.2374344287,7.33574961635,7.65282798806
1986-08-24,40.2374344287,5.12637175002,5.16775508757
1986-10-11,40.2374344287,2.81182522513,2.41063940263
1986-10-27,40.2374344287,2.7465434908,2.57890875638
1986-11-12,40.2190580089,2.52691037694,2.60586846979
1987-01-31,38.7071318152,2.57606832976,3.43866430304
1989-07-15,40.2268547248,7.40278359181,7.83349771857
1989-08-16,40.2374344287,6.21713565051,6.04192996894
1989-09-17,40.2374344287,3.86479583231,3.27273925618
1990-06-16,40.2374344287,8.59756833737,8.43826536295
1990-07-02,40.2374344287,9.30606937274,8.85728568772
1990-08-03,39.8460236159,8.45326262471,7.38534887271
1990-08-19,40.2374344287,6.71853259414,5.40022013333
1990-10-06,40.2374344287,5.1555707612,3.09938981156
1991-04-16,40.2374344287,3.51320567329,5.07561650247
1991-05-02,40.2374344287,4.60011970729,5.85276416268
1991-05-18,40.2374344287,5.91049688632,7.11999539829
1991-06-03,40.2374344287,7.09239524284,8.32081047573
1991-06-19,40.2374344287,8.23525585315,9.07907438243
1991-08-06,40.2374344287,6.85089030362,6.44379872638
1991-09-07,40.2374344287,4.91493810689,4.2449393655
1992-04-02,37.7181967435,2.36868586774,4.37242136615
1992-04-18,40.2374344287,2.29152561093,3.73664212902
1992-05-04,40.2374344287,2.14827863263,4.04197962994
1992-06-21,40.2374344287,6.67424974015,6.6964374895
1992-08-24,40.2374344287,3.66288911165,3.3859809046
1992-09-09,40.2374344287,2.97772485602,2.69590834089
1992-10-11,40.2374344287,1.78625351073,1.48673816368
1992-12-30,40.2374344287,1.79113232477,1.76640571843
1993-03-20,40.0806262034,2.40646648474,3.46692654074
1993-05-23,40.2374344287,5.16602117782,7.49621555565
1993-06-08,40.2374344287,6.12848551178,7.37985886887
1993-06-24,40.2374344287,6.74384912051,7.64294761927
1993-07-26,40.2374344287,6.55906623914,6.7471803549
1993-08-11,40.2374344287,5.74838630881,6.15558772324
1993-08-27,40.2374344287,4.35872635706,3.94336275049
1994-04-24,38.5771092071,3.89490322274,5.21143028715
1994-05-26,40.2374344287,6.63622694675,7.27561391099
1994-07-13,40.2374344287,8.3586543042,7.83892199692
1994-08-14,40.2374344287,5.78481011291,5.28623238198
1994-10-01,40.2374344287,2.86545074109,2.44134051525
1994-12-20,40.2365348152,1.96971809837,1.78259871471
1995-02-06,40.2374344287,2.58221181193,2.87631833871
1995-06-14,40.2374344287,8.71665745183,9.41266278371
1995-06-30,40.2374344287,9.45269020318,9.75808429241
1995-07-16,40.2374344287,9.21575734317,9.44596839946
1995-08-01,40.2374344287,8.51790368916,8.03208484765
1995-09-02,40.0662990074,5.94810579189,5.02044933939
1995-09-18,40.2374344287,4.94007669349,3.76850925469
1995-10-20,38.8539607989,2.84024845091,2.31812235888
1996-03-12,40.2143694421,2.92951771597,4.06527743013
1996-05-31,40.2374344287,7.13346793759,8.58628486341
1996-07-02,40.2374344287,8.01406183538,9.02042440451
1996-11-23,40.2374344287,2.41980263323,2.58406950971
1996-12-09,39.8194991533,2.38556439216,2.8276492886
1996-12-25,39.5117837288,2.23374044073,2.71854105271
1997-06-19,40.2374344287,7.43622547491,8.16363232874
1997-07-05,40.2374344287,7.6828449252,7.95022905469
1997-07-21,40.2374344287,7.06238225992,7.00308997848
1997-08-06,40.2374344287,6.01284012843,5.96929164087
1997-08-22,40.2374344287,4.50429644845,3.91947964005
1997-09-23,40.2374344287,3.14381086667,3.03863954416
1998-01-13,40.2374344287,2.40174306588,2.81724556491
1998-02-14,36.5129825836,2.33089925665,2.98969072673
1998-03-18,40.2374344287,2.63304117776,3.06110304751
1998-05-21,40.2374344287,5.41190372502,6.19593758366
1998-06-06,40.2374344287,6.36580783191,6.64751704393
1998-06-22,40.2374344287,7.21373076388,7.42842079703
1998-09-10,40.2374344287,3.53920600866,3.28183469344
1998-10-12,40.2374344287,2.57176835818,2.47005534269
1998-12-15,40.2374344287,2.39183362962,2.6624593182
1999-02-17,36.2206488965,2.12398623218,2.70870822751
1999-05-08,40.2374344287,2.94686924431,5.68057548295
1999-08-28,40.2374344287,4.02585717051,3.60056560295
2000-05-10,40.2374344287,4.07556267459,5.48563918767
2000-06-27,40.2374344287,6.66664231915,8.07680768148
2000-07-29,40.2374344287,5.50821817261,6.01412941591
2000-08-30,40.2374344287,3.55686344394,3.66660421483
2000-10-01,40.2338359832,2.90733812935,2.96235572763
2000-10-17,40.2374344287,2.6113503486,2.63114207632
2001-08-17,40.2356351989,4.80927783674,5.06513203609
2004-04-19,40.2365348152,3.17295386629,4.05168935038
2004-06-22,40.2374344287,5.65707918127,7.5349196828
2004-08-25,40.2374344287,3.88311539841,4.18402054117
2005-06-09,40.2374344287,6.10084655795,6.66922177692
2005-09-13,40.2374344287,3.002333787,2.59061972915
2005-09-29,39.2154776657,2.49883119903,2.17955217642
2006-02-04,40.0697340587,2.32550169177,2.95653186114
2006-05-27,40.2374344287,4.04593520396,5.41468557739
2006-06-12,40.2374344287,4.96724726733,6.66168569642
2006-07-30,40.2374344287,4.31719156547,4.87331959148
2006-11-03,40.2374344287,2.43053143606,2.36712131159
2007-03-11,40.2374344287,2.40572371012,2.68513377254
2007-04-12,40.2374344287,2.45596136351,3.41964354791
2007-08-18,39.3243789173,4.00074980123,3.46238923897
2007-09-03,40.2374344287,3.40427878893,3.02980184191
2008-03-29,40.2374344287,2.51279063968,3.2000108451
2008-09-05,40.2374344287,3.50473771106,2.99035986
2009-05-19,40.2374344287,3.86809398908,5.02249022997
2009-12-13,40.2374344287,2.29941288727,2.69368051502
2010-05-06,40.2374344287,3.2366337775,4.2299954816
2011-04-07,40.2374344287,2.49720114335,3.18653135494