Date,Rarea,NDWI,MNDWI
1984-06-15,8.04988175497,0.429080492206,0.328299775696
1984-07-01,9.44397792366,0.679600895669,0.549000536725
1984-09-03,9.44397792366,0.545966975403,0.462317971802
1986-05-20,9.44397792366,0.534274124817,0.500292551126
1986-07-23,9.44397792366,0.644521954809,0.48660300647
1986-08-24,9.44397792366,0.537014782777,0.443429505554
1986-10-11,9.44397792366,0.386764026245,0.315707357361
1986-10-27,9.44397792366,0.598947562445,0.301316136292
1986-12-14,9.44127959902,0.384065694885,0.345389262329
1987-01-31,9.44307847457,0.486603164307,0.455122369446
1989-07-15,9.44397792366,1.05014753836,0.69656715798
1989-08-16,9.44397792366,0.893197956775,0.618822658752
1989-09-17,9.44397792366,0.655700109924,0.567553839539
1990-03-12,9.33514550991,0.716862840027,0.721360395874
1990-06-16,9.44397792366,0.866108426349,0.78314023296
1990-07-02,9.44397792366,0.871970781834,0.779778739023
1990-08-03,9.2620158037,0.867092274135,0.669174044952
1990-08-19,9.44397792366,0.765137004817,0.646705622925
1990-10-06,9.44397792366,0.679985360352,0.593637950623
1991-04-16,9.44397792366,0.877864638489,0.867071273376
1991-05-02,9.44397792366,0.908446067322,0.896880237031
1991-05-18,9.44397792366,0.913969743318,0.885959793823
1991-06-03,9.44397792366,0.95181735502,0.933528492413
1991-06-19,9.44397792366,1.0340695885,0.931895342397
1991-08-06,9.44397792366,0.956159318726,0.782522839355
1991-09-07,9.44397792366,0.871568593323,0.753740364136
1991-11-10,9.44217902193,0.713265043518,0.599934170898
1992-04-02,8.56055685815,0.460519087341,0.41824486261
1992-04-18,9.44397792366,0.394859101135,0.364277748962
1992-05-04,9.44397792366,0.350785943665,0.316606809692
1992-06-21,9.44397792366,0.299894626988,0.259941383484
1992-08-24,9.44397792366,0.160102229309,0.134917605591
1992-09-09,9.44397792366,0.152007171326,0.125023647278
1992-09-25,9.44206616411,0.285585109458,0.115129671265
1992-10-11,9.44397792366,0.151107711975,0.117828024414
1992-11-28,9.44397792366,0.107034623779,0.0836489022827
1993-03-20,9.44397792366,0.591839072327,0.569352755554
1993-05-23,9.44397792366,0.606230297058,0.594537478271
1993-06-08,9.44397792366,0.581945083435,0.518083997498
1993-06-24,9.44397792366,0.557659891296,0.500278371687
1993-08-11,9.44397792366,0.464314426614,0.416445962463
1993-08-27,9.44397792366,0.41464703064,0.36697609729
1993-09-12,9.44397792366,0.379568434143,0.320204634521
1993-10-30,9.44397792366,0.238354457031,0.191583023315
1994-04-24,8.62441809408,0.484804203125,0.447027238831
1994-05-26,9.44397792366,0.527078529419,0.482007186397
1994-07-13,9.44397792366,0.697254802361,0.485703733459
1994-07-29,9.44397792366,0.574975249922,0.476709252319
1994-08-14,9.44397792366,0.528877433899,0.456921261597
1994-10-01,9.44397792366,0.372372818237,0.322003514771
1994-12-04,9.40595417399,0.184387418457,0.150208272705
1994-12-20,9.44397792366,0.176292356018,0.128621449158
1995-01-05,9.44397792366,0.199678095642,0.172694556519
1995-01-21,9.3941736875,0.220365480591,0.206873718506
1995-02-06,9.44307848061,0.239589059795,0.217102771038
1995-06-14,9.43768177553,0.609020373841,0.693589840704
1995-06-30,9.44397792366,0.600569087412,0.510585100663
1995-07-16,9.44397792366,0.588022659643,0.482504646216
1995-08-01,9.44397792366,0.542238743864,0.410273285027
1995-09-02,9.44397792366,0.464663573571,0.364277732849
1995-09-18,9.44397792366,0.434434964539,0.366976104614
1995-10-20,9.44397792366,0.413747582214,0.359780485718
1996-03-12,9.44397792366,0.885060333923,0.893155417969
1996-05-31,9.44397792366,0.952600429382,0.91343373052
1996-07-02,9.44397792366,1.06271078797,0.934851165403
1996-11-23,9.44397792366,0.778924934937,0.718661702637
1996-12-25,9.44397792366,0.798712878967,0.781623316711
1997-02-11,8.54708190171,0.869769640015,0.965111842407
1997-07-05,9.44397792366,0.989396677048,0.8814624776
1997-07-21,9.44397792366,0.942865117106,0.850881177673
1997-08-06,9.44397792366,0.918339997192,0.843685515686
1997-08-22,9.44397792366,1.03798524018,0.796014547119
1997-09-23,9.44397792366,0.898255921809,0.794215707031
1998-01-13,9.44397792366,0.76813166626,0.731254131287
1998-02-14,9.44397792366,0.762734858521,0.742047498779
1998-03-02,9.44397792366,0.75194145166,0.713265058594
1998-03-18,9.44397792366,0.744745854492,0.684482565125
1998-05-21,9.44397792366,0.689879326416,0.611627025146
1998-06-06,9.44397792366,0.680884742188,0.592738497375
1998-06-22,9.44397792366,0.686408461152,0.563956069946
1998-08-09,8.31008205722,0.691679570435,0.462318131531
1998-09-10,9.44397792366,0.465915801697,0.407451425598
1998-10-12,9.44397792366,0.539443465927,0.313009008118
1998-12-15,9.44397792366,0.471312503174,0.438932229431
1999-02-17,9.44397792366,0.675488111328,0.644007268188
1999-04-06,8.97524425598,0.570252410095,0.502793403625
1999-05-08,9.44397792366,0.81040584314,0.764533797058
1999-08-28,9.44397792366,0.786120665344,0.697074904541
2000-05-10,9.44397792366,0.899451623535,0.867970724182
2000-06-27,9.44397792366,0.967711261073,0.895853727356
2000-07-29,9.44397792366,0.966910403381,0.865272331909
2000-08-30,9.44397792366,0.926435063232,0.84458494751
2000-10-01,9.44397792366,0.913842784424,0.854478910095
2000-10-17,9.44397792366,0.881462409546,0.826595862549
2001-03-10,9.42190817954,0.858976156311,0.869769647888
2001-08-17,9.41969269057,0.921250029462,0.823897596008
2004-03-02,9.44397792366,0.473111394226,0.438932227173
2004-04-19,9.44397792366,0.700672732117,0.661996288635
2004-06-22,9.44397792366,0.763634364929,0.707868367676
2004-08-25,9.44397792366,0.735751350098,0.650303411316
2005-06-09,9.44397792366,0.584643376038,0.513586757996
2005-09-13,9.44397792366,0.384065684631,0.328299687012
2005-11-16,9.44397792366,0.305813439514,0.248248492798
2006-02-04,9.44397792366,0.560358232788,0.552263178406
2006-05-27,9.44397792366,0.895853760803,0.849082229248
2006-06-12,9.44397792366,0.929260397676,0.870669060242
2006-06-28,9.44397792366,0.944551086885,0.867970681091
2006-07-30,9.44397792366,0.942625248718,0.820299734985
2006-09-16,8.44380998123,0.782522776917,0.705169897339
2006-11-03,9.44397792366,0.780723906128,0.718661718628
2007-03-11,9.44397792366,0.6925776745,0.635012742065
2007-04-28,8.21547309518,0.588241260986,0.52258132605
2007-08-18,9.44397792366,0.473111409607,0.394859095642
2007-09-03,9.44397792366,0.438032782959,0.375071162903
2008-03-29,9.44397792366,0.617023704346,0.563956042603
2008-09-05,9.44397792366,0.512687289551,0.44342950824
2008-09-21,9.44397792366,0.457820695251,0.391261287659
2009-04-17,9.44397792366,0.863473441284,0.845484401855
2009-05-19,9.44397792366,0.883261347839,0.831992626465
2009-11-27,9.44397792366,0.707868342834,0.664694613098
2009-12-13,9.44397792366,0.698873753479,0.675488031372
2010-05-06,9.44397792366,0.754639839294,0.707868333923
2011-04-07,9.44397792366,0.865272350586,0.861674552246