Date,Rarea,NDWI,MNDWI
1984-06-15,7.8577238384,0.448609268127,0.365899853271
1984-07-01,7.8577238384,0.413547762085,0.332636341797
1984-09-03,7.8577238384,0.319151174866,0.25352302301
1986-05-20,7.8577238384,0.418941863342,0.369495944641
1986-07-23,7.8577238384,0.393769436401,0.33083838739
1986-08-24,7.8577238384,0.356867426728,0.291281606567
1986-10-11,7.8577238384,0.216663470642,0.160924381287
1986-10-27,7.8577238384,0.164520593445,0.112377516785
1986-12-30,7.8577238384,0.563683034912,0.561885031921
1987-01-31,7.8577238384,0.562784016357,0.565481041443
1987-02-16,6.92227285903,0.319150288513,0.585833560861
1989-07-15,7.8577238384,0.582548310813,0.526823410339
1989-08-16,7.8577238384,0.596033433433,0.516934227234
1989-09-17,7.8577238384,0.513338207397,0.442316033875
1990-03-12,7.8577238384,0.532217516602,0.529520434937
1990-06-16,7.8577238384,0.579822997651,0.524126386414
1990-07-02,7.8577238384,0.583419029023,0.519631275879
1990-08-03,7.8577238384,0.580721917329,0.49355987738
1990-08-19,7.8577238384,0.546587539451,0.458498295959
1991-04-16,7.8577238384,0.545702717468,0.538510643066
1991-05-02,7.8577238384,0.557389884705,0.53131852063
1991-05-18,7.8577238384,0.565481020081,0.534914613098
1991-06-03,7.8577238384,0.572673085632,0.529520518188
1991-06-19,7.8577238384,0.588855372925,0.536712598633
1991-08-06,7.8577238384,0.588855372253,0.516934312195
1991-09-07,7.73116561367,1.2905712197,0.471084471008
1991-10-09,7.62781102164,0.536713041748,0.423436724426
1991-11-10,7.8577238384,0.356825228958,0.294877714478
1992-02-14,7.85322870901,0.209471172913,0.182500645264
1992-04-02,7.8577238384,0.182500828979,0.159126361023
1992-04-18,7.8577238384,0.15732840686,0.13035784906
1992-05-04,7.8577238384,0.131256924072,0.100690287292
1992-06-21,7.8577238384,0.0961952495117,0.0647295517578
1992-08-24,7.8577238384,0.0881040771484,0.052143255127
1992-09-09,7.8577238384,0.0845079776611,0.0548403184814
1992-09-25,7.8577238384,0.0773158226929,0.0512442359009
1992-10-11,7.8577238384,0.0746187728882,0.0530422817383
1992-11-28,7.8577238384,0.0647295557251,0.0557393476563
1992-12-30,7.73292431221,0.0836089613037,0.0575373817749
1993-03-20,7.8577238384,0.482771721619,0.468387384338
1993-05-23,7.8577238384,0.403658516296,0.357808665466
1993-06-08,7.8577238384,0.377587129822,0.320050112305
1993-06-24,7.8577238384,0.343424569214,0.29577677832
1993-08-11,7.8577238384,0.239138892334,0.194187968811
1993-08-27,7.8577238384,0.203178218506,0.154631247864
1993-09-12,7.8577238384,0.142944158997,0.106983415588
1993-10-30,7.43210643956,0.13305493927,0.110579437744
1994-04-24,7.8577238384,0.389274200562,0.339828393921
1994-05-26,7.8577238384,0.351515753235,0.294877701172
1994-07-13,7.8577238384,0.298918088633,0.232845667297
1994-07-29,7.8577238384,0.25981622345,0.210370331848
1994-08-14,7.8577238384,0.224754615845,0.167217482727
1994-10-01,7.8577238384,0.177106765991,0.13035782843
1994-12-04,7.4906705762,0.112377541016,0.0961951882935
1994-12-20,7.8577238384,0.140247094238,0.113276492187
1995-01-05,7.8577238384,0.186995921753,0.17890469751
1995-01-21,7.83022502307,0.233744824402,0.217562448486
1995-02-06,7.8577238384,0.258018176575,0.226552541992
1995-03-10,7.8577238384,0.308363030884,0.26790724469
1995-06-14,7.8577238384,0.537611510803,0.480074669067
1995-06-30,7.8577238384,0.519589005891,0.452205246216
1995-07-16,7.8577238384,0.50344903717,0.428859040029
1995-08-01,7.8577238384,0.471983589172,0.399163383667
1995-09-02,7.8577238384,0.397365371155,0.33353532019
1995-09-18,7.8577238384,0.349717611938,0.295776664551
1995-10-20,7.85057741064,0.259774043611,0.199539838716
1995-11-05,7.8577238384,0.180702768127,0.1294587901
1996-03-12,7.8577238384,0.521429466858,0.54030878418
1996-05-31,7.8577238384,0.551096996338,0.526823665955
1996-07-02,7.8577238384,0.553793881836,0.516934339294
1996-07-18,7.67105671938,1.0468530009,0.775327110073
1996-11-23,7.8577238384,0.412648618896,0.37039482605
1997-02-11,7.44887305893,0.505247091492,0.57267284198
1997-06-19,7.8577238384,0.566380102234,0.517833311584
1997-07-05,7.8577238384,0.57447121991,0.509742212891
1997-07-21,7.8577238384,0.573572166199,0.507045196777
1997-08-06,7.8577238384,0.568178073242,0.490862859985
1997-08-22,7.8577238384,0.551096726868,0.48277171521
1997-09-23,7.8577238384,0.575620831867,0.505247132812
1998-01-13,7.8577238384,0.496256935669,0.506146125183
1998-02-14,7.8577238384,0.499852963623,0.514237147095
1998-03-18,7.8577238384,0.52952051355,0.517833281738
1998-05-21,7.8577238384,0.515136241028,0.483670729919
1998-06-06,7.8577238384,0.506146113098,0.462993375916
1998-06-22,7.8577238384,0.505247086853,0.454003267456
1998-08-09,7.76288105265,0.457303099632,0.367697952148
1998-09-10,7.8577238384,0.399163439209,0.343424447571
1998-10-12,7.8577238384,0.335333374146,0.279594418335
1999-01-16,7.8577238384,0.503449159546,0.50974219635
1999-02-17,7.8577238384,0.489064894775,0.490862868469
1999-04-06,7.61893060624,0.48367056427,0.490862752319
1999-05-08,7.8577238384,0.543904600098,0.505247082581
1999-08-28,7.8577238384,0.544803677002,0.466589430969
2000-05-10,7.8577238384,0.5385107005,0.520530479126
2000-06-27,7.8577238384,0.564582039246,0.510641261169
2000-07-29,7.8577238384,0.570875125427,0.513338263672
2000-08-30,7.8577238384,0.565480988464,0.497155971558
2000-10-01,7.8577238384,0.544803695984,0.501651006409
2000-10-17,7.8577238384,0.530419338989,0.502550002014
2004-03-02,7.8577238384,0.249028085571,0.233744737122
2004-04-19,7.8577238384,0.51333825415,0.493559941345
2004-06-22,7.8577238384,0.545702708923,0.510641184998
2004-08-25,7.8577238384,0.543231278371,0.457599291809
2005-06-09,7.8577238384,0.534914535889,0.478276701355
2005-09-13,7.8577238384,0.445013168274,0.364101735046
2005-11-16,7.8577238384,0.244532941406,0.18609678186
2006-02-04,7.8577238384,0.407254616211,0.397365404785
2006-05-27,7.8577238384,0.543904703918,0.508843154785
2006-06-12,7.8577238384,0.54929872876,0.512439193176
2006-07-30,7.8577238384,0.556490859131,0.511540208252
2006-11-03,7.76685418193,0.477377621582,0.428830742065
2007-03-11,7.8577238384,0.497155957153,0.489963781372
2007-03-27,7.8577238384,0.491761788452,0.479175617371
2007-04-12,6.84729246609,0.454003572144,0.422538130249
2007-08-18,7.8577238384,0.504348094482,0.43152790625
2007-09-03,7.8577238384,0.752065917551,0.407254473267
2008-03-29,7.8577238384,0.534914507507,0.536712608032
2008-09-05,7.8577238384,2.55319120502,0.538510392883
2008-09-21,7.8577238384,0.976837660281,0.485468658203
2009-04-17,7.8577238384,0.525025410767,0.510641177429
2009-05-19,7.8577238384,0.544803653381,0.51693422406
2009-11-27,7.8577238384,0.516934202332,0.526823362244
2010-05-06,7.8577238384,0.539409590515,0.527722404297