Date,Rarea,NDWI,MNDWI
1985-01-18,8.85728552382,0.972502642456,0.994113871643
1985-01-18,8.86126872574,0.977004990051,0.996815276489
1986-12-23,8.48322873506,0.899564973328,0.925678462036
1987-01-01,8.13563165662,0.759091717041,0.805015450623
1987-02-25,8.87033697377,1.03711049069,1.16689128303
1987-02-25,8.87033697377,1.03992486232,1.1757546916
1989-04-03,8.87033697377,1.06795189362,1.08866264136
1989-04-03,8.87033697377,1.06164865662,1.08506078894
1989-04-19,8.87033697377,1.00581989258,0.977005052917
1989-04-19,8.87033697377,1.00401899719,0.978806001526
1989-08-09,8.87033697377,1.63617155612,1.16880388269
1989-08-09,8.87033697377,1.63619979424,1.17330621979
1989-08-25,8.87033697377,1.55960422388,1.22193130505
1989-08-25,8.87033697377,1.55330098022,1.22283175024
1989-09-10,8.87033697377,1.28766514569,1.20842432733
1989-09-10,8.87033697377,1.28496375977,1.20842433441
1990-03-21,8.87033697377,1.02382916675,0.995014335999
1990-03-21,8.87033697377,1.02743103802,0.994113869385
1990-04-06,8.73706881465,0.971602299927,1.23190414499
1990-04-06,8.87033697377,0.977005033752,1.3019986949
1990-05-24,8.87033697377,1.23936178291,1.17336265181
1990-05-24,8.87033697377,1.23877207998,1.17227857141
1990-06-09,8.87033697377,1.31112005124,1.2075237063
1990-06-09,8.87033697377,1.3138215181,1.20212097711
1990-06-25,8.87033697377,1.32511092683,1.24084090448
1990-06-25,8.87033697377,1.31692193089,1.23726731812
1990-07-11,8.87033697377,1.40036217297,1.23315351675
1990-07-11,8.87033697377,1.3972511109,1.23851394776
1990-07-27,8.86943650575,1.53822177432,1.20302140173
1990-07-27,8.87033697377,1.52952790122,1.20122053571
1990-08-28,8.86943650532,1.75510649939,1.20212096106
1990-08-28,8.87033697377,1.7560070617,1.2003200376
1991-01-03,8.87033697377,1.09676662604,1.13458615753
1991-01-03,8.87033697377,1.10036848383,1.13008382819
1991-01-12,8.86466939401,1.085961104,1.11387553394
1991-01-19,8.87033697377,1.11567636603,1.16703113288
1991-01-19,8.87033697377,1.11657683392,1.16613066547
1991-02-20,8.87033697377,1.15349585815,1.20302138757
1991-02-20,8.87033697377,1.16069957349,1.20392184546
1991-04-09,8.87033697377,1.08506055402,1.1093731051
1991-04-09,8.87033697377,1.08506054883,1.11207449969
1991-04-25,8.87033697377,1.03193318848,1.01662533124
1991-04-25,8.87033697377,1.0328336452,1.02022717908
1991-05-11,8.33845827373,1.00131737573,1.0040187569
1991-05-20,8.28683456963,1.19401710901,1.1796377488
1991-06-28,8.87033697377,1.67809819693,2.10710730472
1991-06-28,8.87033697377,1.68543256171,2.10689541621
1991-07-14,8.85773053505,1.56827830967,1.56764515897
1991-07-14,8.87033697377,1.57074309395,1.57550570407
1991-07-23,8.86943650575,1.44517676557,1.18861400476
1991-07-30,8.87033697377,1.34169364435,1.17600745557
1991-07-30,8.87033697377,1.33178854419,1.17510699384
1991-08-08,8.29263846546,1.4728900081,1.19854736634
1991-08-15,8.87033697377,1.21169813203,1.13368566919
1991-08-15,8.87033697377,1.21449842354,1.1327852085
1991-09-16,8.87033697377,1.22907882813,1.16069959198
1991-09-16,8.87033697377,1.23760330013,1.16340101807
1991-10-18,8.87033697377,1.21202606085,1.20572277246
1991-10-18,8.87033697377,1.21472750568,1.20482230457
1991-11-19,8.87033697377,1.11387543048,1.18323944538
1991-11-19,8.87033697377,1.11297496118,1.18141026373
1992-05-13,8.87033697377,0.490754037903,0.461939139709
1992-05-13,8.87033697377,0.486251699402,0.464640543579
1992-06-30,8.87033697377,0.811319363525,0.277343457336
1993-01-08,8.87033697377,0.868949162048,0.94098632135
1993-01-08,8.87033697377,0.871650512268,0.942787205383
1993-04-14,8.87033697377,1.17690790796,1.20932461554
1993-04-14,8.87033697377,1.18231071332,1.20482232825
1993-04-30,8.87033697377,1.12558145105,1.16220386719
1993-04-30,8.87033697377,1.12468098865,1.16490527723
1993-05-16,8.86943651088,0.750087377441,0.174690110413
1993-06-01,8.85863091218,0.600610683044,0.0
1993-06-01,8.87033697377,0.604184288318,0.0
1993-08-04,8.87033697377,1.17746943382,1.17870883374
1993-08-20,8.87033697377,1.19491723187,1.19131533728
1993-09-05,8.87033697377,1.18141029401,1.17690792719
1993-09-05,8.87033697377,1.17330612708,1.18050980212
1993-09-21,8.87033697377,1.29486863184,1.13818796771
1993-09-21,8.87033697377,1.29576909369,1.1399888891
1994-03-16,8.65252851643,0.948190025757,0.949990979797
1994-04-17,8.86943650587,0.941886587219,0.969800991821
1994-05-19,8.86309086736,1.19022792875,1.01240166856
1994-07-06,8.87033697377,1.51009102827,1.29122452171
1994-07-06,8.87033697377,1.50088861349,1.28524258134
1994-07-22,8.87033697377,1.62117017496,1.34774217549
1994-07-22,8.87033697377,1.6166678353,1.3513440536
1994-08-07,8.87033697377,1.4974197253,1.27956085498
1994-08-07,8.87033697377,1.50268124113,1.27685945715
1994-08-23,8.87033697377,1.2651533963,1.25614868335
1994-08-23,8.87033697377,1.25344739734,1.24444271173
1994-11-27,8.87033697377,1.23480746949,1.26902483399
1994-11-27,8.87033697377,0.821263908777,0.839273045434
1995-01-14,8.77986728022,1.0931647511,1.19067987844
1995-02-15,8.87033697377,1.05714618964,1.04634065405
1995-02-15,8.87033697377,1.05804667322,1.04183834552
1995-03-19,8.87033697377,0.926578896851,0.929280314941
1995-03-19,8.87033697377,0.929280313843,0.927479403625
1995-04-04,8.87033697377,1.06254895117,1.09226431879
1995-04-04,8.87033697377,1.0616485,1.09406525177
1995-05-06,8.87033697377,1.26605384906,1.32278315253
1995-05-06,8.87033697377,1.26335245166,1.32368361475
1995-06-07,8.87033697377,1.27099055303,1.27956076642
1995-06-07,8.87033697377,1.27031261463,1.27956082941
1995-06-23,7.62678374177,1.23904006836,1.2170332298
1995-06-23,8.87033697377,1.36140125858,1.32098240009
1995-07-09,8.87033697377,1.30953708106,1.2782252883
1995-07-25,8.87033697377,1.24444271112,1.25344736902
1995-07-25,8.87033697377,1.25254689221,1.25164642816
1995-08-10,8.87033697377,1.263970448,1.23363712421
1995-08-10,8.87033697377,1.26713441834,1.23633852777
1995-08-26,8.87033697377,1.23633849524,1.2363385188
1995-09-27,8.87033697377,1.0555676402,0.964398392944
1995-09-27,8.87033697377,1.05286622913,0.967099785706
1996-02-18,8.70454321363,1.26785503906,1.46762872048
1996-06-09,8.87033697377,1.2624527334,1.24894568634
1996-06-09,8.87033697377,1.260651125,1.25254686969
1996-06-18,8.8685360373,1.28497455363,1.23906827247
1996-06-25,8.87033697377,1.26811392988,1.0053113316
1996-07-27,8.87033697377,1.34276696433,1.22283159998
1996-07-27,8.87033697377,1.33594465588,1.22553304077
1996-08-28,8.87033697377,1.24354229071,1.22643346796
1996-08-28,8.87033697377,1.24264183179,1.2264334563
1996-09-13,8.87033697377,1.34225682189,0.945488658997
1996-10-31,8.87033697377,1.25885015338,1.2597506015
1996-10-31,8.87033697377,1.25794969434,1.26155153107
1997-02-04,8.25110879985,1.19401677295,1.22823447675
1997-03-24,8.87033697377,1.2048223327,1.27505862006
1997-03-24,8.87033697377,1.21922971289,1.26875531097
1997-04-09,8.87033697377,1.22733396625,1.26605393787
1997-04-25,8.87033697377,0.0,0.0
1997-08-15,8.87033697377,1.30297312445,1.35429963226
1997-09-16,8.87033697377,1.24894511078,1.26335251794
1997-09-16,8.87033697377,1.24264188562,1.26065114618
1997-11-03,8.87033697377,1.22193139478,1.26245230841
1997-11-19,8.87033697377,1.22463256659,1.2408409234
1997-11-19,8.87033697377,1.22283162311,1.24264184583
1998-02-07,8.87033697377,1.21472742267,1.22913486523
1998-02-07,8.87033697377,1.21472742963,1.22643348224
1998-03-27,8.74434176039,1.19131537213,1.28883074456
1998-04-12,8.87033697377,1.16340100739,1.15799824841
1998-04-12,8.87033697377,1.16430147076,1.15889870032
1998-05-14,8.87033697377,1.20482235754,1.19401679077
1998-05-14,8.87033697377,1.2093246535,1.19311630719
1998-05-30,8.87033697377,1.25348646167,1.22761297517
1998-05-30,8.87033697377,1.24933373139,1.22941391731
1998-06-15,8.87033697377,1.25956368042,1.21835759308
1998-06-15,8.87033697377,1.25070034756,1.21835766974
1998-07-01,8.87033697377,1.33649187607,1.25885026147
1998-07-01,8.87033697377,1.34122020472,1.26425304657
1998-08-02,8.87033697377,1.38639936258,1.22792369805
1998-08-02,8.87033697377,1.38566839879,1.22553304913
1998-08-18,8.87033697377,3.89589360295,1.27505852728
1998-08-18,8.87033697377,3.89570996373,1.27415804767
1998-09-03,8.52307413385,3.16891645699,1.28316275696
1998-09-03,8.44176089484,3.13424346786,1.27775993616
1998-10-05,8.87033697377,1.26516763362,1.21382702252
1998-10-05,8.87033697377,1.26426716468,1.21202610571
1999-01-09,8.87033697377,1.20662324908,1.27145674902
1999-01-09,8.87033697377,1.20932463037,1.27145673346
1999-02-10,8.01475916717,1.03733627039,1.03283403583
1999-02-10,7.97285782876,1.03643567365,1.03373439722
1999-02-26,8.03114091648,1.12648198553,1.12374896842
1999-02-26,7.87440763269,1.12107918085,1.12738261316
1999-05-01,8.87033697377,0.00630326251221,0.0719348117685
1999-06-02,8.87033697377,1.3166216534,1.32043206119
1999-06-02,8.87033697377,1.32054482357,1.32493439804
2000-01-12,8.55541099109,1.17600740796,1.21652833087
2000-01-12,8.49942686355,1.16970417255,1.20752370544
2000-12-29,8.87033697377,1.13147956577,0.00720367028809
2001-01-30,7.82751498033,1.01482426501,1.17780840735
2001-01-30,7.91951414063,1.00672006873,1.1778083764
2001-02-15,8.04821218922,0.0,0.0
2001-05-06,8.87033697377,1.07155371393,1.06074815887
2001-05-06,8.87033697377,1.0697527674,1.06705139404
2001-06-07,8.87033697377,1.13211090329,1.12378068878
2001-06-07,8.87033697377,1.13222391152,1.12288020459
2001-07-09,8.87033697377,1.28743601914,1.08416024902
2001-07-09,8.87033697377,1.29255987131,1.08866258728
2001-08-10,8.87033697377,1.17488153464,1.05624582501
2001-08-10,8.8649341728,1.16767780093,1.05354442432
2003-11-20,7.98427808528,0.804115109009,0.78340450592
2003-11-20,8.87033697377,1.12648201538,1.10487094989
2003-12-06,8.87033697377,1.09496577032,1.09676671808
2003-12-06,8.87033697377,1.09676667371,1.09946811407
2003-12-22,8.87033697377,0.998616088257,0.979706386108
2003-12-22,8.87033697377,1.00221792511,0.975204032471
2004-03-11,8.87033697377,0.968900746521,0.980606839905
2004-03-11,8.87033697377,0.969801175964,0.977004960388
2004-03-27,7.89639201161,0.949779298584,1.10767891523
2004-03-27,7.57213385763,0.945488863953,1.11128079456
2004-04-12,8.87033697377,1.18050979449,1.21382702393
2004-04-12,8.87033697377,1.18411164618,1.21472749103
2004-04-28,8.82727318965,1.27077878604,1.30997909102
2004-04-28,8.8564131904,1.28046152423,1.32291060746
2004-05-30,8.87033697377,1.26465556445,1.26605391602
2004-05-30,8.87033697377,1.2664564754,1.2642529765
2004-06-15,8.87033697377,1.2963836806,1.30297300562
2004-06-15,8.87033697377,1.28917993109,1.3020725022
2004-07-01,8.00490510166,1.38335468497,0.790551677009
2004-07-10,7.67136320886,1.2878841287,1.28867864592
2004-07-17,8.87033697377,1.36062417146,1.29396834357
2004-07-17,8.87033697377,1.35882324183,1.29216739227
2005-02-10,8.17509314054,0.900465459473,1.02743170679
2005-02-10,8.02846889562,0.897004841609,1.02112839807
2005-05-17,8.87033697377,1.11170730269,1.10397038025
2005-05-17,8.87033697377,1.11080683016,1.10487084198
2005-07-20,8.87033697377,1.25615941869,1.203921862
2005-07-20,8.87033697377,1.25615940386,1.2120260647
2005-08-14,8.78006875548,1.38964024475,1.28946599402
2005-08-30,8.87033697377,1.36165511748,1.29306783978
2005-10-01,8.65545951966,1.22478443218,1.17600756885
2006-02-13,8.87033697377,0.968000210876,0.949090483643
2006-02-13,8.87033697377,0.967099734192,0.949990954224
2006-03-01,8.87033697377,0.923877556213,0.93198179895
2006-03-01,8.86683399872,0.919375201843,0.928379919495
2006-06-05,8.87033697377,1.22733395038,1.19041490503
2006-06-05,8.87033697377,1.23003536169,1.18951444733
2006-06-21,8.87033697377,1.25885024237,1.20842419501
2006-06-21,8.87033697377,1.25846884872,1.20932465918
2006-07-07,8.86943650715,1.26965573657,1.21742875684
2006-07-07,8.87033697377,1.27415805377,1.21202597437
2006-07-23,8.87033697377,1.31100314211,1.23096404926
2006-07-23,8.87033697377,1.31260632335,1.2327649856
2006-08-08,8.87033697377,1.34375882549,1.27685943085
2006-08-08,8.87033697377,1.34285836937,1.27595896356
2006-09-09,8.87033697377,1.25524826154,1.24174127679
2006-09-09,8.87033697377,1.25885011115,1.2435421983
2006-09-25,8.87033697377,1.25074592749,1.25885011859
2006-09-25,8.87033697377,1.25254686676,1.25885011115
2006-10-20,8.01538499742,1.22283157373,1.23903993634
2006-12-07,8.87033697377,1.19491716003,1.24894500067
2006-12-14,8.87033697377,1.18861386212,1.24984544904
2006-12-14,8.87033697377,1.18591246259,1.24804449744
2007-02-16,8.87033697377,0.930180721619,0.917574230774
2007-02-16,8.87033697377,0.927479277466,0.915773260437
2007-04-05,8.87033697377,0.916673828125,0.926578905579
2007-04-05,8.87033697377,0.916673838135,0.92387751001
2007-04-14,8.87033697377,0.942787336792,0.968900761536
2007-04-30,8.87033697377,1.09946803729,1.12107921735
2007-05-23,8.87033697377,1.18411158954,1.17960930243
2007-05-23,8.87033697377,1.18321113446,1.18141023737
2007-06-24,8.87033697377,1.2714566496,1.25254691455
2007-06-24,8.87033697377,1.27866036469,1.25344736011
2007-08-11,8.87033697377,1.24174136102,1.20842417462
2007-08-11,8.87033697377,1.24444274457,1.21292647662
2007-09-28,8.87033697377,1.25670986823,1.17240560181
2008-02-03,8.87033697377,0.977004807007,1.00581971765
2008-02-03,8.87033697377,0.980606627869,1.01032201563
2008-02-19,8.87033697377,0.924777944824,0.913071932312
2008-02-19,8.87033697377,0.925678397156,0.911271003723
2008-08-29,8.87033697377,1.26174232188,1.21382698358
2008-09-14,8.87033697377,1.09835568896,1.07785687201
2008-09-14,8.87033697377,1.09925613202,1.07785687134
2008-09-30,8.87033697377,1.08956293811,1.06615088123
2008-09-30,8.87033697377,1.08776201617,1.06344946246
2009-03-25,8.87033697377,1.13998883649,1.18231069019
2009-03-25,8.87033697377,1.13638698706,1.18141022839
2009-05-12,8.87033697377,1.134586125,1.134586125
2009-05-12,8.87033697377,1.13818795966,1.13638703052
2010-04-13,8.35437024958,0.859043859314,0.966199089417
2010-04-29,8.87033697377,1.04904201648,1.08325971326
2010-04-29,8.87033697377,1.04904201276,1.07785691797
2011-03-31,8.87033697377,0.917574251221,0.931081242065
2011-03-31,8.87033697377,0.916673793457,0.936484047241