Date,Rarea,NDWI,MNDWI
1987-11-10,11.6428616469,1.7155600564,1.88013844084
1987-11-26,11.6428616469,2.05913532874,2.41391699884
1987-12-12,11.6428616469,2.51979603897,2.83465843663
1988-01-13,11.6428616469,2.90737479961,3.02251760055
1988-05-04,11.6428616469,1.32839425913,1.21166512231
1988-06-05,11.6428616469,1.20506690995,1.09643965289
1988-07-07,11.6428616469,1.38709017421,1.39249179769
1988-10-11,11.6410612311,1.46689769123,1.50767160328
1988-10-27,11.6428616469,1.52512449522,1.61352413506
1988-11-12,11.6428616469,1.81542919197,2.07204635741
1988-11-28,11.6419614382,1.92375368002,2.24277735699
1989-01-15,11.6419614394,2.36660456279,2.58491614637
1989-05-07,11.6428616469,1.31158709509,1.23146957343
1989-05-23,11.6428616469,1.29628360986,1.21346555493
1989-09-28,11.6428616469,1.44259236567,1.47680013069
1989-12-01,11.6401610292,2.15097383232,2.6614185926
1990-02-19,11.5686744248,1.92986666426,2.14786811546
1990-03-07,11.6428616469,1.51281427189,1.41312249056
1990-04-24,11.6428616469,1.49210334993,1.46689791548
1990-06-11,11.6428616469,1.42219864766,1.35108311544
1990-06-27,11.6428616469,1.41409655288,1.36458596926
1990-09-15,11.5524985131,1.52000943592,2.12277626397
1990-10-01,11.6428616469,1.50740655201,1.58663832786
1990-12-20,11.6428616469,2.57108705569,2.92621424918
1991-01-21,11.6419614394,2.5976023609,2.82537107566
1991-03-26,11.6428616469,1.6037279366,1.55331721858
1991-04-11,11.6428616469,1.64164543529,1.57762239186
1991-05-13,11.6428616469,1.46450760781,1.43179009639
1991-05-29,11.6428616469,1.47241192278,1.43750202932
1991-07-16,11.6428616469,1.41150882697,1.39519278048
1991-09-18,11.6428616469,1.46959820588,1.54341474971
1991-10-20,11.6428616469,1.46599757075,1.74712087772
1991-11-05,11.5939645621,1.50612500521,1.99603107645
1991-11-21,11.6410612307,1.71239028972,2.45695320115
1992-01-08,11.6428616469,1.40458266312,2.77636470439
1992-02-09,11.6410612408,1.56791742808,2.21784347951
1992-05-31,11.6428616469,1.35648410073,1.42200094445
1992-06-16,11.6428616469,1.35198307637,1.35088538384
1992-09-20,11.6428616469,1.43750157106,1.54001127128
1992-10-06,11.6428616469,1.44110226827,1.57811268771
1992-11-07,11.6428616469,1.46349427476,1.72313649405
1992-11-23,11.6419614394,1.53821771572,2.15688754678
1992-12-09,11.6419614384,1.58982582239,2.65493687795
1993-01-26,11.6428616469,1.75080206538,2.22444471506
1993-03-15,11.6428616469,1.33679201782,1.33779147099
1993-03-31,11.6428616469,1.47691293407,1.45530823339
1993-05-02,11.6428616469,1.36919963965,1.32869073853
1993-05-18,11.6428616469,1.32180647516,1.27975143745
1993-06-19,11.6428616469,1.23686997748,1.1864590802
1993-08-06,11.6428616469,1.34748210549,1.42759979482
1993-11-10,11.6428616469,1.47863099924,1.6707236426
1993-12-12,11.6410612297,2.09286684226,2.6535519833
1994-01-29,11.6428616469,1.80762449628,2.20728412251
1994-02-14,10.0642857164,0.597591779794,0.685519117097
1994-03-18,11.6428616469,0.963686891879,0.916400235229
1994-05-05,11.6428616469,0.818278621582,0.782270777344
1994-05-21,11.6428616469,0.750763945618,0.708454711426
1994-06-06,11.6428616469,0.682349148499,0.635538889404
1994-06-22,11.6428616469,0.574325602661,0.497808831299
1994-11-13,11.6428616469,1.56254812134,1.94906528024
1994-11-29,11.6428616469,1.87977482892,2.35796325853
1994-12-31,11.4564918936,2.70640041563,2.89890191241
1995-02-01,11.6428616469,2.23927496621,2.51990734353
1995-02-17,11.6428616469,1.97781129949,2.28288736316
1995-03-05,11.6428616469,1.55055257436,1.57510874479
1995-03-21,11.6428616469,1.49040187731,1.46779802046
1995-05-08,11.6428616469,1.4684157796,1.48990764205
1995-05-24,11.6428616469,1.46509744068,1.43190307122
1995-06-25,11.6428616469,1.47331218188,1.44079212904
1995-09-13,11.6428616469,1.44349261677,1.49210352943
1995-11-16,11.6419614433,1.72405437824,2.23205595072
1996-01-03,10.7867029378,2.05501805568,2.74182391517
1996-04-08,11.6428616469,1.57632675868,1.58172814748
1996-05-10,11.6428616469,1.48760230964,1.48760234608
1996-05-26,11.6428616469,1.50290578114,1.48490191133
1996-10-17,11.6428616469,1.50650649995,1.62887346588
1996-11-02,11.6428616469,1.56246333414,1.72644452384
1996-12-04,11.64196145,1.96332674552,2.41548064988
1996-12-20,11.6410612384,2.29346592594,2.87015036133
1997-01-05,11.6419614356,2.44188565307,3.23690918016
1997-01-21,11.2818847621,1.48918469697,2.73488546369
1997-02-06,11.6428616469,1.74178179135,1.87075134049
1997-02-22,11.6428616469,1.39226504045,1.48236703108
1997-04-11,11.6428616469,1.11894436316,1.07033390155
1997-05-29,11.6428616469,1.08833764838,1.03522608386
1997-06-14,11.6428616469,1.0316251311,0.971312011841
1997-06-30,11.6428616469,0.99381670752,0.983914975464
1997-08-01,11.3061224761,1.18735934552,1.20176279132
1997-09-18,11.6428616469,1.47781321612,1.53171220228
1997-10-04,9.92258753434,0.924810272806,1.46517385841
1997-11-05,11.6428616469,1.62317182876,1.86639205156
1997-12-23,10.3691975486,2.09618285525,2.58829644552
1998-03-29,11.6428616469,1.51671934493,1.45809358213
1998-04-14,11.6428616469,1.49851769207,1.47429716257
1998-05-16,11.6428616469,1.4292022904,1.40070665839
1998-06-17,11.6428616469,1.28998203986,1.25217381567
1998-07-19,11.6428616469,1.40149379451,1.44909153959
1998-08-04,11.5213358999,1.22775633956,1.32587803457
1998-09-05,11.6428616469,1.43648863023,1.50850464298
1998-10-07,11.6428616469,1.43010254424,1.45899373801
1998-10-23,11.6428616469,1.44883707668,1.56158083449
1998-11-08,11.6428616469,1.4413386247,1.6678925315
1998-11-24,11.599440042,1.66219766996,2.6167645077
1998-12-10,11.3715499902,1.99305994056,3.04614002136
1998-12-26,11.5381307187,2.7376541925,3.75271544639
1999-02-28,11.6428616469,1.15680498371,1.12311687742
1999-04-01,11.6428616469,1.03792633008,0.996517402832
1999-04-17,11.6428616469,0.992916444153,0.936204153259
1999-05-19,11.6428616469,0.865088601562,0.803875203125
1999-06-04,11.6428616469,0.799374225952,0.749863445496
1999-06-20,11.6428616469,0.701252995483,0.689550368164
1999-08-23,11.6410612641,1.0856371369,1.11804454791
1999-09-08,11.6035987117,1.2422715882,1.27647932281
1999-10-10,11.6428616469,1.43809134999,1.4976033618
1999-10-26,11.6428616469,1.47049849293,1.59358200833
1999-11-11,11.6428616469,1.53650266506,1.67465726832
1999-12-13,10.9671124092,1.77364896526,1.98855631591
1999-12-29,11.6428616469,2.28948796004,2.88087204398
2000-05-05,11.6428616469,1.14595035223,1.06043160919
2000-05-21,11.6428616469,1.0820363656,0.995617471802
2000-06-06,11.6428616469,0.97041173645,0.874090641479
2000-07-08,11.6428616469,0.811076700806,0.880392257141
2000-09-10,11.6428616469,1.39488195759,1.48040087483
2000-09-26,11.6428616469,1.44990700585,1.50650656965
2000-10-12,11.6428616469,1.45339484394,1.51574500645
2000-10-28,11.6428616469,1.39468998822,1.57723187719
2000-11-13,11.6410612589,1.42141125159,1.59849337516
2000-11-29,11.6428616469,1.60786142022,1.83807215154
2001-01-16,11.6428616469,1.90976664536,2.07020365724
2001-02-01,11.6428616469,1.6218371739,1.62961488194
2001-04-06,11.6428616469,1.02442360425,0.97041183667
2001-04-22,11.6428616469,1.02532383398,0.97851365387
2001-05-08,11.6428616469,0.980313819336,0.912799053833
2001-09-13,11.6428616469,1.37158964471,1.44439279243
2001-09-29,11.6428616469,1.43088982338,1.47860032386
2001-10-15,11.6428616469,1.44439286537,1.48850264515
2002-01-03,11.6428616469,2.00129747987,2.46729670262
2002-02-04,11.6428616469,1.24345360927,1.24387068658
2002-03-24,11.6428616469,1.17475692938,1.11446851922
2002-06-12,11.6428616469,0.877691276306,0.793072763306
2002-06-28,11.0486264616,1.03252539618,0.975813093628
2002-07-14,11.6428616469,0.910998650085,0.836282358826
2002-07-30,11.6428616469,0.849785148315,0.852485831116
2008-04-25,11.6428616469,1.38630332874,1.35828431191
2008-05-27,11.6428616469,1.30348476556,1.26477654871
2008-09-16,11.6428616469,1.39369950689,1.60693358809
2008-10-02,11.6428616469,1.4227881352,1.55601764955
2008-11-03,11.6428616469,1.5497159336,1.76142510081
2008-11-19,11.6428616469,1.56719391098,2.30296309042
2009-01-22,11.6428616469,1.80944533203,2.07810401739
2009-04-28,11.6428616469,1.46990901363,1.48341199489
2009-05-14,11.6428616469,1.46090698934,1.47350985524
2009-05-30,10.6370340502,0.730848336079,0.728147890949
2009-06-15,11.6428616469,1.3493950282,1.31338726105
2009-08-02,11.1375563338,1.22516735217,1.2584750332
2009-09-19,11.6428616469,1.37718853035,1.43480145626
2009-10-05,11.6428616469,1.36368545815,1.43399990686
2009-10-21,11.6428616469,1.36109756238,1.38492297146
2009-11-06,11.6428616469,1.37796108746,1.75386361085
2009-11-22,11.6428616469,1.41346384759,1.75229558167
2010-01-25,11.3557002501,1.55803571467,2.00233923036
2010-03-14,11.6428616469,1.22156677094,1.16665486041
2010-06-02,11.6428616469,0.895694937561,0.835381844543
2010-06-18,11.6428616469,0.865088277954,0.823679259705
2010-11-09,11.6428616469,1.56763171506,1.74251035721
2010-11-25,11.6428616469,1.69806524386,1.92865743049
2010-12-11,11.6428616469,1.81400390342,2.14118895898
2010-12-27,11.6428616469,1.93678025622,2.42354369186
2011-01-12,11.6428616469,1.8057322704,2.04025736639
2011-06-05,11.6428616469,1.2332694035,1.13514792578
2011-06-21,11.6428616469,1.17745677545,1.18555908514
2011-09-25,11.6428616469,1.42869417616,1.53840551389