Date,Rarea,NDWI,MNDWI
1989-12-12,931.036361844,45.7664780312,27.7038192915
1989-12-28,931.036360059,57.2785753288,34.3060469486
1990-01-13,931.036361844,53.7366214056,27.6828086382
1990-02-14,931.033534601,47.4150860849,19.2275790485
1990-03-18,931.036360059,39.4656140567,14.9261204615
1990-04-03,914.793651181,29.4499215946,14.6362208344
1990-04-19,931.036361844,28.9589639224,10.3212466358
1990-05-05,931.036204528,32.8669993515,10.7564528247
1991-02-01,930.996344711,50.7682838369,22.4116484723
1991-03-21,866.065773837,42.9962357881,15.1888677329
1991-12-02,930.636197403,35.6978191326,28.9850685428
1992-01-19,929.115444996,27.5486478647,19.6775298588
1992-02-04,901.923371752,23.4215349189,15.3567210867
1992-02-20,872.190799193,6.72419330469,0.560394320313
1992-03-07,929.35221964,20.0190841854,10.2572214522
1992-04-08,930.876268399,24.5348861865,11.0838333599
1992-04-24,931.036204528,19.0013890942,7.09118368064
1992-05-10,931.033534601,20.4719527681,9.25657599128
1992-12-04,927.342159766,25.5448070648,23.9814256767
1992-12-20,930.756072367,29.8256578345,27.5265890991
1993-01-05,908.858596334,18.5752275213,10.996929092
1993-01-21,930.756254087,27.5921609026,17.8796428231
1993-03-10,931.036360059,23.1316923409,11.9244719303
1993-04-11,862.569579391,16.5821721374,6.39366608252
1993-04-27,931.036204528,21.2028724927,10.2363443989
1993-05-13,931.033534601,19.7117057095,7.57556511238
1993-11-05,921.607647002,29.6847373657,27.6029300415
1993-11-21,916.349139304,22.8546982617,24.5449910926
1993-12-23,930.876300677,35.0329140208,27.5345887135
1994-02-09,930.476148044,25.3864901992,10.9217882882
1994-02-25,930.79626716,31.1163489335,19.8990455525
1994-03-13,930.876144379,42.6294039209,29.6231291142
1994-03-29,931.033534601,41.6194805984,29.3155600142
1994-11-08,928.072925212,52.0721263812,45.3988000337
1994-12-10,929.962376145,53.1888016227,43.8940860594
1995-02-12,833.908033292,48.6199088731,25.3312160152
1995-03-16,912.039303029,46.0096821558,33.6772802746
1995-11-11,926.87923506,60.4512239957,59.1703413824
1995-12-29,858.66657482,68.026972844,68.0817499324
1996-01-30,890.624520679,61.4141797588,44.1516290776
1996-02-15,902.145701363,50.5367363567,35.388977706
1996-03-18,914.377426166,47.5023369375,34.0657972015
1996-04-03,920.414733659,40.4000377418,31.1440086
1996-05-05,922.852501554,36.446848436,26.6811637915
1996-10-12,851.048835596,51.0762355336,48.3145156976
1996-11-13,837.316926295,52.8162391337,49.3755366938
1996-11-29,837.283227874,53.1941566516,49.566262441
1996-12-31,857.746170324,63.33954393,56.2866309146
1997-02-01,856.248996648,56.1236060888,36.5905987791
1997-02-17,883.443180688,43.3533517064,33.1635297409
1997-04-22,872.007232974,40.1897956898,30.7840281781
1998-02-04,891.618949606,57.8458910021,45.602962816
1998-02-20,893.611727059,64.9233272211,54.5975296117
1998-03-24,883.157265287,49.4546252797,37.9678362719
1998-04-09,877.685909278,44.0115835375,35.6866509125
1998-04-25,871.910410183,41.9107680883,32.4249124867
1998-05-11,889.760498577,38.1945068481,29.7230963774
1998-05-27,902.41309852,36.1933945903,27.8821000375
1998-11-03,879.258870225,57.6182527119,54.2210645922
1998-11-19,909.083986236,57.2788561976,53.4540858533
1998-12-05,888.455668726,54.0372942836,49.6671480264
1999-01-22,913.943802401,57.5048826922,48.091223952
1999-02-07,930.996332352,58.7491323858,46.7554298845
1999-03-11,931.036360059,47.1589911002,36.3765802037
1999-03-27,928.116867391,42.0367958384,29.9730221724
1999-04-12,930.956329211,40.6391176102,29.0524745826
1999-04-28,931.036360059,37.5572659774,24.2825217404
2000-01-25,930.836269793,66.3605359442,52.8764985643
2000-02-10,930.716223809,57.9112083357,45.9419778404
2000-03-29,920.393547274,50.3945735805,39.5414911484
2001-01-11,908.431057874,85.4839147242,58.1443278845
2001-02-12,930.636207821,70.9765679254,56.2908327504
2008-04-20,931.036204528,123.371272663,104.787568032
2008-05-22,919.852233444,117.213564818,97.5090985933
2008-10-13,931.036204528,114.393134837,117.314935161
2008-11-14,887.113340972,119.614733883,119.389325663
2009-01-17,916.595462255,133.359725442,119.311038751
2009-02-02,915.069980363,124.294914802,110.531377987
2009-03-06,923.861963475,119.930346533,102.280506529
2009-03-22,929.123662506,119.066029199,98.5343654648
2009-04-23,930.8096131,113.358824849,79.3961353797
2009-05-25,928.735194023,113.615772778,82.3151974343
2009-09-14,799.918503562,112.901035071,126.829079114
2009-09-30,874.684763183,105.018766695,114.661763086
2009-10-16,931.036360059,115.024630695,116.94549989
2009-11-01,930.996346317,116.931650183,114.471987232
2009-11-17,899.372478809,125.100601438,115.917859958
2009-12-03,931.036360059,129.557272394,121.86842714
2010-01-20,931.036361844,132.76751352,119.653212183
2010-02-05,922.462696927,142.213119532,123.51546711
2010-03-25,931.036204528,131.0925034,109.59045604
2010-04-26,931.036204528,125.782631598,107.349092079
2010-05-12,931.036361844,121.10267943,101.560853189
2010-05-28,926.517486203,116.985796091,93.5715280664
2010-06-13,925.753647559,117.741026848,94.2768542129
2011-02-08,930.916157539,124.461935946,107.349072606
2011-05-15,931.036360059,117.148647287,97.3679996698