Date,Rarea,NDWI,MNDWI
1989-12-12,40.5355691354,3.99184376898,3.82708965998
1990-01-13,40.5355691354,3.86490188159,3.7091507862
1990-02-14,40.5355691354,3.70464906708,3.46183733943
1990-03-18,40.5337685331,3.60836563062,3.22325886562
1990-04-03,40.5355691354,3.33822831879,3.11342266005
1990-04-19,40.5355691354,2.85976431588,2.58674857002
1990-12-31,40.1520463386,3.95403242066,3.68961431068
1991-02-01,40.5355691354,3.79827973194,3.63221965352
1991-02-17,40.5355691354,3.7172531883,3.55479415914
1991-03-21,40.5355691354,3.4480644729,3.23316223628
1991-05-08,40.5355691354,2.74539482609,2.44900316841
1991-11-16,40.5355691354,3.79265229022,3.759161368
1992-01-19,40.5355691354,3.27120009926,3.14335837538
1992-02-04,40.5355691354,2.74722713112,2.62095979018
1992-02-20,40.5355691354,2.53543152876,2.37607920253
1992-03-07,40.5337685441,1.85851234472,1.51896332207
1992-04-08,40.5292671593,1.47308002809,1.35874216701
1992-04-24,40.5355691354,0.736635741897,0.709711585319
1992-05-10,40.5355691354,0.694406505057,0.644875936041
1992-05-26,40.077316957,0.349316410645,0.332503678584
1992-12-04,40.5355691354,3.55249930365,3.44113076326
1992-12-20,40.5355691354,3.48407642029,3.40061717995
1993-01-05,40.5355691354,3.16676588576,3.05782997267
1993-01-21,40.5355691354,2.64549348513,2.49221729402
1993-02-22,40.5355691354,1.52552315694,1.36324366158
1993-03-10,40.5355691354,1.28491741817,1.14537143617
1993-04-11,40.5355691354,1.18228361794,1.08415120814
1993-05-13,40.5355691354,0.823502404864,0.728070696796
1993-11-05,40.5355691354,4.19891246595,4.19981294654
1993-11-21,40.5355691354,4.22772193201,4.15119686103
1994-02-09,40.5355691354,2.32138633968,2.11409245869
1994-02-25,40.5355691354,1.86853673085,1.73776778206
1994-03-13,40.5355691354,1.82802322774,1.61982889192
1994-03-29,40.5355691354,1.67677332222,1.50999264668
1994-04-30,40.5355691354,1.38133446624,1.25167740955
1994-09-21,40.5355691354,4.21331732495,4.33575768756
1994-12-10,40.5355691354,3.35893502533,3.12692707985
1995-01-11,40.5355691354,2.81474906911,2.50954873201
1995-02-12,35.0243249204,2.11306615047,1.88759915217
1995-11-11,40.5355691354,3.62411680587,3.5716739745
1995-11-27,40.5201233135,3.61432654094,3.66775225018
1995-12-29,40.5355691354,3.34232362117,3.2088541523
1996-01-30,40.5355691354,3.03172134011,2.8732691108
1996-02-15,40.5355691354,2.78594022988,2.59755230861
1996-03-18,40.5320102882,1.90103235345,1.70579490493
1996-04-03,40.5355691354,1.76161348439,1.57131545947
1996-05-05,40.5355691354,1.26762172577,1.15868563715
1996-10-12,40.5355691354,4.27030422005,4.33872689833
1996-11-13,40.5355691354,4.2925429646,4.29434402466
1996-11-29,40.5355691354,4.30874874616,4.23019703564
1996-12-31,40.5355691354,4.07377102515,3.95650671509
1997-02-01,40.5355691354,3.75105870168,3.57617550026
1997-02-17,40.5355691354,3.4897466111,3.32769341823
1997-09-29,40.3152828167,4.20071314051,4.34386070282
1997-10-15,40.5355691354,4.27363676343,4.32315319269
1998-02-20,40.5355691354,3.82578344002,3.68353693898
1998-03-24,40.5355691354,3.52238333412,3.355687617
1998-04-09,40.5355691354,3.40790465142,3.25844142878
1998-04-25,40.5355691354,3.06794539742,2.90049008608
1998-05-11,40.5355691354,2.87555363501,2.71079935321
1998-05-27,40.5355691354,2.32187087164,2.13010762891
1998-11-03,37.4416637627,3.70693994417,3.85679675006
1998-11-19,39.9377750572,4.1478639059,4.17280334357
1998-12-05,40.5355691354,4.22168818898,4.15416626881
1999-01-22,40.5355691354,4.04185480507,3.91828838667
1999-02-07,40.5355691354,3.85819419789,3.77356638338
1999-02-23,40.5355691354,3.63852169783,3.51765625185
1999-03-11,40.5355691354,3.39904283858,3.27277548372
1999-03-27,40.5355691354,3.27916200695,3.11710891924
1999-04-12,34.8844076105,0.171684178607,0.0108035285645
1999-04-28,40.5355691354,2.69639458997,2.45421478815
2000-01-25,40.5355691354,3.72314954872,3.57977658369
2000-02-10,40.5355691354,3.63582072817,3.50595226186
2000-03-29,40.5355691354,3.07211147052,2.93380126607
2001-02-12,40.5355691354,3.37473453542,3.24396583833
2008-04-20,40.5355691354,1.90323255292,1.68896196918
2008-05-22,36.9815237053,0.647315399902,0.511370488281
2008-10-13,40.5355691354,4.13279904663,4.27275123911
2008-11-14,40.5085602502,4.10104866914,4.18000656763
2009-01-17,34.9536796697,0.388442483661,0.31177624108
2009-02-02,40.5355691354,3.21898366042,3.07651086281
2009-03-06,40.5355691354,2.73889911818,2.55262272851
2009-03-22,40.5355691354,2.66334486909,2.48958785053
2009-04-23,40.5355691354,1.86661356604,1.58002620862
2009-05-25,40.5355691354,0.831877239624,0.662620921509
2009-09-30,40.5355691354,3.39071459932,3.47625676482
2009-11-01,40.5355691354,3.34299884163,3.37090814461
2009-12-03,40.5355691354,3.51225457332,3.47264160658
2010-01-20,40.5328682682,2.97320243032,2.94423774372
2010-02-05,40.4536420472,2.93696456184,2.90814090817
2010-02-21,40.522964921,2.81460873693,2.68171790761
2010-03-25,40.5355691354,2.27174736181,2.10969397613
2010-04-26,40.5355691354,1.22890903192,1.10556805615
2010-05-12,40.5355691354,1.20009947583,1.04884926196
2011-01-23,40.5355691354,3.8266838376,3.7994491852
2011-02-08,40.5355691354,3.57774988443,3.52845995876
2011-05-15,40.5355691354,1.66944806628,1.49989918018