Date,Rarea,NDWI,MNDWI
1989-12-12,93.9727133133,16.9896729862,16.397741971
1990-01-13,93.9727133133,16.7053656208,15.7220235998
1990-01-29,93.9727133133,16.4435144971,15.315056319
1990-02-14,93.9727133133,15.8731454109,14.7277524314
1990-03-18,93.9727133133,14.453642192,13.0380399279
1990-04-03,93.9727133133,13.8190008665,12.5900908607
1990-05-05,93.9727133133,11.805640156,10.487443439
1990-12-31,93.597016735,16.3281468602,15.5313124777
1991-02-01,93.9727133133,16.0078220719,14.9717397866
1991-02-17,93.9727133133,15.6751801019,14.6912476616
1991-03-05,93.9727133133,14.4346105876,13.4843444651
1991-03-21,93.9727133133,13.966382686,12.9254740811
1991-12-02,93.9727133133,17.0560683746,16.6603877022
1991-12-18,93.9727133133,16.431627112,16.0402602519
1992-01-19,93.9727133133,15.0922851689,14.3288161655
1992-02-04,93.9727133133,13.7989948009,13.2337017559
1992-02-20,93.9727133133,13.4080080268,12.5045279777
1992-04-08,93.9727133133,12.3454646559,11.5376764035
1992-04-24,93.8273674055,11.1218874219,10.4415402292
1992-12-04,93.9727133133,15.2770557828,14.8327638748
1992-12-20,93.9727133133,14.6207489937,14.0695677851
1993-01-05,86.7329969187,8.70529741971,8.08804347749
1993-01-21,93.9494229876,12.6775372627,11.8812405043
1993-02-22,93.9727133133,10.7559907997,10.1989181884
1993-03-10,93.9727133133,10.0936209001,9.50634225902
1993-04-27,93.9727133133,9.16565697366,8.56192210704
1993-05-13,93.9727133133,8.6754655357,8.02548376074
1993-11-05,93.9727133133,16.7206490865,16.7157257657
1994-01-24,93.9727133133,14.8757792043,14.0038748222
1994-02-09,93.9727133133,13.546520366,12.6509762167
1994-03-13,93.9727133133,10.8505569113,10.1909396193
1994-03-29,93.9727133133,10.4016107253,9.64227139007
1994-04-30,93.0134875221,9.82118346777,9.08089724059
1994-09-21,93.9727133133,16.9383826428,17.2455582561
1994-12-10,93.9727133133,13.7089407991,13.1770090427
1995-03-16,93.9727133133,8.34006095134,7.76043922156
1995-11-11,93.9727133133,15.6713013137,15.2500534921
1995-12-29,93.9727133133,14.7470690674,14.2527591318
1996-01-30,93.9702126642,13.7355149407,12.8011881064
1996-03-18,93.9727133133,11.2353390313,10.4682538175
1996-04-03,93.9727133133,10.6744827705,9.86375149562
1996-05-05,93.9727133133,9.85281586423,9.11623590744
1996-10-12,93.9727133133,16.9143812377,17.4403546944
1996-11-29,93.9727133133,16.9549354766,17.093873404
1996-12-31,93.9727133133,16.5429746724,16.288615667
1997-02-01,93.9727133133,15.7579547899,14.9840362553
1997-02-17,93.9727133133,15.078008342,14.1916043256
1997-10-15,93.9727133133,15.8233811763,15.6675186548
1997-11-16,92.6886167513,15.1184554963,14.5546153195
1998-02-20,93.9727133133,13.0084237736,12.135452979
1998-03-24,93.9727133133,11.4343797034,10.5248674165
1998-04-09,93.9727133133,10.2619241503,9.54464248131
1998-04-25,93.9727133133,9.22435075763,8.4780895022
1998-05-11,93.9727133133,8.38206015243,7.5958974812
1998-11-19,92.8681413707,17.1965634409,17.6592819314
1998-12-05,91.0051607624,16.3733498303,16.3096529545
1999-01-06,93.9727133133,16.1718025876,15.5847331756
1999-01-22,93.9727133133,15.5070930879,14.734195044
1999-02-07,93.9727133133,14.7925744098,13.9850089437
1999-02-23,93.9727133133,14.1174699996,13.2945897054
1999-03-11,93.9727133133,13.7743723511,13.021429649
1999-03-27,93.9727133133,13.2804169277,12.2132853388
1999-04-12,93.9727133133,12.2648274792,11.2800435588
1999-04-28,93.9727133133,10.894204336,10.0102190648
2000-02-10,93.9727133133,13.8135460621,12.8588120746
2000-03-13,93.9727133133,11.9294737304,11.091716683
2000-03-29,93.9727133133,10.8484590024,10.0376463994
2001-02-12,93.9727133133,13.0872729397,12.1727305758
2001-05-03,92.3497872357,7.80384526573,6.91117638007
2008-04-20,93.9727133133,10.9909958111,10.007261551
2008-09-27,93.6301576896,16.486687216,17.3850697963
2008-10-13,93.9727133133,16.6998896322,17.5974610622
2008-11-14,93.9727133133,17.0749328416,17.2847018318
2009-01-17,93.9702126378,16.1975064472,15.4245569397
2009-02-02,93.9727133133,15.8765500285,15.1188418745
2009-03-06,93.9727133133,14.0132164297,12.9643843568
2009-03-22,93.9727133133,13.2554733175,12.1980199364
2009-04-07,93.1098967827,12.4400645865,11.3206016448
2009-04-23,93.9727133133,10.8537435035,9.58982120948
2009-05-09,93.9727133133,9.6965340879,8.79828078061
2009-05-25,85.5043631727,7.8439310037,6.62776414484
2009-10-16,92.7026315664,16.0088938594,16.4853937556
2009-11-01,93.9727133133,16.2449813862,16.2739015636
2010-01-20,93.9727133133,16.1736047627,15.8074189337
2010-02-05,93.9727133133,15.3410024802,14.6143509233
2010-02-21,93.9727133133,14.296676829,13.3604073426
2010-03-25,93.9727133133,13.072944385,11.9351786337
2010-04-26,93.9727133133,10.2017965192,9.45756888649
2010-05-12,93.9727133133,8.51466125829,7.70931888463
2011-01-23,93.9727133133,14.8916439892,14.0759920116
2011-02-08,93.9727133133,14.303497773,13.4285449024