Date,Rarea,NDWI,MNDWI
1987-12-15,53.0331943603,20.5255388379,8.26856588255
1987-12-31,53.0331943603,16.8170568622,6.61017114353
1988-02-01,53.0331943603,22.3774214704,6.10863360154
1988-02-17,53.0331943603,16.7259287197,5.77513792401
1988-03-04,53.0331943603,16.794033701,5.98368973703
1988-03-20,53.0331943603,17.9017602336,7.30741706632
1988-04-05,53.0331943603,12.6655969648,6.05671206689
1988-10-14,53.0331943603,17.2036495195,7.38241011212
1988-11-15,53.0331943603,16.2467470772,5.5727421882
1988-12-01,53.0331943603,17.1355836961,5.05791509027
1988-12-17,53.0331943603,13.6901891164,5.05709128669
1989-03-23,53.0331943603,15.3350020497,5.15765645101
1989-04-08,53.0331943603,7.89192761768,4.42001112996
1989-11-02,53.0331943603,17.5394272921,7.06822894948
1989-11-18,53.0331943603,16.5168171726,6.42751189909
1989-12-04,53.0331943603,15.9586771455,5.6541269224
1989-12-20,53.0331943603,16.225211119,5.19591992157
1990-01-05,53.0331943603,18.1619880266,5.39580596954
1990-01-21,53.0331943603,21.1102724619,6.60853316416
1990-02-06,53.0331943603,16.7833362548,6.00230104855
1990-02-22,53.0331943603,21.5366126013,7.49253436672
1990-03-26,53.0273400549,16.5748020625,5.73173629181
1990-04-11,53.0331943603,15.2592376951,5.26385310672
1990-10-20,53.0331943603,15.391677291,6.6228666192
1990-12-23,53.0331943603,14.1929285009,3.0344723419
1991-01-08,53.0331943603,16.1215999948,3.07588145595
1991-01-24,52.7748885757,37.5334597708,1.354856056
1991-02-09,53.0331943603,20.2623040538,4.27020209247
1991-02-25,53.0331943603,17.926844743,3.29513552021
1991-03-13,53.0331943603,8.74286310675,3.10287234084
1991-04-30,53.0331943603,11.5869700744,3.65237862275
1991-09-21,52.915672874,22.4848925961,16.9877934609
1991-10-23,53.0331943603,11.4004400736,7.49748736392
1991-11-08,53.0331943603,11.2458667497,6.95179519451
1991-11-24,53.0331943603,9.08527606075,5.7030065065
1992-01-27,53.0331943603,8.32939495121,5.88609080887
1992-02-12,53.0331943603,5.97663821375,3.42460711175
1992-02-28,53.0331943603,7.62988481642,5.42455226182
1992-03-15,53.0331943603,5.51332640009,4.28325194316
1992-04-16,53.0331943603,6.55859679875,4.85093033307
1992-05-18,53.0331943603,6.80509861041,7.32502947146
1992-06-03,52.3479474396,3.29939866642,2.47681702888
1992-06-19,51.2037870507,6.39403367767,5.72586232578
1992-09-07,53.0331943603,11.6290878563,11.2169106175
1992-09-23,53.0331943603,9.66275508657,8.87342178461
1992-11-10,53.0331943603,6.97169952443,5.84542423218
1992-12-28,53.0331943603,11.5639165854,5.88119157938
1993-01-13,53.0331943603,15.8856144041,4.7512011734
1993-03-02,53.0331943603,5.60378716504,3.00473118271
1993-03-18,53.0331943603,4.77267475997,2.42127478893
1993-04-03,53.0331943603,5.85119400162,4.52183305441
1993-05-21,53.0331943603,6.96410618509,8.04353977745
1993-10-12,53.0331943603,11.2597065096,14.4618666903
1993-10-28,52.245981622,5.76618958586,5.67106221801
1993-11-13,46.0476600653,4.73810197828,3.06136635956
1993-12-15,53.0331943603,9.61617711583,5.93350399683
1994-02-01,53.0331943603,8.81914451214,5.62103441943
1994-03-05,53.0331943603,10.253849285,5.92093675049
1994-03-21,53.0331943603,8.86315371907,6.93194395795
1994-04-22,46.384864879,7.20884990791,5.12340370413
1994-05-08,53.0331943603,6.21012640723,6.18129902983
1994-08-28,53.0331943603,12.4788390617,13.1649882285
1994-09-29,49.3779565615,8.78991676041,7.48294541301
1994-10-15,53.0331943603,12.4184548423,13.5165042166
1994-10-31,53.0331943603,8.69828334647,6.8964264497
1994-12-02,53.0331943603,7.2385533263,5.03407981341
1994-12-18,53.0331943603,5.94582294231,4.16681378227
1995-01-03,53.0331943603,6.10553300902,3.95102944218
1995-01-19,53.0331943603,6.34363718651,3.824209464
1995-02-04,53.0331943603,16.4347746908,7.88306960857
1995-04-09,52.1494972944,10.4257494034,8.46811953995
1995-04-25,53.0331943603,7.47421032651,6.23753629736
1995-11-19,49.2317496065,13.5704070482,11.6569935261
1995-12-21,53.0331943603,10.3638344076,6.49096058918
1996-02-07,53.0331943603,8.54074364593,5.96198344627
1996-02-23,53.0331943603,7.41807114078,5.07236867315
1996-03-10,53.0331943603,7.02032647174,4.93187556225
1996-05-13,53.0331943603,9.22994275304,7.71713877945
1996-09-18,53.0331943603,14.339486284,10.6167875882
1996-10-20,53.0331943603,10.9326671274,7.33164611274
1996-11-05,53.0331943603,9.83226054085,5.95063703033
1996-11-21,53.0331943603,8.98822878781,5.23968255872
1996-12-23,53.0331943603,7.78797678617,4.27627178448
1997-02-09,53.0331943603,13.3179118387,5.58274549374
1997-02-25,53.0331943603,9.21021869163,6.59125842452
1997-03-29,52.248029199,12.3038713096,6.74340993457
1997-04-30,52.5631096704,8.17016388849,5.34073134463
1997-09-21,53.0331943603,15.5281854037,14.9829488116
1997-10-07,53.0331943603,12.590930561,9.50274526534
1997-11-08,53.0331943603,7.78183292385,4.90931413177
1997-12-26,53.0331943603,9.92004415352,6.59358374474
1998-01-11,53.0331943603,8.4289138718,5.72938707975
1998-01-27,53.0331943603,10.0013537808,7.23783323172
1998-02-12,53.0331943603,14.335735466,12.4616720059
1998-03-16,53.0331943603,7.60710270862,5.85340776258
1998-04-01,53.0331943603,13.4548675858,10.9261222059
1998-04-17,53.0331943603,14.0697932998,13.6846414684
1998-05-19,53.0331943603,14.223066153,13.5719677564
1998-09-08,53.0331943603,17.2429195591,12.0404586284
1998-10-10,47.4461596374,11.486673623,9.68551944545
1998-10-26,53.0331943603,17.3980134382,10.884366446
1998-11-11,53.0331943603,12.4950277485,9.2275698525
1998-12-29,53.0331943603,12.2048090614,8.88667858772
1999-01-14,53.0331943603,11.7677490946,9.18818224332
1999-01-30,53.0331943603,8.30607135238,5.18650824038
1999-02-15,53.0331943603,13.0750521191,9.31095309838
1999-03-03,53.0331943603,9.24577964598,6.85479366617
1999-03-19,53.0331943603,12.1189120181,8.18032358515
1999-04-04,53.0331943603,14.1438395497,10.3533683489
1999-04-20,53.0331943603,8.21367568072,6.48278347011
1999-11-30,53.0331943603,15.7893953682,11.8978312667
1999-12-16,53.0331943603,14.4868393571,10.7159262563
2000-01-17,53.0331943603,19.1273107679,9.81694364109
2000-03-21,53.0331943603,12.2779249145,10.0754018767
2000-09-13,53.0331943603,19.6515161679,15.529223266
2000-09-29,53.0331943603,16.8943177097,13.7221062632
2000-10-15,53.0331943603,11.548258947,8.712279105
2000-10-31,53.0331943603,10.7093368428,7.28349173845
2000-11-16,53.0331943603,11.6968714277,8.02321633624
2000-12-02,53.0331943603,10.5929533834,8.16530896794
2000-12-18,53.0331943603,9.75287787724,7.44876804189
2001-01-03,53.0331943603,14.372454658,7.27669976892
2001-01-19,53.0331943603,8.46021429054,6.39106458754
2001-02-04,53.0331943603,23.6742527786,6.05398725444
2001-02-20,53.0331943603,13.1220374819,3.37086597008
2001-04-09,53.0331943603,9.81203036999,9.29892765328
2001-05-11,53.0331943603,12.0949401848,11.7556672379
2001-06-12,52.4031455504,12.6657167001,10.2568435508
2001-08-15,52.7881454326,29.9921257938,22.5412584003
2003-11-25,53.0331943603,10.0671447714,8.19997137122
2003-12-27,53.0331943603,9.25785175739,7.81442758771
2004-02-13,53.0331943603,8.12228744978,6.94375855103
2004-02-29,53.0331943603,17.0815057537,8.73966297709
2004-03-16,53.0331943603,8.46764523241,8.12448559294
2004-04-01,53.0331943603,9.66418865419,9.20969625212
2004-04-17,53.0331943603,6.74360107494,2.28355323624
2004-05-03,53.0331943603,7.95644177155,7.51713677333
2004-07-22,50.7556049187,13.2736591643,13.7263102179
2004-08-23,53.0289092341,12.4369746159,12.9814592546
2004-10-26,53.0331943603,10.5244179901,8.95195137366
2004-11-11,53.0331943603,8.66463900138,7.55547060254
2004-11-27,53.0331943603,9.67701182486,8.51526401226
2004-12-13,53.0331943603,6.991700223,5.16096323619
2004-12-29,53.0331943603,9.10373570242,7.82291670366
2005-01-14,53.0331943603,10.1659782112,8.37302261039
2005-02-15,53.0331943603,8.70265465951,7.05050433216
2005-03-03,53.0331943603,13.5330237132,9.60675748448
2005-04-20,53.0331943603,7.71795918796,8.13675236873
2005-05-22,50.2103012054,5.84834246758,5.49528957189
2005-09-27,53.0331943603,11.4401346778,15.0201460371
2005-10-13,53.0331943603,10.8746226395,9.94228864394
2005-11-14,53.0331943603,10.2740990428,9.10943809782
2006-02-02,53.0331943603,9.50762060427,6.15576486695
2006-02-18,52.9981865205,33.9372838774,7.39947396542
2006-03-06,53.0331943603,7.31657760423,6.0587559139
2006-05-25,48.7571260492,4.41745153241,4.96042523251
2006-10-16,53.0331943603,10.4813925031,9.04559506273
2006-11-17,53.0331943603,7.46135585114,6.56034778663
2006-12-03,53.0331943603,8.19094300999,6.87052278403
2006-12-19,53.0331943603,7.86357617936,6.5500284387
2007-01-04,53.0331943603,11.0073759886,2.75578981291
2007-01-20,53.0331943603,12.3385583732,6.4323581761
2007-02-21,53.0331943603,9.57002653511,7.47165604614
2007-03-09,53.0331943603,8.48088547334,7.38046101752
2007-03-25,53.0331943603,7.93248663498,7.00245702769
2007-04-26,52.5387809742,5.28205162531,4.9745855952
2007-05-28,49.8345412419,6.43174545961,6.2964169287
2007-10-03,49.7023138293,10.7356039353,9.60481609
2008-03-27,53.0331943603,8.79269891859,6.95928552988
2008-04-12,53.0331943603,7.07849159419,8.93567045881
2008-05-14,52.8081502859,7.19940262178,6.60315975054
2008-05-30,53.0331943603,5.96362356824,9.47563255061
2008-10-21,53.0331943603,11.9072408402,10.084757024
2008-11-22,53.0331943603,10.794495801,8.91018162276
2008-12-08,53.0331943603,12.3663606092,9.72028891082
2008-12-24,53.0331943603,10.9446378531,7.66197130662
2009-01-09,53.0331943603,9.42131722299,7.2146377087
2009-01-25,52.4305833796,20.7907330695,8.32053142986
2009-02-10,53.0331943603,10.2463134011,7.74908557008
2009-02-26,53.0331943603,9.8078526587,6.84549279918
2009-03-14,53.0331943603,8.69113662288,4.77633647963
2009-04-15,53.0331943603,8.25835708473,7.45955998341
2009-06-02,53.0331943603,8.57690022816,7.33598290763
2009-09-22,53.0206918403,14.8618938326,15.9909527656
2009-10-24,53.0331943603,11.0425207726,8.55707135082
2009-11-09,53.0331943603,10.2267586076,7.67352125323
2009-11-25,53.0331943603,11.2712007767,8.94973653582
2009-12-11,53.0331943603,10.5293088227,7.82616324497
2010-01-28,53.0331943603,9.32964582765,7.05113166356
2010-02-13,53.0331943603,10.080995755,7.1483857069
2010-04-02,53.0331943603,8.76239827563,5.54701537242
2010-11-12,53.0331943603,9.95451976751,7.33023157609
2010-12-14,53.0331943603,8.79719220977,5.30595881069
2010-12-30,53.0331943603,7.49421489225,4.71592825769
2011-01-15,53.0331943603,6.94441776636,0.191493064289
2011-01-31,53.0331943603,13.5536729791,8.45692410957
2011-03-04,53.0331943603,9.71859364891,6.55085899061
2011-03-20,53.0331943603,10.4123871533,7.17422012826
2011-04-21,53.0331943603,7.40815206122,5.99761910314
2011-05-07,53.0331943603,9.46873628362,8.97294367789
2011-08-27,53.0331943603,13.6666004784,12.8257352333
2011-09-12,53.0331943603,13.1335535801,11.6656205659
2011-09-28,53.0331943603,13.4800654055,17.6188564526
2011-11-15,53.0331943603,13.3870776848,11.5340171864