Date,Rarea,NDWI,MNDWI
1989-12-05,110.647311636,8.19354175928,7.59936224609
1989-12-21,96.5039367796,8.49065499731,7.16498061914
1990-02-16,110.647594642,7.6193281774,7.14003205679
1990-03-04,110.647594642,7.39965037466,7.01989424609
1990-12-17,110.62762446,17.6528247064,17.4156615721
1991-01-18,110.647594642,16.9455275164,16.6384695522
1991-01-25,110.647311636,16.9388509839,16.4869809285
1991-02-03,110.647594642,16.5710693574,16.1616615989
1991-02-26,108.81332773,17.3656768584,16.1174741436
1991-03-07,110.647594642,15.9095280928,15.4951286106
1991-03-14,110.647311636,15.8453712935,15.0115288369
1991-03-30,110.647311636,15.3560509302,14.7943299629
1991-05-17,110.644815234,13.6634080669,9.79883591162
1991-11-09,110.435117984,16.6592389946,16.6567456135
1991-12-11,110.360205926,16.1349618723,16.1224897668
1992-01-05,110.647594642,16.1065592491,15.5991809338
1992-01-12,110.647311636,15.4833753298,15.4683961772
1992-01-21,110.635112799,15.3037309525,15.2507970605
1992-02-13,108.670123144,13.5835457493,13.4462382004
1992-02-22,105.304482813,14.5964351616,14.3867406128
1992-02-29,96.7716879635,0.709008832764,0.0723990754395
1992-03-09,110.640105358,13.8874626338,13.6802641675
1992-03-16,110.647311636,13.6908672761,13.4661789875
1992-04-01,110.647311636,13.1740844116,12.9094523181
1992-04-26,110.610149023,12.1699528357,10.9242593318
1992-06-04,110.647311636,10.5102971555,7.17744214355
1992-11-11,110.647311636,17.2409281741,17.2983505386
1992-11-27,110.647311636,17.2034809138,17.2084749436
1993-01-07,97.1951750703,11.543723767,11.5537110387
1993-01-23,110.647594642,16.1045578112,16.1391935752
1993-01-30,110.617353848,15.9701996262,16.0301177402
1993-02-15,110.647311636,15.5657629541,15.4234596558
1993-03-03,110.647311636,15.4409338042,15.346065366
1993-03-12,110.647594642,15.1060080846,14.8935018035
1993-03-19,110.647311636,14.7444027554,14.3624354646
1993-04-29,110.647594642,13.7626467747,10.4174927312
1993-05-06,110.647311636,13.3538349441,10.6675796196
1993-05-15,110.647594642,13.1485371228,12.8414854807
1993-05-22,110.647311636,12.4251234316,8.35329493774
1993-07-02,104.331391147,10.1483781801,10.0180328943
1993-10-29,110.647311636,17.2534087461,17.1635365203
1993-11-14,110.647311636,17.2509133987,17.1385729465
1993-11-30,110.647311636,16.8714408433,16.7665893826
1993-12-09,110.647594642,16.7588088354,16.6184999766
1993-12-16,110.647311636,16.7016770903,16.6018193284
1993-12-25,110.642601895,16.6434665046,16.6512630143
1994-01-17,110.647311636,16.1674223811,16.1824047275
1994-01-26,110.647594642,16.0568156125,15.9344908521
1994-02-02,110.647311636,15.9851750408,15.8653437029
1994-02-11,110.647594642,15.5001236218,15.3128925535
1994-02-18,110.647311636,15.4034842214,15.2287284106
1994-02-27,110.647594642,15.0807348291,14.7761736631
1994-03-06,110.647311636,14.9391289504,14.6295601355
1994-04-07,110.647311636,13.5910017981,13.0168001917
1994-05-02,110.647594642,12.841482012,11.9652555796
1994-05-09,110.28781149,11.6212397783,0.0399439067383
1994-05-18,110.647594642,12.4645261475,11.9577649873
1994-06-03,108.570245013,9.82834359766,5.04774092798
1994-06-19,104.973259588,4.98780826318,0.0
1994-09-30,110.647311636,16.7241454399,16.7141613372
1994-10-09,110.647594642,16.7488225871,16.7283404524
1994-10-16,110.647311636,16.5718593469,16.5219299026
1994-10-25,110.647594642,17.0284332409,16.5763758766
1994-11-01,110.131472706,16.4545159355,16.4370432434
1994-11-17,110.647311636,16.3646483633,16.3971042466
1994-12-03,110.647311636,15.9077840662,15.9502266575
1994-12-12,110.647594642,15.7497596433,15.6973344868
1994-12-19,110.644815006,15.7604897949,15.9052910183
1994-12-28,110.647594642,15.4480110255,15.440520185
1995-01-04,110.647311636,15.2561912175,15.3186052263
1995-01-13,110.647594642,15.2105417827,15.2957298825
1995-01-20,110.647311636,15.0489787295,15.103902998
1995-03-18,110.647594642,13.2758513894,12.9438334197
1995-04-03,110.647594642,12.6043240088,12.2897799744
1995-05-05,110.647594642,11.5583405085,11.2787471208
1995-10-19,110.647311636,17.1136005281,17.0337161216
1995-11-04,110.647311636,16.9937701194,16.9039004104
1995-12-06,110.647311636,16.4620134189,16.4445404983
1995-12-15,107.339846914,16.416293906,16.4038098806
1996-02-24,110.647311636,15.0015424529,14.739406781
1996-03-04,110.647594642,14.8715471679,14.6738232432
1996-03-11,110.647311636,14.5172159194,14.2151363779
1996-03-27,110.647311636,13.9430149558,13.6309488245
1996-04-12,110.647311636,13.3288696357,12.6597945837
1996-04-21,110.611326155,13.178491938,12.5094641323
1996-05-07,110.647594642,12.424587011,12.2049048933
1996-05-14,110.647311636,12.0731151221,11.3690890625
1996-05-23,102.821171863,6.52427324351,5.95646935278
1996-05-30,110.647311636,11.5014130833,10.2556403728
1996-06-15,105.82654961,6.85291846069,6.7605476543
1996-07-17,95.777038431,7.59183811108,8.28586069873
1996-09-12,103.920076976,17.0409017563,17.3083279406
1996-09-19,110.647311636,16.3546522742,16.349665271
1996-09-28,110.595175338,16.6889123132,16.7607985657
1996-10-14,110.545247446,16.9130782727,16.8756306086
1996-10-21,110.647311636,16.9588181326,16.883924814
1996-10-30,110.620097774,16.8881132334,16.8257020454
1996-11-06,110.647311636,16.8414817451,16.7640923953
1996-11-15,108.672789908,16.7213630703,16.6284867539
1996-12-01,109.323569468,16.4342793469,16.4437541553
1996-12-17,110.477924359,16.0568147961,16.0096962003
1997-01-02,109.449296468,15.9198272167,15.9744288193
1997-01-09,110.647311636,15.4933595598,15.5183277637
1997-01-18,110.647594642,15.190572916,15.2030536733
1997-01-25,110.647311636,15.0689501401,15.0564680693
1997-02-03,110.510290187,14.8660450603,14.7037764451
1997-02-10,110.647311636,14.5976978349,14.4647945723
1997-02-19,110.360959736,14.3393151912,14.1371035081
1997-03-23,110.640105272,12.9463311433,12.838984688
1997-06-11,110.093442867,9.53626453931,9.45638280225
1997-09-15,110.647594642,14.1346111809,14.3446184689
1997-10-17,110.645098185,13.8208876683,13.6727785259
1997-11-02,110.647594642,13.8879772785,13.9282303573
1998-01-21,110.645098167,13.8059037379,13.6306502631
1998-02-06,110.645098169,13.3940011066,13.2458938564
1998-02-22,110.647594642,13.0312059468,12.8265029077
1998-03-01,110.647311636,12.7471799399,12.5799117634
1998-03-10,110.642601733,12.549402814,12.4195916521
1998-03-26,110.645098185,12.1449900806,11.9777332512
1998-04-02,110.647311636,11.9482919524,11.6437134192
1998-04-11,110.645098183,11.5982839976,11.1189818191
1998-04-18,100.965734072,4.65844761963,0.0499306628418
1998-05-04,110.644815086,10.6276307859,9.4492729585
1998-05-13,110.647594642,10.1778353489,10.3925300225
1998-05-20,110.647311636,9.77881839966,9.0698128728
1998-05-29,103.170892926,2.26176057397,0.0174751425781
1998-06-05,103.18523505,2.67376353394,0.0149789375
1998-06-14,98.7298122137,0.0324534372559,0.0249648146973
1998-08-24,109.842549651,14.3499480869,15.1314739852
1998-09-18,102.085688144,14.2319992063,14.4370128629
1998-10-20,109.017020344,16.5091756052,16.8963286968
1998-10-27,110.647311636,16.5868349229,16.6317754163
1998-11-12,110.647311636,16.6841972288,16.8215102563
1998-11-21,110.507790514,16.6809145349,16.7233507371
1998-12-07,110.645098163,16.4143110727,16.3517042743
1998-12-14,99.1938903624,12.8021110452,12.8495487771
1998-12-23,110.305483043,16.3538897983,16.2892889606
1998-12-30,110.644815204,16.055077071,15.9801851814
1999-01-08,110.647594642,15.9769340193,15.8795703823
1999-01-24,110.647594642,15.6177664272,15.3980836693
1999-01-31,110.644815204,15.54079445,15.4384375083
1999-02-16,110.647311636,15.0664528853,14.9341362964
1999-03-04,105.394547921,12.859543595,12.3727190576
1999-03-13,110.647594642,14.2219792375,14.0247643225
1999-03-20,110.647311636,13.8556339966,13.5935009514
1999-03-29,110.647594642,13.5729226946,13.3732099812
1999-04-05,110.647311636,13.1840672061,13.1566091184
1999-04-14,110.647594642,12.6118210427,11.3161918564
1999-04-21,110.647311636,12.4825428342,12.5224885964
1999-04-30,110.647594642,12.2248792302,11.9677523159
1999-12-26,110.647594642,15.8645976353,15.8778950145
2000-02-12,109.17230147,14.1199428564,13.9498771074
2000-04-16,110.647594642,12.0451374241,10.0530195427
2000-05-09,106.543052931,6.95776768359,3.86458636084
2000-05-25,97.6704061715,0.217194441406,0.0
2000-06-03,110.278135709,10.1878303848,8.39042333691
2001-02-05,110.647311636,8.24845984351,7.96135375269
2001-05-05,110.647594642,5.75921449731,4.82307362988
2001-05-21,95.3894541187,2.40904135791,1.36554012622
2001-06-06,105.941854755,1.73998762622,1.01103856177
2007-09-11,110.647594642,7.82373806104,8.09584402661
2008-04-13,110.647311636,4.22657777124,2.67624109497
2008-04-22,110.647594642,4.33907336587,3.74462290991
2008-04-29,110.647311636,4.38884842969,1.5628101228
2008-05-08,110.640105506,4.45859289063,2.92830070679
2008-05-31,105.958872047,0.721482708252,0.0
2008-06-09,104.503931967,0.766895975316,0.524241218018
2008-07-02,110.517490207,9.63651255273,9.5716028064
2008-10-06,110.647311636,17.3258125073,17.2758828621
2008-10-22,109.478957254,16.9288798499,16.881446563
2008-10-31,110.645098163,17.5025304132,17.3777113769
2008-11-16,100.684752479,16.9360689861,16.8431931016
2008-12-02,110.647594642,18.3786298936,17.5180149069
2008-12-18,107.544586534,13.9202207853,13.8499991052
2008-12-25,110.647311636,16.6018158308,16.7341379458
2009-02-04,110.647594642,15.9919097046,15.9794265657
2009-02-11,110.647311636,15.9202660869,15.855358936
2009-02-27,110.647311636,15.2861453738,14.8842081902
2009-03-08,110.647594642,15.1057010876,14.8335920588
2009-03-15,102.460597834,11.678645937,11.4939053796
2009-03-24,110.647594642,14.6388795071,14.446653199
2009-03-31,110.647311636,14.0603547388,12.6798053525
2009-04-09,110.243192307,14.0971612915,13.9024435537
2009-04-16,110.639821759,13.7607684507,12.2054407256
2009-04-25,110.647594642,13.2858354739,10.5498009858
2009-05-02,94.9940883036,0.791382237061,0.0
2009-05-11,110.630119994,12.3796586333,1.66760288916
2009-05-18,110.63732582,12.2803271907,5.37496959985
2009-05-27,110.647594642,12.0950634792,8.9595906228
2009-06-03,98.9261481723,2.01715702954,0.731465476318
2009-06-12,110.647594642,11.6282365659,10.3800419365
2009-06-19,103.959162661,4.98054320898,0.0274617121582
2009-07-21,95.196223692,6.58825380835,6.63067932227
2009-07-30,102.091859303,2.59625262231,3.77954136401
2009-08-06,104.190093805,8.21848051025,3.71977079956
2009-08-22,110.609863164,12.0581476631,12.0256986248
2009-09-16,110.647594642,13.3806997222,13.43312202
2009-09-23,110.647311636,12.7296967617,12.5724289827
2009-10-09,110.647311636,13.805704666,13.6659017622
2009-10-18,110.647594642,13.6727766113,13.6827619849
2009-10-25,110.647311636,13.456191886,13.4936410381
2009-11-10,110.647311636,13.3039050083,13.343849719
2009-11-19,110.647594642,13.3507434133,13.3835076239
2009-11-26,110.647311636,13.0143077544,13.1466237878
2009-12-05,110.647594642,13.0365133979,13.1390584533
2010-01-22,110.647594642,12.0051894292,12.1599695298
2010-02-07,110.647594642,11.6606894766,11.4335213289
2010-02-23,110.647594642,11.4385115725,11.2388031216
2010-03-27,110.642601846,10.1478775134,9.14932667114
2010-04-03,110.647311636,9.66647421875,3.70480745972
2010-04-12,110.647594642,9.5487440105,8.95960384058
2010-04-19,101.587443727,1.81494976538,0.0
2010-05-05,98.6540303256,0.084880864502,0.0
2010-05-21,110.647311636,7.90144164771,6.74304912573
2010-05-30,101.410917131,0.1223247146,0.0
2010-06-06,95.3096704729,7.13001367822,1.76501713892
2010-06-15,110.647594642,7.22459719507,7.04486371338
2010-06-22,103.05791562,0.743953365234,0.0
2010-09-26,110.647311636,16.9463402041,17.0886435676
2010-10-12,110.647311636,17.0412068145,16.948839406
2010-10-21,110.647594642,17.2176317253,17.1552197131
2010-10-28,106.249097209,15.4259562727,15.2711721553
2010-11-29,110.647311636,17.3907201099,17.4481454231
2011-01-16,110.642318491,16.7541053171,16.6692271809
2011-02-01,110.639822333,16.5543838296,16.4769939668
2011-02-10,110.647594642,16.2914763201,15.9694415688
2011-02-17,110.480050631,16.1249841113,16.092531897
2011-03-05,110.647311636,15.8079222065,15.6606289604
2011-03-14,110.647594642,15.4501967676,15.2654636575
2011-03-21,110.647311636,15.1613209106,15.0414876697
2011-04-06,110.647311636,14.5022395964,13.6159782312
2011-04-22,110.637325689,14.0104253516,13.7407988938
2011-05-01,110.612646122,13.657796907,13.0886297336
2011-05-08,109.918324842,12.4376098936,11.6661811558
2011-06-02,110.647594642,12.31974127,10.5922324221
2011-09-29,110.647311636,16.7141625037,16.93385903
2011-10-08,110.647594642,16.5835513513,16.7533036538
2011-10-24,110.637608917,16.2066002874,16.5635810527
2011-11-09,110.452872581,16.5738793253,16.7516299059