Date,Rarea,NDWI,MNDWI
1988-03-30,38.8970569242,2.99215406476,2.70598732275
1990-01-31,38.8421638012,3.02005129858,2.83827224866
1990-01-31,34.4838985614,2.48370793951,2.33522550562
1990-02-16,38.8970569242,2.92646247479,2.78607779456
1990-02-16,38.8970569242,2.92916213684,2.78157825403
1990-03-04,38.8970569242,2.72488543793,2.59350034399
1990-03-04,38.8970569242,2.72758513208,2.59170058459
1990-03-13,38.8916575631,2.65739357245,2.49001261682
1990-12-17,38.896157023,11.7367896963,10.5238817008
1990-12-17,38.8466624673,11.7331193805,10.5247815317
1991-01-18,38.8961570395,9.21134247546,8.71623177157
1991-01-18,38.8781592213,9.19334448949,8.7167117345
1991-02-03,38.8970569242,7.13846371145,6.80049932782
1991-02-03,38.8970569242,7.14476270645,6.79959949585
1991-02-19,38.8970569242,5.83491636023,5.46596026166
1991-03-23,38.8970569242,5.10960375848,4.88373030701
1991-03-23,38.8970569242,5.10510428442,4.88283045856
1991-12-13,36.0367478564,6.20926742999,5.89790500757
1992-01-05,38.8970569242,6.18854354271,6.20537518905
1992-01-05,38.7530750298,6.15893173381,6.19097705398
1992-01-21,38.8592614704,4.07202607678,4.04772891168
1992-01-21,38.8151668368,4.05312827325,4.03243056122
1992-02-22,38.8934573334,3.07494439618,3.08934237378
1992-02-22,38.8610611245,3.06684525671,3.0857427749
1992-03-09,38.8961570199,2.35142885236,2.29833482684
1992-03-09,38.8970569242,2.35232877289,2.30373420544
1992-03-18,37.6281002036,2.32713171582,2.233542383
1992-03-25,38.6882758963,2.15165183209,2.09585821008
1992-03-25,38.3760062244,2.1588510918,2.09855793384
1992-04-10,38.8970569242,1.96447381775,1.74399935638
1992-04-10,38.5389007111,1.70890449231,1.519026271
1992-04-26,38.8970569242,1.77549549066,1.57661814197
1992-04-26,38.8970569242,1.77549545874,1.5730185484
1993-01-07,38.8970569242,7.73148999929,7.54701282827
1993-01-07,38.7845676197,7.73418975143,7.54251319473
1993-01-23,38.8970569242,7.17625861868,7.04166973218
1993-01-23,38.8961570304,7.18075797476,7.04976864478
1993-03-12,33.4767629787,3.00385543213,2.81757671014
1993-04-29,38.8970569242,2.08955889667,0.0
1993-04-29,38.8970569242,2.08415947656,0.0
1993-05-15,38.8970569242,2.30103478009,2.12735471979
1993-05-15,38.8970569242,2.29743520111,2.13275411304
1993-12-09,38.8970569242,11.9098366447,11.7079394641
1993-12-09,38.8970569242,11.9183976551,11.7132256307
1993-12-25,38.8484626291,9.90896180939,9.54075429455
1993-12-25,35.7771678591,8.41051599455,8.1081275786
1994-01-26,38.8970569242,6.54623738288,6.37345749011
1994-01-26,38.8970569242,6.54263763062,6.37777341208
1994-02-11,38.8970569242,6.2474730755,6.28166813501
1994-02-11,38.8970569242,6.23937399549,6.28706739148
1994-02-27,38.8970569242,4.52091798763,4.41832998781
1994-02-27,38.8970569242,4.52361753737,4.41578552301
1994-05-02,38.8970569242,2.50081177765,2.29923496881
1994-05-02,38.8970569242,2.50261154407,2.30373440417
1994-05-18,38.8970569242,2.25064058728,2.04006483545
1994-05-18,38.8970569242,2.24794076678,2.04366446118
1994-06-03,38.8970569242,1.9176792099,0.58313144928
1994-06-03,38.8970569242,1.91857907898,0.584031335449
1994-08-22,37.7676868758,15.5686866076,15.6484027725
1994-08-22,38.4876055489,15.7981603613,15.8634783156
1994-09-23,38.8970569242,16.1187614935,16.2522046371
1994-09-23,38.8970569242,16.1268463217,16.2585039871
1994-10-09,38.8970569242,15.8792500827,16.0663407116
1994-10-09,38.8970569242,15.8882487443,16.0807386891
1994-10-25,38.8970569242,14.3138438443,14.2819194431
1994-10-25,38.8961570387,14.3201429946,14.2864190368
1994-12-12,38.8970569242,3.97753683972,3.67787266992
1994-12-12,38.8970569242,3.97033768585,3.69677021576
1994-12-28,33.5734649626,3.44929750885,3.21442588916
1995-01-13,38.8970569242,3.37460961914,3.45469957025
1995-01-13,38.8970569242,3.38630824774,3.45199992462
1995-03-18,38.8970569242,2.66819215619,2.7104869328
1995-03-18,38.8970569242,2.66999196259,2.70688730634
1995-04-03,38.8970569242,2.38022570294,2.39642367126
1995-04-03,38.8970569242,2.38832469409,2.40272285602
1995-05-05,38.8970569242,2.03196591217,1.92667793903
1995-05-05,38.8970569242,2.03106599542,1.92757783167
1995-12-15,38.8970569242,7.39477693254,7.084314632
1995-12-15,38.8943572395,7.40557534959,7.09758681896
1996-02-01,38.8970569242,3.38090879669,3.40340536218
1996-02-01,38.8970569242,3.38900771899,3.39980564496
1996-03-04,38.8970569242,3.02455088025,3.14243597076
1996-03-04,38.8970569242,3.02275105969,3.14513567554
1996-04-21,38.8970569242,2.49942937357,2.27043824036
1996-04-21,38.8970569242,2.49313007639,2.28483646729
1996-05-07,38.8970569242,2.03466570166,1.91317948309
1996-05-07,38.8970569242,2.03016622516,1.91587912109
1996-05-23,38.8970569242,1.88708277002,1.72060181622
1996-05-23,38.8970569242,1.89428193964,1.72150165094
1996-09-12,38.8970569242,16.5683058044,16.8329823501
1996-09-12,38.8970569242,16.570105609,16.8275830512
1996-09-28,38.8970569242,15.9597988263,16.4134384732
1996-09-28,38.8970569242,15.9581117919,16.4108515617
1996-10-14,38.8970569242,16.4740842856,16.5735190756
1996-10-14,38.8970569242,16.4767839561,16.5708191568
1996-10-30,38.8970569242,16.4133590985,16.5343052805
1996-10-30,38.8970569242,16.423049405,16.5271767166
1996-11-15,38.8970569242,16.1906534415,16.2044000909
1996-11-15,38.8952571132,16.1938610622,16.2151984632
1996-12-01,38.8970569242,12.8751755822,12.594373779
1996-12-01,38.8754597836,12.8841743988,12.6105717772
1996-12-17,38.8970569242,9.72095755777,9.34771852637
1996-12-17,38.8970569242,9.73445592972,9.351317828
1997-01-02,38.8205663092,7.77544408477,6.86799197107
1997-01-02,36.5735622022,7.11801931887,6.40994709283
1997-01-18,38.8880579994,6.48373770898,6.10038454871
1997-01-18,38.8295651471,6.46753970398,6.11208315863
1997-02-03,36.7211198308,4.17011406305,4.06572633984
1997-02-03,35.6007570988,3.92624281598,3.86504993512
1997-03-23,38.8970569242,2.41982118616,2.70058854364
1997-03-23,38.8970569242,2.41802140997,2.70418805023
1997-05-26,38.8970569242,1.83218913446,1.71340260651
1997-06-11,38.8970569242,1.61891363104,1.44703330499
1997-10-01,38.8970569242,16.2719304104,16.3452866795
1997-10-01,38.8970569242,16.2799731924,16.3515858934
1997-10-17,38.8970569242,16.4047367611,16.4508382221
1997-10-17,38.8970569242,16.399337246,16.454508183
1997-11-02,38.8486854003,16.5367037798,16.5420875489
1997-11-02,38.815304931,16.5049570585,16.530081865
1998-01-21,38.8970569242,16.4076207349,16.4427398325
1998-02-06,38.8970569242,15.1964601483,15.3059887528
1998-02-06,38.8970569242,15.2121255849,15.3056815491
1998-02-22,38.8961570186,13.2958040582,13.2989411122
1998-02-22,38.8961570186,13.3075872034,13.3061402589
1998-03-10,38.8970569242,10.8959730753,10.6473068775
1998-03-10,38.8970569242,10.8932309643,10.6528192767
1998-03-26,38.8970569242,10.4451847213,10.2608341519
1998-03-26,38.8970569242,10.4622826077,10.2680332675
1998-04-11,38.8970569242,9.93252978399,9.66052636575
1998-04-11,38.8970569242,9.9307300631,9.65692677182
1998-04-27,38.3931153889,7.65719156293,0.0
1998-04-27,38.3805169024,7.64639271161,0.0
1998-05-13,38.8970569242,8.64307862795,8.13683364301
1998-05-13,38.8970569242,8.64037889187,8.12963450482
1998-05-29,37.9431709099,4.87833183142,0.0161981602173
1998-05-29,37.9377717463,4.88913070544,0.0188978498535
1998-06-14,33.2376236123,0.646123710449,0.262769880798
1998-06-14,34.3130053689,1.75479971875,1.29945381946
1998-06-30,38.105142123,9.39167308122,4.24980736886
1998-09-18,38.3000220813,16.1143825376,16.3234634072
1998-09-18,37.9999598885,16.0992533209,16.3007150059
1998-10-20,38.8970569242,16.1469205085,16.2708781111
1998-10-20,38.8970569242,16.1451771063,16.2808475254
1998-11-21,36.8069557076,13.8177774023,13.6777465957
1998-12-07,38.6099968125,11.2587400806,11.070751359
1998-12-07,37.8403744535,10.7642285937,10.5798956817
1998-12-23,38.0083403403,7.41368272405,6.47704243569
1999-01-08,34.0901073742,5.35036770321,5.15434771211
1999-01-08,33.1664551201,5.14249177438,4.84331212019
1999-01-24,37.2340310885,4.69204611114,4.65785002362
1999-01-24,37.2745272786,4.73074226978,4.70104552515
1999-03-13,38.8970569242,2.9714566189,3.02635008148
1999-03-13,38.8970569242,2.96965677325,3.02814977557
1999-03-29,38.8970569242,2.48011349854,2.77887941223
1999-03-29,38.8970569242,2.48911238739,2.77347997559
1999-04-14,38.8970569242,2.14895209106,2.4216209646
1999-04-14,38.8970569242,2.1489520354,2.4234207113
1999-04-30,38.8799589784,2.2380425462,1.77459640863
1999-04-30,38.8781591883,2.2272437168,1.76919703864
2000-02-12,36.4799480968,3.22272005784,3.20382187858
2000-04-16,38.8943572447,1.74721728109,1.83848775586
2000-04-16,38.8961570217,1.75081682644,1.84568691876
2000-06-03,38.8970569242,1.7359005097,1.62521325806
2000-06-03,38.8970569242,1.73410071979,1.6207137395
2001-04-19,38.891657559,2.1012582829,2.08146044629
2001-05-05,38.8970569242,1.83758882446,1.80519240149
2001-05-21,38.8628610006,1.57391931256,1.27065432159
2001-08-25,38.8970569242,15.4380903286,15.5433411596
2001-09-10,38.8970569242,15.5956943327,15.5165975674
2006-12-06,38.8646606178,1.97347278119,2.17234985571
2007-01-07,34.2609762363,1.30214889178,1.41103595276
2007-03-12,38.8763592987,1.42183640393,1.38044101288
2007-04-13,38.8970569242,1.12577038385,0.902595673096
2007-09-11,35.9361898049,1.6459073858,1.79259015521
2007-09-11,37.556585389,2.28933566681,2.49721129053
2008-04-22,38.8970569242,0.350959276672,0.443648361572
2008-04-22,38.8970569242,0.357258542358,0.442748454041
2008-05-08,38.8970569242,0.0629927138062,0.00809904803467
2008-05-08,38.8970569242,0.0629927122192,0.0125985166626
2008-05-24,35.8572127736,0.105287631714,0.275367832275
2008-05-24,36.1703749303,0.142183242126,0.339260259521
2008-06-09,35.1971104022,0.0,0.0
2008-06-09,38.3733133119,0.176602295318,0.160181196289
2008-06-25,38.8970569242,13.5591772225,13.4196945027
2008-06-25,38.8970569242,13.5672766578,13.4145741103
2008-10-08,38.6838276234,16.4163784041,16.5306617759
2008-10-31,38.8970569242,16.0934918661,16.1848119884
2008-10-31,38.8970569242,16.0944478714,16.1812123667
2008-11-16,37.4191255482,15.1211568215,15.2172873605
2008-11-16,38.8970569242,15.6108284083,15.7234356264
2008-12-02,38.8790592893,14.3305658222,14.0172175803
2008-12-02,37.897964587,13.7533801586,13.5145104866
2008-12-18,38.8808589326,11.5230490939,10.9630571431
2009-02-04,38.8970569242,7.7867904656,7.67610350235
2009-02-04,38.8970569242,7.77329208529,7.67520367007
2009-03-08,38.8970569242,5.407313704,5.09610599927
2009-03-08,38.8970569242,5.40371408425,5.09160646759
2009-03-24,38.8970569242,5.07900776831,4.68485409399
2009-03-24,38.8970569242,5.07720795966,4.69205322247
2009-04-09,38.8970569242,4.89092967883,4.64795855121
2009-04-09,38.8970569242,4.89002982642,4.65335781757
2009-04-25,38.2914371354,4.01713439661,3.41960408893
2009-04-25,38.8799587428,4.23580750293,3.62117932361
2009-05-27,36.9820882351,2.11205887866,0.670423323181
2009-05-27,36.4745503819,1.75120200684,0.50034316803
2009-06-12,38.2653274191,2.56470092084,1.94287158441
2009-06-12,38.3274197391,2.62769307959,2.03916031714
2009-09-16,38.8970569242,5.98110594641,6.33296333747
2009-09-16,38.8970569242,5.97930607617,6.32036459149
2009-10-02,34.5916808666,5.3696668667,5.30937445703
2009-10-02,34.643419857,5.39036436053,5.33547130469
2009-11-03,38.6441826043,8.20772584088,8.09436915789
2009-11-03,38.6281250332,8.22125216784,8.09166922997
2009-11-19,38.8970569242,8.03134896277,8.02684929389
2009-11-19,38.8970569242,8.0250494928,8.01517883428
2009-12-05,38.8394640715,7.68729763251,7.94588723162
2009-12-05,38.8358645361,7.68099825989,7.94048776971
2010-01-22,38.8970569242,2.52945158022,4.74589183162
2010-01-22,38.8970569242,2.53575057741,4.74746555136
2010-02-07,38.8970569242,2.20564451117,4.45072683522
2010-02-07,38.8970569242,2.2047446734,4.42822951003
2010-03-27,38.8952571365,1.8240893288,3.4529002746
2010-03-27,38.8961570274,1.82588914722,3.45829954736
2010-04-12,38.8970569242,1.55142094611,3.24322487476
2010-04-12,38.8970569242,1.55052108478,3.244124789
2010-04-28,37.3141451632,0.268170289612,0.807208555054
2010-04-28,38.2617366511,1.0420802547,1.60271489563
2010-05-30,38.8970569242,0.0467945600586,0.0
2010-05-30,38.8970569242,0.0467945595703,0.0
2010-06-15,38.8970569242,0.34736052124,2.21554481018
2010-06-15,38.8970569242,0.341061235168,2.22454375232
2010-10-21,38.8957124112,2.33972963684,3.02365099835
2010-10-21,38.8970569242,2.32713107281,3.0200513551
2011-02-10,38.8970569242,1.31744814819,1.91767907043
2011-02-10,38.8961570358,1.32104768964,1.91317952777
2011-02-26,38.8970569242,1.37414165424,1.87988340234
2011-02-26,38.8835585263,1.36604253601,1.87088438135
2011-03-14,38.8970569242,1.2166598653,1.64411071753
2011-03-14,38.8970569242,1.2193595871,1.64231084613
2011-05-01,38.8772592659,0.565134974182,0.46884630835
2011-05-01,38.875459482,0.559735594055,0.482344728394
2011-05-17,38.8970569242,0.512040587952,0.13498416333
2011-05-17,38.8970569242,0.511140717773,0.134084253174
2011-10-08,38.8970569242,15.5364601845,15.7117896043
2011-10-08,38.8970569242,15.540832445,15.7171884829
2011-10-24,38.868627639,15.044609773,15.4032201822
2011-10-24,38.8655610035,15.0491090314,15.395135234
2011-11-09,37.1043535905,11.599039556,11.4066347643
2011-11-09,38.0903707015,11.9049993134,11.6999961647