Date,Rarea,NDWI,MNDWI
1988-01-21,36.676805671,5.22046363962,5.40398811636
1988-02-06,36.676805671,5.06033184952,5.184732644
1988-10-03,35.6184288511,5.20673403868,5.60980345589
1988-10-19,36.676805671,5.23640241139,5.52882143835
1988-11-04,36.676805671,5.08100825781,5.27442688232
1988-11-20,36.676805671,4.93706964551,5.08010984796
1988-12-22,36.676805671,4.57902242889,4.61320906482
1989-02-24,36.676805671,3.46440099994,3.38703450287
1989-03-12,36.676805671,3.19271737744,3.18642057227
1989-05-15,36.676805671,1.94765187433,1.81630913794
1989-05-31,34.8577974345,0.067470404541,0.0
1989-11-23,36.676805671,5.73419319316,5.93307258083
1989-12-09,36.676805671,5.56720276008,5.86332557577
1990-01-10,36.676805671,5.4859718237,5.69314464727
1990-01-26,36.676805671,5.36208140404,5.52543707065
1990-02-11,36.676805671,5.12908061235,5.30501643799
1990-03-15,36.676805671,5.08769652581,5.15569208102
1990-04-16,36.676805671,4.5925168551,4.49625885071
1990-05-02,36.676805671,4.4296865929,4.31903445074
1990-06-03,36.676805671,3.87732341309,2.82837445239
1991-01-29,36.676805671,5.02381232143,5.18176945746
1991-02-14,36.676805671,4.79081224434,4.94517022955
1991-03-18,36.676805671,4.55383557666,4.57182907526
1991-05-05,36.676805671,3.98617915051,3.77566949237
1991-05-21,36.676805671,3.77207052039,3.10995255029
1991-09-26,36.0170440642,5.1409366409,5.95413139807
1991-10-12,36.676805671,5.15043069873,5.82674585262
1991-10-28,36.676805671,5.03551660919,5.86479487158
1991-11-13,36.676805671,5.52182900969,6.01209317682
1991-11-29,36.676805671,5.51391663623,5.87485101943
1991-12-15,36.676805671,6.00063808733,6.11055073671
1991-12-31,36.676805671,5.90168010088,5.95941495894
1992-01-16,36.6750064452,5.31063143742,5.5779779963
1992-02-01,36.676805671,4.99104807404,5.34909666339
1992-02-17,36.676805671,4.83721364435,5.05222321667
1992-03-04,36.676805671,4.56283175372,4.81472475446
1992-03-20,36.676805671,4.02216319,4.11842297168
1992-04-21,36.676805671,3.74958047015,3.72619083533
1992-06-08,33.2168999216,0.224902367981,0.0
1992-09-28,36.676805671,4.96512323221,5.9060986337
1992-12-01,36.676805671,4.79043236792,5.20785605469
1992-12-17,36.6759060346,4.63749862506,4.9847515658
1993-01-02,36.676805671,4.54753645923,4.79853030902
1993-01-18,36.676805671,4.42248967242,4.62400412115
1993-02-03,36.676805671,4.27855177222,4.44857939807
1993-02-19,36.676805671,3.93130165118,3.54986651794
1993-03-07,36.676805671,3.89261833734,3.94209720239
1993-04-24,36.676805671,3.48239408466,3.25029429535
1993-05-26,36.676805671,3.24849444397,3.07396946832
1993-06-11,36.676805671,3.03798271143,1.68406401416
1993-10-01,36.6707129872,5.65438236125,6.54981632937
1993-10-17,36.676805671,5.28388092276,6.02757179429
1993-11-18,36.676805671,5.20380189117,5.68909410717
1993-12-20,36.6723075135,5.13880624602,5.60790509455
1994-02-06,36.676805671,4.9795153532,5.31526315104
1994-02-22,36.676805671,4.7223657972,5.13356908046
1994-04-27,36.676805671,4.10080578402,3.26918183307
1994-10-04,36.676805671,5.19870034345,5.8414770216
1994-10-20,36.676805671,5.40161502404,6.09485561947
1994-11-05,36.676805671,5.51657374042,6.05991670181
1994-12-23,36.6686950777,5.20807638725,5.59350993531
1995-03-13,36.676805671,4.4775868593,4.7071493033
1995-03-29,36.676805671,4.24678117909,4.33740682424
1995-04-14,36.676805671,3.88490000124,3.93040385791
1995-11-08,36.676805671,5.253729082,5.61267799405
1996-01-27,36.676805671,4.60902796105,5.0294615474
1996-09-07,32.9642388269,4.80566252603,5.79179674578
1996-10-09,36.676805671,4.84719980024,5.38307703908
1996-10-25,36.3916309803,4.9745856453,5.95378954108
1996-11-10,36.676805671,5.0153594156,5.43226582734
1996-12-12,36.6648742402,4.91457784512,5.39496120055
1998-02-01,36.676805671,4.78956924289,5.15091115775
1999-12-21,36.6750063978,4.73467190262,5.37428326614
2000-03-10,36.676805671,3.99067626721,4.00776898608
2001-10-23,36.2926724622,4.63949045549,5.41579551379
2003-11-14,36.676805671,4.80088454642,5.47386826258
2003-11-30,36.6759060284,4.87334551236,5.43404512926
2004-02-02,36.676805671,4.30885277589,4.78746495017
2004-02-18,36.676805671,4.24048333021,4.42040785749
2004-03-05,34.0512902167,3.15441351833,1.11948970259
2004-03-21,36.676805671,3.74365960384,3.73788546716
2004-04-22,36.6759060517,3.10545543652,2.62326250781
2004-05-24,32.4351342433,0.0,0.0
2004-06-25,32.3262931763,0.0156705716744,0.0215912578735
2004-09-29,36.676805671,4.17788948053,4.70920824863
2004-10-15,36.676805671,4.00094925148,4.4264788731
2004-11-16,36.6750063978,4.03783206539,4.41839455671
2004-12-02,36.676805671,3.98819501854,4.29985718605
2004-12-18,36.515310318,4.052729812,4.33610918078
2005-02-04,36.676805671,3.67219315429,3.71899085895
2005-02-20,36.524294711,3.51605510189,3.5529396332
2005-03-24,34.3608285978,3.12472346236,3.1553104897
2005-04-09,36.6435200778,2.86743392318,2.82117660748
2005-05-11,36.5688520335,2.31919210382,2.11677912646
2005-10-18,36.6595264103,4.02362157706,4.45633329482
2005-11-03,36.676805671,4.23688684132,4.74360784111
2005-11-19,36.676805671,4.28411586088,4.50803553468
2006-02-07,35.6270019153,3.4949858421,3.55256145288
2006-02-23,36.676805671,3.33613363918,3.35464817993
2006-04-12,36.676805671,2.68713412488,1.49694714679
2006-04-28,36.676805671,2.63675576154,2.48832008832
2006-05-14,35.763702471,1.52483773779,0.444404897705
2006-05-30,34.4034931087,0.250091756531,0.0
2006-06-15,36.3889318132,1.66607206146,0.259085109375
2006-10-05,36.676805671,4.16626202006,5.11953513865
2006-10-21,36.676805671,4.43363167673,5.51674534447
2006-11-06,36.676805671,4.65052447083,5.95236988702
2006-12-08,36.6516164714,4.82487122337,5.83074314538
2006-12-24,36.6750064173,4.31843836476,5.43054810907
2007-01-25,36.2845782334,4.03767414555,4.88257570089
2007-02-26,35.2668807331,3.87933665898,4.41500619032
2007-03-30,36.676805671,3.98459475926,4.2062963935
2007-04-15,32.908526342,3.56553128457,3.62130776503
2007-05-01,36.676805671,3.68338356795,3.78916144122
2007-06-02,36.676805671,3.08206442877,2.21933806122
2007-08-05,36.676805671,3.30804062467,4.30230987884
2007-09-22,34.5923900393,4.08266441574,5.08366733269
2008-02-29,36.676805671,4.01197949824,4.54881680214
2008-04-01,32.4446028165,3.2799814787,3.42122283484
2008-04-17,36.676805671,3.18034166814,3.04849552925
2008-05-03,35.1024848488,1.58368967434,0.0890609206543
2008-05-19,36.6597131403,2.48353614765,0.926595855225
2008-06-04,33.1908017611,0.932370608967,0.908603352722
2008-10-10,36.676805671,3.82372118588,4.33560268771
2008-11-11,36.676805671,4.01338354973,4.62266257581
2008-12-13,36.6723076022,3.94329876448,4.45459079609
2008-12-29,36.6750064321,3.76818406422,4.26657064204
2009-01-30,36.676805671,3.23080369106,3.63872415312
2009-02-15,36.676805671,2.55460371131,3.03746088228
2009-03-03,36.676805671,2.43366081956,2.69290927486
2009-03-19,36.676805671,2.37045198492,2.48779739211
2009-04-04,36.676805671,2.11715637465,1.89277603333
2009-04-20,36.5184739606,1.39619021472,0.855525547852
2009-05-06,36.6660103879,1.45916327258,0.59373966687
2009-05-22,36.676805671,1.49334848895,1.384495867
2009-06-07,35.30400343,0.180820485107,0.00359840423584
2009-06-23,36.645319438,1.0903233562,0.345448330017
2009-10-13,36.676805671,4.18157594069,4.8439656724
2009-10-29,36.676805671,4.32326671348,5.11711393736
2009-11-30,36.676805671,4.2464723954,4.86845815026
2009-12-16,36.608562457,4.33913282546,4.86632318755
2010-02-02,36.6624118698,4.02706357346,4.42230671427
2010-02-18,36.676805671,3.9250126765,4.21379000072
2010-04-07,36.676805671,3.40770915441,3.13424417365
2010-04-23,36.676805671,3.05635376235,1.55452206274
2010-05-09,36.6750064496,3.06175202895,1.28823989948
2010-05-25,36.676805671,2.71412245197,0.721485392761
2010-06-10,36.6732072008,2.65204944373,2.79508858643
2010-11-01,36.676805671,3.58982170431,4.45165355935
2010-11-17,36.676805671,3.71921000883,4.85788586438
2010-12-03,36.676805671,3.91332810579,4.65816967119
2010-12-19,36.676805671,3.87984433121,4.30554784245
2011-01-20,36.6597129174,3.94239827883,4.31205654521
2011-02-05,36.6570137882,3.91994993847,4.31014449586
2011-02-21,36.6759060369,3.78032744532,4.15784582644
2011-03-25,36.6615122735,3.42543229463,3.67798895253
2011-05-12,36.676805671,2.49191738605,0.910404195251
2011-05-28,36.4716933242,2.31776970101,2.49821611963
2011-10-19,36.676805671,4.02781812868,5.27441605854
2011-11-04,36.676805671,4.36021479082,5.54889132379