Date,Rarea,NDWI,MNDWI
1988-03-30,214.145735609,4.63706098847,2.79900921627
1990-02-16,211.931192911,3.70828932696,3.34869362579
1990-03-04,214.245628472,4.12734077232,3.45856334942
1990-12-17,214.245628472,7.39592421145,6.60848860049
1991-01-18,214.225650381,6.10411339267,5.77741645251
1991-02-03,214.245628472,4.99428614483,4.79482441918
1991-02-19,214.245628472,4.69464246514,4.5747675169
1991-03-07,210.963633203,3.99746851548,3.49849359551
1991-03-23,214.245628472,4.28715730747,3.66785083189
1992-01-05,214.205673404,4.54806860098,4.71710397344
1992-01-21,214.135751035,3.72777698032,4.49720736405
1992-02-22,213.876058347,2.71331071818,3.66831766582
1992-03-09,214.235639811,2.44361856681,3.15877896841
1992-03-25,210.639769867,2.0850067254,1.77535957501
1992-04-26,214.245628472,2.31329209518,0.464296818015
1993-01-07,206.742308015,48.1238792459,47.5140968006
1993-01-23,214.235639784,42.4066298514,41.4867148457
1993-02-24,214.245628472,7.73765911271,6.3053465125
1993-03-12,214.245628472,5.72959837955,4.23766868438
1993-04-29,214.245628472,3.22274758634,2.18972749166
1993-05-15,214.245628472,2.9425956108,2.36951689303
1993-12-09,214.245628472,14.4994351577,12.7413917612
1993-12-25,189.554666997,5.68754842403,4.06259337764
1994-01-26,214.245628472,5.97501337195,5.98500451453
1994-02-11,214.245628472,4.68585555089,5.06401451883
1994-02-27,214.245628472,3.92595004712,4.27554962916
1994-03-31,214.245628472,3.1089338211,3.0889570418
1994-05-18,199.545594347,2.07275995214,1.14354042055
1994-09-23,214.245628472,61.7066217003,60.3215954488
1994-10-09,214.245628472,58.5653026184,56.8259236285
1994-10-25,214.245628472,56.276916945,55.0077744569
1994-12-12,214.245628472,6.07539011409,5.25583578211
1995-01-13,214.245628472,4.25495380496,5.65384249889
1995-03-18,214.245628472,3.51193024752,3.91739913362
1995-04-03,214.245628472,3.07242807565,2.80900204635
1995-05-05,214.245628472,2.70300243619,2.0440576215
1995-12-15,213.9459622,9.04142787269,5.477735638
1996-02-01,214.235639881,3.64781953013,4.5066991346
1996-03-04,214.245628472,2.80879054771,3.84746085042
1996-04-05,213.814176181,2.66272585395,2.62339666855
1996-04-21,214.245628472,2.55286358832,2.12380879629
1996-05-07,214.245628472,2.01361946139,1.37062231685
1996-05-23,214.245628472,1.89422575236,1.29071054928
1996-09-12,189.734907445,63.2721807454,62.799216998
1996-09-28,212.507580232,58.6893435409,57.3120995045
1996-10-14,214.245628472,58.7595818636,57.1480767616
1996-10-30,214.155727551,58.9393898002,58.0918492132
1996-11-15,214.23563977,56.9913666772,56.0378733856
1996-12-01,213.326639648,55.1135896656,54.5325073937
1996-12-17,214.245628472,52.0471676721,52.1164786039
1997-01-02,214.135752176,6.53610988077,5.83518413367
1997-01-18,213.196807156,6.07413960165,5.16516336826
1997-02-03,212.787276178,3.85586042796,3.68605823558
1997-02-19,205.686141428,3.0741119364,3.76721530613
1997-03-23,214.245628472,2.24943292368,2.88903409549
1997-05-26,214.245628472,2.07387772793,1.37063308443
1997-10-01,214.245628472,57.4224141645,56.5877342118
1997-10-17,214.245628472,56.1483585123,55.1277687349
1997-11-02,207.532279581,57.4309408747,56.7537301439
1997-11-18,201.596488896,56.9622606395,55.3262740288
1998-02-06,214.245628472,5.01801370704,5.18735592583
1998-02-22,214.245628472,3.75865264963,4.30615357822
1998-03-10,214.245628472,3.76678056455,4.03647220126
1998-03-26,214.245628472,3.36646084593,3.72604833617
1998-04-11,214.245628472,2.75698817094,3.08677489476
1998-04-27,214.245628472,1.82415944277,0.539402642578
1998-05-13,214.245628472,2.26460502795,2.26972887381
1998-05-29,214.245628472,1.70429562343,1.07081237055
1998-06-14,213.286694733,1.50451557558,1.10077401215
1998-09-18,205.781705194,60.9285419584,60.7682769591
1998-10-20,205.726464477,54.7861300367,54.2542111907
1998-12-07,214.245628472,5.71278277876,4.47818689942
1998-12-23,201.118960443,4.62271028864,2.19500079943
1999-03-13,214.245628472,1.96368826332,2.83255712641
1999-03-29,214.245628472,2.20374510683,2.50339906777
1999-04-14,214.245628472,1.56398756782,1.52031375434
1999-04-30,214.245628472,1.424610725,1.00089404828
2000-02-12,199.865261076,48.036772499,48.2066081474
2000-04-16,214.245628472,2.2738042164,1.66015244574
2000-06-03,214.245628472,1.74006476215,0.906180932414
2001-04-19,214.245628472,26.9047669635,23.8308748406
2001-09-10,214.245628472,134.305496574,134.41174315
2008-04-22,214.245628472,48.8352018718,47.522965402
2008-05-08,214.035878022,46.6526224663,44.3789710761
2008-06-09,206.621086979,41.8252241964,40.3528466221
2008-10-31,214.245628472,140.603510176,140.269780973
2008-11-16,214.245628472,134.03297766,133.478128112
2008-12-02,210.629624946,127.763882911,122.818304044
2009-01-03,214.015877518,116.005854137,114.314190963
2009-02-04,214.235640326,94.6954859245,93.4428188959
2009-03-08,214.245628472,81.3823210921,79.9751965463
2009-03-24,214.235639784,57.1073199167,53.7217298879
2009-04-09,214.245628472,54.0346550383,50.5591635115
2009-04-25,214.245628472,48.6358706177,46.3529910064
2009-05-27,214.245628472,41.1726889296,38.2605216412
2009-09-16,214.245628472,144.055030945,144.361988871
2009-10-18,214.235639784,144.512289326,144.009759175
2009-11-03,214.175706939,143.817793246,143.160527826
2009-11-19,214.245628472,145.75373319,145.379769224
2009-12-05,214.225651722,143.490127324,143.147547501
2010-02-07,183.629974931,101.905108112,101.180139406
2010-02-23,209.814030084,111.880031574,111.144778598
2010-03-27,214.185695567,94.589577546,92.9175345835
2010-04-12,214.245628472,92.6266283298,91.1557771348
2010-04-28,214.245628472,91.6542424735,88.9923984982
2010-05-30,187.992537169,67.6972523677,62.9625865846
2010-10-21,214.245628472,140.092710666,139.499731753
2011-01-09,212.527642633,123.807039982,123.199151145
2011-01-25,191.386297634,102.19242051,101.344988332
2011-02-10,214.245628472,94.8917431814,93.5880316239
2011-03-14,214.225650589,60.8444478721,59.5159375831
2011-05-01,204.86053733,39.7357166063,38.6555379384
2011-05-17,214.245628472,38.3103935856,36.0229896959
2011-06-02,213.766193192,36.3747451842,34.4347300172
2011-07-04,213.916003483,135.192063215,134.489430795
2011-10-08,214.245628472,146.71806411,146.991039104
2011-10-24,214.045856184,146.708061505,147.020996119
2011-11-09,214.235639881,145.817362611,145.757401255