Date,Rarea,NDWI,MNDWI
1987-12-06,204.851024235,46.2230218989,43.5271807078
1988-02-08,204.871027907,28.4796200973,24.2747278135
1988-04-28,204.871027907,17.2220093634,15.1330665742
1988-05-30,202.300423492,13.6927353506,4.37083694629
1988-07-17,186.394827611,16.2479060955,15.185848718
1988-09-19,198.407352657,36.0984092804,43.9371823725
1989-01-25,204.841022068,18.6575627964,16.5811396156
1989-02-10,204.81101608,18.0474643472,16.0632506982
1989-03-14,204.81101461,16.5266124947,15.353122041
1989-03-30,204.871027907,15.8064935718,15.1230844258
1989-04-15,204.871027907,14.8816596468,14.3729433057
1989-05-01,204.580969953,14.8716553196,13.4627682451
1989-06-02,195.729077396,7.75151627148,5.61109080176
1989-11-09,204.871027907,37.8541408594,35.7945880902
1989-12-11,204.140928747,35.7069882991,32.6277190857
1990-01-12,204.110924932,34.3575646536,30.6383230113
1990-01-28,204.871027907,28.9389508678,26.3328910179
1990-03-17,183.332729949,19.3306768604,16.8204412339
1990-04-18,202.080527496,15.8108538747,13.7128157002
1990-05-20,198.739744197,11.4722938975,9.96198711621
1991-01-15,204.871027907,32.9305233334,29.6326414458
1991-01-31,204.851025189,31.0693005426,26.5751313496
1991-03-20,204.871027907,17.1914068285,15.7131728711
1991-05-07,204.871027907,16.131098096,14.532957585
1992-02-03,204.851024485,17.6768007189,16.6233386885
1992-03-06,204.871027907,16.191091224,15.3331082178
1992-03-22,204.83102024,15.5309742943,14.6829861553
1992-04-07,204.841022415,14.3929759053,14.2128997646
1992-04-23,204.662227962,0.0,204.662227962
1992-05-09,198.879827003,10.0520836201,9.22190029395
1992-06-10,198.719742103,8.11165238184,6.56132031348
1992-09-14,204.871027907,30.1790403507,29.938642097
1992-10-16,204.871027907,30.073562721,29.2334005453
1992-11-01,204.871027907,29.9789881242,29.0233521644
1992-11-17,202.151466976,29.9489758205,28.5732655951
1992-12-03,204.871027907,29.8341012415,28.5732688675
1992-12-19,202.850732181,27.4993768908,26.2628968841
1993-01-04,201.930575057,23.389637915,22.4644502578
1993-01-20,204.821019757,19.1578877794,18.5436991572
1993-02-05,204.300932092,18.6415543294,17.9435898418
1993-04-10,204.871027907,17.2634925254,16.1832674785
1993-04-26,204.560967367,16.2333044131,15.2631020342
1993-05-12,204.871027907,15.4231527764,12.302523085
1993-10-03,204.730988738,44.9317512878,44.7240506308
1994-02-24,204.871027907,38.1795619181,36.0567020439
1994-03-12,204.871027907,35.8113824246,33.0862115313
1994-03-28,204.871027907,34.2311064344,31.7559867803
1994-04-13,204.871027907,30.3604779998,28.495439207
1994-05-15,204.861025634,17.8536460498,15.7431460898
1994-09-20,204.871027907,47.2135963191,47.9498223326
1994-11-07,202.496890164,47.8511837871,47.326007648
1994-12-09,204.871027907,45.7186394889,44.180175307
1994-12-25,204.861026646,45.1595704892,43.5430934838
1995-01-26,204.851025304,44.4835476554,42.2852333282
1995-02-11,204.751010278,44.0435035168,41.0772516765
1995-03-15,204.871027907,39.2597423888,36.926845583
1995-03-31,204.871027907,37.0778488539,34.1863725449
1995-05-02,183.387001564,18.4644036059,15.0027614404
1995-06-03,194.4192924,20.1740716221,17.3735272031
1995-10-25,204.871027907,35.5167586764,35.1654328182
1995-11-26,204.691002223,37.0265575757,35.7018042309
1995-12-12,204.871027907,36.8720228911,35.2889090251
1996-03-17,197.950474825,15.6241425219,15.5331397881
1996-04-02,204.871027907,14.7718013718,14.9908437913
1996-04-18,204.861025381,15.2709459622,14.8130107871
1996-05-04,204.871027907,15.1609179593,14.2629099648
1996-09-09,204.871027907,49.1595558391,55.6674559433
1996-10-11,204.871027907,45.5023828216,45.4297030941
1996-11-12,204.871027907,42.8963605286,41.9935642575
1996-11-28,204.86102663,41.0337144135,39.7297861851
1996-12-14,202.052063286,37.2920782219,35.5982000378
1996-12-30,202.820748478,33.7669527287,31.7275645857
1997-02-16,204.690991253,22.2132299422,20.0539721982
1997-03-04,204.75100119,17.7260228341,16.1532500713
1997-04-21,204.470965414,15.3431369092,14.1128781289
1997-05-07,195.305723359,14.3829708437,13.6728125576
1997-05-23,188.867655438,2.26039520117,1.95033393848
1997-06-08,204.871027907,14.2829350801,13.2527099434
1997-07-26,204.871027907,31.4920636891,37.4705433964
1997-08-27,199.56983388,47.147321084,50.1452997681
1997-09-28,204.871027907,50.927772775,51.7182037735
1997-10-14,204.871027907,48.2273404964,48.1993795108
1997-11-15,204.871027907,44.7801757706,43.8953502355
1997-12-17,204.811018523,41.8145491248,40.6488885921
1998-01-18,204.871027907,37.6507306309,33.9551469641
1998-02-03,204.861026524,32.3916822701,30.1116549212
1998-02-19,204.871027907,27.6367108094,25.3549073887
1998-03-23,190.786733916,20.2940521387,18.6719943137
1998-04-24,185.176934498,2.10037097266,1.24019940918
1998-06-11,187.55739912,1.94032366406,1.6402740332
1998-12-04,204.751009549,24.1826612392,23.4332862422
1999-02-06,204.841022673,17.6914715859,16.6633452852
1999-02-22,204.831020876,16.8921625291,16.0732399844
1999-03-10,204.841022045,16.3057895763,15.683175082
1999-03-26,189.367950568,5.59119480957,4.98104986328
1999-04-27,204.871027907,14.6530011621,13.5927770078
1999-05-13,204.871027907,14.6530027715,13.5227672871
1999-05-29,183.574734614,12.3125003262,11.6823669639
1999-11-05,191.75410127,49.9615642476,51.111441896
1999-11-21,178.942913554,37.5337871729,37.216408571
1999-12-07,204.810392682,47.9875461361,46.9938237719
1999-12-23,204.871027907,46.5341772401,45.0827120044
2000-01-08,204.871027907,41.6752316453,39.4609876703
2000-01-24,203.220807694,37.9949570566,35.6166521094
2000-02-09,181.717473932,34.5124177685,31.8360462158
2000-03-03,175.652230908,26.2882497365,23.684522125
2000-03-28,204.861025522,19.3719710688,17.7435316338
2000-04-29,187.897515582,1.17020417285,1.07017018848
2000-10-22,204.871027907,36.1864401815,35.4563145594
2000-11-07,204.871027907,34.9171695715,33.8663408223
2000-11-23,204.691002644,34.9216972671,33.4662837285
2000-12-09,203.590852876,32.152202504,30.9058826279
2000-12-25,203.660851252,31.1247058084,29.6356770381
2001-01-10,198.199914904,26.1192735299,24.5647740654
2001-01-26,204.450963526,24.3311244074,22.5944345088
2001-05-18,204.871027907,15.3131334648,14.5629671514
2003-11-16,204.871027907,29.4253141659,28.6561126716
2003-12-18,204.76100631,20.9459596581,21.1366444078
2004-02-04,204.861026165,16.3638733723,16.0710360433
2004-02-20,204.831021008,15.944627536,15.7231718682
2004-03-07,204.871027907,15.2218694041,14.7930014521
2004-05-10,204.751003536,14.532977501,12.5925708018
2004-06-27,192.388212583,14.5225615273,14.0724813828
2004-07-13,204.71151246,18.9438034189,17.7535778896
2004-10-17,204.871027907,43.3866405118,43.9157498994
2004-11-02,204.871027907,42.858863256,43.2540729344
2004-11-18,204.871027907,41.7751382634,41.6129372315
2004-12-04,204.3309563,37.5477072743,36.0919949972
2005-01-05,202.430680382,29.4890553837,27.6831403704
2005-03-10,186.726916252,14.2107636361,13.2805667855
2005-03-26,204.570977405,16.5811697533,15.0230548018
2005-04-27,204.781006958,15.0130766748,11.92238046
2005-05-29,204.580963952,14.8830412041,13.242688126
2005-06-14,188.997780552,1.30026184082,0.230037845703
2005-09-02,200.916605072,21.6842687666,22.010882927
2005-11-05,204.861026443,23.3945813105,23.3323659652
2005-11-21,197.466202678,20.3439645928,20.0517062943
2006-02-09,202.430465274,16.9934574521,16.4333268008
2006-02-25,204.871027907,16.8134131377,16.1132566426
2006-03-13,203.086715846,17.2034749687,16.8433837988
2006-04-14,204.77101088,14.9430751924,12.6125764756
2006-04-30,204.871027907,15.1331074717,14.5229658496
2006-06-17,191.368065443,18.4031510537,16.7389191759
2006-10-07,204.871027907,48.5453015029,49.6698666046
2006-11-08,204.630995332,46.9592936969,47.4253289844
2006-12-10,203.870872818,44.7329727304,43.1200896888
2006-12-26,202.143492217,39.2033294314,37.084719265
2007-01-27,201.16047479,33.4523697713,31.3459626367
2007-02-28,204.871027907,30.994607629,29.0655410254
2007-03-16,204.871027907,28.7078175453,26.6851208145
2007-04-01,204.871027907,26.3828982279,24.3347133447
2007-04-17,204.871027907,25.7149865137,23.9646553848
2007-05-03,197.359623847,23.0145543242,21.8343227979
2007-05-19,204.871027907,23.774642998,23.1745215313
2008-01-14,204.610992731,42.2806800252,39.6807205977
2008-03-02,204.871027907,31.0174370525,28.9455251689
2008-03-18,204.871027907,25.858732974,23.5245753096
2008-04-19,204.871027907,19.0675333509,17.5134864248
2008-05-05,186.827320986,1.80031874512,0.730118240234
2008-10-12,200.465705165,44.5377398044,45.4384257858
2008-10-28,204.871027907,42.8260894269,42.9511171095
2008-11-13,204.82102147,40.3411549545,39.7388601599
2008-11-29,204.671000026,37.5031827314,36.0080972332
2008-12-15,204.290945022,34.9829474501,32.8277405075
2008-12-31,200.730393629,28.7927032768,26.5066816169
2009-01-16,200.660343466,24.2930091672,21.7058258425
2009-02-01,204.851023739,22.225897529,20.5640538574
2009-02-17,204.861026204,20.8456682898,19.9517543646
2009-03-05,204.761010359,18.6752945944,17.673525665
2009-04-06,204.861026339,16.8934580059,16.9133929658
2009-04-22,187.157366564,1.62028622461,1.16018847852
2009-05-08,204.721000017,16.2733162402,14.8029992344
2009-05-24,178.67847798,0.890463838687,0.450076790039
2009-06-09,204.690992623,16.1332572832,15.0830055752
2009-06-25,182.906559649,0.640112700195,0.730125292969
2009-09-29,191.627284515,43.4881525431,44.0541536223
2009-10-15,204.530981286,43.853112924,44.1470489323
2009-12-02,204.771012306,40.2827091495,39.0524909698
2010-02-04,204.781014697,33.5281699354,31.7960194697
2010-02-20,204.871027907,30.0772850974,28.65548725
2010-04-25,204.871027907,15.7832200029,15.2230753174
2010-05-11,204.540955269,14.9030361562,8.8417269248
2010-06-12,204.871027907,15.4331546631,15.1230763271
2010-10-02,189.981773242,18.6237089619,20.0317406199
2010-11-19,204.871027907,21.4742499961,20.8141257285
2010-12-21,204.841022485,20.9251007123,20.0239819063
2011-01-06,197.528790674,19.1538348838,18.8837722451
2011-01-22,201.795021826,19.8249147114,19.103827667
2011-02-07,204.871027907,20.2640484219,19.5238952012
2011-03-27,204.871027907,18.5237411123,17.6135465
2011-04-12,204.871027907,17.8036108486,16.1832632949
2011-05-14,204.871027907,16.4533573086,13.2526698447
2011-11-06,203.270785004,39.2747332312,39.2547511863