Date,Rarea,NDWI,MNDWI
1988-01-21,52.7395819874,0.295209457815,0.11994094873
1988-02-06,52.7395819874,0.237384614014,0.0999507414551
1988-05-28,52.1881577843,0.0199902565918,0.0
1988-07-15,51.1728554447,2.68092149441,8.40695300102
1988-10-19,52.7395819874,0.325193701712,0.16242009668
1988-12-06,52.7395819874,0.267722557425,0.112444594238
1988-12-22,52.7395819874,0.295209589163,0.139931043945
1989-01-23,52.7395819874,0.237737165335,0.107447171875
1989-02-17,52.7395049751,0.199421138428,0.0847544162598
1989-02-24,52.7395819874,0.187408745117,0.0874569509277
1989-03-12,52.7395819874,0.204900473145,0.0774619584961
1989-05-08,52.7386154368,0.0922322763672,0.0348988808594
1989-05-15,52.7395819874,0.0799613710938,0.0374816772461
1989-05-24,52.4480014021,0.0448694455566,0.0224351130371
1989-05-31,52.7395819874,0.00749634448242,0.0
1989-06-09,52.7053703739,0.107187422119,0.032406137207
1989-06-16,52.7227379861,0.0674671647949,0.0624698122559
1989-11-23,52.7395819874,0.357677872854,0.142430075928
1989-12-02,46.6283855528,0.418791198486,0.164524520752
1989-12-09,52.7395819874,0.350182151663,0.14492888916
1989-12-18,51.7819336393,0.416293533691,0.137103370605
1990-01-03,47.7886831038,0.366440945557,0.157045840332
1990-01-10,52.7395819874,0.304851564453,0.127437267822
1990-01-19,52.7395049751,0.289160985107,0.137103589111
1990-01-26,52.7395819874,0.279863995605,0.132434702637
1990-02-04,52.7395049751,0.24678291626,0.109681748535
1990-02-11,52.7395819874,0.305204981985,0.187409139648
1990-03-08,52.7395049751,0.176985206055,0.0922324680176
1990-03-15,52.7395819874,0.195258696585,0.0924548100586
1990-04-16,52.7395819874,0.127438564697,0.0374816291504
1990-05-02,52.7345846095,0.179912890869,0.0524745073242
1990-05-18,52.7395819874,0.0524742243652,0.014992454834
1991-01-29,52.7395819874,0.244724294,0.122439980957
1991-02-14,52.7395819874,0.179755857476,0.0749630390625
1991-03-18,52.7395819874,0.162772816946,0.0924548862305
1991-04-03,52.7395819874,0.0974527705078,0.017491277832
1991-05-05,52.7395819874,0.119941997803,0.0424791049805
1991-05-21,52.7395819874,0.0874575566406,0.00999500732422
1991-05-30,45.9933677069,0.189451515625,0.0124640817871
1991-10-12,52.7395819874,7.53059747378,7.16839315821
1991-10-28,52.7395819874,6.96100640869,6.64936606388
1991-11-13,52.7395819874,7.04096425855,6.68934413273
1991-11-29,52.7395819874,6.91103004029,6.45446369034
1991-12-15,52.5609995463,7.1134298855,6.56120730738
1992-01-25,47.7762669978,6.34180704834,5.70114576563
1992-02-17,52.7395819874,6.0494405896,5.30481618726
1992-02-26,48.9853476906,5.67372025659,5.23248792041
1992-03-04,52.7395819874,5.78457439526,5.11241331177
1992-03-20,52.7395819874,5.76208756641,5.04244966211
1992-03-29,45.8449966774,3.02897218771,2.77438797648
1992-04-14,52.7395049751,5.66374187793,4.95328643994
1992-04-21,52.7395819874,5.41226597583,4.88253135767
1992-05-16,52.7295336961,5.44687039429,4.44225512451
1992-07-03,52.7395049751,6.83767612101,6.39943013469
1992-08-04,52.091568403,10.5915164906,9.76854641245
1992-09-28,52.7395819874,6.64687705607,6.72112804175
1992-10-23,52.3708269196,6.20994982342,6.28972887176
1992-11-08,52.7065628457,6.07533551067,6.04792347429
1992-11-15,49.3143094561,4.37277950732,4.25284021362
1992-12-01,52.7395819874,6.16462219401,6.23207959977
1992-12-17,52.7395819874,5.97151403614,5.97127034579
1993-01-02,52.7395819874,6.06630933445,6.00196072266
1993-01-18,52.7370831886,6.24387665991,6.07715771476
1993-02-19,52.7395819874,5.44475826343,5.13490430957
1993-04-08,51.5600332353,5.77958108569,5.40226862036
1993-04-24,52.7395819874,5.24485368042,4.64515331738
1993-05-26,52.7395819874,4.80258418408,4.57269003809
1993-06-11,46.4482071308,2.06894583081,0.67465687793
1993-10-17,52.7395819874,6.75896866787,7.00657307867
1993-11-18,52.7395819874,6.60595697421,6.34678996387
1993-12-20,52.7395819874,6.3011089664,5.98447198462
1994-02-06,52.7395819874,6.14439561694,5.86953041528
1994-04-27,52.7395819874,4.93500989429,4.46774421436
1994-05-06,46.7552701459,4.67158372729,3.5074208645
1994-05-22,52.6098676327,4.7987177937,4.25029835962
1994-10-04,46.6611493355,6.55907137783,7.03085240149
1994-11-05,52.7395819874,6.59916910498,6.44674061548
1994-12-23,52.7395819874,6.36357911776,5.96698326123
1995-02-25,52.7395819874,5.69213009888,5.48921682171
1995-03-13,52.7395819874,6.55098622763,6.21364962436
1995-03-29,52.7395819874,5.82956348071,5.51221585889
1995-04-14,52.7395819874,5.25985226343,5.22486169702
1995-08-29,51.9263547072,4.64016885088,7.58438418133
1995-11-08,52.7395819874,5.77459001343,5.86453926074
1996-01-11,50.3924411174,6.76014212559,7.10621318851
1996-01-27,52.7395819874,5.69963464575,5.84154188348
1996-10-09,52.7395819874,5.85205177759,5.82456354077
1996-11-10,52.7395819874,6.03929949631,5.76209269971
1996-12-12,52.7395819874,5.89936902512,5.5796846521
1998-01-16,52.7395819874,5.80497563654,5.47982204552
1999-12-05,52.7395819874,5.87954470386,5.58219027734
2000-01-31,52.7395049751,5.91051935083,5.4543304353
2001-02-09,52.7395819874,4.99749337134,4.81765881871
2001-06-01,52.7021004351,4.33532650146,3.82308061084
2003-11-14,52.7395819874,12.217527613,11.9402811688
2003-11-30,52.7395819874,12.0784600496,11.6754150733
2004-02-02,49.9666181399,12.4648590034,12.2510832134
2004-02-18,52.7395819874,11.6791680536,10.9540269419
2004-03-05,52.7395819874,11.071508184,10.1801684061
2004-03-21,52.7395819874,10.3517696499,9.30301060465
2004-04-22,52.6996014386,8.82731406308,7.45371890552
2004-05-08,52.3947531012,7.44872544897,5.64464710107
2004-05-24,49.2038341417,3.80805053296,1.5317211228
2004-06-25,52.7395819874,8.73010136866,8.32256700155
2004-11-16,52.7395819874,11.4824416419,11.4325383608
2004-12-02,52.7220907869,11.3562595134,11.2326400451
2004-12-18,52.6771130745,11.3211181289,11.0927105407
2005-01-19,46.1219899881,9.76439414573,9.52138819306
2005-02-04,52.7395819874,10.9991739828,10.311667316
2005-05-11,51.9324710433,5.43725169189,4.12291862891
2005-08-31,52.7395819874,10.7228271571,11.4974297437
2005-11-03,52.7395819874,11.3525078729,11.6175230753
2006-02-07,52.7395819874,10.7240775315,9.89699896094
2006-02-23,52.7395819874,10.4166192389,9.60215032764
2006-04-12,52.7395819874,8.94545866553,7.53118092139
2006-04-28,52.3972504371,7.63112970923,4.43528020874
2006-05-14,52.5246862957,6.78656756274,2.76611870679
2006-05-30,50.0783909205,3.83054530615,2.60615700928
2006-06-15,51.1628519244,4.27533362695,3.22586342358
2006-09-19,49.3459009723,10.6778543304,11.8267863445
2006-10-05,52.7395819874,10.7851819062,11.5110534951
2006-10-14,52.5383624002,10.0872875009,10.6250097783
2006-10-21,52.7395819874,10.3912050466,10.9925688295
2006-10-30,51.0973350651,9.74328014882,10.2810046895
2006-11-06,46.4200440336,5.64586492733,4.79878096542
2006-11-15,52.7395049751,10.2394699801,10.6723799807
2006-11-22,52.7395819874,10.4553128321,10.5779001402
2006-12-08,52.7395819874,10.9302268919,11.0550368361
2006-12-17,52.7395049751,10.8302818141,10.7571377647
2006-12-24,52.7395819874,11.0526614723,10.9900698332
2007-01-02,52.7270407278,10.7230920931,10.4695337615
2007-01-18,52.7395049751,10.609240825,10.100584771
2007-01-25,52.7395819874,10.6392035585,10.2301855203
2007-02-03,52.6672126131,10.3431323786,9.95490303682
2007-02-19,52.7395049751,10.2851712722,9.75722112068
2007-02-26,52.7395819874,10.1743619158,9.77948846974
2007-03-07,52.7395049751,9.78484708779,9.27932925629
2007-03-23,52.7395049751,9.54015710156,8.87705936792
2007-03-30,52.7395819874,9.14036064404,8.52801267178
2007-04-08,52.7395049751,8.85710721484,8.01701609399
2007-04-24,47.7713420836,6.38415953467,3.68688918604
2007-05-01,52.722090637,7.29631014941,4.69763019922
2007-05-26,52.6447787837,5.90304286206,4.95327157129
2007-06-18,49.2243832729,5.86205926855,5.44725027148
2008-02-29,52.7395819874,10.5766600637,9.91199639405
2008-04-01,52.7395819874,10.177338657,9.63784299796
2008-04-10,46.9358245986,9.53516370557,8.72977213385
2008-04-17,52.7395819874,9.5651518252,8.3357814043
2008-05-03,52.734584408,9.08539809741,5.11994258057
2008-05-19,52.7295873463,9.15286319141,6.55421499023
2008-09-08,49.1176769163,10.4066264403,11.3662546792
2008-10-03,50.7559228926,10.4099598673,11.6149466534
2008-10-10,52.7395819874,10.6522111509,11.2313240305
2008-10-19,52.7395049751,10.3927884539,10.7239145047
2008-11-04,52.7395049751,10.612160985,10.8058696721
2008-11-11,52.4247513609,10.3649783246,10.6041443613
2008-12-13,52.5296859119,10.839020646,10.5241747185
2008-12-29,52.7395819874,10.883999106,10.4217319021
2009-01-14,52.7395819874,11.3212757571,10.7015875335
2009-02-15,52.7395819874,10.7240812227,10.0401339071
2009-03-03,52.7395819874,10.2697849646,9.51540340372
2009-03-19,51.8700087003,8.54553877529,7.69857652686
2009-04-04,52.7395819874,6.08194033179,5.04996049243
2009-04-20,52.6796114622,5.36230710034,1.25437842236
2009-05-06,52.7395819874,5.49724081348,4.14042199316
2009-05-22,52.4252219124,5.32233027734,4.47525337744
2009-06-07,52.7395819874,5.22488015381,3.8955472937
2009-06-23,52.1423833209,4.57520758521,2.89105564038
2009-09-27,48.092573932,8.82302716382,10.0119748681
2009-10-13,52.7395819874,10.5665474654,11.2149578425
2009-10-29,52.7395819874,10.2800190036,10.8264127792
2009-11-14,52.7395819874,10.489676865,10.8377686739
2009-11-30,52.7395819874,10.6247224517,10.7764330863
2009-12-16,52.7395819874,10.8472287912,11.0300502338
2010-01-17,52.7395819874,10.7821416565,10.5290623837
2010-02-02,52.4972010081,10.9895312735,10.9138615797
2010-02-18,52.7395819874,10.6484553314,10.4104860421
2010-04-07,52.7395819874,9.82751567065,8.38076063428
2010-04-16,49.1426608677,9.63986178613,8.38344606201
2010-04-23,51.3952375396,8.37823430786,5.28484359106
2010-05-09,52.7395819874,9.56265226831,7.56619248145
2010-05-25,48.9189838346,4.15038230225,0.0
2010-06-10,51.2740394824,8.28830326343,7.40375552832
2010-10-25,52.7395049751,10.3254073433,10.7843704159
2010-11-17,52.7345844886,10.7472788944,10.9438508578
2010-12-19,52.7395819874,10.8018947294,10.499546285
2011-01-04,52.7395819874,10.72966601,10.312494779
2011-01-20,52.7395819874,10.6796908968,10.1923205886
2011-02-05,52.6646196341,10.544877111,9.98016503141
2011-04-26,52.3172851861,7.61115819189,7.32377851367
2011-05-12,51.5676510111,6.67410979932,5.51719249805
2011-05-28,50.8130335286,4.87252553833,3.38327988403
2011-10-19,52.7245894671,10.5046703511,11.4312243943
2011-11-04,52.7395819874,10.6545933513,10.8720980032