Date,Rarea,NDWI,MNDWI
1988-01-19,100.897269571,6.31304920039,5.93551391792
1989-02-22,100.897269571,10.8934918857,10.7759800688
1989-04-11,100.897269571,8.31574713496,8.58077101924
1990-01-08,100.897269571,4.71539042207,4.37535651338
1990-02-09,89.1544145642,1.72557636739,1.64759808564
1990-03-13,100.897269571,4.00282104292,3.81280347675
1990-03-29,100.897269571,3.83530569477,3.57778049433
1990-12-26,100.897269571,8.49414805616,8.53556274309
1991-02-28,100.897269571,7.95561561856,8.03140614861
1991-03-16,100.897269571,7.82388826482,7.74584036638
1991-12-13,100.897269571,4.05019704663,4.45726437466
1991-12-29,100.894769329,4.08187804579,4.34373413823
1992-01-14,100.897269571,3.76146459459,4.13446155989
1992-01-30,100.897269571,3.68915347822,4.07722855532
1992-03-18,100.897269571,3.25411301264,3.40393074425
1992-05-21,100.894769328,2.63276791943,2.44524839453
1992-10-28,100.897269571,7.53558609889,7.6692647448
1992-11-13,100.897269571,7.32068158632,7.43904463779
1992-11-29,100.897269571,7.18652244614,7.28605904476
1992-12-15,100.897269571,7.08487436565,7.13987846281
1992-12-31,100.897269571,7.03603586801,7.09604111923
1993-01-16,100.897269571,6.89235595964,6.93735917912
1993-02-01,100.897269571,6.62733100993,6.77234420549
1993-02-17,100.897269571,6.48481804191,6.53982318083
1993-03-05,100.897269571,6.49981992375,6.6798368903
1993-03-21,90.7931400161,0.0451209990531,0.00750076782227
1993-04-06,100.897269571,6.034776403,6.04071776321
1993-04-22,100.734751435,5.59317434085,5.49804789844
1993-05-24,100.897269571,4.91049394238,4.43294774414
1993-10-31,100.897269571,12.5892336701,12.8957435694
1993-11-16,100.897269571,12.4857033084,12.7632287757
1994-02-04,100.897269571,11.9511605413,12.159695997
1994-02-20,100.897269571,11.8671720168,12.089689332
1994-03-08,100.897269571,11.4919404539,11.6737488759
1994-04-25,100.897269571,10.6279964326,10.8427793382
1994-11-19,100.897269571,22.2095984459,22.3240964185
1994-12-05,100.897269571,22.1896336514,22.1881505457
1994-12-21,100.897269571,22.0005948769,22.0705991584
1995-01-22,100.897269571,22.0745832767,22.0645792701
1995-02-23,100.897269571,21.0892945723,21.0400743618
1995-03-27,100.892269276,21.0002670096,21.0706263431
1995-11-06,100.897269571,16.0497045524,16.5777156805
1995-12-08,100.897269571,15.9988350344,16.3358887568
1996-06-01,100.897269571,10.4012604106,8.80337851416
1996-09-21,91.6354038616,3.66232863285,4.68186178904
1996-12-10,100.897269571,7.62957277915,7.77052530381
1997-01-27,100.897269571,6.93345435644,6.87399667552
1997-02-12,100.897269571,6.63295452147,6.55396573885
1997-02-28,100.897269571,6.49423593761,6.42172813097
1997-03-16,100.897269571,6.33555326118,6.24671084337
1997-04-01,100.879768741,6.13553424482,5.97028252811
1997-07-22,98.9350663935,2.97022234077,3.13570841792
1997-09-24,99.4530917964,6.58491804244,6.95849219404
1998-01-14,100.897269571,7.5303883335,7.61586409309
1998-05-22,100.897269571,5.00159768395,5.59556297485
1998-06-07,100.897269571,4.36153624083,5.93394729268
1998-10-29,100.897269571,7.5912215931,8.86774300852
1998-11-14,100.897269571,8.97987362347,9.69903690445
1999-01-01,100.897269571,8.73632697249,9.31458606033
1999-02-02,93.9401683788,8.81613650122,9.35656937185
1999-02-18,100.897269571,8.69065401708,9.11816524581
1999-04-07,100.897269571,6.8114960267,7.96938052965
2001-05-30,100.897269571,3.30618583125,3.20032416089
2004-03-03,100.897269571,8.47484191441,8.58032373958
2004-03-19,100.897269571,8.10801466576,8.16704087985
2004-05-22,100.897269571,6.24304898115,6.22562437842
2004-10-29,100.897269571,2.15004070869,2.52230231305
2004-11-14,100.897269571,2.49074347212,3.00196134992
2004-11-30,100.897269571,2.46077994852,2.56410283726
2004-12-16,100.897269571,2.39690066518,2.51460771409
2005-02-02,100.897269571,2.36842851213,2.47742895729
2005-02-18,100.897269571,2.18817657942,2.20650139424
2005-04-07,100.887268605,1.96378262999,1.90850264901
2005-05-09,100.897269571,1.35513470312,1.03010458301
2005-06-10,100.897269571,2.04887333781,0.740075861816
2005-09-30,100.897269571,16.5226524553,17.2437154854
2005-11-17,100.897269571,16.5784272358,16.8092217831
2006-02-05,100.897269571,15.8340147163,15.8571322826
2006-02-21,100.897269571,15.6400151882,15.5738325433
2006-04-10,100.897269571,14.9025681619,14.8488859307
2006-05-12,100.057190029,12.7187418921,3.69036125562
2006-05-28,100.897269571,13.5401046025,12.6237413284
2006-06-13,100.897269571,12.8550387949,13.5645943037
2006-10-19,100.897269571,11.5554232228,13.9739249041
2006-12-06,100.897269571,11.4849342689,12.4427972943
2007-01-07,100.897269571,11.5707645062,11.9900191505
2007-01-23,100.897269571,11.3382420081,11.7017870329
2007-02-08,100.897269571,11.1504899833,11.3678541687
2007-02-24,100.897269571,11.0055559149,11.1019670323
2007-03-28,100.897269571,10.3727613086,10.2552505403
2007-04-13,100.897269571,10.060742,9.72872318081
2007-04-29,100.864766636,9.51612404516,8.45584172656
2008-04-15,100.897269571,12.4641362703,12.5854024777
2008-05-01,100.364728196,11.1593763855,11.0460935859
2008-05-17,100.894769357,10.9864211291,10.6772165334
2008-06-02,97.7544772888,6.83319029883,6.22062951587
2008-11-09,100.874767418,4.59544316358,4.79893174634
2008-11-25,100.897269571,4.66306719843,4.6243472822
2009-01-12,100.897269571,4.71178720888,4.58859707465
2009-02-13,100.897269571,3.93858661833,4.03609577507
2009-03-01,100.897269571,3.67019909532,3.72927317905
2009-03-17,100.615410089,3.4679923404,3.48791630812
2009-04-02,100.897269571,3.36400181169,3.28274960322
2009-04-18,100.897269571,3.19148515788,2.92396037614
2009-05-04,100.627242799,2.70143693766,2.4177435249
2009-05-20,98.1544993813,0.811248803141,0.542558124512
2009-06-05,100.897269571,2.60392903092,2.18022164819
2009-06-21,99.8667297881,1.74267604956,0.205020800049
2009-09-25,100.897269571,8.00388508476,8.43149315781
2009-10-11,100.897269571,5.06359075858,5.10131915704
2009-10-27,100.897269571,3.35591982035,3.44115245465
2009-12-14,100.897269571,2.97622390277,2.99012475601
2010-01-15,100.897269571,2.74519085641,2.8362078251
2010-01-31,100.894769311,2.58024382081,2.68766512006
2010-04-21,100.894769316,1.8229180773,1.51265410767
2010-06-08,100.897269571,1.97471862322,1.89025964484
2010-09-28,100.897269571,11.7067405799,12.4247585364
2010-11-15,100.897269571,7.26794555742,7.70422242119
2010-12-17,100.897269571,6.99990774576,7.32008489621
2011-01-02,100.897269571,6.77238681949,7.26019614443
2011-01-18,100.897269571,6.59264278094,6.8714530679
2011-02-03,100.897269571,6.53263744403,6.76648172536
2011-03-07,100.897269571,6.35023845319,6.49267362033
2011-03-23,100.897269571,6.09154709188,6.17060363868
2011-04-08,100.897269571,6.04106170827,6.12083379724
2011-06-11,100.897269571,4.36269313242,5.22184580624
2011-10-01,100.897269571,12.5198658425,13.1641323851