Date,Rarea,NDWI,MNDWI
1989-12-05,12.6644651795,0.00360183392334,0.000900454589844
1989-12-21,12.6644651795,0.00720366973877,0.00180090905762
1990-02-07,12.6644651795,0.011705958374,0.0
1990-02-23,12.6644651795,0.00720365631104,0.0
1991-01-25,12.6644651795,0.0126064263916,0.000900462585449
1991-03-14,12.6644651795,0.00209402724705,0.0
1991-03-30,12.6644651795,0.000900456176758,0.0
1991-04-15,12.6644651795,0.00540273602295,0.0
1991-05-17,12.6644651795,0.0,0.0
1991-11-09,12.6644651795,0.0,0.0
1991-12-11,12.6644651795,0.0207104995117,0.000900462585449
1992-01-12,12.6644651795,0.000900457824707,0.0
1992-01-28,12.6644651795,0.0,0.0
1992-02-13,12.6644651795,0.0,0.0
1992-02-29,12.6644651795,0.0,0.0
1992-03-16,12.6644651795,0.0,0.0
1992-04-01,12.6644651795,0.0,0.0
1992-05-03,12.6644651795,0.0,0.0
1992-06-04,12.6644651795,0.0171615123997,0.000900449890137
1992-11-11,12.6644651795,0.0,0.0
1992-11-27,12.6644651795,0.0,0.0
1992-12-29,12.6644651795,0.0,0.0
1993-01-30,12.6644651795,0.0,0.0
1993-02-15,12.6644651795,0.0,0.0
1993-03-19,12.6644651795,0.0,0.0
1993-04-04,12.6644651795,0.0,0.0
1993-05-06,12.6644651795,0.0,0.0
1993-05-22,12.6644651795,0.0,0.0
1993-06-07,11.4881963606,0.0,0.0
1993-10-29,12.6644651795,0.0,0.0
1993-11-14,12.6644651795,0.0,0.0
1993-12-16,12.6644651795,0.00270137207031,0.00180092553711
1994-01-01,12.6644651795,0.00090046270752,0.00270137188721
1994-02-02,12.6644651795,0.00090046270752,0.0
1994-02-18,12.6644651795,0.00270137371826,0.0
1994-03-06,12.6644651795,0.0,0.0
1994-04-07,12.6644651795,0.0,0.0
1994-05-09,12.6644651795,0.0,0.0
1994-09-14,12.5618597053,0.0,0.0
1994-09-30,12.6644651795,0.0,0.0
1994-10-16,11.5986511976,0.0,0.0
1994-11-01,12.6644651795,0.0,0.0
1994-12-03,12.6644651795,0.0054027590332,0.0
1994-12-19,12.6644651795,0.00810414385986,0.00270137176514
1995-01-04,12.6644651795,0.0126064535522,0.0
1995-01-20,12.6644651795,0.016208300354,0.00540276312256
1995-02-21,12.6644651795,0.00900461810303,0.00270138494873
1995-10-19,12.0921169642,0.834726640869,0.948184489075
1995-11-04,12.6644651795,0.845532183716,0.842830719971
1995-12-06,12.6644651795,0.886052916687,0.802310099426
1996-02-24,12.6644651795,0.899559798096,0.723970106567
1996-03-11,12.6644651795,0.871645567688,0.662738903931
1996-03-27,12.6644651795,0.817617988892,0.580797067566
1996-04-12,12.6644651795,0.764490795044,0.536674522888
1996-05-14,12.6644651795,0.645630080078,0.452931696289
1996-05-30,12.6644651795,0.591602502502,0.384496792053
1996-06-15,12.6644651795,0.594303865723,0.402505895874
1996-11-06,12.6644651795,0.942781834839,0.970696045593
1997-01-09,12.6644651795,1.09225811945,1.03282778937
1997-01-25,12.6644651795,1.04363332819,0.91756892926
1997-02-26,12.6644651795,1.04543426105,0.866242715393
1997-10-08,12.6644651795,0.939180095825,0.98870534491
1998-01-28,12.0884136982,1.10036264111,1.02022162152
1998-02-13,12.6644651795,1.10576507788,0.967094260315
1998-03-01,12.6644651795,1.11747105255,0.94638373938
1998-04-02,12.6644651795,1.08505445117,0.879749712097
1998-04-18,12.6644651795,1.03102694397,0.887853899902
1998-05-04,12.6644651795,1.01031636591,0.858138700378
1998-06-05,11.9322808429,0.543878341614,0.126064797241
1998-08-24,12.2301088077,0.769893661865,1.1416953561
1998-10-11,12.6644651795,0.962591974243,1.03372824048
1998-10-27,12.6644651795,0.992307152649,1.03372830786
1998-11-12,12.6644651795,1.02022136359,1.02742501691
1998-12-30,12.6644651795,1.04903602411,0.96709429364
1999-01-15,12.6644651795,1.0724480495,0.976999367004
1999-01-31,12.6644651795,1.05353843005,0.93737904895
1999-02-16,12.6635647189,1.17510041956,1.01932093658
1999-03-04,12.6644651795,1.10666549042,0.94548321698
1999-03-20,12.6644651795,1.05894115717,0.879749666016
1999-04-05,12.6644651795,1.01481860425,0.840129473022
1999-04-21,12.6644651795,0.970696092041,0.81671754187
2000-02-03,12.6644651795,1.02742510278,0.847333147644
2000-02-19,12.6644651795,0.958089740906,0.760889100891
2000-05-09,12.6644651795,0.714065193787,0.411510643738
2000-05-25,12.6644651795,0.751884497314,0.590702205261
2001-01-20,11.7838147884,0.595836324161,0.527669833069
2001-04-26,12.6644651795,0.6501325672,0.459234983276
2001-10-19,12.6644651795,0.942781949463,0.990506201172
2008-04-13,12.6635647165,0.915768325806,0.763590501892
2008-04-29,12.6644651795,0.876148101318,0.729373037842
2008-10-22,12.6644651795,0.899560038696,0.959890755981
2008-12-09,12.6644651795,0.959890888733,0.951786609009
2008-12-25,12.6644651795,0.94998581842,0.922071429565
2009-01-10,12.6644651795,1.00581436725,1.00581420068
2009-02-11,12.6644651795,0.962592297729,0.881550712097
2009-02-27,12.6644651795,0.973397846619,0.850935106201
2009-03-15,12.6644651795,0.963492749634,0.898659456543
2009-03-31,12.6644651795,0.926573851074,0.810414352844
2009-04-16,12.6644651795,0.904962800415,0.770794176636
2009-05-02,12.6644651795,0.866243054199,0.650132563416
2009-06-19,12.6644651795,0.6951556875,0.49435306134
2009-09-23,12.6644651795,0.853636755554,0.911266139282
2009-10-09,12.6473565415,0.887854122803,0.952687180603
2009-10-25,12.6644651795,0.881550867859,0.93737935791
2009-11-26,12.6644651795,0.969795980286,1.00131195819
2009-12-12,12.6644651795,1.00401348303,1.03733035687
2010-01-13,12.6644651795,1.00671480804,0.995008728333
2010-01-29,12.6626642604,1.02382357281,1.01481881592
2010-02-14,12.6644651795,1.03372874341,0.981501810913
2010-04-03,12.6644651795,0.962592305298,0.823020922302
2010-04-19,12.6644651795,0.947284450562,0.823921302917
2010-05-05,12.6644651795,0.897759145508,0.699657858704
2010-05-21,12.6644651795,0.855437539062,0.0486249129028
2010-09-26,12.6644651795,0.844631963074,0.936478863159
2010-11-13,12.6644651795,0.944583033508,0.965293554687
2010-11-29,12.6644651795,0.956289030029,0.962592173035
2011-01-16,12.6644651795,0.980601432434,0.885152582703
2011-02-01,12.6644651795,1.03192769556,0.942782003479
2011-02-17,12.6644651795,0.958089973083,0.766291924133
2011-04-06,12.6644651795,0.951786796143,0.80411120636
2011-05-08,12.6644651795,0.874347260925,0.62852160553
2011-09-29,11.9368159277,0.517764520813,0.670842664795