Date,Rarea,NDWI,MNDWI
1989-12-05,53.2933694139,7.98899337847,7.69243430762
1989-12-12,54.3033605903,8.24578567329,7.72746212085
1989-12-21,53.8129702097,8.24268506462,7.64489646484
1989-12-28,54.3033605903,8.61910180856,7.83226099745
1990-01-13,54.3033605903,8.0173885341,7.36217193408
1990-02-07,54.2733367585,8.0465294971,7.1269851377
1990-02-14,54.3033605903,7.90403372416,7.06943939062
1990-02-23,54.3033605903,7.49613131075,6.81423668188
1990-03-18,54.3033605903,7.29440249393,6.39890667041
1990-04-03,54.3033605903,6.69914524707,5.91352105811
1990-04-19,54.3033605903,6.23627749561,5.43063737964
1990-05-05,54.3033605903,6.20875577002,4.99646887134
1990-06-06,52.5890398024,5.3104438527,4.76260678955
1990-12-31,54.3033605903,8.0407795853,7.50095855542
1991-01-25,51.4222414067,8.5042850855,7.63739053979
1991-02-01,54.3033605903,7.92452056499,7.39719971558
1991-02-17,54.3033605903,7.72580385771,7.19954268896
1991-03-21,54.3033605903,7.24816969746,6.63527092505
1991-05-08,54.3033605903,5.93442975724,5.18043849561
1991-05-17,46.5955935764,5.7108600127,5.02649268774
1991-11-09,53.7406082577,7.66241049316,7.44974151123
1991-12-02,54.3033605903,7.79441736724,7.32464211694
1991-12-11,54.2958546438,8.07092156238,7.39719974878
1991-12-18,54.2858466763,8.31132824533,7.41971768262
1992-01-12,48.065558158,7.16783118028,6.92932805396
1992-01-19,54.2883486758,7.21020801579,6.88429229883
1992-01-28,54.2358069419,6.88679422778,6.68663528711
1992-02-04,54.3033605903,6.749184948,6.59523914014
1992-02-20,47.1651900066,1.04332933984,0.718070871338
1992-02-29,54.2577359883,6.24878732715,6.0197818689
1992-03-07,54.3008586042,6.45600093528,5.88525340601
1992-03-16,54.2983566157,5.99476197461,5.68701751025
1992-04-01,54.3033605903,5.59076454272,5.29420540137
1992-04-08,54.3033605903,5.32054987061,4.96644494678
1992-04-24,54.3033605903,4.87136949634,4.4985732644
1992-05-03,54.3008586023,4.58864486523,4.1432909812
1992-05-10,54.3033605903,4.54743566602,4.07823932812
1992-06-04,54.3033605903,3.89942077246,3.34015290625
1992-11-11,54.3033605903,7.42472157593,7.54481705176
1992-11-27,53.6078553033,7.54255048863,7.58484885181
1992-12-04,54.3033605903,7.59868330572,7.70862371631
1992-12-20,54.3033605903,7.6576419442,7.62488066992
1993-01-05,54.3033605903,7.37968580713,7.30212422729
1993-01-21,54.3033605903,7.31213215747,7.16451491553
1993-03-10,54.3033605903,6.85677050806,6.51767753564
1993-04-11,54.1482372478,6.08115425122,5.57442806104
1993-04-27,54.3033605903,5.59326659863,5.18661993579
1993-05-13,54.3033605903,4.94274980493,4.39098781763
1993-05-22,49.5294494682,4.66252711133,4.08574524365
1993-06-07,52.1040885024,4.33977059692,3.79801661646
1993-11-05,54.3033605903,7.45200793079,7.48453381531
1993-11-21,54.3033605903,7.65216697278,7.74842002478
1993-12-23,54.3033605903,7.69493623999,7.62988462012
1994-01-24,54.3033605903,7.99536130388,7.49477729639
1994-02-09,54.3033605903,7.31463414624,6.93433197583
1994-02-25,54.3033605903,7.16869466398,6.82174256885
1994-03-13,54.3033605903,7.03624616287,6.56153588647
1994-03-29,54.3033605903,6.61407763477,6.17490517578
1994-05-09,53.5169789746,5.46434059131,5.01648469067
1994-06-01,54.3033605903,4.65369651123,3.49027186865
1994-09-30,50.7816330671,7.22956648168,7.42472159593
1994-12-10,54.3033605903,7.45664884819,7.5197970957
1995-01-11,54.3033605903,8.22199210789,7.74223859819
1995-02-12,54.1657512715,8.21366141278,7.04309486328
1995-10-19,54.3033605903,7.28187272132,7.54458148597
1995-11-11,54.3033605903,7.19821804346,7.35716788745
1995-11-27,54.2983566211,7.29329355835,7.47726329395
1995-12-29,54.3033605903,7.29712015454,7.26959833032
1996-01-30,54.3033605903,6.9483627999,6.73167100513
1996-02-15,54.1732574604,6.83175033154,6.46145635303
1996-03-18,54.3033605903,6.09616609692,5.59326651904
1996-04-03,54.3033605903,5.45183064233,5.0890423208
1996-05-05,54.3033605903,4.39098767285,3.88558610474
1996-10-12,54.3033605903,7.08945516991,7.21682112879
1996-11-13,54.3033605903,7.32190458655,7.45974949121
1996-11-29,54.3033605903,7.45224342822,7.56100638672
1996-12-31,54.3033605903,7.42221958765,7.50478522144
1997-02-01,54.3033605903,7.34716002441,7.18953474951
1997-02-17,54.3033605903,7.08445131396,6.86677837231
1997-04-22,54.3033605903,5.63079639063,5.18043848877
1997-10-15,47.9764491541,6.8254216333,7.06060854004
1998-02-04,54.3033605903,7.19453866504,7.04692140234
1998-02-20,54.3033605903,6.81541397998,6.56271317187
1998-03-24,54.3033605903,6.42760586597,4.88888258618
1998-04-09,54.3033605903,6.18123365625,5.71336192969
1998-04-25,54.3033605903,5.53572077881,5.07535494019
1998-05-11,54.3033605903,4.67753879956,4.1833225564
1998-05-27,54.3033605903,4.13961132031,3.59535539551
1998-11-03,54.3033605903,7.22072612811,7.37968577293
1998-11-19,54.3033605903,7.18703269115,7.32440655628
1998-12-05,54.3033605903,7.25458633543,7.29806207703
1999-01-06,54.3033605903,7.38445422962,7.4509188501
1999-01-22,54.3033605903,7.46083844966,7.43590692236
1999-02-16,50.2154321205,7.16239506495,6.73917684595
1999-02-23,54.3033605903,7.15450686743,7.10814649048
1999-03-04,54.275838729,7.01939952124,6.92932793457
1999-03-11,54.3033605903,6.96435582861,6.86295172681
1999-03-27,54.3033605903,6.64159941309,6.25496872656
1999-04-12,54.3033605903,6.29382314868,5.87348918164
1999-04-21,51.7307518668,5.89600699829,5.46934444702
1999-04-28,54.2858466711,5.53572066528,4.66120210229
2000-01-25,54.3033605903,6.80923255615,6.71283243994
2000-02-03,50.3739900526,6.62521374288,6.35755005322
2000-02-10,54.3033605903,6.75536628296,6.63527087598
2000-02-19,54.3033605903,6.44644437183,6.15871576709
2000-03-29,54.3033605903,5.27551397974,4.85768190991
2000-05-09,54.3033605903,3.65540323755,3.13749178613
2001-01-11,52.9572912654,5.36714588744,4.53992976587
2001-01-20,50.4244035507,3.7768235332,3.42904722339
2001-02-12,54.3033605903,5.07035072925,4.88638113501
2001-05-19,50.8103730492,1.71386171021,1.29602969995
2001-10-19,53.7129586764,7.46701998621,7.61964123719
2008-04-13,53.1739507983,4.82015224585,4.45736393555
2008-04-20,54.3033605903,4.70506081421,4.13961144043
2008-04-29,54.0037590734,4.50740378247,4.11709365161
2008-05-06,51.9514916855,2.22058682813,0.13510723877
2008-05-22,54.1607472727,3.54413855469,2.62340704102
2008-05-31,50.1698520354,3.23639430078,2.81606041797
2008-10-13,54.3033605903,7.41221177881,7.57233899243
2008-10-22,54.3033605903,7.39927007579,7.52186748668
2008-11-14,52.0515716814,6.30633322388,6.4810406859
2008-12-16,54.2783407248,7.48195333927,7.40970971045
2009-02-02,54.3033605903,6.30883492871,5.92352878467
2009-03-06,54.3033605903,4.98027942139,4.60998516235
2009-03-22,54.3033605903,4.64501307349,4.26471087891
2009-04-23,54.3008586033,4.17964326221,2.16672071216
2009-05-25,53.1098147332,3.2188796333,2.07414679004
2009-06-10,54.3033605903,3.14882468384,2.69096097754
2009-09-14,54.3033605903,7.1793305842,7.44289304155
2009-10-16,54.3033605903,7.46248696812,7.5568953236
2009-11-01,54.3033605903,7.46725546606,7.51729522437
2009-11-26,50.2061946357,7.80568117218,7.78457615123
2009-12-03,54.3033605903,7.77499992261,7.79251386987
2009-12-12,46.8441644178,7.57233875732,7.63946076207
2010-01-13,47.2347303871,7.27710422949,7.1294869458
2010-01-20,54.3033605903,7.26209233203,7.07444329321
2010-01-29,47.3097706524,7.2846100647,7.05192517847
2010-02-14,49.0116354634,6.95434779565,6.64910531519
2010-03-25,54.3033605903,6.36387863501,5.87348893457
2010-04-03,52.1932970178,6.13869969092,5.71336170776
2010-04-10,54.3033605903,6.14197681194,5.51070065894
2010-04-19,51.0426451694,5.99358439331,5.60577621704
2010-04-26,54.3033605903,5.9285326814,5.48317873926
2010-05-05,47.2138902179,5.85097099756,5.39310719238
2010-05-12,54.3033605903,5.77591138208,5.12789644238
2010-05-28,53.9030428503,4.94775374463,3.8468788125
2010-09-26,54.3033605903,7.19160504917,7.43930189829
2010-10-28,54.3033605903,7.39450156003,7.47182769616
2011-01-23,54.3033605903,7.29962216138,7.05149364586
2011-02-08,54.3033605903,7.02440349023,6.71916094995
2011-02-17,46.7946350234,6.61657932544,6.15739091187
2011-04-06,47.9192165182,6.09616584473,5.74338554639
2011-05-15,54.3033605903,5.77090741382,4.98646057227