Date,Rarea,NDWI,MNDWI
1988-01-19,35.9719585523,0.714857945711,0.736450255767
1988-02-20,35.9719585523,0.633269496168,0.522827410049
1989-01-14,35.9719585523,3.68368582844,3.6024425123
1989-01-30,35.9719585523,3.55144518407,3.35225957287
1989-03-03,35.9719585523,3.03656566603,2.90247730542
1989-03-19,35.9719585523,2.78803892445,2.50221145147
1989-04-04,35.9719585523,2.49720448859,2.19822349389
1989-04-11,35.4830223547,2.38374653803,2.08210657478
1989-05-06,35.9719585523,1.77781954058,1.43884349848
1989-05-22,35.9719585523,1.30197400739,0.598235372375
1989-05-29,31.2811799809,1.18581489655,0.021610967041
1989-06-23,31.0483626076,1.45363949665,1.43830399706
1989-11-14,35.9719585523,0.960109285475,0.795971601746
1989-12-16,35.9719585523,0.844723382725,0.869885731002
1990-01-08,35.9719585523,0.856707920774,1.01394422838
1990-01-17,35.9719585523,0.81800215612,0.829015473706
1990-02-02,35.9719585523,0.779102780392,0.706207977003
1990-02-18,35.9719585523,0.742212153023,0.689491095
1990-03-29,35.9719585523,0.616119638363,0.514074422672
1990-05-25,35.9719585523,0.39971608649,0.194937546176
1990-06-10,35.9719585523,0.397491155608,0.317240733352
1990-12-26,35.9719585523,2.35501413307,2.38804427898
1991-02-21,35.9719585523,2.01724646528,2.01139812488
1991-02-28,35.9719585523,1.9398069189,2.00019699229
1991-03-16,35.9719585523,1.78672880543,1.61472710461
1991-03-25,35.9719585523,1.6291342445,1.34913397407
1991-04-10,35.9719585523,1.39594377735,1.1825491122
1991-05-12,35.9719585523,0.867968166316,0.541737113662
1991-12-06,35.9719585523,0.521277499027,0.567140290063
1991-12-29,35.8420959985,0.52037704993,0.680494705557
1992-01-07,35.9719585523,0.568676764917,0.588426156031
1992-01-14,35.9719585523,0.490661836429,0.569138846404
1992-01-30,33.2011693556,0.456444395878,0.483973376035
1992-02-08,35.9719585523,0.435733865177,0.419274822036
1992-02-24,35.9719585523,0.415023216251,0.387108973026
1992-03-11,35.9719585523,0.41387207405,0.37695325862
1992-04-12,35.9710580852,0.342086117557,0.282758202983
1992-05-14,35.9719585523,0.196300172486,0.139362780665
1992-10-28,32.4270859518,0.81962279144,0.825926076474
1992-11-06,35.9719585523,0.804922250919,0.814220059689
1992-11-13,32.7464421893,0.842134147763,0.807016206784
1992-11-22,35.9719585523,0.846636496274,0.833549571715
1992-11-29,35.9719585523,0.821423601925,0.796531945166
1992-12-15,35.9719585523,0.775500216794,0.795740636381
1992-12-24,35.9719585523,0.783646772779,0.839269534041
1992-12-31,35.9719585523,0.776400688107,0.857320913879
1993-01-16,35.9719585523,0.740382307858,0.769976619385
1993-01-25,35.9719585523,0.717870897885,0.685450575328
1993-02-01,35.9719585523,0.697160388485,0.677335911221
1993-02-10,35.9719585523,0.694458943295,0.653980610304
1993-02-17,35.9719585523,0.658440514828,0.608957611097
1993-02-26,31.2949939899,0.644075613355,0.650781627861
1993-03-14,35.9719585523,0.606213932614,0.560897773075
1993-03-21,35.9719585523,0.552751356432,0.423777280532
1993-03-30,35.9719585523,0.565735633497,0.492462894779
1993-04-06,35.9719585523,0.549527360731,0.494263764469
1993-04-22,35.9719585523,0.475354158878,0.350292697184
1993-05-01,35.9719585523,0.447439918949,0.37425191188
1993-05-24,35.9719585523,0.262595186782,0.0
1993-10-31,35.9719585523,4.51964809834,4.68983553749
1993-11-09,35.9719585523,4.50704149281,4.59168548432
1993-11-16,35.9719585523,4.49665985561,4.58768818711
1993-11-25,35.9719585523,4.46763317039,4.51362431107
1993-12-11,35.9719585523,4.4451217606,4.53317941036
1994-02-04,35.9719585523,4.14256725499,4.11957576576
1994-02-13,35.9719585523,3.9953720667,4.01088465305
1994-02-20,31.8204129673,3.43074544574,3.57211638446
1994-03-01,35.9719585523,3.63654387901,3.67761870706
1994-03-08,35.9719585523,3.48139275166,3.38789645502
1994-03-17,35.9719585523,3.37333757106,3.16531729126
1994-04-25,35.9719585523,2.19252694654,1.93319461133
1994-06-05,35.9719585523,1.44579587953,1.22645113784
1994-09-09,34.9050671979,4.79561133199,5.39783223934
1994-09-25,35.9719585523,5.21053716213,5.53696684115
1994-10-18,33.0594377172,3.68111542571,3.8076003098
1994-10-27,35.9719585523,4.11555339909,4.10474836168
1994-11-12,35.9719585523,4.00617758654,4.05190005982
1994-11-19,35.9719585523,3.95124948321,3.96455548615
1994-11-28,35.9719585523,3.93504121355,3.98603883999
1994-12-05,35.9719585523,3.93684218432,3.99173453279
1994-12-21,35.9719585523,3.87741187218,4.01340112061
1994-12-30,35.9719585523,3.87268348784,3.98906025573
1995-01-15,35.9719585523,3.95539853883,4.07805049339
1995-01-22,35.9719585523,3.91793257506,4.05193682517
1995-02-16,35.9719585523,3.62078053405,3.51493243693
1995-02-23,35.9719585523,3.50480492073,3.37511066223
1995-03-20,35.9719585523,3.16983385969,3.08156088666
1995-03-27,35.9719585523,3.05457496376,2.94346200625
1995-04-05,35.9719585523,2.91320279756,2.77902034326
1995-04-21,35.9719585523,2.55033177747,2.39542450097
1995-10-30,35.9719585523,1.29236252032,1.20325960975
1995-11-06,35.9719585523,1.2455810525,1.18733016367
1995-11-15,35.9719585523,1.21638859935,1.20287443323
1995-12-08,35.9719585523,1.1572938761,1.26882917139
1995-12-17,35.9719585523,1.17260160559,1.34806893622
1996-02-03,35.9610224397,1.10420928584,1.37598326508
1996-06-26,35.719705747,0.45375680486,0.105675011853
1996-09-14,34.1947488253,0.981410807438,1.2478108216
1996-10-16,35.9719585523,0.890213811782,0.868602796584
1996-11-17,35.9719585523,0.785760776565,0.720027323073
1996-12-03,35.2482217951,0.323176939518,0.238283089919
1996-12-10,35.9719585523,0.747291859318,0.660776822463
1997-01-04,35.9719585523,0.727231079238,0.73482216629
1997-01-27,35.9719585523,0.686060737613,0.661885465179
1997-02-05,35.9719585523,0.659696739272,0.556143932082
1997-02-12,35.9719585523,0.617375183242,0.52408056309
1997-02-21,35.9719585523,0.729031742995,0.538724450577
1997-02-28,35.9719585523,0.592162342788,0.497967284403
1997-03-16,35.9719585523,0.546238965468,0.45385889999
1997-04-01,33.7087970485,0.471401660473,0.177196108922
1997-04-10,35.9719585523,0.368301457445,0.258929275005
1997-05-28,35.9719585523,0.219058379708,0.0585721584882
1998-01-14,35.9719585523,2.25270172537,2.23027121534
1998-01-23,34.7900017297,2.18857139152,2.69124938108
1998-05-22,35.9719585523,0.731083774112,0.361842952787
1998-06-07,35.9719585523,0.649142063114,0.254918251803
1998-10-29,35.9719585523,2.40336059038,2.31208936816
1998-11-14,35.9719585523,2.64510375474,2.66421139877
1999-01-01,35.9719585523,2.58837488438,2.59156293887
1999-04-07,35.9719585523,1.3256795202,1.14923191566
2001-04-12,33.3955148282,0.302553792169,0.0828420467529
2001-04-21,35.9719585523,0.704970529117,0.595764258803
2001-05-30,35.9710580932,0.557044548354,0.115957747425
2001-09-12,32.7706124042,3.12819151379,3.36771413049
2003-11-21,35.9719585523,1.08704591559,1.107756607
2003-12-07,35.9719585523,1.08074273627,1.04292347406
2004-02-09,35.9665557841,0.982592650759,0.910569980954
2004-02-25,35.849498362,0.884442478701,0.798955354505
2004-03-03,35.9719585523,0.906996399178,0.797112040097
2004-03-12,35.9719585523,0.853840975949,0.777301890683
2004-03-19,35.9719585523,0.815107037783,0.675214481982
2004-03-28,35.8395902804,0.72325953052,0.632369687269
2004-04-13,35.9719585523,0.664744309628,0.268475560484
2004-04-29,35.9719585523,0.628725865353,0.356494231937
2004-05-06,35.9189446843,0.214628620403,0.0733226708728
2004-05-15,35.9719585523,0.607114700497,0.52487994965
2004-05-22,35.9710580851,0.427965646925,0.0
2004-10-06,35.9719585523,0.587869392687,0.636830302975
2004-10-22,35.9719585523,0.42582890192,0.376052858718
2004-10-29,35.9719585523,0.386858403274,0.359844568923
2004-11-07,35.9719585523,0.434833550236,0.36009530463
2004-11-14,35.9719585523,0.428530338016,0.383507178898
2004-11-23,35.9719585523,0.403967270095,0.33823365956
2004-11-30,35.9719585523,0.405118450016,0.340034524612
2004-12-09,35.9719585523,0.401516648929,0.332435293498
2004-12-16,35.9719585523,0.384743424574,0.332996802833
2005-01-10,35.9719585523,0.346337938613,0.309094082935
2005-01-26,35.9719585523,0.323176670719,0.294111168288
2005-02-02,35.9719585523,0.631468849012,0.700804064466
2005-02-18,35.9719585523,0.634735225284,0.535684704899
2005-02-27,35.9719585523,0.608621938724,0.509571396854
2005-03-06,35.9719585523,0.600853278761,0.520376902958
2005-03-15,35.9719585523,0.570802614811,0.472401867446
2005-03-31,35.9719585523,0.463648036808,0.340934826369
2005-04-07,35.9719585523,0.474453528202,0.398564200698
2005-05-02,35.9719585523,0.393161585647,0.316622497939
2005-05-09,33.6560209405,0.210972554412,0.0
2005-05-18,34.1825310794,0.322025322097,0.155263874649
2005-06-10,35.9719585523,0.212536559353,0.0
2005-06-19,35.9719585523,0.24908805776,0.111374033108
2005-08-29,35.3883686813,4.14145550807,4.41609621827
2005-09-30,35.9647549247,4.92171593073,5.43227741651
2005-10-09,35.9719585523,4.71886145018,4.96219795003
2005-11-10,35.9719585523,4.03916990289,4.0255080186
2005-11-17,35.9719585523,4.03466774255,3.94177937938
2006-02-05,35.9719585523,3.58746391778,3.42355202592
2006-02-14,35.9719585523,3.52638790772,3.52569537914
2006-02-21,35.9719585523,3.41025669087,3.53565545452
2006-03-02,34.825174616,3.28866637268,3.15629879444
2006-04-10,35.9719585523,2.67366618121,2.45276037226
2006-05-05,35.9674562741,2.08300718989,1.8335801139
2006-05-12,35.1756886208,0.98668215846,0.0
2006-05-21,35.9719585523,1.9434359897,1.76030731964
2006-05-28,35.4598946978,1.33378695269,0.68458016953
2006-06-13,35.8385211202,1.72862193395,1.22822518744
2006-09-10,35.6905455731,4.91765114375,5.41426805122
2006-09-26,35.9719585523,4.82220219483,5.26208997144
2006-10-12,35.9710580995,3.79364109025,3.89089088523
2006-10-19,35.9719585523,2.91952048568,2.96436007196
2006-11-13,35.9719585523,1.70025686658,1.63812540387
2006-11-29,35.9719585523,1.65343298737,1.61111162415
2006-12-06,35.6973563881,1.62556121308,1.5922160686
2006-12-15,35.9719585523,1.59581777655,1.5490363047
2006-12-31,35.9719585523,1.56428764386,1.58282612078
2007-01-16,35.9719585523,1.55982766999,1.57507134249
2007-02-01,35.9719585523,1.50128366554,1.43462152375
2007-02-17,35.9719585523,1.41391076587,1.32984674297
2007-03-05,35.9719585523,1.34999221679,1.25348414077
2007-03-21,34.7997486955,0.59790012601,0.543014534168
2007-04-06,35.9719585523,1.23023097528,1.10477411133
2007-04-22,35.9719585523,1.11587265551,0.96070071619
2008-02-20,35.9719585523,1.28245776849,1.1978145296
2008-03-07,35.9701576278,1.25274256225,1.14382935805
2008-04-15,35.9719585523,1.01416313679,0.787279246485
2008-04-24,35.9719585523,0.984448013746,0.789362591384
2008-05-01,35.9719585523,0.881460180485,0.0648328851929
2008-05-10,35.9719585523,0.859849117435,0.600506449851
2008-05-17,35.9719585523,0.804020626774,0.0225113673706
2008-05-26,35.9719585523,0.689411642959,0.0
2008-06-02,31.2787159632,0.080140704895,0.0
2008-10-01,35.9719585523,1.37524686641,1.51301736677
2008-11-02,35.9719585523,0.792315082035,0.741638571303
2008-11-09,35.9683567238,0.730183392338,0.787812626224
2008-11-18,35.9719585523,0.814826561832,0.740988868839
2008-11-25,35.9719585523,0.75449578809,0.68400925801
2008-12-04,35.9719585523,0.770704079288,0.697032248989
2009-01-05,35.9719585523,0.70857241724,0.886699005911
2009-01-12,35.9719585523,0.672554139042,0.791378090423
2009-01-21,35.9719585523,0.644639929203,0.599616842228
2009-02-06,35.9719585523,0.625730321781,0.565148798598
2009-02-13,35.9719585523,0.573252975844,0.505718517043
2009-02-22,35.8761810179,0.506117257706,0.445786562393
2009-03-01,35.9719585523,0.514723159255,0.438184110732
2009-03-17,35.9503475636,0.818430923343,0.456546355265
2009-03-26,35.9719585523,0.466098387466,0.364713709377
2009-04-02,35.9719585523,0.43908458174,0.346676266907
2009-04-11,35.9719585523,0.426492313904,0.335870783451
2009-04-18,35.9719585523,0.379121029628,0.18889465082
2009-04-27,35.8507707341,0.207906473725,0.0
2009-05-04,35.9719585523,0.283644270695,0.00441403064204
2009-05-13,35.9719585523,0.300883503999,0.00270137841797
2009-05-20,35.9701576422,0.268015061565,0.0
2009-05-29,35.9581303776,0.242879886343,0.0
2009-06-05,35.970157642,0.0965963058515,0.0
2009-06-14,35.9719585523,0.262997172427,0.106727249152
2009-06-21,35.9698362876,0.0853421300683,0.0
2009-08-17,35.966555869,2.25756985942,2.39991344165
2009-08-24,33.5494981425,2.08469522601,2.35579084839
2009-09-18,35.9719585523,2.5863504432,2.74730740049
2009-09-25,35.9719585523,2.48910090267,2.57644590847
2009-10-11,35.9719585523,0.995254004652,0.93042096742
2009-10-20,35.9719585523,0.834636416813,0.837337828556
2009-10-27,35.9719585523,0.861650195682,0.810973723525
2009-11-05,35.9719585523,0.836437347599,0.813025408817
2009-11-21,35.9719585523,0.860749771915,0.84904378107
2009-12-07,35.9719585523,0.849043760685,0.838238159061
2009-12-14,35.9719585523,0.805821706241,0.830299851894
2010-01-15,35.9719585523,0.767102052067,0.777511893951
2010-01-24,35.9719585523,0.77070390076,0.725681008426
2010-01-31,35.9719585523,0.738287395328,0.706771348209
2010-02-25,35.9719585523,0.681558466129,0.598465556655
2010-03-29,35.9719585523,0.593415872111,0.4799722579
2010-04-14,35.9719585523,0.52227971464,0.208602543948
2010-04-21,35.9719585523,0.417826466471,0.0
2010-05-16,35.9719585523,0.401268613618,0.226611463607
2010-05-23,35.9719585523,0.417840602841,0.271891977221
2010-06-01,35.9719585523,0.316445374837,0.0
2010-06-08,35.9719585523,0.374268939006,0.0815320381774
2010-09-21,31.834643569,3.66392779307,4.22427987855
2010-09-28,35.9719585523,4.87623057588,5.43251405257
2010-10-23,35.1172197626,3.81167832842,3.9550600723
2010-11-15,35.9719585523,3.65335243775,3.73799606317
2010-12-10,35.9667712737,3.60202613306,3.63804483631
2010-12-17,35.9719585523,3.55072815993,3.49357556308
2010-12-26,35.9719585523,3.54889890137,3.55875790743
2011-01-02,35.9719585523,3.48316537952,3.46330932141
2011-01-18,35.9719585523,3.45074884339,3.30128675213
2011-01-27,35.9710580915,3.42373502771,3.32856535421
2011-02-03,35.9719585523,3.33368894904,3.21036853115
2011-02-12,35.9710580974,3.25986540789,3.1175928977
2011-02-19,35.9611531551,3.19591847345,3.15719803632
2011-02-28,35.9710580916,3.11038902972,2.98342422326
2011-03-07,35.9719585523,2.93838711347,2.84025060101
2011-03-23,35.9503475508,2.69886490283,2.46570229512
2011-04-01,35.882082493,2.30378882197,0.73207202179
2011-04-08,35.9719585523,2.3945658766,2.12442772853
2011-04-17,35.9719585523,2.23604282129,2.02897961201
2011-05-03,35.9719585523,1.83054307935,1.66395817682
2011-06-11,35.9656553686,1.02283193354,0.076185780064
2011-10-01,35.9719585523,4.34315849806,4.61015779218
2011-10-26,35.9719585523,1.72818471392,1.72282434749