Date,Rarea,NDWI,MNDWI
1988-01-21,96.0682427252,11.7510335202,11.3607572401
1988-02-06,96.0682427252,11.2295802295,10.816911262
1988-03-09,94.2299483895,10.5265717433,10.1191343069
1988-05-28,88.4525656236,1.92827200488,0.0
1988-10-19,96.0682427252,5.41974558496,5.09210939526
1988-11-20,96.0682427252,5.13462858618,4.71195507715
1988-12-06,96.0682427252,5.02208298218,4.63192202515
1988-12-22,96.0682427252,4.9220415022,4.54688730005
1989-02-24,96.0682427252,4.3768192959,4.2092489646
1989-03-12,96.0682427252,4.19674584937,4.06919200708
1989-05-31,96.065741659,3.55148058765,2.94122759888
1989-11-07,96.0682427252,14.5223733641,14.0506997451
1989-11-23,96.0682427252,14.2634069624,13.7955986931
1989-12-09,96.0682427252,14.0523412419,13.6030222678
1990-01-10,96.0682427252,13.5240850191,13.1367408332
1990-01-26,96.0682427252,12.8895381473,12.4634924769
1990-02-11,96.0682427252,12.4000488674,12.0588107717
1990-03-15,96.0682427252,11.5522110757,11.2770964236
1990-04-16,96.0682427252,10.2241811072,9.71647297607
1990-05-02,96.0682427252,9.67396139893,9.00118464575
1991-01-29,96.0682427252,25.4777585196,24.9761349741
1991-02-14,96.0682427252,24.5297064259,23.9395041365
1991-03-18,96.0682427252,22.8532839765,22.2339293983
1991-04-03,96.0682427252,21.0070348349,20.580953664
1991-05-21,96.0682427252,16.4980329205,15.2986839863
1991-09-26,94.832739305,17.0958771614,19.6538758358
1991-10-12,96.0682427252,16.0303324927,18.063642251
1991-10-28,92.7547568762,12.5964804124,14.2646462474
1991-11-13,96.0657416712,14.2271270945,15.5651571861
1991-11-29,96.0682427252,14.6659409336,15.3075545755
1991-12-15,96.0582386881,14.6409289521,14.8034909053
1992-01-16,96.0682427252,12.5046138175,12.7148830345
1992-02-01,96.0682427252,12.0373980649,12.0735791689
1992-02-17,95.5855515792,11.0895216389,10.9153425817
1992-03-04,96.0682427252,10.0366014065,9.71897005859
1992-03-20,96.0507356212,9.19126536694,8.76358993286
1992-04-21,96.0682427252,6.56520942554,6.17004683325
1992-09-28,85.707347833,22.7678692,24.2974183707
1992-10-14,96.0682427252,21.7809594404,23.0066870012
1992-12-01,96.0682427252,19.6264117209,19.8588415484
1992-12-17,96.0682427252,19.4291848587,19.4363321755
1993-01-02,96.0682427252,19.2166016336,19.1215609283
1993-01-18,96.0682427252,18.9765086739,18.7961190302
1993-02-03,96.0682427252,18.4237905284,18.1914304233
1993-02-19,96.0682427252,17.7110097852,17.1207686741
1993-04-08,96.0632407887,16.0603600098,15.6701991565
1993-04-24,96.0582384925,14.8585192214,14.0156735359
1993-10-17,95.2132264792,19.8673342012,20.4427542622
1993-11-02,95.9090997997,19.6235116837,20.1928395205
1993-11-18,96.0682427252,19.5690077658,19.8866295866
1993-12-20,96.0632407555,18.9991351104,19.0041340328
1994-02-06,96.0682427252,18.0462602491,18.0021698268
1994-02-22,95.1488486309,17.4083923965,17.1657903248
1994-04-11,96.0682427252,14.9885723347,14.7984907734
1994-04-27,92.2941249937,12.6376007896,12.1974207185
1994-12-23,96.0682427252,19.8144573616,19.8018326451
1995-03-13,96.0682427252,15.4987778247,15.1336254131
1995-03-29,96.0682427252,14.13073474,13.7380730261
1995-04-14,96.0682427252,12.0624095034,11.7772922988
1995-12-10,96.0682427252,13.8306147202,13.6905555977
1996-01-11,91.9304483866,13.1138346518,14.7971496753
1996-01-27,96.0682427252,12.8877415808,12.6921329636
1996-09-23,96.0682427252,11.1121560042,11.2046921565
1996-10-09,96.0682427252,6.53770014673,6.35274072266
1996-10-25,96.0682427252,5.51228410547,5.39235059644
1997-08-09,95.9252753988,10.0517330078,12.3523791607
1998-01-16,96.0682427252,13.7532065234,13.8416296203
1999-12-05,96.0682427252,12.3201378533,12.3326388789
2001-02-09,96.0682427252,4.271776552,4.23425799536
2001-09-21,96.0682427252,19.516371319,20.6397016717
2001-10-23,96.0682427252,17.7035078277,17.9862324324
2003-11-14,96.0682427252,26.154028925,26.6029507139
2004-02-18,96.0682427252,25.3253141352,25.3680521691
2004-03-05,96.0682427252,24.4813637819,24.2028804855
2004-03-21,96.0682427252,23.2862128518,22.5586510256
2004-04-22,96.0682427252,20.8985060116,20.0506627731
2004-05-08,96.0682427252,19.4892081793,18.7840014966
2004-05-24,96.0657416544,18.3087386529,15.9639207424
2004-09-29,88.9100345269,19.0016242689,19.9419984332
2004-10-15,94.8652485011,17.1058791324,17.6036131904
2004-11-16,96.0682427252,16.3180763362,16.0953687115
2004-12-02,96.0682427252,16.2629403279,16.1603949727
2004-12-18,96.0682427252,16.1228856106,15.9152976109
2005-01-19,96.0682427252,15.688606364,15.6772721642
2005-02-04,96.0682427252,15.9909604418,16.2421632321
2005-03-24,96.0682427252,14.2607864961,14.1307265254
2005-04-09,94.4301032821,13.3029094973,13.1378378608
2005-05-11,96.055737849,11.1695573523,7.82069878516
2005-06-12,95.9531949962,9.80650820459,0.577736237549
2005-08-31,90.5786010123,17.8325223028,18.9459074322
2005-11-03,96.0682427252,19.40179643,20.2879183045
2005-11-19,96.0682427252,19.6167639675,19.759275648
2006-02-07,96.0682427252,18.3730303959,18.4456603645
2006-02-23,96.0682427252,17.8909678864,17.6827091879
2006-04-12,91.1711756478,13.3517179993,13.21529547
2006-05-14,95.6694474562,13.3129081904,9.70392292261
2006-05-30,84.0833494107,1.91075729102,0.285111349609
2006-06-15,96.0682427252,12.3025066626,12.2449795061
2006-10-05,95.4554966812,21.7763131665,23.0673448706
2006-10-21,95.0860554903,20.4284438673,20.9661496046
2006-11-22,96.0682427252,19.5969496592,19.751300162
2006-12-08,96.0682427252,19.5593577584,19.6987315536
2007-01-25,96.0557379876,18.0711545672,18.3878359997
2007-02-10,90.2641262349,15.8252907374,15.9115296607
2007-02-26,96.0457337315,16.5330492461,16.4855217481
2007-03-14,96.0682427252,15.3662253418,15.098609417
2007-03-30,96.0582387877,13.838118311,13.4929747822
2007-04-15,96.0657416544,11.0520052927,10.7493800305
2007-05-01,96.0132195858,9.6689506731,8.99617657007
2007-05-17,96.0682427252,9.16625292236,6.06747374634
2007-06-02,95.7706189317,8.76859090454,7.18543713086
2008-02-29,96.0682427252,20.4172756164,20.1228827333
2008-04-01,95.9106789745,18.416290564,18.1886914839
2008-04-17,96.0682427252,16.741766741,16.1140088203
2008-05-03,96.0682427252,14.3508194167,13.2578730798
2008-05-19,96.0682427252,12.930256603,11.522180252
2008-09-24,87.2899141255,12.8141737266,13.7738774998
2008-10-10,93.1905626023,13.4105648096,13.7131827964
2008-10-26,84.6526695098,10.2592012104,10.2443117356
2008-11-11,94.359102838,10.5466946659,10.3895138281
2008-11-27,85.8283932422,9.03608909123,8.78860723755
2008-12-13,96.0632406698,10.3472029411,10.1066334189
2008-12-29,96.0682427252,10.1389907048,10.1685681719
2009-01-14,96.0632406419,9.87118885869,10.2100094067
2009-01-30,96.0582386222,9.77389100651,10.1619007153
2009-02-15,96.0682427252,9.16114089885,9.19344962479
2009-03-03,96.0682427252,8.77098464885,8.57590113566
2009-03-19,93.2931417348,7.85061387273,7.66815392969
2009-04-04,96.0682427252,7.0077746176,6.49768145142
2009-04-20,96.0682427252,6.24496371574,5.36221500952
2009-05-06,96.0682427252,5.87981502751,5.33470709985
2009-05-22,90.7460210487,1.77810671696,1.05292814917
2009-06-07,96.0507353643,5.46714710515,4.49435777515
2009-06-23,96.0332281656,5.12450783928,2.12838163745
2009-10-13,96.0682427252,19.0841747671,19.2691270171
2009-10-29,95.6705867013,15.5513011027,15.3163220344
2009-11-14,87.4979840136,15.3036984284,14.9935717477
2009-11-30,96.0682427252,14.903539747,14.6859484541
2009-12-16,96.0682427252,14.7233520956,14.5482785441
2010-01-17,96.0682427252,14.2045467202,14.6705339965
2010-02-02,96.0007165462,14.0080682055,14.8418720643
2010-04-07,96.0557375516,12.3649160495,11.7447773057
2010-04-23,96.0682427252,11.6071137782,11.137037238
2010-05-09,96.0507355782,10.2715808175,8.95865794531
2010-05-25,94.3100146522,6.93533136035,0.0
2010-12-19,96.0682427252,18.7146056812,18.5280063081
2011-01-04,96.0682427252,18.5998322468,18.7222558409
2011-01-20,96.0682427252,17.7159668906,17.7947406365
2011-02-05,96.0682427252,16.7455180384,17.4268147953
2011-03-09,96.0682427252,14.0630928566,13.7324055397
2011-04-26,96.0682427252,9.41123845769,8.96117034937
2011-10-19,96.0682427252,23.33496492,24.2421337549
2011-11-04,96.0682427252,22.2392387885,22.4917065068