Date,Rarea,NDWI,MNDWI
1988-03-30,88.3730721803,7.19712718729,6.41043362029
1990-01-31,88.2053273565,13.8308683996,11.4315015932
1990-02-16,76.2640803708,13.1815155068,10.3269080427
1990-03-04,88.475526226,12.082929963,10.2853079716
1990-12-17,88.478025099,13.2887456861,13.0171556748
1991-02-19,88.475526226,12.5733947924,11.7008432666
1991-03-07,88.478025099,11.9143922139,11.0956038939
1991-03-23,88.478025099,11.1276779404,10.5708371764
1992-01-21,88.4730273156,7.41134863851,7.1073885011
1992-03-09,88.478025099,6.44018718738,6.28955890131
1992-03-25,88.478025099,6.20779108044,5.93221990229
1992-04-10,88.4405417651,5.91538402386,5.61236340985
1992-04-26,88.478025099,5.54989000946,5.34998112519
1993-01-07,88.478025099,12.3349581531,12.2051759737
1993-01-23,88.475526226,11.8862569369,11.7013818039
1993-02-24,88.475526226,10.9943094708,10.5024659183
1993-03-12,88.478025099,10.6420438664,10.2402788193
1993-04-29,88.478025099,8.11193519226,7.84397909644
1993-05-15,88.478025099,7.41155298578,7.07932187402
1993-07-18,88.478025099,10.8842454257,11.2414259369
1993-12-25,88.478025099,12.0900688982,11.9402951434
1994-02-27,88.475526226,10.3293344049,9.98609888147
1994-03-31,79.6088437412,15.4489995969,9.64387306917
1994-05-18,88.478025099,7.36386874984,7.05171670404
1994-09-23,77.5831160906,12.2886241435,12.5348745212
1994-10-25,88.478025099,12.7257668446,12.853278098
1994-12-12,88.478025099,12.5399056911,12.3999317046
1995-01-13,88.478025099,11.6652939597,11.46133015
1995-02-14,88.1631669015,10.4748867665,10.1854614446
1995-05-05,88.478025099,8.14601766171,7.86888903675
1995-12-15,88.478025099,8.30925697582,8.09435461009
1996-01-16,88.478025099,7.58957900365,7.35468645238
1996-02-01,88.470528454,7.47712872362,6.95600312227
1996-03-04,88.478025099,6.27115270032,5.94041094861
1996-04-05,88.478025099,5.9405852967,5.29320132629
1996-05-07,88.478025099,4.77093577575,4.57044828076
1996-10-14,88.4630312675,12.0937084973,12.3669874531
1996-10-30,88.478025099,12.451440051,12.8697212378
1996-11-15,88.478025099,12.5750119051,12.6634527207
1996-12-01,88.478025099,12.6423235622,12.6559555127
1996-12-17,88.478025099,12.5708360831,12.4998888174
1997-01-18,88.478025099,12.2975135068,12.1152157674
1997-02-19,88.478025099,11.2773134269,11.0331322992
1997-03-23,88.478025099,9.94096155767,9.73063635449
1997-10-01,88.478025099,9.35584418231,9.44068783802
1997-10-17,88.478025099,9.25642707312,9.31140232751
1997-11-02,75.8435484488,9.6395234337,9.92587136153
1997-11-18,86.244268318,9.26244532834,9.68395862549
1998-02-22,88.475526226,9.85116032776,9.65624925915
1998-03-10,88.478025099,9.38136960534,9.21394687024
1998-03-26,88.478025099,8.76414572009,8.58107266443
1998-04-11,88.478025099,8.2443777428,8.03639455981
1998-04-27,88.478025099,7.82706544739,7.70642401044
1998-05-13,88.478025099,7.42470621112,7.22913803974
1998-05-29,88.478025099,6.89428803266,6.60703540259
1998-11-05,88.478025099,12.4458927723,12.7447770015
1998-11-21,88.478025099,12.5475240464,12.7199459561
1998-12-07,88.478025099,12.615816861,12.6972999829
1998-12-23,88.478025099,12.6698116028,12.7422790884
1999-01-08,88.478025099,12.4374151743,12.4998875132
1999-01-24,88.478025099,12.2425017959,12.2100169419
1999-02-09,88.478025099,12.1375458171,12.0702366492
1999-02-25,88.478025099,11.7077392163,11.6337555709
1999-03-13,88.478025099,11.2829281037,11.1139878937
1999-03-29,88.478025099,10.7883067886,10.5752977343
1999-04-14,88.478025099,10.4219525502,10.1729787272
1999-04-30,88.478025099,10.0945985034,9.79314869891
1999-11-24,88.478025099,12.4624050373,12.6373274756
1999-12-26,88.478025099,12.4848937392,12.5423689975
2000-02-12,87.3410370226,10.6307259573,10.5044246254
2000-04-16,88.478025099,9.96450084779,9.70818712689
2000-10-25,88.478025099,11.2256135401,11.3978807002
2001-03-18,88.478025099,7.6326476627,7.2266774076
2001-04-03,88.478025099,7.20256614842,6.66942760047
2001-04-19,88.478025099,6.57254712494,6.25211430237
2001-05-05,87.5834235221,5.25321824573,4.87281361548
2001-06-06,88.478025099,5.64613043389,4.83782776318
2004-04-11,88.478025099,4.29807117725,4.05318209009
2004-11-21,88.478025099,3.09111377051,3.06862458081
2005-01-08,88.4430408361,2.81123898022,2.77875396729
2005-02-09,88.478025099,2.67629761206,2.5038764939
2005-03-29,88.478025099,2.0315872251,1.93663060498
2005-10-23,88.478025099,11.4438414511,11.7177368242
2006-02-28,88.4730272948,9.27632579808,8.99009507711
2006-05-03,88.478025099,7.60716456213,7.38422678168
2006-05-19,88.478025099,7.61150474524,7.18419817713
2006-06-20,82.5520717913,7.42661445883,6.86691641748
2006-10-10,88.478025099,12.1083774311,12.6205286075
2006-12-13,88.4730274008,12.5198766741,12.8032990909
2006-12-29,87.9032827443,11.8483038809,12.1111079523
2007-02-15,88.478025099,10.5359195482,10.2384881002
2007-09-11,88.4764669549,10.3944677465,10.961389131
2008-04-22,88.478025099,5.45859729986,5.21020051703
2008-05-08,88.478025099,4.96085115222,4.70039140381
2008-05-24,88.4630318156,4.29111329266,3.99320969971
2008-10-31,88.478025099,5.41669551778,5.49817761822
2008-12-18,88.478025099,5.24411501673,5.15181403218
2009-01-03,87.545943392,4.78334084862,4.73851852301
2009-01-19,88.478025099,4.92343600982,4.88443437618
2009-02-04,88.478025099,4.83347580157,4.74789797191
2009-02-20,82.6648973881,2.69526643644,2.40892156958
2009-03-08,88.478025099,4.32554861492,4.23563896283
2009-03-24,86.1429318082,4.20024960169,4.07309356262
2009-04-09,88.478025099,3.81066202287,3.7758060188
2009-04-25,88.478025099,3.44403331555,3.3509983606
2009-05-11,88.448038496,3.17665286706,3.12352090442
2009-06-12,88.478025099,2.71370350501,2.72881558758
2009-10-18,88.478025099,4.95257002553,5.20678895528
2009-11-03,88.478025099,4.98188944258,5.11584869317
2009-11-19,88.478025099,5.22178056636,5.26426161397
2010-01-22,88.478025099,4.85096781793,4.86694130879
2010-02-07,88.478025099,4.74433905189,4.78197985201
2010-02-23,88.478025099,4.84186094537,4.67952627657
2010-03-27,88.0507168339,3.92420350745,3.75835257074
2010-04-12,88.478025099,3.74639720862,3.86580520965
2010-04-28,88.4555351093,3.46582769159,3.53841305469
2010-05-14,88.478025099,3.31839320014,3.34100189502
2010-05-30,88.478025099,3.04851389887,3.02864139722
2011-01-25,88.478025099,11.8803942662,11.7162184257
2011-02-10,88.4730272966,11.552412059,11.1706377562
2011-02-26,88.478025099,11.0080498931,10.7066682462
2011-03-30,88.478025099,9.39565525334,8.99154525256
2011-05-01,88.478025099,8.78936741942,8.3036962301
2011-05-17,88.478025099,8.24187876794,7.93382239081
2011-10-08,88.478025099,10.916734944,11.2104644394
2011-10-24,88.478025099,10.9442216455,11.1539696239
2011-11-09,88.4755262345,10.9515604501,11.0730242786