Date,Rarea,NDWI,MNDWI
1989-12-05,39.8570517945,6.33864268949,5.87298919608
1989-12-21,39.8570517945,6.43866641771,5.78934605947
1990-01-31,35.10005205,6.72138472257,5.35880755723
1990-02-16,38.6243169789,6.36147719207,5.27912394708
1990-02-23,39.8570517945,6.73553125331,5.17022996064
1990-03-04,39.8570517945,6.09503652566,5.02430551489
1991-01-25,39.8570517945,7.05389192624,5.71373894598
1991-02-10,39.8570517945,6.6331415224,5.4781158407
1991-02-26,39.8570517945,7.17857862225,5.37186608331
1991-03-14,39.8570517945,5.98224213981,5.06932625757
1991-03-30,39.8570517945,6.35327208135,4.83431737415
1991-05-17,39.8570517945,5.38590037367,3.97351841846
1991-11-09,39.8507490094,7.62050666127,4.71072931661
1991-12-11,39.8570517945,6.81633862586,3.69348283304
1992-01-12,39.8570517945,3.39461850809,3.09921618524
1992-01-28,39.8570517945,3.03598611668,2.78767328772
1992-02-13,39.8570517945,2.85970614417,2.68682692487
1992-02-29,39.8570517945,2.6337024787,2.50134186633
1992-03-09,34.5007017218,2.56977309381,2.44101402271
1992-03-16,39.8570517945,2.56887264868,2.40409710956
1992-03-25,35.8228358469,2.54906360651,2.37978597192
1992-04-01,39.0209650101,3.05740049044,2.50730620771
1992-04-10,35.3872574243,2.51484778149,2.32396028113
1992-04-26,35.6817224868,2.49323788031,2.27893965778
1992-06-04,39.8570517945,2.31983711399,2.14207741821
1992-11-11,39.8570517945,5.71402160919,5.71579834524
1992-11-27,39.8570517945,5.81475508261,5.7094954161
1992-12-29,39.8570517945,5.82261505047,5.65881426605
1993-01-30,39.8570517945,5.72912261578,5.47901655444
1993-02-15,39.8570517945,5.62811362699,5.39167612573
1993-03-03,39.8570517945,5.85589842659,5.18277910657
1993-03-19,39.8570517945,5.22485761452,4.95047116663
1993-04-04,39.8570517945,5.1068561583,4.74067380524
1993-05-06,39.8570517945,4.37096507352,4.1139831861
1993-06-07,39.8570517945,3.85053525175,3.43507032733
1993-08-26,39.8570517945,4.63982607037,4.83566584382
1993-10-29,39.8570517945,5.70941906544,5.75361499874
1993-11-30,39.8570517945,5.68743165237,5.66900405579
1993-12-16,39.8570517945,5.82831291267,5.74847746152
1994-01-01,39.8570517945,5.94356605047,5.79339612155
1994-02-02,39.8570517945,5.64958591986,5.53574245868
1994-02-18,39.8570517945,5.6447515613,5.40968399811
1994-03-06,39.8570517945,5.39788945531,5.20528920978
1994-05-09,39.8570517945,4.43363046863,4.14099528589
1994-09-14,38.9684527378,3.74121290021,3.7997403335
1994-09-30,39.8570517945,4.12028550909,4.07886688184
1994-10-16,38.2830965316,3.98072078424,4.20846019697
1994-11-01,39.8397676445,4.13013016007,3.96355726452
1994-11-17,39.8570517945,4.44257480288,4.05124747363
1994-12-03,39.8570517945,4.10023323323,3.90385849405
1994-12-19,39.8570517945,3.899182957,3.61856495199
1995-01-04,39.8570517945,3.75179456417,3.46477767325
1995-01-20,39.8570517945,3.87225136742,3.46611607134
1995-03-09,39.8570517945,3.39632243372,2.88491761145
1995-11-04,39.8570517945,5.28807026194,5.27552137262
1995-12-06,39.8269150751,5.328302865,5.31575440112
1996-02-08,39.8516493105,5.19742334832,4.87933763007
1996-02-24,39.8570517945,4.78637502136,4.66413774432
1996-03-11,39.8570517945,4.75337377139,4.5740960979
1996-03-27,39.8570517945,4.32608559747,4.17971349408
1996-04-12,39.8570517945,4.22200116626,4.04555169818
1996-05-14,39.8570517945,3.59212026829,3.39185064398
1996-05-30,39.8570517945,3.3938887658,3.19890444756
1996-10-21,35.2826102839,5.263923518,5.37053624025
1996-11-06,39.8570517945,5.64742015874,5.73206030785
1997-01-09,39.8570517945,5.62416118123,5.59218223767
1997-01-25,39.8570517945,5.59870607283,5.4601066806
1998-02-13,39.8570517945,5.51230138686,5.48531836261
1998-03-17,39.8570517945,5.37906765411,5.3349481955
1998-04-02,39.8570517945,5.05578666657,4.96127503705
1998-04-18,39.8570517945,4.8746931943,4.74427495319
1998-05-04,39.8570517945,4.58450436423,4.4444356795
1998-06-05,39.7976246647,3.96918895559,3.83035231158
1998-10-27,39.8570517945,5.50869845388,5.85892960984
1998-12-14,35.1224945986,1.51623963383,1.31460480212
1998-12-30,39.8570517945,5.50239605038,5.61134805691
1999-01-15,39.8570517945,5.51174976032,5.61402127366
1999-01-31,39.8570517945,5.3515748554,5.41958744611
1999-02-16,39.8570517945,5.47002016969,5.45650508521
1999-02-25,34.7081957716,5.08372988556,5.15126258759
1999-03-04,39.8564903636,5.17941145886,5.24629808154
1999-03-20,39.8570517945,4.77367667454,4.91355341296
1999-04-05,39.8570517945,4.55298964255,4.69205063031
1999-04-21,39.8570517945,4.28294956468,4.3453895871
2000-02-03,39.8570517945,4.762197226,4.81900933038
2000-02-12,39.8570517945,4.73887107611,4.80730410077
2000-05-09,39.8570517945,3.60074622034,3.51970864838
2000-05-25,34.9864083124,2.27481615647,2.13397436731
2001-02-21,39.8570517945,4.38360887999,4.41472193738
2006-12-13,39.6679653985,4.79591716302,5.14991009122
2006-12-29,39.8480477015,4.74967544629,4.97883130735
2007-01-30,39.8570517945,4.63470090904,4.66053568561
2007-02-15,39.8570517945,4.32372194561,4.3687998811
2008-04-13,39.8561513819,3.88496578025,3.78353009076
2008-04-29,39.8570517945,3.46928519611,3.38644739392
2008-05-31,39.8570517945,2.75795827582,2.66341512732
2008-10-06,39.8570517945,5.0513145932,5.64396707354
2008-10-22,39.3501179259,4.72086324176,5.19673288437
2008-10-31,39.765397989,5.14670304881,5.54829024003
2008-12-09,39.8570517945,5.13274429585,5.33719687223
2008-12-25,39.8570517945,4.95541937894,5.11749544102
2009-02-11,39.8570517945,4.48630246006,4.49800838639
2009-02-27,39.8570517945,4.27290351975,4.21392838812
2009-03-15,39.8570517945,4.29305886659,4.20807422941
2009-03-31,39.8570517945,3.92548438651,3.82674971375
2009-04-16,39.8570517945,3.62826324972,3.50620242914
2009-05-02,39.8570517945,3.28379959448,3.08570883344
2009-06-03,39.3609290994,2.50771088997,2.3095531684
2009-10-09,35.984964679,5.06214965941,5.46277973391
2009-10-25,39.8570517945,5.11617378795,5.54063479176
2009-11-26,39.8570517945,5.31645774023,5.63793597642
2009-12-12,39.8570517945,5.26201263434,5.62530255316
2010-01-13,34.1508231351,4.97077948126,5.12559490659
2010-01-29,37.949068454,4.27825102514,4.29001503763
2010-02-14,39.8570517945,5.05806713511,5.21069103607
2010-04-03,39.8570517945,4.37870387006,4.39131030743
2010-04-19,39.8552509651,4.15179907178,4.02754195398
2010-05-05,39.8570517945,3.92219362988,3.81774557556
2010-06-06,34.4033133183,2.66521774969,2.44101487964
2010-11-29,39.8489479714,5.32195879158,5.55737877531
2011-01-16,39.8570517945,5.29352819391,5.28812656183
2011-02-01,39.8570517945,5.1985318252,5.10354123474
2011-02-17,39.8570517945,4.96153916667,4.92075624139
2011-04-06,39.8570517945,4.39851336383,4.28506137457
2011-05-08,39.8570517945,3.87177010382,3.66917714539