Date,Rarea,NDWI,MNDWI
1990-01-31,47.8905243845,5.84413881182,5.22815356915
1990-02-16,47.8905243845,5.50943140766,4.98146596173
1990-03-04,47.8905243845,5.37083537078,4.82391002795
1990-12-17,47.8905243845,6.43038804045,6.09516019312
1991-02-03,47.8905243845,5.93850614844,5.42802399158
1991-02-19,47.8905243845,5.76834588116,5.19124022864
1991-03-07,47.8905243845,5.56492701643,4.79780044128
1991-03-23,47.8905243845,5.11689245637,4.52950531836
1992-01-05,47.8833217952,4.83739724187,4.40300915048
1992-01-21,47.8905243845,4.40706260681,4.10005385437
1992-03-09,47.8905243845,3.21323935706,2.9602496922
1992-03-25,47.8905243845,2.91163218646,2.63523417261
1992-04-10,47.8905243845,2.68698640372,2.4128552356
1993-02-24,47.8860227812,2.33404746549,1.98610367322
1993-03-12,43.5386366494,2.38001064321,1.87892525475
1993-04-29,47.8905243845,1.81234236023,1.68719801532
1993-05-15,47.8905243845,1.69710156769,1.50713426031
1993-12-25,47.8869230602,6.11046588452,5.97901911877
1994-02-11,47.8905243845,5.59728468262,5.27316945837
1994-02-27,47.6771512991,5.3695038938,5.02108012335
1994-03-31,47.5837208269,4.75940947656,4.28011752722
1994-05-18,47.8905243845,3.42931547894,3.17632619397
1994-06-03,47.8824215555,3.47501588439,2.84410791803
1994-12-12,47.8878233907,2.30031519336,2.18777528156
1995-01-13,47.8878233907,2.17877199982,2.04282389539
1995-02-14,47.8905243845,2.09774343286,1.90057337518
1995-03-18,41.165956972,3.85307932746,2.33366757958
1995-04-03,47.8905243845,1.8033392912,1.64038144641
1995-04-19,47.8905243845,1.80079390234,1.57735927563
1995-12-15,47.8905243845,4.38635484442,4.17117855664
1996-02-01,47.8905243845,3.73092294257,3.46712933032
1996-03-04,47.8905243845,3.05118185547,2.81079661011
1996-04-05,47.8905243845,2.72076456012,2.50918957684
1996-09-28,47.8905243845,6.04006663349,6.16183612832
1996-10-14,47.8905243845,5.87188073987,5.96011221338
1996-10-30,47.8905243845,5.90069077289,5.98532099255
1996-11-15,47.8905243845,5.9880219751,5.90969412219
1996-12-01,47.8905243845,6.02043366455,5.89708975574
1997-01-02,47.8905243845,5.92450651287,5.69091718341
1997-02-03,47.8905243845,5.71792737439,5.42172194757
1997-02-19,47.8905243845,5.47484119647,5.13091892566
1997-03-23,47.8905243845,4.87612857745,4.50879792572
1997-10-01,47.778887241,2.51549156549,2.55690609888
1998-03-10,47.8905243845,2.5073886507,2.35523481464
1998-03-26,47.8905243845,2.34173003302,2.16976912244
1998-04-11,47.8905243845,2.26610310602,2.07793648102
1998-04-27,47.8905243845,2.13645711182,1.91227777655
1998-05-29,47.8905243845,1.85015561578,1.65658702264
1998-06-14,47.8905243845,1.68269637823,1.42700590936
1998-10-20,47.8905243845,6.09887834973,6.22796331194
1998-11-05,47.8022940091,6.02415167719,6.0801973673
1998-11-21,47.8905243845,6.09347646173,6.01604884992
1998-12-23,47.8905243845,6.08182915619,5.92507442449
1999-01-08,47.8905243845,6.06382283045,5.8764572279
1999-01-24,47.8896240652,5.92364118858,5.59734715832
1999-02-09,47.8905243845,5.84971679672,5.62705843261
1999-02-25,47.8905243845,5.65344737595,5.33895657299
1999-03-13,47.8896240688,5.28853884069,4.98286807286
1999-03-29,47.8905243845,4.83251442387,4.44671488013
1999-04-14,47.8905243845,4.44717782011,4.08117491548
1999-04-30,47.8905243845,3.98891547258,3.66792866963
2000-02-12,46.5492435248,4.79543100186,4.50225523672
2000-04-16,47.8905243845,3.68610105584,3.32037707092
2004-04-11,47.8905243845,0.650930585938,0.59511087146
2004-04-27,47.8905243845,0.487972841736,0.447458463135
2004-11-21,47.8905243845,5.24569322007,5.08875888249
2005-02-09,47.8905243845,4.48530632202,4.11699525483
2005-02-25,47.8905243845,4.15080815529,3.77490238874
2005-10-23,47.8905243845,6.37162219115,6.46215884665
2006-05-19,47.8905243845,3.47971596001,3.07998925885
2006-12-29,47.8905243845,5.22915787967,5.0162482144
2007-01-30,47.8905243845,4.69811185533,4.41336006824
2007-09-11,47.8896664555,3.68018135377,3.94208858535
2008-05-08,47.8905243845,3.40985628814,2.95124507416
2008-05-24,47.8905243845,2.97916871263,2.58391531824
2008-10-31,47.8905243845,6.2402494294,6.39310581961
2008-12-18,47.8905243845,6.31548117134,6.2360729521
2009-01-03,47.7226736781,6.1851930512,6.03648854328
2009-01-19,47.8905243845,5.91084731233,5.64098427041
2009-02-04,47.8905243845,5.69002902916,5.38751790554
2009-02-20,47.8869230992,5.40610732602,5.11563593477
2009-03-08,47.4259611729,4.99664346463,4.64468879904
2009-05-11,47.8905243845,3.10220740348,2.74234197046
2009-05-27,45.840503843,1.14612834923,0.874211674438
2009-09-16,47.8905243845,3.17807298674,3.48644308745
2009-11-03,47.8905243845,5.74312870819,5.81267940773
2010-01-22,47.8905243845,5.44298807577,5.1448306414
2010-02-23,47.8905243845,5.20935405372,4.90574159445
2010-03-27,47.6132280596,4.5584432289,4.15898766772
2010-04-28,47.8905243845,3.85711270786,3.43288644128
2011-01-25,47.8905243845,6.07861702401,5.83713746477
2011-03-30,47.8905243845,4.82334103657,4.41698012614
2011-10-08,45.1305193354,4.74461074937,5.12463996382
2011-11-09,47.8905243845,5.38804738186,5.46754055958