Date,Rarea,NDWI,MNDWI
1990-01-31,12.3241424766,0.259527040167,0.0333043231812
1990-02-16,12.3241424766,0.231330529419,0.0216028362427
1990-03-04,12.3241424766,0.211443199194,0.0234030698242
1990-12-17,12.3241424766,0.0639083481445,0.026103378479
1991-02-03,12.3241424766,0.0670993852319,0.0234031030273
1991-02-19,12.3241424766,0.209526304092,0.030603994751
1991-03-07,12.3241424766,0.113188998758,0.0207026936035
1991-03-23,12.3241424766,0.325654008713,0.0180023452148
1992-01-05,12.3241424766,0.230705361143,0.105832528692
1992-01-21,12.3241424766,0.0418113317716,0.00900116131592
1992-03-09,12.3241424766,0.0144018950195,0.00450058288574
1992-03-25,12.3241424766,0.053107069519,0.00450058416748
1992-04-10,12.3241424766,0.0673536740917,0.00360046618652
1993-02-24,12.3241424766,0.0692880548498,0.00990129187012
1993-03-12,10.7084927617,0.344076286962,0.0333041873169
1993-04-29,12.3241424766,0.00450058575439,0.00270034997559
1993-05-15,12.3241424766,0.00270034844971,0.00180023529053
1993-12-09,12.3241424766,0.137195656635,0.114314993408
1993-12-25,12.3241424766,0.104413688721,0.0945123902588
1994-02-11,12.3241424766,0.100813183777,0.0774101754761
1994-02-27,12.3241424766,0.0996447802071,0.0683242236307
1994-03-31,12.3241424766,0.135617634859,0.0621081606445
1994-05-18,12.3241424766,0.0720094489136,0.0585076755371
1994-06-03,12.3241424766,0.521167786926,0.600378335876
1994-12-12,12.3232423613,0.972126198425,0.958624440857
1995-01-13,12.3241424766,0.995529173157,0.964925187805
1995-02-14,12.3241424766,1.01849118588,0.918119153564
1995-03-18,12.3241424766,1.21569877617,0.895824900373
1995-05-05,10.5616062166,0.116739829958,0.0225029118042
1995-12-15,12.3241424766,2.38909344922,2.38369282251
1996-02-01,12.3241424766,2.32444005019,2.2979554131
1996-03-04,12.3241424766,2.20652406606,2.12888798583
1996-04-05,11.9037900704,4.23054010196,2.67804392905
1996-04-21,12.3241424766,2.02508080255,2.00707876623
1996-09-28,12.3241424766,2.37332238246,2.53085671091
1996-10-14,12.3241424766,2.25047497815,2.36118985987
1996-10-30,12.3241424766,2.17846533368,2.36118992017
1996-11-15,12.3241424766,2.16203715907,2.32248473816
1996-12-01,12.3241424766,2.15393598445,2.31438362323
1997-01-02,12.3241424766,2.023280638,2.32248458234
1997-02-03,12.3241424766,1.88124561121,2.24777466907
1997-02-19,12.3241424766,1.90872584288,2.1684932907
1997-03-23,12.3241424766,2.02776362592,2.06738680346
1998-03-10,12.3241424766,1.70842236646,1.59500752478
1998-03-26,12.3241424766,1.60670907953,1.47979244879
1998-04-11,12.3241424766,1.56080313458,1.42398519495
1998-04-27,12.3241424766,1.47349142841,1.3528757688
1998-05-13,12.3241424766,1.80964973687,1.37897928168
1998-05-29,12.3241424766,1.31597097418,1.17915317664
1998-06-14,11.3352566713,1.84017896957,0.405053512634
1998-08-17,12.3241424766,2.1907031344,2.32862987172
1998-11-05,12.3241424766,2.2699138139,2.36366425734
1998-11-21,12.3241424766,2.22400751117,2.30965689918
1998-12-23,12.3241424766,2.19070295007,2.27185186073
1999-01-08,12.3241424766,2.16369920111,2.25281161639
1999-02-09,12.3241424766,2.06486946936,2.11239244775
1999-02-25,12.3241424766,2.05208407831,2.03048154968
1999-03-13,12.3112477612,2.0346285404,1.93596896191
1999-03-29,12.3241424766,1.83443883008,1.77953167499
1999-04-14,12.3241424766,1.76884327281,1.66791697089
1999-04-30,12.3241424766,1.66701697321,1.5283986825
2000-02-12,11.0585732073,1.5563024303,1.53271595215
2000-04-16,12.3241424766,1.86054213702,1.82003704871
2001-05-21,12.2639644292,3.3421391347,3.13421117914
2004-04-11,12.3241424766,1.70752217389,1.66863363446
2004-04-27,12.3241424766,1.59680740729,1.5246145003
2004-11-21,12.3241424766,3.84539108634,3.85425102391
2005-02-09,12.3241424766,3.7096001774,3.62994130486
2005-02-25,12.3241424766,3.65927472293,3.58592038208
2005-10-23,12.3241424766,3.41543796608,3.58167389751
2006-02-28,12.3241424766,3.27137632974,3.13142416241
2006-12-13,11.1851145349,1.65171461023,1.70680187325
2006-12-29,12.3241424766,1.6049083952,1.59662417028
2007-01-30,12.3241424766,1.49509400745,1.44738799249
2007-09-11,11.2562620013,1.61841037665,1.73434246313
2008-05-08,12.3241424766,2.76233276528,2.63541611916
2008-05-24,12.3241424766,2.7834837292,2.62191426931
2008-10-31,12.3241424766,3.30944998619,3.43836462073
2008-12-18,12.3241424766,3.36995552722,3.39335862842
2009-01-03,12.2755360321,3.40756291947,3.38795793005
2009-01-19,12.3241424766,3.37065793656,3.31234791131
2009-02-04,12.3241424766,3.32355520223,3.25564036932
2009-02-20,12.3241424766,3.29605748093,3.23043700451
2009-03-08,11.802929671,3.3086229646,2.99366328292
2009-05-11,12.3241424766,2.80553867867,2.79743762203
2009-09-16,12.3220210144,2.90185136959,3.02156721749
2009-11-03,12.3241424766,3.90862543706,3.99041985666
2010-01-22,12.3241424766,3.96105808937,3.90232103672
2010-02-23,12.3241424766,4.07980709422,3.89205606108
2010-03-27,12.2680739209,4.22491996656,3.74915613411
2010-04-28,12.3241424766,3.69552687978,3.56817570581
2011-01-25,12.3241424766,4.29794308958,4.18021104051
2011-03-30,12.3241424766,4.17962511989,4.04432471834
2011-11-09,12.3241424766,4.22665019784,4.30316036727