Date,Rarea,NDWI,MNDWI
1989-01-30,1225.41729347,257.488687779,240.500129256
1989-12-16,1155.28876331,226.47722381,212.359695537
1990-01-17,1225.41729347,266.047131865,248.661818263
1990-12-03,1168.88025356,260.526770821,255.139163936
1991-03-25,1225.41744942,229.284591728,208.018230922
1991-04-10,1127.51881642,189.991600479,170.064588859
1991-05-12,1109.27939308,141.071970531,121.868965117
1991-12-06,1212.1174454,242.780122514,242.419780061
1992-01-07,1225.41729347,224.300835074,223.542691575
1992-02-08,1225.36224668,216.862244347,207.703146179
1992-03-11,1224.73753791,204.559104785,192.180498602
1992-04-12,1225.41525369,197.425027222,184.506524191
1992-06-15,1143.39129245,147.506695543,85.3519129688
1992-11-06,1225.41870526,246.493904368,243.054191098
1992-11-22,1115.65708879,240.870976549,235.430270006
1992-12-08,1225.41729347,264.946569954,263.146506973
1992-12-24,1207.07147918,266.305626296,262.985720323
1993-01-25,1225.41744942,254.980561239,244.745600636
1993-02-10,1089.70217601,211.303576543,200.946736162
1993-02-26,1225.25744879,230.811354553,217.016819309
1993-03-14,1109.40046177,192.617152916,180.822274527
1993-03-30,1225.41525369,212.782840554,198.424342144
1993-05-01,1225.41729347,197.065339148,182.301853184
1993-11-25,1174.44415749,252.883504275,249.667601178
1993-12-27,1225.3373195,255.608921736,248.420740746
1994-01-12,1054.7249347,229.629163533,221.548031688
1994-02-13,1140.99272281,227.448719286,213.543408106
1994-03-01,1225.41729347,223.261395848,210.144820423
1994-03-17,1225.41729347,208.743717465,196.106923454
1994-04-02,1221.81912106,184.658406201,171.503547594
1994-04-18,1225.41870526,176.943193297,159.984973996
1994-05-04,1194.32517602,171.151148199,158.5449475
1994-06-05,1224.53849918,168.224183555,146.666216051
1994-09-09,1206.69018332,278.471608595,271.723512915
1994-09-25,1056.43218976,269.316116145,259.241110533
1994-11-28,1225.41870526,263.626699417,261.385530514
1995-04-21,1213.69394052,183.302668582,169.744043445
1995-11-15,1225.41744942,222.676391074,217.136882289
1995-12-17,1225.41525369,214.502584554,208.635866874
1996-01-02,1132.53701332,198.14490366,190.676466176
1996-02-03,1223.18359246,188.18158473,176.622673437
1996-11-17,1224.0263736,267.715136661,268.126000587
1997-01-04,1218.29789362,260.248406092,251.249021287
1997-01-20,1194.2209598,232.856037868,220.8173412
1997-02-05,1225.41729347,238.699019711,227.582123044
1997-02-21,1225.41744942,233.411098397,218.656727395
1997-03-09,1225.33526341,223.581271605,208.582969902
1997-09-01,1224.81538883,280.910446909,273.804155436
2001-01-31,1225.37525748,194.50538346,182.066857023
2001-04-05,1225.41744942,183.742276879,169.823723145
2003-11-21,1146.47673181,166.326541433,159.989140654
2003-12-07,1225.41729347,174.129081593,165.891737571
2004-02-25,1125.74624696,161.787850841,152.190097643
2004-03-12,1225.41744942,174.406575985,162.007829348
2004-03-28,1225.41729347,171.889933242,159.933053329
2004-04-13,1225.41870526,175.611194254,162.812061489
2004-11-23,1225.29746035,212.800803188,206.301621051
2004-12-09,1217.39952754,203.642144082,195.143110304
2005-01-10,1225.41729347,191.134014708,180.090262118
2005-03-15,1225.29872946,177.890811164,167.131505504
2005-03-31,1222.33934898,178.850721449,165.051781731
2005-05-02,1223.14573753,179.64892898,165.972205422
2005-05-18,1225.41870526,178.330774219,162.892019383
2005-06-03,1214.77795593,167.526533676,147.868906027
2006-02-14,1225.41525369,236.426470492,222.864916658
2006-03-02,1225.41525369,234.426851735,220.127321188
2006-05-05,1179.44697584,206.362494098,197.063550804
2006-05-21,1225.41729347,220.609710774,204.369115931
2006-08-25,1063.89733348,268.162144477,259.555908549
2006-09-10,1183.83042843,279.528003844,273.168166486
2006-10-12,1221.87832338,272.430751265,272.114575207
2006-12-15,1225.41744942,260.606461929,252.667364678
2007-01-16,1225.41729347,243.406483235,229.927973364
2007-02-01,1225.25729285,231.088357774,217.614280659
2007-03-05,1225.41525369,214.305557965,199.028505615
2007-03-21,1117.45396507,195.403433938,182.051981878
2007-04-06,1225.41729347,202.052548833,188.375942419
2007-04-22,1170.06715334,193.517350694,179.413392848
2007-05-08,1201.50056849,172.616611958,155.293448024
2008-02-20,1225.37870775,200.529654555,186.689137715
2008-03-07,1225.41525369,200.427486411,187.470220537
2008-04-08,1144.77311382,173.093083152,163.466745461
2008-04-24,1193.06106768,177.725264403,167.826446242
2008-05-10,1225.41729347,206.851747809,188.96437061
2008-07-13,1224.05749777,219.539823386,191.06314516
2008-10-01,1223.72629875,270.754696914,272.707550981
2008-11-02,1225.41525369,258.120007272,254.600378253
2008-12-04,1196.43718924,235.917510862,228.418415755
2009-01-05,1211.60554798,212.647604223,205.086360168
2009-01-21,1225.33526299,209.026324008,198.068652115
2009-02-06,1225.37730101,202.052581809,190.501194484
2009-02-22,1204.0089365,177.975422247,164.1167371
2009-03-26,1225.41870526,193.568577668,178.865836687
2009-04-27,1212.70373942,171.411889442,153.413348953
2009-05-13,1225.41744942,179.145741919,162.547737019
2009-08-01,1190.86256864,163.850496656,144.529960567
2009-09-18,1212.80584408,192.968287317,182.929217453
2009-10-20,1083.07297129,171.31180302,170.802923418
2009-12-07,1113.3652003,211.444099261,204.766627977
2010-01-24,1224.7388044,216.327275609,205.790118412
2010-02-09,1225.41729347,206.532017094,194.460617398
2010-02-25,1084.17751051,202.021400713,187.765310638
2010-03-29,1223.57891658,198.889885934,183.249669352
2010-05-16,1051.77786536,47.8610282134,37.4623003931
2010-06-01,1225.33870611,193.248557164,176.369938992
2011-01-27,1225.41729347,256.316790823,246.482288583
2011-02-12,1224.89876863,249.481402485,237.380894175
2011-02-28,1222.84212828,240.643304465,229.204702484
2011-09-24,1092.89618526,254.400763878,252.212123362