Date,Rarea,NDWI,MNDWI
1988-03-30,695.436027864,7.41298586275,5.6774145765
1990-01-31,781.101464891,14.4340553969,14.1740904131
1990-02-16,790.339646964,14.5657921459,13.3698404334
1990-03-04,797.755201097,17.2347946155,13.1623011234
1990-12-17,708.919086956,21.0594048198,14.7379329473
1991-02-03,701.366918337,18.0291003569,15.3920433818
1991-03-07,708.315945637,20.4120094593,11.5034861677
1991-03-23,740.045002607,16.7674139413,12.1226539383
1992-01-05,748.720976271,9.92119548912,11.4821685477
1992-01-21,754.873746894,14.9644255829,17.8062556454
1992-03-09,782.986428861,13.7337953116,15.1747131241
1992-03-25,785.700852696,10.7920820432,11.6525320381
1992-04-26,785.352523342,8.42806298107,7.84528653125
1993-01-07,728.043879453,10.3715419131,12.4928890225
1993-02-24,709.670623194,7.35847433041,8.75933380697
1993-04-29,744.410614389,6.34670049278,6.62687534825
1993-12-09,710.268218876,23.2494377743,24.7304524891
1993-12-25,716.571789154,19.3270284618,21.1682229774
1994-02-11,724.403975522,15.2583503457,16.8993834746
1994-02-27,720.78150737,14.1437607179,15.8973449344
1994-03-31,729.859152745,13.8089011055,15.0409117827
1994-05-02,752.919883079,12.8645175857,14.3454272771
1994-05-18,767.819941689,12.2417886507,13.1222945218
1994-09-23,741.575141231,32.4426669599,30.9741894705
1994-12-12,703.584156396,11.3619969032,12.2025307196
1994-12-28,717.262471181,13.1632121844,15.1244802665
1995-01-13,718.669740214,20.349005238,23.3909593513
1995-02-14,686.278729628,12.7442040583,12.8642885935
1995-04-19,706.645446149,7.67999538497,7.03579884131
1995-12-06,697.510211064,14.2923962733,17.9986608446
1996-03-04,690.613362384,11.2293025888,12.3575216728
1996-04-21,704.275074404,7.37707246411,7.08451000781
1996-05-07,707.968253048,5.76366001172,5.60355285156
1996-11-06,685.867946861,53.5019844116,53.1017895249
1999-02-09,741.643008542,14.1112582411,18.726608615
1999-02-25,784.174263449,15.7951447814,20.4980481319
1999-03-13,750.507635401,12.431047696,15.866327238
1999-03-29,686.631761218,12.4289625712,14.3501994267
1999-04-14,725.576167313,9.21081257932,10.211481009
1999-04-30,765.444591005,13.6112943719,14.9721778289
1999-12-26,776.993258841,114.734383538,111.85265444
2001-05-21,687.323896202,14.7904629477,11.7522812346
2005-02-09,710.53320337,172.389147272,167.420401032
2006-10-10,744.826700711,331.768575513,335.306794033
2006-12-29,799.504703915,294.970684932,289.11079129
2008-10-31,796.29249658,334.778368561,334.698395069
2008-12-18,687.83354942,254.686292469,249.192791331
2009-11-03,740.512477261,310.048544922,313.273110473
2010-01-22,743.228286444,286.68537853,283.618513503
2010-02-23,749.569436867,244.69737103,239.891811384
2010-05-30,731.081640318,143.792737554,140.063587225
2011-01-25,720.163660358,263.58409292,259.14379212
2011-03-30,731.696984672,161.877441092,156.193942287