Date,Rarea,NDWI,MNDWI
1988-11-29,48.4498466174,3.61003330762,4.25274957105
1988-12-15,53.357007666,5.12859882397,5.64805274953
1991-05-14,51.0903436969,8.09819040063,8.83436256973
1991-09-03,53.4351325698,4.27033975301,4.39853842094
1992-01-25,53.9029613008,9.47166062769,11.2046285778
1994-04-20,50.1374361821,9.51921537435,9.99743554459
1994-05-06,53.8854489553,10.3300308399,10.9708056989
1994-09-11,53.8904526182,6.56711224243,6.56518940908
1994-10-29,53.9029613008,7.2533608251,8.14379094373
1995-01-17,50.4513965316,9.84301151565,10.7055021311
1995-04-07,48.6683262323,9.54170914868,9.70400996678
1995-07-28,52.2488402103,6.85231851782,6.92091647509
1996-03-08,53.1426721489,3.71579269742,3.75073892144
1996-04-25,52.7289743441,4.77048458447,5.04057646828
1996-12-05,48.8393123981,4.36817201522,4.68991789952
1997-01-22,53.9029613008,6.33945124805,6.55460254102
1997-02-07,53.9029613008,6.4645391792,6.65478086093
1997-02-23,51.0871006788,5.74653412988,5.82662973956
1997-03-11,53.9029613008,5.77905629102,5.7265193313
1997-04-28,49.4416611924,5.1686270354,5.32107738149
1997-07-17,51.6154449677,6.45953637256,6.53208753784
1997-12-08,53.3951045017,10.5281151547,11.8745143245
2004-02-27,50.9143448285,3.35735412183,3.45393222958
2005-04-18,46.3461658978,9.00514393507,9.25182726546
2005-06-05,47.2985194108,5.56641501318,5.34622070338
2005-08-24,50.7615961074,4.07749756228,4.12252982522
2006-06-24,51.3165254559,9.47916502954,9.49917894458
2007-03-07,51.9090559951,7.49026444751,7.7135002722
2007-03-23,53.9029613008,8.63356807813,8.76365966992
2008-02-22,53.9029613008,10.3127149,10.6810238043
2008-11-04,53.9029613008,6.98490590088,7.79130430459
2009-03-28,53.9029613008,9.96759805435,10.4587974788
2010-02-27,53.7378432415,7.48275724609,7.64126098853
2011-11-13,53.9029613008,6.9214803389,7.7705100542