Date,Rarea,NDWI,MNDWI
1987-12-28,979.715615858,5.24168867564,4.23726152734
1988-01-13,903.502693419,4.67704005078,3.55769975391
1988-02-14,979.714831948,4.15730262891,1.07928050781
1988-04-02,979.63331873,9.17142163745,0.519647871094
1988-10-27,896.351449306,12.2252926457,17.4618947941
1988-11-12,976.895934097,7.64263266797,8.64192812109
1989-01-31,979.715615858,6.12110408189,4.76192861314
1989-03-04,979.715615858,3.44276941002,1.67888676563
1989-03-20,897.971773438,3.68263291783,0.759497042969
1989-04-21,979.715615858,0.719546140625,0.159892816406
1989-05-07,979.714831948,0.639600238281,0.0
1989-10-14,977.269932503,16.1139396664,23.8863011688
1989-10-30,966.034173438,12.4139922131,15.8774242015
1989-12-01,979.715615858,8.35972677721,6.87559180078
1989-12-17,979.714831948,7.73563343808,5.99614657813
1990-01-02,979.713264227,6.63579655859,5.35656214453
1990-01-18,979.713264227,5.03681494141,4.35719729687
1990-04-24,979.713264227,0.959403152344,0.0799500859375
1991-01-21,979.712637096,6.72325128906,6.44340348047
1991-02-06,979.712637096,6.56336705469,4.72451083594
1991-03-26,979.713264227,6.25769007597,0.439717839844
1991-04-11,978.353388365,3.08559849219,0.639584
1991-10-20,972.22445294,4.76990933445,33.6080680192
1992-01-24,977.958781486,2.84573054297,4.44468117188
1992-02-09,975.153829921,2.80324456236,3.08303952721
1992-03-28,979.714831948,0.599608679687,0.119916007812
1992-12-09,979.714831948,7.15543619141,6.75566580469
1992-12-25,979.715615858,5.12175662096,5.51644514453
1993-01-10,977.07401176,4.20485701953,5.74631145374
1993-01-26,957.872205398,3.16550776562,6.52333158203
1993-02-27,979.714831948,3.35784488672,4.59705266016
1994-01-13,979.715615858,5.12175665221,3.87749478516
1994-01-29,979.712637096,4.00499412891,3.31785392578
1994-02-14,979.714831948,4.037435625,2.598319875
1994-03-02,979.715615858,1.39912063281,1.03931067578
1994-03-18,979.715615858,1.03931808203,0.3597598125
1994-04-19,979.712637096,0.639604167969,0.239850515625
1994-05-21,979.715615858,0.399757433594,0.239854328125
1994-10-28,979.715615858,6.92060641783,7.23536098438
1994-11-29,938.997907403,6.71575848828,6.27594530078
1994-12-15,979.713264227,4.71700959375,4.51710013281
1995-02-17,979.713264227,1.15926296094,0.879415742187
1995-03-05,979.714831948,0.919393878906,0.599587738281
1995-03-21,973.89129892,26.96366113,0.759483945312
1995-04-06,979.713264227,0.319786632813,0.439698167969
1995-09-13,975.710098908,7.40938978785,31.9054768728
1995-12-02,979.713264227,11.0728873281,14.6305269141
1996-01-03,979.714831948,6.19601151563,7.62000141448
1996-01-19,979.714831948,5.57697535996,6.11839806912
1996-02-04,979.714831948,5.75162743719,5.77840290227
1996-03-07,979.714831948,4.8372808777,4.27759905738
1996-05-10,845.738636873,2.70968364752,6.69977706397
1996-09-15,940.96500534,9.59125860533,23.9399255768
1996-10-01,902.045638357,36.4280978316,50.8999395027
1996-12-20,946.204503521,6.7014843051,6.94192943191
1997-01-05,979.715615858,6.84568709349,6.84566552708
1997-02-22,975.58412529,2.98888565622,3.36256137302
1997-03-10,979.713264227,2.53078890023,1.97114473226
1997-05-13,953.349962287,0.919435964844,0.559635554688
1997-10-04,918.718966078,82.5087194811,106.659284391
1997-11-21,968.930221194,14.8903330761,16.1038889985
1997-12-23,979.713264227,12.3311351128,13.2136705101
1998-01-08,979.715615858,11.0011680019,12.1866978636
1998-01-24,979.714831948,10.4593657326,11.387981985
1998-02-25,979.715615858,6.54224152799,6.13886452266
1998-04-30,855.265146306,2.88995590432,1.3309258301
1998-10-07,866.923975216,5.56818367385,8.80608550198
1998-10-23,946.846534281,5.85916867273,14.6559467849
1998-11-08,974.876283156,7.1479174422,6.18852257111
1998-12-26,979.712637096,3.71169557863,3.31189875441
1999-01-27,979.714831948,2.14923552551,2.47838376172
1999-02-12,979.715615858,1.99559770496,1.79882967578
1999-02-28,978.024243539,13.4748508578,1.439055875
1999-04-01,978.873170713,0.679557683594,0.519648371094
1999-04-17,973.752802836,0.519662875,0.59958984375
1999-05-03,902.273223388,0.319809554687,0.239835472656
1999-11-11,979.712637096,15.8119144322,18.0667628389
1999-11-27,869.472240502,10.8116366567,10.0752991653
1999-12-29,979.712637096,8.076310172,8.35611121887
2000-01-14,979.712637096,6.90638378424,7.04195787979
2000-02-15,957.406676969,4.71687250198,6.75562763869
2000-03-18,979.714831948,2.61012396291,2.01046088869
2000-04-19,976.551196456,1.35209260623,0.999350601562
2000-10-12,976.758650389,26.6285732658,33.7212304669
2000-12-15,979.714831948,9.62236212604,9.50239292682
2000-12-31,979.714831948,8.56563830343,7.92599004953
2001-01-16,979.712637096,6.50453552114,6.33706236489
2001-02-01,979.715615858,6.2791644771,7.47521209766
2001-02-17,979.714831948,11.4328745273,11.1929612969
2001-03-05,979.712637096,14.3111591055,12.0725525195
2001-03-21,977.382325067,18.904500077,14.8708374961
2001-04-22,858.008171217,14.2712546563,12.8721109063
2003-11-22,979.713264227,183.515656821,182.636196544
2003-12-08,979.715615858,184.087064534,179.375596837
2003-12-24,979.714831948,185.876012019,178.880524902
2004-02-10,979.715615858,179.085286624,172.486404302
2004-02-26,979.714831948,173.869420556,167.015630958
2004-03-13,979.512770717,156.903828981,149.999537565
2004-12-26,962.48996679,373.875611271,372.63656994
2005-01-27,932.126883192,362.113061514,354.355341137
2005-02-12,979.713264227,363.676630689,350.333211026
2005-04-17,881.999840304,277.220469285,259.621513272
2005-06-04,979.674860077,227.254494172,211.569191326
2005-10-10,957.151341093,177.774446892,193.773040504
2006-02-15,979.713264227,203.317705333,199.560217239
2006-03-03,963.750365276,198.735584564,188.663959404
2006-04-20,979.713264227,138.799568903,134.402400411
2006-05-06,860.347811075,100.423188825,97.4650247432
2006-11-30,979.714831948,370.176901064,380.094091189
2006-12-16,954.484643792,359.774393554,365.250919078
2007-02-18,979.715615858,366.277080873,362.612306514
2007-03-06,979.714831948,352.365654899,343.807974897
2007-03-22,958.722625323,355.031002041,333.856277439
2007-04-23,979.714831948,304.167152677,291.036528768
2008-02-05,979.713264227,358.527693112,358.647543217
2008-03-08,979.713264227,342.999578653,332.926590743
2008-04-09,972.065038298,316.562507871,300.412751381
2008-05-11,957.354282753,261.007458181,247.211926027
2008-10-18,977.634762968,361.055569952,379.282340686
2008-11-03,979.713264227,365.282253701,382.408187023
2008-11-19,979.713264227,364.602687334,383.672363344
2008-12-05,979.235157296,363.429584822,382.753023525
2009-01-06,979.714831948,358.586102377,372.293841761
2009-02-07,979.713264227,354.249782319,362.859057409
2009-02-23,979.712637096,337.915184998,343.187044684
2009-04-12,862.841983377,281.738715852,271.401392047
2009-04-28,978.841435118,291.874961887,287.22705485
2009-10-21,962.661548135,369.464833603,386.600166211
2009-11-06,973.433458669,373.636905709,389.349602832
2009-12-08,964.780987292,356.436534347,369.373280746
2010-01-25,979.712637096,359.61859196,364.758607256
2010-02-26,943.752953076,347.351420217,340.136019588
2010-05-17,977.557134178,242.924218328,230.835877617
2010-06-02,947.217128204,225.295710574,222.425391817
2010-12-27,979.713264227,358.902688977,369.942554276
2011-01-28,979.594907573,366.266316697,374.609989145
2011-02-13,979.715615858,359.750852999,364.504284298
2011-03-17,977.336169219,337.902633966,335.618173753
2011-04-02,979.715615858,326.331893965,320.210033842
2011-10-11,886.570259531,363.722744591,387.070570131
2011-11-12,979.712637096,367.275609441,385.309501051