Date,Rarea,NDWI,MNDWI
1988-02-07,199.828453217,31.1305129368,30.7137704241
1988-02-23,199.895634552,31.464347636,29.9147806641
1988-04-11,199.683003501,33.3836458964,28.6941127494
1988-04-11,173.073728072,32.6411800614,28.0815048119
1988-05-29,194.346482718,23.8642357275,25.7654566787
1988-11-05,173.351016883,25.8952716904,25.6455402119
1988-12-07,199.895634552,31.9260434087,32.6496345356
1989-01-08,199.623891419,32.2544354578,32.3241868502
1989-01-08,173.303481404,31.5431905806,31.5113216583
1989-01-24,193.477637367,32.3582817393,32.9363978961
1989-01-24,180.693796011,32.0384629581,32.5008996144
1989-02-09,199.623891419,32.7596885404,31.7526325657
1989-02-09,173.32345997,32.0226680903,31.1114666198
1989-02-25,196.680059954,33.3849738576,32.2961581828
1989-02-25,178.505780077,32.9616578589,31.8007248317
1989-03-13,196.938514507,33.9680579287,31.7930691889
1989-04-14,192.319433393,35.5480528455,30.020827249
1989-04-14,182.719602718,34.5485037606,29.2457012319
1989-12-10,176.337233115,32.2284216738,33.5541124493
1989-12-10,197.968851494,32.7818641489,34.0071926973
1989-12-26,199.895634552,32.9489790363,35.5685806678
1989-12-26,178.805460539,32.3963110813,34.6886089882
1990-01-11,199.895634552,33.0782139698,33.6266863903
1990-01-11,177.952179092,32.5455239336,32.6280957115
1990-01-27,196.398481327,32.7297270175,34.7615713172
1990-01-27,187.541514073,32.6138852924,34.3237154434
1990-02-12,198.217455336,31.4384149321,30.0678819755
1990-02-12,177.678642641,30.775865599,29.4752516268
1990-03-16,199.15107177,29.9254839641,26.2694590539
1990-03-16,183.399007949,29.6230976149,26.0927413548
1990-05-03,196.482151506,23.8143133906,19.9784688271
1990-05-03,177.02745534,23.8815337348,19.9715749073
1990-08-23,175.74905098,25.4955842764,25.8256750469
1990-12-13,199.778630646,32.5893756018,34.3441524776
1990-12-13,178.785372402,32.0267225871,33.439654221
1991-03-03,199.895634552,24.8457353031,20.5711676049
1991-03-03,176.509846226,24.5660372846,20.321435391
1991-04-04,199.828453217,20.6250627348,16.8749315128
1991-04-04,181.640303339,20.655030394,16.8749303848
1991-04-20,188.220956383,17.5384104458,14.867104377
1991-11-14,175.230141412,27.2577802466,30.5810126405
1992-02-02,199.777175734,32.2856569243,34.2976529764
1992-02-02,173.443331055,31.5631699409,33.1955698944
1992-04-06,197.461489054,33.8065722624,29.8388346574
1992-04-06,185.99509624,33.3798518378,29.6217314562
1992-04-22,199.895634552,28.8319608116,26.8940670079
1992-05-08,198.739361285,25.1328775293,23.4846717187
1992-05-08,184.490505829,25.1559476876,23.3766268558
1993-01-03,199.296333227,33.2970727505,36.0630283925
1993-01-03,180.479648888,32.8875072974,35.3705055839
1993-01-19,199.895634552,32.8408232925,33.6386522029
1993-01-19,176.415553224,32.2382055063,32.8162673376
1993-03-24,199.895634552,28.9917516802,26.8548545606
1993-03-24,178.315983839,28.7919633247,26.5621847985
1993-04-25,179.014678894,23.7973928345,21.8994529575
1993-12-05,199.895634552,33.0905497661,34.9271255367
1993-12-05,175.432254059,32.2881496362,33.8592037017
1994-01-06,199.893284196,33.0444805986,33.9244610762
1994-03-11,192.289465802,26.7810826143,24.6012598264
1994-03-11,191.598223656,26.2731267827,24.368810612
1994-04-28,199.895634552,19.5620079659,18.1135788848
1994-04-28,183.292572612,19.5620076251,18.0935995977
1994-05-14,199.895634552,16.34549592,15.3266015704
1994-05-14,180.823688337,16.3255167393,15.3565693135
1994-11-06,190.634940563,32.497935438,37.5393673126
1994-11-22,199.895634552,33.0574854871,35.351489729
1994-11-22,174.97760626,32.3880405894,34.4092381294
1994-12-08,199.895634552,33.3802359868,35.4465719254
1994-12-08,183.47892226,33.0273541899,34.8539489947
1994-12-24,199.660243913,33.5361480912,35.7282869425
1994-12-24,182.950899243,33.1990149018,35.0714927472
1995-01-25,199.895634552,31.7505981957,31.9634382343
1995-01-25,185.038193777,31.5208470453,31.4708628112
1995-02-10,199.885645133,28.8718701245,28.838437534
1995-02-10,181.796216911,28.7819688462,28.3289791327
1995-02-26,199.889719486,24.8782077087,22.8144949545
1995-02-26,181.746269959,24.8682186305,22.7945155033
1995-03-14,198.047631144,27.1174931437,19.5514650034
1995-03-30,199.895634552,17.6624678901,15.3565719365
1995-03-30,181.950251056,17.3186452524,15.22671358
1995-04-15,199.895634552,12.95335923,11.8603491563
1995-04-15,181.472993627,12.9833265083,11.8603488712
1995-05-01,199.895634552,9.87248544636,8.80818635604
1995-05-01,177.078094134,6.4385357163,6.05350221582
1995-10-24,199.895634552,32.5279029038,33.941476018
1995-10-24,185.495351399,32.2881586401,33.5586280082
1995-11-09,199.895634552,32.6777400776,35.378643851
1995-11-09,176.769566108,32.1682810591,34.5962199183
1996-02-29,199.895634552,33.2673777387,33.2940609279
1996-02-29,183.180651194,33.0076527982,32.879992001
1996-03-16,193.967426093,33.6393264726,32.5531364192
1996-03-16,175.15925564,33.2896983739,32.110354384
1996-04-17,175.426583221,26.2428902438,25.7435965741
1996-05-03,199.895634552,27.1924728256,26.8341302862
1996-05-03,178.355938589,27.1637602823,26.5586195356
1996-05-19,193.918366017,26.6143596114,26.6343441036
1996-05-19,178.156839576,26.5686039809,26.4387483208
1996-11-11,199.895634552,33.1604761929,34.5367943103
1996-11-27,199.895634552,33.5268218374,35.1356447311
1996-12-13,199.895634552,33.3512106128,35.1623296326
1996-12-13,178.73553353,32.8715627668,34.3898963415
1997-01-14,199.895634552,33.5069992635,35.5138409723
1997-01-14,179.082182189,33.0173629888,34.7668292312
1997-01-30,199.895634552,33.6009778979,34.6176215192
1997-01-30,173.223565231,32.8296014343,33.6254203698
1997-03-03,199.895634552,33.4111804848,32.7450040788
1997-03-03,179.846303604,32.931692938,32.2881954677
1997-03-19,188.709013911,32.4735831849,31.1446445571
1997-04-20,190.202447155,24.4108743335,23.2021911792
1997-05-06,199.518219663,26.6243400616,25.2258658272
1997-05-06,177.711204848,26.9382038579,25.046063877
1997-05-22,174.277617146,24.456692795,23.6331334697
1997-08-26,183.856119633,27.7530537407,28.8129389614
1997-09-11,190.890597067,30.2104151909,31.3324631011
1997-09-11,171.045915804,30.0563878546,31.0295319399
1997-10-13,198.37101673,33.1372376382,34.6888186489
1997-11-14,179.840050171,32.2115018999,35.2289702062
1997-11-30,198.562025783,32.538057158,33.9174693845
1997-11-30,178.462706842,32.1383265542,33.1949896081
1998-01-17,199.895634552,33.1115037143,34.4069037541
1998-01-17,177.581790559,32.771862314,33.8442457765
1998-02-02,199.895634552,33.1392777761,33.536147978
1998-02-02,174.148181982,32.4022572261,32.7037790395
1998-03-06,186.996191456,33.2240884482,32.3729791421
1998-03-06,199.456108702,33.2613448354,32.4601787979
1998-04-07,199.895634552,33.9807573241,29.4033359069
1998-05-09,179.379548637,22.0293133272,22.0992312901
1998-08-29,172.98782568,24.2711010473,24.5609593875
1998-09-30,199.895634552,31.5631747427,33.7198650503
1998-09-30,176.477839177,31.3234279751,33.1372288657
1998-11-01,189.301894445,32.3125219461,34.9633097167
1998-11-17,199.895634552,32.0328217947,33.6242012017
1998-11-17,181.906097983,31.8728339692,33.2013968657
1998-12-19,199.875186658,32.1383572852,33.814492835
1998-12-19,179.856294165,31.81869788,33.4097417375
1999-01-20,178.962311197,31.4532955278,31.3059477192
1999-03-09,199.855677541,28.6446308509,26.2167933249
1999-03-09,179.335300873,27.4059713382,25.1479465681
1999-04-10,195.011156672,22.0035476479,19.771775296
1999-04-26,196.182914623,17.7140050704,15.8447781615
1999-04-26,181.01317156,17.6882302016,15.8647564691
1999-10-03,178.367181013,27.0838410811,27.2878214946
1999-10-19,199.895634552,31.5689782227,33.1915757723
1999-10-19,185.435413752,31.3733818481,32.9117173384
1999-12-06,198.419004911,32.7420611307,34.6154602402
1999-12-06,173.121384646,32.2124655366,33.6891532112
2000-02-08,184.728525263,31.9927125561,32.2842467182
2000-02-24,199.895634552,31.5332189565,30.4024101113
2000-02-24,176.012887521,31.16360802,29.9926860739
2000-03-11,199.585961426,29.3114303721,27.733149713
2000-03-11,177.90363592,29.1016535235,27.3835204073
2000-05-14,198.666901338,18.1535290645,17.5242157618
2000-05-14,187.310151454,18.2034768126,17.4784623022
2000-05-30,173.887662415,16.8049927315,17.104669588
2000-05-30,173.572670556,16.8149833663,17.1887763579
2000-11-06,199.737148309,32.388089335,34.0672500557
2000-12-08,199.895634552,32.642008978,34.0937010288
2000-12-08,185.525317143,32.3922742807,33.7807797641
2001-01-25,199.895634552,32.2082890186,32.4442427185
2001-01-25,184.237951557,31.8728428188,32.164383767
2001-02-26,199.895634552,29.9349517114,28.524290986
2001-02-26,185.165703184,29.8550383442,28.3544732937
2003-12-01,198.170526717,32.1354159691,33.3740831566
2004-01-02,199.895477861,32.2525867557,33.7288097383
2004-01-02,170.614720219,31.7429689858,32.8600093343
2004-02-03,193.210586424,31.5159370244,32.278536277
2004-02-19,198.779318253,31.1663224541,30.6948003716
2004-03-06,199.895634552,30.3944535679,29.0836820739
2004-03-22,197.501445938,28.8887915937,26.9409079365
2004-03-22,175.376677594,28.326692604,26.4387379038
2004-04-23,197.154090029,23.3647736719,21.9063567656
2004-09-30,186.746299577,32.6646834648,34.5519409224
2004-11-17,199.895634552,32.3624641355,33.7840304146
2004-12-03,198.848928493,32.6348780648,33.7367879668
2004-12-03,174.3579561,32.1725046352,32.9816306665
2004-12-19,198.2407641,32.6448658362,34.4514814289
2004-12-19,175.453486338,32.2524187681,33.7420747832
2005-01-04,199.885214625,32.8519373514,34.3331358198
2005-01-04,171.088565088,32.1725021079,33.4039640529
2005-01-20,195.891109257,32.7347695042,33.6615795093
2005-02-05,197.314941945,32.8644742979,32.9863513332
2005-02-21,191.363928883,32.0753353623,30.9465640879
2005-03-09,196.735921069,32.0253832832,30.3871654863
2005-04-10,170.358503056,28.0554525576,26.4471974199
2005-09-17,188.091144856,31.1962741445,32.5147051133
2005-10-19,195.406754284,31.7058844798,33.826689001
2005-11-04,179.146550225,32.0228364812,33.9238905991
2005-11-20,186.688110718,32.6148995472,34.6436771523
2006-02-24,193.109014313,32.9345542874,32.5949248431
2006-02-24,173.581927707,32.5021489927,32.1425412954
2006-03-12,199.692992798,33.4810955991,32.2126346072
2006-03-12,172.448163348,32.9316785659,31.5731583813
2006-04-13,199.805066972,28.7020832628,26.6343305548
2006-04-13,171.991006572,28.6121782344,26.5044681876
2006-11-07,196.538330767,31.2961759727,33.2173521328
2006-11-07,178.052070634,31.0337453384,32.831795813
2006-12-09,199.360687377,33.0642527871,34.7611387101
2006-12-09,173.193598091,32.4679867716,33.8361597223
2006-12-25,198.363415682,33.0342859854,34.5183109926
2006-12-25,174.897690443,32.6477917344,33.8661371198
2007-01-10,193.448648162,32.8045347109,33.6770190466
2007-01-10,172.993812667,32.3423175073,33.1049153449
2007-01-26,194.646569737,32.7745669463,33.1621165122
2007-01-26,171.55649442,32.352308688,32.5299238767
2007-02-11,195.20436074,32.4948704014,32.482847228
2007-02-11,171.013823172,31.9827089878,31.9105940886
2007-02-27,190.419103863,32.5348246572,32.362826925
2007-02-27,175.897177929,32.3922675649,32.1903029519
2007-03-15,171.254449064,31.5831368618,30.1646780932
2007-03-31,198.851393094,32.4851972972,29.5181045127
2007-05-02,199.874951371,26.3646150743,24.7905250913
2008-02-14,197.94077478,31.4360116367,31.1341548
2008-03-01,199.895634552,30.8597328077,29.5953138149
2008-03-01,170.594743327,30.6100039796,29.3855351675
2008-03-17,197.706204615,29.6779222412,27.9398114687
2008-04-02,194.984596898,27.7400243301,25.6622838398
2008-04-02,171.078577234,27.7431190596,25.7694603774
2008-04-18,199.895634552,25.5954517764,23.226767601
2008-11-12,199.895634552,33.5658252921,34.9185634487
2008-11-28,199.895634552,33.1063262794,34.5289916607
2008-12-14,198.407720308,33.2473075059,34.6259883473
2008-12-14,174.837755183,32.7434507491,34.1094353368
2008-12-30,199.641519431,33.3599703846,34.7361938973
2009-01-15,193.248863282,33.1841189854,34.7729779718
2009-01-15,182.115872664,33.0930768819,34.6424422261
2009-01-31,199.445732274,33.713543376,34.9841965032
2009-02-16,198.180515959,33.7834662803,33.881172924
2009-03-04,199.895634552,34.4258267622,33.1250488786
2009-03-20,195.698018713,57.9835203415,29.1094004558
2009-09-12,170.873941276,32.3039281798,34.6566921541
2009-10-30,191.873364983,31.8655430732,33.3041493733
2009-10-30,174.987595024,31.6646173223,32.917460356
2009-12-01,173.255679962,28.5990563877,29.7979179759
2010-01-18,197.159439439,33.3339586572,34.4807073775
2010-02-03,199.370676374,33.453824502,33.8613533657
2010-02-19,183.752084946,32.2950790361,31.9554509639
2010-02-19,180.973016687,32.0242290225,31.479054253
2010-03-23,199.240974052,30.85664404,28.6790097715
2010-05-10,171.920896863,19.1581910069,17.1133907142
2010-12-20,199.895634552,33.7625147309,34.7556439705
2011-01-21,199.240974052,33.3740707337,34.3508278042
2011-02-06,198.660074754,33.5638660013,33.6713999621
2011-03-10,199.895634552,33.9705559536,33.6708896245
2011-11-05,198.230909158,31.9254740811,33.7536613196
2011-11-05,174.601009629,31.8086542407,33.3370022827