Date,Rarea,NDWI,MNDWI
1987-12-30,747.940025611,147.479850348,160.500534431
1988-01-15,737.037614112,148.738737853,163.829941056
1988-04-04,747.939241343,135.283600148,153.957571496
1988-10-29,747.779295819,130.365181723,148.159545668
1989-01-17,747.859428728,153.197983023,165.593915422
1989-02-02,747.939867464,152.118344113,163.874473918
1989-02-18,747.939867464,152.158289852,164.794161734
1989-03-06,747.940025611,141.041685309,160.475582141
1989-03-22,747.939397353,133.244126039,155.43717309
1989-04-23,746.621982931,116.569299875,140.601899465
1989-11-17,728.162445485,163.399707078,182.781032946
1989-12-03,740.663353149,166.633795246,185.318885999
1989-12-19,745.52829906,168.513231758,186.570342927
1990-01-20,747.156824321,166.566184561,185.989144264
1990-02-05,747.939241343,158.836196426,181.641814046
1990-03-25,747.939397353,148.439383855,174.630960949
1990-05-12,742.409234263,122.447371312,163.200632228
1990-05-28,667.244374291,114.527316934,154.592777362
1990-10-19,719.869258389,169.201169075,190.296785355
1990-12-22,747.939397353,174.311470082,192.802837849
1991-01-23,747.939241343,175.113100256,192.368593943
1991-02-08,747.939867464,170.992551273,190.003699013
1991-02-24,747.939241343,171.179273298,190.556113971
1991-03-28,745.220692116,165.610437948,187.54692659
1991-04-13,747.579492572,149.759178895,181.029033363
1991-05-15,747.509068312,134.683961539,168.578456908
1992-02-11,746.352042012,169.59280348,188.074232629
1992-02-27,747.899252952,159.8759335,187.676995287
1992-12-27,747.940025611,166.153858727,190.737043506
1993-01-12,747.939241343,168.873015062,191.208916068
1993-03-17,747.939241343,164.554344047,186.254158472
1993-04-02,745.140343674,163.634734781,185.907583078
1993-04-18,676.814678625,151.518511777,179.190868857
1993-05-20,670.476020955,80.0976528516,104.800429748
1993-09-25,664.948077814,128.085945996,160.652874141
1993-11-12,747.050419205,149.958977965,163.851804939
1993-12-14,747.939241343,148.479485523,161.708925142
1993-12-30,747.939241343,145.360411352,160.589253271
1994-01-15,746.416542612,140.641880133,155.87707807
1994-01-31,651.25645487,137.642762828,156.476775324
1994-03-04,747.939241343,124.166968512,148.712370328
1994-03-20,747.940025611,117.52891909,138.642455988
1994-04-05,747.939867464,109.891263391,131.44467216
1994-04-21,733.482600707,97.0150108906,123.566982719
1994-10-14,722.350957577,147.959592973,168.643126225
1994-10-30,743.029650948,153.357939805,177.120360451
1994-11-15,658.668017813,153.837847094,179.069795141
1994-12-17,747.939867464,154.637554027,177.72374809
1995-01-18,747.939241343,151.472303412,179.403943007
1995-02-19,747.939867464,143.521020172,172.48846721
1995-03-07,747.939397353,141.68162777,170.175607718
1995-03-23,746.532263754,138.842635492,166.393725199
1995-04-08,745.420311572,131.884801098,158.116319922
1995-04-24,722.108410763,113.450378645,140.002137512
1995-12-04,747.899883195,161.115444785,180.44592492
1995-12-20,747.940025611,158.941143633,179.973106427
1996-02-06,724.806376271,162.035452539,187.941624715
1996-03-09,747.939397353,140.242020277,173.381672064
1996-04-10,747.939397353,128.405826785,161.195501219
1997-01-07,746.755962578,156.437072004,183.841889348
1997-01-23,747.939397353,149.319327199,177.943957208
1997-02-24,747.939397353,144.920733926,175.412216963
1997-03-12,747.939241343,141.042054062,171.267446577
1997-03-28,746.478029122,137.258028101,166.599989812
1997-04-13,683.249754763,116.569035145,143.270545051
1997-04-29,737.141742453,115.049902117,145.208154384
1997-05-15,703.877713668,86.0578979063,109.368003036
1997-10-22,733.676660965,132.604562578,147.728409244
1997-11-23,747.659323948,131.844866551,147.579065439
1997-12-25,744.622122889,124.807053094,144.640724191
1998-02-11,747.939241343,115.649787,138.163055875
1998-02-27,747.939397353,109.051742133,132.324900641
1998-03-15,747.939867464,100.254292672,123.494950083
1998-04-16,731.453180557,64.7034927969,93.7349365391
1998-10-25,672.886745954,64.7836952773,79.0598202734
1998-11-10,733.299512811,66.543187707,79.0204788604
1998-12-28,743.192809958,57.2657471328,71.5820067461
1999-01-13,711.826286008,57.6658051445,68.9427063477
1999-01-29,645.708066912,56.2653359929,63.3941092635
1999-02-14,744.261411479,47.0687151133,55.1865662109
1999-03-02,747.646968264,30.7527658516,46.3088396406
1999-03-18,747.939867464,21.7949026055,34.0717762617
1999-04-03,730.26442228,20.155195832,24.8339447539
1999-04-19,644.440461033,25.5540124297,33.2331308293
1999-11-13,741.376809636,154.254682868,167.890264095
1999-11-29,670.046865021,159.916291556,175.24496067
1999-12-15,735.313938831,158.83615032,177.939097076
1999-12-31,745.794144193,158.516341125,179.894234958
2000-02-01,746.753419635,155.537839389,182.388535785
2000-03-04,747.420237208,137.04312859,172.008052986
2000-03-20,747.939241343,137.323098551,174.964032716
2000-04-05,747.939397353,128.165962277,163.542002752
2000-04-21,735.841803672,121.128175129,154.797396594
2000-11-15,725.278448422,136.723134992,164.514846027
2000-12-01,746.889469724,136.163306164,163.554525914
2000-12-17,747.939397353,130.764932406,160.555469746
2001-01-02,747.939397353,126.44629407,158.236205
2001-01-18,739.214409359,122.167681742,156.356870617
2001-02-03,747.939241343,117.249159379,150.078919934
2001-03-07,747.940025611,107.172152004,135.563609977
2001-04-24,746.594362812,78.5397641562,113.569876594
2003-11-24,747.602531749,144.720608793,165.273942141
2003-12-26,747.939241343,136.00333059,160.635500875
2004-02-12,747.939241343,124.966729246,153.877619383
2004-02-28,747.939867464,118.408777711,149.464769832
2004-03-15,747.329000853,118.850055634,146.157892595
2004-03-31,747.939241343,108.131813824,134.61382574
2004-04-16,677.71022998,83.6986452539,103.89285293
2004-05-02,679.988568543,83.3382852227,112.639824094
2004-09-23,652.489845112,170.592140105,183.340115595
2004-10-25,698.959234448,181.628793344,197.391208395
2004-12-12,747.939867464,186.707320312,202.799620677
2005-01-13,747.939241343,182.388660914,199.585061845
2005-02-14,691.968663196,151.835242868,169.364351286
2005-03-02,747.939241343,172.431776891,197.515453411
2005-03-18,747.939867464,169.050864042,196.853624203
2005-04-19,747.700090591,145.920178344,185.703386838
2005-05-21,666.861863017,103.453595648,148.58524764
2005-10-12,727.27462142,185.747646621,198.800892087
2005-11-13,745.880795201,187.632100617,200.840243239
2006-02-01,747.939867464,183.828346121,200.667957175
2006-02-17,747.939241343,180.709288879,197.953785736
2006-04-06,689.017711201,158.11647177,180.568339941
2006-10-15,674.886361128,184.173090427,203.364795917
2006-10-31,666.935317974,174.990867684,197.969839224
2006-12-02,747.940025611,169.152805918,195.32382152
2006-12-18,705.929424333,171.951820027,195.796566943
2007-01-03,747.939241343,174.591105109,197.625710283
2007-01-19,747.939397353,174.591090754,197.136521883
2007-02-04,747.579989796,177.190152035,199.741162974
2007-02-20,747.939397353,170.65533434,195.076597014
2007-03-08,747.939397353,166.025547006,189.837554771
2007-03-24,747.940025611,166.353692578,190.700181421
2007-04-25,733.096061857,147.079752332,180.090311451
2007-05-27,665.24270869,128.165669512,175.818848549
2008-02-07,747.939241343,171.272037066,188.988367037
2008-02-23,747.939241343,168.971481499,187.36442565
2008-03-10,739.167696079,167.273298043,184.08040506
2008-03-26,710.289810821,154.357353199,174.201535271
2008-04-11,747.939397353,150.598689152,178.372854766
2008-04-27,746.583274959,140.961798941,175.71067132
2008-10-04,661.377856456,161.555004359,181.565929298
2008-12-23,734.721231795,181.468929645,196.801507761
2009-01-08,747.4115506,182.828467738,197.196397654
2009-01-24,747.939397353,181.468940086,196.521640759
2009-02-09,747.940025611,184.388037348,196.711577887
2009-02-25,747.939867464,184.747877961,196.881511618
2009-03-13,738.572241376,182.348710531,191.665872367
2009-04-30,737.95437433,157.676305934,181.748814559
2009-11-08,711.263569822,160.595444648,175.990475301
2009-11-24,715.32622172,157.996302367,173.145690708
2009-12-10,744.181404421,154.237464383,168.472805543
2010-01-11,747.940025611,155.636992578,168.392916422
2010-01-27,747.939867464,154.477337504,167.39313966
2010-04-17,707.88828393,125.08653759,135.854622563
2010-06-20,667.433578337,69.4622537891,76.7412859699
2011-01-14,747.939241343,154.517459309,176.390380027
2011-02-15,747.939397353,149.279061148,172.619064654
2011-04-04,747.940025611,137.482813562,167.247028307