Date,Rarea,NDWI,MNDWI
1987-12-02,97.9053192297,0.0349864287109,0.641749837401
1987-12-18,97.9053192297,0.0399843349609,1.4172906787
1988-02-20,97.9053192297,0.00749726611328,0.132682913485
1988-05-26,85.1689157397,0.0,0.0424850073242
1988-11-02,90.4842119942,0.00249912451172,0.00499820336914
1988-11-18,97.9053192297,0.00499819677734,0.15017539078
1988-12-04,97.9053192297,0.00999636108398,0.814954935222
1989-01-21,97.7903592292,0.0149942890625,2.69759624411
1989-02-06,97.9053192297,0.00499818725586,1.93637523563
1989-02-22,97.132926277,0.00249910839844,2.60586011271
1989-04-11,97.4703288421,0.0524804038086,0.749804314632
1989-04-27,90.7327262773,0.00249910839844,1.2301210175
1989-07-16,97.9003212585,0.00749730786133,0.0349857456055
1989-08-17,97.7453852798,0.00749730639648,0.0224916027832
1989-11-21,96.2355385324,0.0474803212891,0.650940619084
1989-12-23,92.8296011511,0.0124954682617,1.58854701005
1990-03-29,97.7178940725,0.155215219512,1.27716395636
1990-04-30,97.8278492854,0.0,0.00249910839844
1990-08-20,84.1215719676,0.00249910839844,0.257397893799
1990-11-24,97.9053192297,0.0124953334961,0.410500638906
1990-12-10,97.9053192297,0.00499818994141,0.92538086191
1990-12-26,97.9053192297,0.022491185791,2.05216452301
1991-02-12,97.9053192297,0.00499818994141,2.93444830799
1991-02-28,91.7517102813,0.00749728222656,5.36107492099
1991-09-24,95.9406864706,0.00249910839844,0.0974614692383
1991-10-26,91.2209180336,0.0399837844238,0.607896645423
1992-01-30,97.86730559,0.0,1.98086603642
1992-02-15,97.9053192297,0.0,1.58287100908
1992-03-02,97.9053192297,0.0,0.007497296875
1992-03-18,97.9053192297,0.00249910839844,1.97327467968
1992-04-03,97.9053192297,0.00249910839844,0.264899700928
1992-04-19,97.9053192297,0.00499816723633,0.0702484682914
1992-10-12,97.9053192297,0.0,0.0
1993-10-15,97.9053192297,0.0,0.0199925061035
1993-10-31,90.5128489483,0.00249910839844,0.0963635218894
1993-11-16,97.9053192297,0.00249910839844,0.203162438968
1993-12-18,89.8230138949,0.0,0.764038166226
1994-02-04,91.8602275015,0.00249910839844,0.717867103754
1994-03-08,97.9053192297,0.00499818457031,7.00221950854
1994-04-09,97.9053192297,0.00249910839844,0.0452577600394
1994-10-18,97.4333953612,0.0124954936523,0.107850211708
1994-11-03,97.9053192297,0.00249908837891,0.160680320071
1994-12-21,96.0965133652,0.0299879724121,1.24888340189
1995-02-07,97.9053192297,0.00249910839844,2.02567403169
1995-03-11,97.9053192297,0.00249910839844,2.20351648936
1995-04-12,96.0621968121,0.00249910839844,0.48521111508
1995-05-30,85.6522482657,0.00249910839844,0.159944734863
1995-10-21,87.2000306474,0.00499801977539,0.610365947182
1995-11-06,97.9053192297,0.0584868975615,0.298624860363
1995-11-22,97.5254805852,0.0124948022461,1.14928218152
1995-12-08,97.9053192297,0.00249910839844,2.0522670898
1995-12-24,97.9053192297,0.0299882067871,2.54059883611
1996-01-09,97.9053192297,0.0449820808105,2.31358413737
1996-02-10,97.9053192297,0.00749725683594,1.17210790025
1996-02-26,97.9053192297,0.00499819677734,1.79537192957
1996-10-23,97.9053192297,0.00499819677734,0.0149945114746
1996-12-26,97.9053192297,0.0,2.24465185663
1997-02-12,97.9053192297,0.00249910839844,1.92163437236
1997-02-28,97.9053192297,0.0,0.530532721438
1997-05-03,96.0138439284,0.00249910839844,0.190197655547
1997-06-04,91.2990582983,0.00249910839844,1.93096686678
1997-08-07,94.1076809178,0.0174936286621,0.127453699951
1997-09-24,97.2703336083,0.00749726489258,0.0282348870242
1997-11-27,97.9053192297,0.00249910839844,0.237638934237
1997-12-13,97.4125675169,0.0124954855957,0.670303519197
1997-12-29,97.9053192297,0.0149946088867,1.21391979995
1998-01-14,97.9053192297,0.0124954963379,0.875448203355
1998-01-30,97.9053192297,0.00749731835937,1.05736654159
1998-03-19,97.9053192297,0.0224919191895,2.45507557792
1998-04-04,97.9053192297,0.0,0.0776287133138
1998-05-06,94.1502377309,0.00249910839844,0.241616974214
1998-10-29,97.0342796254,0.00249910839844,0.0521259978745
1998-12-16,84.411238851,0.0,0.0
1999-01-17,97.9053192297,0.00999636376953,0.979543854628
1999-02-02,97.9053192297,0.0299893278809,0.634037725545
1999-02-18,97.9003209849,0.0549798740234,0.873748062187
1999-03-06,97.9053192297,0.20991975,0.563022393558
1999-11-17,97.7010469529,9.83128951074,10.3340195225
1999-12-03,97.9053192297,10.3013015162,10.6996871847
1999-12-19,97.9053192297,10.1811544563,11.5948174835
2000-01-04,97.9053192297,10.4660415957,11.2896140969
2000-02-05,97.9053192297,10.3885729221,10.8566250271
2000-03-08,97.9053192297,10.2186425056,11.6392945343
2000-04-09,97.9053192297,8.91163703564,9.48890807422
2000-09-16,97.4755822196,10.1838423756,10.9160581529
2000-10-02,90.9125724143,10.5012143771,10.4187472596
2000-11-03,97.9053192297,10.4412373089,10.4687274999
2000-12-21,97.9053192297,10.5262044855,10.8266257815
2001-01-06,97.9053192297,10.4462341439,10.9344824642
2001-01-22,94.9653979056,9.92874758398,11.2862666839
2001-02-07,97.9053192297,9.93623712378,10.5077120298
2001-02-23,97.9053192297,9.51890209717,10.321686651
2001-03-27,97.9053192297,9.17153418213,9.41420826028
2001-04-12,95.5924197603,8.01198614771,8.98410161572
2003-11-12,96.3371996614,9.40662081554,9.80111937732
2003-12-14,97.9053192297,9.90643519274,10.390626179
2003-12-30,97.9053192297,10.0913699437,11.3772169242
2004-02-16,97.9053192297,9.06157173682,10.4349155534
2004-03-19,96.1917927495,6.54254923169,11.4434948074
2004-04-20,97.9053192297,5.9827700874,5.5904143916
2004-09-27,86.321161092,9.80147711657,11.6432575343
2004-10-13,97.9053192297,6.75247116772,11.5451401558
2004-11-14,97.9053192297,10.3862537804,10.3887492643
2005-01-17,97.9053192297,9.72131854077,11.2873386152
2005-02-02,97.9053192297,9.51891215894,15.1790849472
2005-02-18,97.9053192297,9.72631302271,10.0044363079
2005-03-06,97.9053192297,8.76668527759,8.87940691995
2005-04-07,97.9053192297,6.94989286743,6.87241561597
2005-04-23,97.9053192297,5.33552510181,5.08311339038
2005-11-01,97.9053192297,9.22900965967,10.2937884672
2005-11-17,97.9053192297,10.6436571637,10.8238196983
2006-02-21,97.9053192297,9.9039409652,10.0163913182
2006-04-10,97.9053192297,7.89702406128,9.52157894078
2006-10-19,91.4355985536,9.6740203546,10.6336522906
2006-11-04,97.9053192297,10.1538440057,10.663646662
2006-11-20,83.8619625125,8.60172368433,9.66762031394
2006-12-06,85.6145122979,9.68901349523,10.8197620198
2006-12-22,97.9053192297,10.2463075365,11.1749323756
2007-01-07,97.9053192297,10.3262763172,10.7850148339
2007-02-08,97.9053192297,9.58636606348,11.0444471495
2007-02-24,97.780361741,9.15403452319,10.7641723668
2007-03-12,93.9104415605,8.15692272852,9.74230396176
2007-03-28,97.9053192297,8.61924026099,8.72919039209
2007-09-20,97.9053192297,9.64653758483,10.1063595785
2008-03-14,97.9053192297,8.88163782397,9.09404875098
2008-04-15,95.0833529834,7.91701080859,7.8496890974
2008-11-25,97.9053192297,10.5886807386,11.1250969201
2008-12-11,93.232364089,9.58141759155,11.1524194454
2009-01-12,97.9053192297,10.6986356664,11.7421482575
2009-02-13,97.9053192297,10.2937905257,10.6743797076
2009-04-02,97.3026943456,8.69921009961,8.43180651367
2009-04-18,90.5093102473,6.65498171265,6.1176869917
2009-05-04,92.0085882287,6.58003271191,6.44343543318
2009-08-24,88.9209265913,7.98948371045,8.23196840616
2009-09-09,90.3876158217,8.81166512183,9.47909848326
2009-10-27,93.9340760984,9.51659730724,10.5064450649
2009-11-12,97.8541853513,10.44123643,10.9137854802
2009-11-28,97.7375344361,10.3162807389,10.8263160493
2009-12-14,97.9053192297,9.86145644127,10.8135839613
2010-01-15,97.9053192297,10.2887939899,11.482578469
2010-01-31,86.4679592001,9.66153884459,10.995666718
2010-04-21,97.0398728669,7.40970495947,7.78705395166
2010-05-07,93.5133522059,6.36761858618,6.44008259863
2010-10-30,97.8815843273,10.0988660011,10.4458782196
2011-01-02,92.8294367879,9.73650200182,10.886382284
2011-01-18,97.7568721797,9.75149564537,10.8140704851
2011-02-03,97.9028201321,9.06407122632,9.44414934561
2011-02-19,97.900321385,9.33146587842,9.43392026099
2011-04-08,91.0522690784,7.09732595703,7.62547680809
2011-07-29,97.9053192297,9.67901782653,10.4312326788
2011-11-02,97.9053192297,10.2313137118,10.6111658297