Date,Rarea,NDWI,MNDWI
1987-12-16,138.990723101,15.5583429051,15.41562857
1988-01-17,158.064321171,22.8007933563,22.3366049137
1988-02-18,152.194597025,22.5413605126,22.2098419437
1988-04-06,158.064321171,27.8340454505,20.5317147345
1988-05-24,152.638283945,16.4947433941,16.6123449568
1988-07-11,155.669925714,22.6104089072,23.4895093456
1988-09-13,157.939235087,26.1900459856,27.7861369458
1988-12-02,158.064321171,40.901903866,40.7859226561
1989-01-03,158.064321171,40.8907675373,40.4534406497
1989-01-19,158.064321171,41.731296129,40.8512124749
1989-02-04,143.211605311,41.2058996006,40.2520355664
1989-02-20,158.064321171,42.7996724045,40.9089884013
1989-11-03,143.519480957,28.2692826897,28.7709093382
1989-11-19,156.031903642,27.7865674367,28.1603225984
1989-12-21,158.064321171,28.2592718674,28.1692109329
1990-01-06,148.405216325,20.0161407322,20.911879694
1990-01-22,158.064321171,28.6498001007,28.3194311168
1990-02-23,158.064321171,28.1952341606,27.5237703662
1990-03-11,151.20231028,33.2186579861,28.9867735486
1990-03-27,155.642645187,27.2861064893,27.02092652
1990-04-12,158.064321171,26.5096739208,26.2353892371
1990-05-14,158.064321171,25.5417570864,25.3941575188
1991-01-25,158.064321171,32.5487401686,32.6938439308
1991-02-10,158.064321171,31.3938289024,31.4771610084
1991-02-26,158.064321171,31.2536114927,30.9084974596
1991-03-30,156.276381628,35.6035243107,30.3531146527
1991-05-17,158.064321171,28.7481757068,28.6185197036
1991-11-25,158.064321171,30.5487117668,31.7935335986
1992-02-13,158.064321171,30.4180354196,30.966851416
1992-02-29,158.064321171,29.9811771702,30.258749608
1992-03-16,158.041805848,30.6053476037,30.3889558645
1992-05-03,158.064321171,27.1422539863,27.021044557
1992-06-04,156.832382663,25.624971554,25.6707285227
1992-12-29,158.064321171,36.2982107828,37.6064020181
1993-03-03,151.804537175,39.7989882593,39.4312620171
1993-03-19,158.064321171,36.0653452959,36.4312538364
1993-04-04,158.064321171,35.9591038185,36.1929310498
1993-05-06,158.064321171,33.0962405695,32.8281265
1993-05-22,147.299755588,31.8792792011,31.8497992024
1993-06-07,153.722085711,31.2175413899,31.4763856109
1993-08-26,158.064321171,26.1692448925,26.1660667388
1993-10-13,135.672814414,29.0024167704,29.9600646447
1993-11-14,158.064321171,30.6046225808,30.9009917513
1994-01-17,158.064321171,29.6228224686,29.598934583
1994-02-02,158.064321171,28.8469776174,28.5093560091
1994-03-06,158.064321171,26.5004825746,26.1077137738
1994-08-13,147.407021919,12.8563510541,12.9412914038
1994-10-16,154.163341816,26.4352291939,27.62242671
1994-11-17,143.635847096,19.8569767068,20.6084923459
1995-01-04,158.064321171,24.6929789295,24.6185855915
1995-01-20,150.59422777,17.6339203815,17.2586655956
1995-02-05,158.064321171,23.3711547566,23.1745409106
1995-02-21,157.976742671,22.9200153913,21.7122080594
1995-03-09,155.197352376,22.0945509417,20.5277316997
1995-03-25,157.178469837,21.0255696465,20.547627754
1995-04-10,158.064321171,19.1206424218,18.6864747751
1995-04-26,157.331321796,18.1149579396,17.7321976022
1995-08-16,149.001147775,18.5076013557,19.072988886
1996-02-08,158.064321171,38.9962918193,39.1466326602
1996-02-24,155.639683658,39.4323771165,39.5480237486
1996-03-11,158.064321171,39.1366941907,37.950038043
1996-03-27,158.064321171,36.7847948647,36.2964534597
1996-05-14,158.064321171,33.8380916423,33.9681813047
1996-11-06,153.053300943,41.566646719,42.2926146749
1996-11-22,144.591217385,38.5624010359,38.8858968396
1996-12-24,158.064321171,40.9165149924,40.9990706829
1997-01-25,158.064321171,41.4890728048,40.5120121958
1997-02-10,158.054314239,41.1047499953,40.5895653775
1997-02-26,158.061819464,41.7785037848,39.9791450676
1997-04-15,158.064321171,35.412983502,35.0054019284
1997-05-17,158.064321171,30.9027572595,30.4249324358
1997-06-02,158.064321171,29.8954216079,29.7457518678
1997-06-18,157.619128319,28.9197241533,28.4193833716
1997-09-06,158.051812466,22.1447374656,21.9637917837
1997-10-24,145.512988138,25.0770982556,26.4569975189
1997-11-09,140.239718394,20.7666534897,21.7504803821
1997-11-25,158.064321171,24.9069794031,24.9645197739
1997-12-11,153.246193109,24.3290850195,24.316576782
1998-01-12,149.508278313,22.5359003163,22.641750696
1998-01-28,158.064321171,24.0331716381,23.4054340231
1998-03-17,157.568980956,20.3981764087,19.8351010178
1998-05-04,157.661544477,18.5571881852,18.1226381309
1998-06-05,158.064321171,18.1969540426,18.4521284984
1998-06-21,157.826658978,18.8986475127,19.1286880983
1998-09-09,144.572111084,25.0120496909,25.9777102949
1998-10-27,156.412825107,31.0079972351,32.7291722219
1998-11-12,158.064321171,31.0855500757,32.5915808257
1998-12-30,158.064321171,33.0018616165,33.9024795794
1999-01-31,143.849335895,32.4071179448,32.7523552437
1999-02-16,158.064321171,33.8599481712,34.2252001914
1999-03-04,158.064321171,33.6935355871,33.9177903548
1999-03-20,158.064321171,32.762273467,32.2613550957
1999-04-21,147.299304586,30.3850701394,30.7328107266
1999-08-27,143.901761175,30.6552533853,30.5551872747
1999-12-17,157.441399628,39.85406502,39.9491305842
2000-01-18,155.597487326,40.3432758354,40.6260274537
2000-02-03,158.064321171,40.2618400786,40.1917928943
2000-02-19,157.499793194,39.6038901792,39.2511511785
2000-05-09,158.064321171,37.6825694275,37.9202341226
2000-08-13,156.93354781,31.1679910997,32.546551926
2000-12-19,158.064321171,40.2218129976,40.3368926035
2001-01-04,158.054314229,40.3318101305,40.3944321358
2001-02-21,158.064321171,39.9931353998,39.6339098003
2001-03-25,158.064321171,38.0029839516,37.7876026454
2001-04-10,158.064321171,36.2766047998,36.0764694207
2001-04-26,147.326940526,32.3013994133,32.0587345469
2001-07-31,153.371751437,31.6160675438,31.4783177351
2003-11-10,158.064321171,37.6325373108,38.1253750925
2003-12-12,155.180824946,37.9253933834,37.8328322718
2003-12-28,158.064321171,37.830170625,38.1875241373
2004-02-14,157.771829813,38.1630549972,38.3006507706
2004-03-01,158.064321171,37.0372835394,36.8097465755
2004-03-17,157.118678058,34.663004625,34.7156978312
2004-04-18,158.064321171,30.4950263119,30.0598480129
2004-05-04,138.123221512,9.00495672094,7.74227469957
2004-06-05,147.933554662,22.7955345562,21.6972859929
2004-06-21,138.509798193,19.4382591003,19.4784435572
2004-08-24,147.833714943,15.01272122,14.3849498717
2004-10-27,158.064321171,18.5201156765,18.9949404593
2004-11-12,153.876475383,17.2937782936,17.7117985493
2004-12-14,157.751607672,16.1453368313,15.8102655646
2004-12-30,158.061819483,16.0761040239,15.6107178969
2005-01-31,158.064321171,17.2576161569,15.5701013329
2005-02-16,158.064321171,14.9441120921,14.6668278718
2005-03-20,157.726591076,13.1356211658,12.2825425962
2005-04-21,158.064321171,12.1975226119,12.6681189046
2005-08-27,158.064321171,12.0794023656,12.4928423738
2006-02-03,158.064321171,32.1960040485,32.1193160789
2006-03-07,158.064321171,30.9461675392,30.6509680226
2006-04-24,154.06295391,25.7249092598,25.652165807
2006-05-10,146.182444025,25.3319430128,25.164711734
2006-05-26,153.008831392,26.6488281754,26.9245576765
2006-11-02,158.064321171,37.4080417141,39.9773912925
2006-11-18,158.064321171,38.0687200348,38.8727028359
2006-12-04,154.407182733,36.2076527177,36.9578936097
2007-01-05,158.064321171,38.2590565494,38.4917173217
2007-02-06,157.321313687,39.309178838,38.9336473141
2007-02-22,158.064321171,39.4321902667,38.9323605046
2007-03-26,157.849174744,36.0395992619,35.6177439644
2007-04-27,145.592602206,30.8756359285,33.6586576487
2008-03-12,157.991771819,38.1133071137,37.8476835381
2008-03-28,158.064321171,35.5259311429,35.5035742664
2008-04-13,157.846670483,33.6365692429,33.5178135989
2008-07-18,139.862431573,33.7180068337,33.9606737456
2008-11-07,142.774760019,33.6079891221,35.6522179864
2008-12-25,156.968567714,39.5949081832,39.6459166767
2009-01-10,158.064321171,40.1040725679,40.2483609893
2009-01-26,158.064321171,40.3506141076,40.3220385826
2009-02-11,158.064321171,40.4092827703,40.2820109059
2009-02-27,156.007565272,38.8577880785,38.41811829
2009-03-31,158.051812526,35.9403339558,35.7848264317
2009-04-16,158.064321171,34.6849032597,35.0473797684
2009-08-22,152.530640263,26.2286625689,26.9641649536
2009-09-23,149.628044953,25.6871977912,26.4813296657
2009-10-09,158.061819464,32.2495036436,34.0798622511
2009-11-10,157.579660669,37.6256858479,38.1569811985
2009-11-26,151.932933542,36.4298599043,36.7976124744
2009-12-12,158.064321171,37.9559138286,38.5062912446
2010-01-29,158.061819463,39.4328896824,38.9569031439
2010-02-14,158.064321171,38.5990073807,38.4340075201
2010-03-18,153.289764604,35.3044027871,34.7809907491
2010-07-08,158.064321171,22.1105154393,22.4125175191
2010-09-10,150.243022814,29.4518134017,30.6452470874
2010-12-31,158.064321171,39.448751142,39.5569852513
2011-01-16,158.064321171,39.4917122726,39.6268071646
2011-02-01,158.064321171,40.4472060272,39.9641069442
2011-04-22,157.061536476,36.5932547657,36.7248145291
2011-07-27,158.064321171,34.8690428445,36.3356346246
2011-10-15,156.666413486,38.2882204235,39.5764032251
2011-11-16,156.71524798,38.1903455741,38.9586067403