Date,Rarea,NDWI,MNDWI
1988-02-29,16.788173327,1.9491052583,2.1953263092
1988-04-17,16.788173327,1.88081046875,2.06233110339
1988-06-20,16.484419402,1.86823005908,2.27624180535
1988-08-07,16.7782883129,1.83857467926,2.09052230284
1988-10-10,14.9043720454,1.30119821271,1.36859586035
1988-10-26,15.2674221436,1.6103277536,1.69120357581
1989-01-30,16.319731891,1.78376037543,1.91232972403
1989-02-15,16.788173327,1.77926781183,2.03952916997
1989-03-19,16.4755559512,0.98938336377,1.27680663744
1989-04-04,16.7836801562,1.43869217151,1.49800124396
1989-04-20,16.1303728699,1.60198581449,1.72599564256
1989-05-22,16.788173327,1.6876101759,1.79001439818
1989-06-07,16.6922936382,1.65795528607,1.77833193273
1989-07-09,15.5409919922,1.37578870911,1.58143813922
1989-10-13,16.788173327,1.79903724005,1.93113409692
1989-12-16,16.788173327,1.8826082854,2.03717032867
1990-02-18,16.7740806784,1.86620526982,2.0674723001
1990-03-06,16.788173327,1.76938320172,2.00647870038
1990-05-09,16.7872747001,1.58872303337,1.69796046305
1990-10-16,16.7683152482,1.44857857507,1.60763375067
1991-02-21,16.788173327,1.29581369666,1.20774897278
1991-04-10,15.1826821305,1.28862507794,1.36321082739
1991-04-26,16.6735595494,1.41622854132,1.46958206452
1991-09-01,16.3685144119,1.47193909863,2.90063631988
1992-03-27,16.788173327,0.0,1.41982037451
1992-04-12,16.788173327,1.48182473279,1.89159449402
1992-07-17,16.788173327,1.52855323297,2.11126733281
1992-08-02,16.731272678,1.49889854932,1.80372020123
1992-12-24,16.788173327,1.37489040509,1.54383116931
1993-06-02,16.788173327,1.26436105554,1.43865479119
1993-10-24,14.7231950784,1.48362321619,1.87362298865
1994-04-02,16.788173327,1.73164029016,1.97786149109
1994-05-20,16.788173327,1.72445086975,1.94906643865
1994-06-05,16.788173327,1.73683105185,1.96883683263
1994-08-08,15.9508912682,1.56629735004,2.22632244087
1994-09-09,16.7774318858,2.66269282265,15.5218469341
1994-11-28,16.788173327,1.62380592633,1.76129462115
1994-12-14,15.1150162021,1.80981959137,2.23045206733
1995-01-15,16.788173327,1.8367785686,1.9886451087
1995-03-04,16.788173327,1.68940519232,1.90441471763
1995-03-20,16.788173327,1.70018903876,1.82959033685
1995-05-23,16.7480198714,1.1628163645,1.85714468917
1995-07-26,16.788173327,1.73556934613,1.98276357756
1996-02-19,15.7102217753,1.79723990332,2.23851025968
1996-03-06,16.788173327,1.79005054449,2.22015039812
1996-04-07,16.788173327,1.78286130029,1.93472762598
1996-04-23,14.6811470727,1.50968406329,1.71816400836
1996-05-25,16.788173327,1.77657127594,2.0879021989
1996-06-26,16.788173327,1.75500436823,2.22254044658
1996-08-13,16.7394332269,0.108732670959,1.14663649164
1997-01-04,16.788173327,1.82509669293,2.05788101286
1997-01-20,16.7550800803,1.67143302899,1.90866804425
1997-03-09,16.4090005125,1.76399079871,2.13044457208
1997-03-25,16.788173327,1.57348323938,1.78016523346
1997-05-12,16.7878385364,1.15293039929,1.72534962769
1997-06-13,16.788173327,1.75500451984,2.17911353728
1997-09-01,16.1775554588,1.73523452277,2.23344438921
1997-09-17,16.788173327,14.6567690001,11.6403317687
1997-10-03,15.1670708764,1.2616570351,1.83857084369
1997-10-19,15.6973757194,2.32472985126,14.8413898357
1997-11-20,16.5626252229,1.76578790717,2.14804725093
1998-01-23,16.788173327,1.81880598138,1.98594892023
1998-02-08,16.788173327,1.79993512146,2.02818308679
1998-02-24,15.8050457078,1.68491351666,1.92664083673
1998-04-13,15.3636681073,1.49979656268,2.19434348716
1998-04-29,15.1711337588,1.22661888312,2.08380080633
1998-05-31,16.5964735966,1.42341568207,1.49979861346
1998-07-02,16.788173327,1.41083573822,1.4566269362
1998-09-04,16.7521874153,1.56180369678,1.67515339323
1998-12-25,16.2771495253,1.6112268786,1.99762957367
1999-02-11,16.788173327,1.52406098065,1.59774804956
1999-08-06,16.788173327,1.5519178349,2.14519581272
1999-12-28,16.7374671875,1.5878621026,1.8026319635
2000-02-14,16.788173327,1.67502793585,1.93472805713
2000-03-17,16.7872747214,1.63818465839,1.89249355554
2000-04-18,16.6935979927,1.72085720477,1.97734057512
2000-07-23,15.1031126874,1.4953001134,1.99756088214
2000-10-11,16.788173327,1.65615613263,1.8691286178
2000-10-27,14.5343015804,1.67682422748,1.90865315548
2001-03-04,16.3924382735,1.74422072644,2.05963581152
2001-04-21,16.3176516606,1.25537363763,1.77117914545
2001-06-24,16.6089375908,0.736868468079,1.73210886977
2001-07-10,16.788173327,1.67143257147,2.49917585797
2001-09-12,16.788173327,1.78555717639,2.05154755194
2003-12-23,16.788173327,1.82869102618,2.10187051099
2004-02-09,16.788173327,1.65256010077,1.91405815985
2004-02-25,14.7000497614,1.67053435345,2.50438422934
2004-03-28,15.5934995667,1.60134139423,2.2199258823
2004-04-13,16.788173327,1.66873735516,1.94191767114
2004-05-15,16.070412869,1.62200862256,1.98868110848
2004-08-03,14.5344707941,1.39914831726,1.53224252246
2004-12-25,16.788173327,1.83048836206,2.07670940619
2005-02-11,16.7611584987,1.77567310364,1.93073944929
2005-03-15,16.788173327,1.69569650134,1.79184899567
2005-03-31,16.5973953381,1.60223987952,1.7091759469
2005-05-02,16.0821935836,1.47733297449,1.97726166473
2005-06-19,14.8400965853,1.49889979028,1.66707571858
2005-08-22,16.788173327,1.64088158014,1.74072701464
2005-09-23,14.5835087102,1.2122404325,1.6022418056
2006-02-14,16.788173327,1.76039655505,2.03986670935
2006-03-02,16.788173327,1.74781615845,1.90147975519
2006-05-21,16.788173327,0.891430026062,1.30209939862
2006-06-22,16.1743451308,1.71187044153,1.8964922436
2006-09-10,16.4861770266,1.6669397356,2.14140931018
2006-10-12,15.9477753111,1.64537343378,2.2853227054
2006-10-28,16.788173327,1.88170934222,2.07940489569
2006-11-29,15.0989301173,1.7909498454,1.97247067871
2006-12-15,16.0151643622,1.88440512799,2.24048797192
2007-03-05,14.5402358378,1.62470306445,2.12942707635
2007-06-09,15.0709848063,1.73613255939,2.44529144944
2007-08-12,16.788173327,1.52585579657,7.71754270264
2008-02-20,16.788173327,1.71007390039,2.133322638
2008-05-10,16.788173327,1.59415108521,1.90237703436
2008-05-26,16.788173327,1.7073772666,2.15356015462
2008-07-29,16.7644911661,1.84935890393,2.05111791579
2009-01-05,16.6997395647,1.92034951904,2.25646912549
2009-01-21,16.788173327,1.85025733337,2.1890360296
2009-04-27,16.5071608103,1.79005002509,2.12613324847
2009-05-13,16.1297335197,1.83677819794,2.33034193012
2010-01-24,16.788173327,1.8817090874,2.12613295135
2010-02-09,16.788173327,1.86104122247,2.04615674451
2010-06-01,15.7652702128,1.65346092212,1.92554160152
2011-02-28,16.0205986546,1.55820836292,1.95989047095
2011-06-04,16.788173327,1.7828615885,2.00911257186
2011-07-06,16.788173327,1.67323032019,2.26628001073