Date,Rarea,NDWI,MNDWI
1988-05-21,33.5809840125,3.7270875345,4.00380244016
1989-05-24,33.8915971426,3.81449371321,4.14613812891
1989-09-13,33.1048513192,3.47016487515,3.80254258268
1990-05-27,28.9630165117,3.38517141644,3.40036726179
1990-07-14,30.8044127875,3.24862085102,3.79393331161
1990-08-31,30.9006633079,2.97929542573,3.38370583097
1991-03-11,33.8798931457,3.61039781882,3.96931519457
1991-04-28,29.4677652752,3.5417804449,3.81133066187
1991-09-03,31.415388443,3.34883506416,4.47819172371
1992-12-26,33.7030878764,3.72068993733,10.4485198027
1993-11-27,30.0552317227,3.42657617046,4.99105993268
1994-09-27,32.8562491067,32.8562491067,32.8283392014
1994-10-29,33.6561611463,8.56903879039,28.5700152467
1995-06-26,33.283073397,3.64765310005,6.53939722139
1996-03-08,33.9096033572,3.49217643386,4.44592910094
1996-12-21,30.4127906807,2.99159135307,4.48283192084
1997-01-22,29.7979517694,2.33964476642,2.73919969352
1997-09-03,32.7880084623,2.9418853121,3.94154529135
1998-11-25,31.0940795091,3.03684453134,3.61024700685
2000-08-26,29.5957030957,2.60773359895,3.02103765468
2001-05-09,33.2822480488,3.48513642506,4.45235920949
2003-12-25,33.2986442374,3.18045890628,3.51047754917
2004-03-30,32.2274664973,3.03329205023,3.68804455729
2004-04-15,30.6509926711,2.97172464946,3.21772069115
2004-08-05,29.5564239261,2.56259722013,3.00325272149
2004-11-09,32.0850872252,3.21985114713,3.9298863196
2005-01-28,33.8135583597,3.59080276156,6.38252291773
2005-05-04,32.2625457102,3.2126270546,3.6215426177
2006-09-12,32.0749705134,3.2622011801,3.70289984017
2007-05-10,32.7070367521,3.2133549353,3.55628894252
2008-04-10,31.611209753,3.4570497938,3.98520442679
2008-06-29,29.3427252736,2.65936179002,3.17129564494
2008-11-04,31.8235932124,3.22298809812,3.76103504314