Date,Rarea,NDWI,MNDWI
1988-01-07,309.207079264,3.82409656482,3.79414024646
1988-01-23,309.207079264,3.75627980898,3.64911638218
1988-10-21,308.42277691,3.57351984581,4.60327865379
1988-11-22,296.934096414,3.46062800236,3.72009047794
1988-12-08,268.014286654,3.01152178653,3.01568850427
1989-01-09,309.207079264,4.30531208663,4.16355177411
1989-01-25,306.965182904,3.96976275852,3.36985748411
1989-02-10,309.207079264,4.26920709934,3.48803554304
1989-05-17,307.27766739,1.88661010696,2.76532556245
1989-06-02,265.553108166,3.25105616642,3.92295264156
1989-11-25,309.207079264,4.34883014786,4.79118694136
1989-12-27,309.207079264,4.54049751312,4.57162152021
1990-02-13,309.207079264,5.57285680123,3.28750783395
1990-03-17,308.847450126,4.00343320399,2.60472143457
1990-09-25,294.584979078,3.50290057617,4.35536711325
1991-01-31,309.207079264,4.32887674845,3.59033739591
1991-04-21,296.910112689,2.50262438712,1.8762178418
1991-09-12,296.515590147,3.42523867928,6.31231227683
1991-09-28,302.879121576,1.31731569141,8.4504099886
1991-10-30,307.981787403,3.12130759708,5.03476079746
1991-11-15,304.414070959,3.43068518497,6.46207459505
1991-12-01,309.207079264,4.02947297208,5.30729263741
1992-02-03,309.207079264,2.85187454435,3.54697652898
1992-03-06,298.756891045,1.46698465723,2.37304027135
1992-03-22,309.207079264,2.6845707207,2.75347105134
1992-09-30,266.227634879,2.72448839648,4.46562238722
1992-10-16,307.891517598,2.54484603613,4.14922869083
1992-12-19,309.207079264,3.81990385099,4.3400813507
1993-03-09,309.137232091,2.67458406836,1.92607758496
1993-10-19,299.085746686,3.96242511382,4.98454183839
1994-01-07,309.207079264,3.78996026603,3.94963486466
1994-02-08,309.207079264,3.44069112052,2.82083087623
1994-03-12,299.158400194,2.44502883105,1.80630522949
1994-11-07,309.207079264,4.43017326444,4.69543884748
1994-12-25,309.207079264,4.89127433477,5.15230718546
1995-01-10,309.207079264,4.94943393077,4.72641904235
1995-01-26,282.777043313,5.7272869829,4.78110490228
1995-02-11,309.207079264,4.07714013994,3.28719734538
1995-03-15,309.207079264,4.42875097178,2.92140937247
1995-05-02,307.448529091,2.56215027091,2.13301126309
1995-06-03,307.398816561,2.94136466446,3.8636896488
1995-06-19,306.681686336,2.90561940173,3.05532628454
1995-11-26,267.91031782,2.06586012012,2.36525331836
1996-01-13,306.567069938,4.46445958046,4.89756189664
1996-01-29,309.207079264,4.63180273711,4.34090008048
1996-07-07,276.83617427,3.75933071247,5.42366053416
1996-10-11,294.61485345,6.02984011081,6.31708018465
1996-12-30,309.207079264,6.21729577724,6.18610399517
1997-01-15,309.207079264,5.88798605751,5.32785950494
1997-01-31,309.207079264,5.37698937976,4.55570358869
1997-02-16,309.207079264,5.05889103397,4.116610284
1997-03-04,309.207079264,4.35034299881,3.30063159317
1997-04-05,309.207079264,4.04097249393,3.56773800764
1997-04-21,292.751265932,3.90126950467,4.02679627326
1997-10-14,266.365860937,5.39906895967,6.19731793153
1997-12-01,309.207079264,4.79147344512,4.49005365702
1997-12-17,301.970327075,4.71954954373,4.28577130966
1998-01-02,309.207079264,4.55991836307,4.05627686142
1998-01-18,277.264324219,2.83095686111,2.5784057879
1998-02-03,309.207079264,4.02102838065,2.81926979377
1998-04-08,309.207079264,2.33263036563,1.81367438419
1998-05-10,306.807519402,2.12304135196,1.72385158731
1998-07-29,267.365758041,18.8523484258,19.7205903965
1998-08-14,305.255162287,21.9221555248,23.1895844994
1998-11-18,291.869185047,24.622988081,25.0221819003
1998-12-20,309.207079264,27.3037350731,26.6942177664
1999-02-22,308.566794759,25.6521560438,24.2150918992
1999-09-02,294.180407613,26.5676227981,25.8992245332
1999-10-04,281.891884595,33.7704900378,33.3214423181
1999-12-23,306.632339749,46.9536299091,49.6674923193
2000-02-09,307.001588669,49.1999729828,49.2236680112
2000-04-13,278.010097903,47.5570521059,46.1391310722
2000-09-20,301.275111863,40.0373837587,41.7661004751
2000-11-07,307.936565214,45.1573545525,47.6323245369
2000-12-09,299.760268056,52.6194641275,53.0665266978
2001-01-10,290.119300272,52.9825661656,52.4157296111
2001-01-26,309.204261794,54.0403100446,52.8352138432
2001-02-27,309.207079264,46.9779514223,44.5520613905
2001-03-15,309.187121969,41.8912904523,39.0315410625
2001-03-31,305.928722074,38.5542562323,36.0422086241
2001-04-16,308.563831648,33.006919074,31.1407552264
2001-09-23,307.328839199,41.4924241884,44.5562164217
2004-01-03,309.107282574,50.425468533,49.1037685326
2004-03-23,288.704494611,34.5693128964,32.1784431759
2004-04-24,280.943503793,24.3204780653,23.747329005
2004-11-02,269.257349621,41.7260863513,41.9546478949
2004-12-04,309.207079264,48.9489971961,47.9107739657
2004-12-20,309.207079264,45.075943135,43.3698905155
2005-01-05,309.207079264,43.3993269075,42.0520617493
2005-01-21,309.207079264,41.9722264427,39.8590561598
2005-02-22,309.207079264,38.3596245149,36.018181522
2005-03-10,300.765677668,36.2276965193,33.4558636749
2005-03-26,303.461693309,35.2778575194,32.2166285939
2005-07-16,272.489203698,18.3751213547,19.3948496397
2006-02-25,300.484377267,50.5579608728,48.1016029252
2006-03-13,309.207079264,46.171987182,44.0405658951
2006-10-23,308.551985962,59.9284037944,61.8246926446
2006-11-24,309.207079264,57.7827866444,57.3960779753
2006-12-26,309.207079264,52.4821987505,51.173484964
2007-02-12,309.207079264,45.1564042927,42.9450029488
2007-06-20,306.295051818,20.9851013537,21.6795203615
2007-07-22,309.207079264,20.9214760242,20.7020982019
2008-02-15,307.959681546,46.0870251084,43.3823988444
2008-03-02,303.828126013,41.3442745514,38.9732090387
2008-03-18,309.207079264,34.95164558,32.3518361433
2008-04-03,287.784228264,29.3499784567,26.5182965634
2009-02-01,264.529554752,19.7026670435,13.4296692058
2009-02-17,309.171423601,52.8272002615,50.9886154092
2009-03-21,271.279835555,33.9404995756,32.1067653084
2009-12-02,309.207079264,57.6216105112,57.9316090744
2010-02-04,309.207079264,39.0549878017,37.1894889333
2010-12-21,309.207079264,25.666700636,24.7972580348
2011-01-22,304.53442412,21.6826197085,18.8171035734
2011-02-07,309.207079264,26.001815884,24.1181831627
2011-04-12,309.207079264,29.2889263158,27.9159654039
2011-10-21,274.899191779,47.6947129453,50.736474958