Date,Rarea,NDWI,MNDWI
1987-12-06,50.551410141,0.0,0.0274556757812
1988-01-07,45.0584172215,0.0,0.00249589233398
1988-02-08,50.551410141,0.0,0.049919463623
1988-02-24,50.4685485329,0.0,0.0174717966309
1988-09-03,47.1294037348,0.0,0.00998359667969
1988-10-21,50.551410141,0.0,0.0
1989-01-09,50.551410141,0.0,0.0901680793783
1989-01-25,50.551410141,0.0,0.0926638652669
1989-02-10,50.5464182264,0.0,0.0299519726563
1989-05-17,45.5936892126,0.0,0.0
1989-06-18,50.551410141,0.0,0.0
1989-07-20,50.0486264604,0.0,0.0724612362391
1989-11-09,50.551410141,0.0,0.00499204345703
1989-11-25,47.0804653545,0.0,0.306062298834
1989-12-27,50.4614814952,0.0685832980718,0.452042224284
1990-02-13,50.551410141,0.0,0.16223774707
1990-03-17,50.551410141,0.00499198388672,0.00249605615234
1990-04-18,50.4091317985,0.0,0.114821203857
1990-08-08,50.2368309482,0.0,0.0324468093262
1990-12-14,50.551410141,0.00499187011719,0.00998378271484
1991-01-31,50.551410141,0.0,0.0224640151367
1991-04-21,50.2419158141,0.0539727265501,0.127762003671
1991-05-07,50.551410141,0.00998411572266,0.0
1991-05-23,49.6820246399,0.00249604663086,0.101864723277
1991-09-12,48.2217334458,0.0,0.325366005975
1991-10-14,46.6377096253,0.0,0.142386313948
1991-11-15,50.551410141,0.0,0.0124800100098
1991-12-01,44.6270747217,0.0,0.0174715734863
1992-02-03,50.551410141,0.0,0.0174719477539
1992-03-22,50.551410141,0.0,0.0
1992-09-14,44.2069996994,0.0,0.0324489921875
1992-11-17,50.551410141,0.0,0.00499204150391
1992-12-03,45.8034270175,0.0,0.0
1992-12-19,50.551410141,0.0,0.0324478205566
1993-03-09,50.551410141,0.0,0.0
1993-04-10,50.551410141,0.0,0.0
1993-05-12,49.8700278273,0.0,0.0499188164062
1993-07-15,49.9773659976,0.0,0.0349442683105
1994-01-07,50.551410141,0.0,0.0602165281087
1994-01-23,49.8442380537,0.0,0.0249596098633
1994-04-13,50.551410141,0.0,0.0
1994-05-15,46.0586644352,0.0,0.122682207341
1994-08-19,48.7126622358,0.0,0.0399343039551
1994-12-09,45.9856055122,0.0,0.229624828613
1994-12-25,49.4618043214,0.0,0.439286775146
1995-01-10,50.551410141,0.00249602172852,0.147184860708
1995-01-26,48.454762996,0.0,0.611835926058
1995-02-11,50.551410141,0.0,0.0399357092285
1995-02-27,47.3914575351,0.0,0.00998368359375
1995-03-15,50.548914204,0.0,0.0424318493652
1995-03-31,48.1599527742,0.0,0.431689737563
1995-05-02,50.551410141,0.0,0.0
1995-06-03,46.5311365451,0.0,0.254594061035
1995-07-05,50.551410141,0.0,0.0
1995-08-22,43.484612517,0.0,0.0524172341309
1996-01-29,48.2810268696,0.0,0.0
1996-03-01,50.551410141,0.0,0.032447552002
1996-03-17,50.551410141,0.0,0.00499198583984
1996-10-11,50.551410141,0.0,0.0
1996-11-28,44.0435003107,0.0,0.0
1997-01-15,48.487675667,0.0,0.0
1997-01-31,50.551410141,0.0,0.0599042617187
1997-02-16,50.551410141,0.0,0.0
1997-03-04,50.551410141,0.0,0.00249602172852
1997-04-21,50.551410141,0.0,0.0
1997-06-08,49.0793072209,0.0,0.0141927658021
1997-09-12,47.5719161459,0.0049919987793,0.0524147226562
1997-10-14,50.1266114369,0.00499209887695,0.00499189892578
1997-12-01,50.551410141,0.00249605444336,0.0
1997-12-17,49.9287073084,0.0,0.00249602172852
1998-01-02,50.551410141,0.00499209716797,0.0199679743652
1998-01-18,46.3608364298,0.0,0.297028510254
1998-02-03,50.551410141,0.00998389233398,0.012479940918
1998-02-19,48.2441492356,0.00748805737305,0.254869571899
1998-03-23,50.551410141,0.00249606396484,0.0
1998-04-08,50.551410141,0.0,0.0374416191406
1999-02-22,50.548835952,0.0673931057129,0.0099842175293
1999-03-10,50.5502453939,0.0249604758301,0.00748816113281
1999-03-26,49.5396805563,0.0199685075684,0.0748776293945
1999-04-11,44.6432977613,0.0424328947754,0.0249606391602
1999-10-04,50.551410141,0.182210915039,0.0424326782227
1999-10-20,45.7541640225,0.137282244873,0.4168299104
2000-02-09,48.3728647556,0.0424328066406,0.0174718781738
2000-03-28,50.551410141,0.576591241455,0.414347460205
2000-04-29,43.4791686524,0.624017093018,0.539150903809
2000-07-02,43.8373118552,1.42774975391,1.50094756193
2000-12-09,50.551410141,4.64266600171,4.73751431177
2001-01-10,50.4840335333,4.85732487891,5.09195119043
2001-01-26,50.4216110367,4.79991589355,4.87729259497
2001-02-27,50.551410141,5.01707098169,5.06199899097
2001-03-31,49.3234016874,5.10443507764,5.15435454712
2001-04-16,49.8043061976,5.20177832251,5.61611991895
2001-09-23,50.4241141886,12.1414822244,22.0460265726
2004-01-03,50.5071158733,5.93810758618,5.93061928003
2004-02-04,48.2047720862,4.75498287109,4.70962265702
2004-11-18,50.551410141,5.71845685889,5.7259447417
2004-12-20,47.0824978493,5.36401985278,5.46635728662
2005-01-05,50.551410141,5.85823478223,6.04793293164
2005-01-21,50.551410141,5.8707145249,5.9505882085
2005-02-22,50.551410141,5.84325863208,6.05042940503
2005-03-10,50.551410141,5.85823451196,6.09785425952
2005-03-26,50.551410141,5.79833026953,5.89567593237
2006-02-25,50.551410141,5.6959924668,5.6161192002
2006-03-13,49.5828947257,5.61362423999,6.10053158231
2006-04-14,49.2235639872,5.56370491016,5.62610662573
2006-05-16,46.4170979218,4.7699654353,4.92721665698
2006-07-19,44.9427232726,4.51035367285,4.61768233813
2006-09-05,44.1666199301,5.88069877686,6.04356675709
2006-10-23,49.6478890807,6.03545211768,6.2825567146
2006-11-24,43.4942940132,5.63858500537,6.04047864155
2006-12-26,50.5489141713,5.7633859248,5.89567569775
2007-01-27,44.3538624566,3.68917963159,3.93878523242
2007-02-28,50.551410141,5.61112740967,5.76588156372
2007-04-01,48.8327803164,5.58367123535,5.72844141821
2007-05-19,49.9323968683,5.70347922217,5.72344857349
2007-07-22,46.8829568253,5.72345227295,5.95558351855
2008-02-15,50.551410141,5.44888636108,5.4963109729
2008-03-02,50.551410141,5.70098543311,5.80332250879
2008-03-18,44.6780960825,5.55870852954,5.5832291225
2008-04-03,50.551410141,5.74591317383,5.87570790332
2008-07-24,47.3202485099,4.16342002295,4.39055556836
2008-08-25,45.2478739054,5.72844209473,5.90565685181
2008-11-13,50.551410141,5.73842472388,5.93366340972
2008-12-15,50.551410141,5.60363890723,5.70597688892
2009-01-16,48.7064074792,5.09444832568,5.28165083057
2009-02-01,50.551410141,4.77246228247,5.47883906885
2009-02-17,50.4637569619,5.65605580762,5.65605648608
2009-03-21,48.6508208673,5.26917396021,5.4538807793
2009-07-11,43.9798806265,2.90740960866,2.77761113307
2009-10-31,49.5730487805,5.40395576221,5.65355981738
2009-12-02,50.025492529,5.80831400464,6.06040968701
2009-12-18,50.551410141,5.79084125391,5.88069911133
2010-02-04,50.551410141,5.67602411157,5.72344940723
2010-05-11,50.2893308004,5.46136377148,5.65355816919
2010-06-12,47.8942817809,5.64856778467,5.83639613435
2010-07-14,45.718169029,5.62111182324,5.75589786426
2010-12-21,46.0308486943,5.76588112891,5.94060231909
2011-02-07,50.551410141,5.48632505005,5.66853623291
2011-10-21,49.435352503,5.03204157007,5.37415734317