Date,Rarea,NDWI,MNDWI
1984-06-14,67.2316446402,0.0,0.0
1984-06-30,67.2316446402,0.0384090003102,0.0
1984-07-16,67.2316446402,0.0,0.0
1984-08-10,67.2316446402,0.0,0.0
1984-08-26,67.2316446402,0.0,0.0
1984-09-02,67.2316446402,0.0,0.0
1984-09-18,66.9318129224,0.00249844091797,0.00249845996094
1984-09-27,66.7735450381,0.00499722387695,0.00249845996094
1984-10-04,62.3938186297,0.0,0.0
1984-12-07,67.2316446402,2.03723339178,6.13437446127
1985-04-30,67.2316446402,0.0799516706543,0.0274832609863
1985-06-17,64.5776384026,0.0,0.0
1985-08-04,67.2316446402,0.0480189105813,0.00999372192383
1985-08-20,67.2316446402,0.035526685972,0.00999372485352
1985-09-05,67.2316446402,0.0405234921243,0.00999370996094
1985-09-21,67.2316446402,0.0979879161966,0.0299815461426
1985-10-23,67.2291462112,0.185192691091,1.343910025
1985-11-24,62.8415494762,1.04861258967,4.42696680804
1986-04-01,67.2316446402,0.147412093506,0.0199880744629
1986-04-17,67.2316446402,0.0349782536621,0.00499701391602
1986-04-17,58.5605847039,0.0274628979492,0.00499297216797
1986-05-03,65.1292614206,0.004996859375,0.0
1986-05-12,67.2291462171,0.0274830742187,0.00499712084961
1986-05-19,67.2316446402,0.0149905693359,0.0
1986-06-04,67.2316446402,0.00749527783203,0.00499694311523
1986-07-31,60.9727090682,0.0,0.0
1986-08-23,67.2316446402,0.00999377197266,0.0
1986-09-08,65.2765305792,0.0249843947754,0.0
1986-11-11,67.2291462127,0.52142570679,3.00646498553
1986-12-13,64.4050434455,3.10800513902,7.4519509971
1986-12-29,57.8560597072,3.06210874168,7.32224639234
1987-04-04,67.2316446402,0.0,0.0
1987-04-20,67.2316446402,0.0949429492188,0.024985052002
1987-06-07,67.2316446402,0.00249842749023,0.0
1987-06-23,67.2316446402,0.0415717471392,0.0290796214068
1987-07-09,67.2316446402,0.0290796258014,0.0215843609088
1987-07-25,67.2316446402,0.00804391961455,0.0105423351419
1987-08-10,67.2316446402,0.0340764734576,0.0151864506261
1987-08-26,67.2316446402,0.0351738458898,0.0130407538431
1987-09-11,67.2316446402,0.0405234523294,0.00749525
1987-10-29,58.7688556362,0.0,0.0136177878485
1987-11-30,63.3530316305,1.62247115563,5.33709712843
1988-04-06,63.887492145,0.0149908686523,0.0419658466117
1988-05-08,67.2316446402,0.00749537255859,0.0
1988-06-09,67.2316446402,0.014990871582,0.0
1988-06-25,60.8304937943,0.00249841723633,0.0524694875488
1988-07-11,67.2316446402,0.0,0.0
1988-07-27,67.2316446402,0.00499683447266,0.0
1988-08-12,67.2316446402,0.0,0.0
1988-08-28,67.2316446402,0.00249841723633,0.0
1988-09-13,67.2316446402,0.132420879883,0.0
1988-09-29,67.2316446402,0.0749549909668,0.0199883579102
1988-10-31,67.2216501885,0.0299816030273,0.0298642322179
1989-01-03,57.8228099185,3.41690225089,6.16986933172
1989-02-04,67.2316446402,1.11009252202,3.07144020274
1989-04-09,67.2316446402,0.00749532397461,0.0024985144043
1989-04-25,58.4978037702,0.0,0.0
1989-05-11,67.2316446402,0.0,0.0024985144043
1989-06-12,67.2316446402,0.00999382666016,0.00499710791016
1989-07-30,67.2316446402,0.0074955612793,0.0
1989-09-16,67.2316446402,0.00999383618164,0.0
1989-10-02,67.0030272908,0.0974410859375,0.425983812271
1989-10-11,59.20847385,0.0149914321289,0.194163312279
1989-12-14,57.2620982443,1.90070454351,5.04414480974
1990-01-31,66.9246818331,1.60186687344,3.8839948387
1990-02-16,66.4761299695,0.0399754165039,1.16395776438
1990-02-23,67.2316446402,0.192381945313,1.25139006248
1990-03-11,67.2316446402,0.0449720986328,0.120858392415
1990-05-14,67.0842322962,0.0,0.0274836269531
1990-07-01,67.2316446402,0.0,0.0
1990-08-18,67.2316446402,0.0374785341797,0.0
1990-10-21,67.2316446402,4.28446087682,0.312218859574
1990-10-21,63.1181198478,4.3567861603,0.286706924022
1991-01-09,67.2141549505,6.28448135524,5.51635752964
1991-01-25,67.1866719805,3.72809176897,3.10833797648
1991-02-26,67.2316446402,2.07892865729,1.00743870756
1991-07-04,67.2316446402,0.00499691845703,0.00249845849609
1991-07-20,67.2316446402,0.00749537841797,0.00499691845703
1991-08-05,67.2316446402,0.0,0.0
1991-08-05,57.1575025697,0.00499330517578,0.0
1991-09-06,67.2316446402,0.00249842602539,0.0
1991-09-22,67.2291461758,0.0149906467285,0.0
1991-11-09,67.2291461199,0.324883058379,2.5027707979
1991-11-09,66.3828552726,0.336761780319,2.48833791102
1991-12-27,66.1847531109,2.09831732194,8.84003719022
1992-02-29,67.2316446402,0.00749534448242,1.04179643863
1992-02-29,65.5096227442,0.00748990332031,1.14463356424
1992-05-12,61.925868511,0.0,0.00749537841797
1992-05-28,63.9368770954,0.0,0.0149909616699
1992-06-04,61.3079593821,0.0,0.183832417839
1992-06-20,67.2316446402,0.00249845996094,0.014990814209
1992-06-20,58.3697249295,0.00499323974609,0.0074897902832
1992-06-29,62.6881808933,0.0,0.00749543432617
1992-07-06,67.2314094842,0.0,0.0099942722168
1992-07-15,61.6250530635,0.0024985144043,0.0024985144043
1992-07-22,67.2316446402,0.0,0.0024985144043
1992-07-31,59.8713439788,0.0,0.0
1992-08-07,67.2316446402,0.0,0.0
1992-08-23,67.2316446402,0.0,0.0
1992-09-08,67.2291462141,0.0,0.0
1992-10-26,67.2316446402,0.00749539892578,0.271263542333
1992-11-27,67.111295084,0.1780488261,3.39299126828
1992-11-27,67.0945596111,0.191414207347,3.35228113442
1993-01-14,67.0856825865,1.10447079221,5.14198075727
1993-03-19,67.2316446402,0.0299814545898,0.0324804396973
1993-04-04,67.2162325678,0.007495515625,0.00749537841797
1993-04-20,67.2316446402,0.00249845996094,0.00999389282227
1993-05-22,59.5085312784,0.0,0.00499697290039
1993-07-09,67.2316446402,0.0,0.0
1993-07-25,67.2316446402,0.0,0.0
1993-08-10,67.2316446402,0.0,0.0
1993-08-26,67.2316446402,0.0,0.0
1993-10-13,67.2316446402,0.0499714953613,0.0
1993-11-14,67.2316446402,0.237363550293,1.41031759781
1994-02-02,67.2241491988,0.788544170381,2.41792868592
1994-04-23,67.2316446402,0.00499700512695,0.00499691845703
1994-05-25,67.2316446402,0.00499689770508,0.00499697436523
1994-06-19,64.2353186986,0.0,0.0
1994-07-05,57.4214336542,0.0,0.0
1994-07-12,67.2316446402,0.0,0.0
1994-07-28,67.2316446402,0.0,0.0
1994-08-13,67.2316446402,0.0,0.0
1994-08-29,67.2316446402,2.38411190876,0.0
1994-09-30,67.2316446402,1.22136640741,0.0099940534668
1995-02-21,67.2266476321,0.701118863624,0.946577387392
1995-03-09,67.2316446402,0.531181240134,0.390079326124
1995-03-25,67.2316446402,0.0724561743164,0.0274833071289
1995-04-10,67.2316446402,0.00999385009766,0.00249845996094
1995-04-26,67.2316446402,0.0199878657227,0.00749543286133
1995-05-28,67.2316446402,0.0,0.0
1995-07-15,67.2316446402,0.0,0.0
1995-08-16,67.1240850539,0.536574011882,0.0
1995-09-01,66.6702812242,0.659886557623,0.0494520512791
1995-09-10,67.2291462171,0.27180057023,0.0
1995-09-17,60.4027812438,0.112790624242,0.0
1995-11-20,67.2291462141,2.19069591685,2.71076321033
1995-12-22,67.1916688418,4.8514492443,6.0084781619
1996-01-23,66.9839009458,0.840327092392,1.28156100947
1996-02-24,67.2316446402,0.652339753774,1.34134799668
1996-04-12,67.2316446402,0.0124922155762,0.012492276123
1996-05-30,67.0750345815,0.0,0.00999389282227
1996-06-15,67.2316446402,0.0,0.00499691845703
1996-07-01,67.2316446402,0.0,0.0
1996-07-17,64.9875264256,0.0,0.0
1996-08-02,67.2316446402,0.0,0.0
1996-08-02,60.5881074188,0.0,0.0
1996-10-21,67.2316446402,0.0310312944575,0.408463391656
1996-11-22,67.2291460965,0.895340730649,2.69344740384
1996-12-08,65.3252879913,1.05067740048,3.98937794623
1996-12-24,61.4956575179,2.22923147851,7.93792600435
1997-02-10,67.2316446402,0.350323490522,2.0706722579
1997-02-26,67.2316446402,0.00249842602539,0.304188823853
1997-04-15,67.2316446402,0.0,0.0
1997-06-02,66.9864424331,0.0,0.00499709912109
1997-07-04,67.2316446402,0.0,0.0
1997-07-20,67.2316446402,0.0,0.0
1997-08-05,67.2316446402,0.0,0.0
1997-09-06,60.3902685417,0.526662797731,0.620663286888
1998-01-28,67.2316446402,0.481997464352,2.03519053185
1998-02-13,67.2316446402,0.117586493441,1.27090697592
1998-03-01,67.2316446402,0.0844005850241,0.250398987974
1998-03-17,66.7993976778,0.0319315313132,0.0739354661104
1998-04-02,66.2366209976,0.00499691845703,0.00628047275678
1998-04-02,59.8859337789,0.00249661987305,0.0123261943177
1998-05-04,67.2316446402,0.0,0.144363828432
1998-06-05,65.0232856283,0.0,0.0
1998-06-21,67.2316446402,0.0024984362793,0.0
1998-07-07,67.2316446402,0.0,0.0
1998-07-23,67.2316446402,0.0,0.0
1998-08-08,67.2316446402,0.0,0.0
1998-08-24,67.2316446402,0.0,0.0
1998-09-09,67.2316446402,0.0,0.0
1998-09-25,67.2316446402,0.0,0.00999377026367
1998-10-27,64.8404976917,0.0011268287904,0.364599179082
1998-11-12,66.0233062126,0.0178422929429,1.70511741724
1998-12-14,63.7188824637,0.0124926206055,1.89320320733
1998-12-30,67.2291461287,1.59516718193,4.27646290139
1999-04-21,65.5942219804,0.0,0.0
1999-05-07,67.2316446402,0.0,0.00249845996094
1999-06-24,67.2316446402,0.0,0.0
1999-07-10,67.2316446402,0.0,0.0
1999-07-26,67.2316446402,0.0,0.0
1999-08-04,61.1509696733,0.0,0.0
1999-09-12,66.7814036228,0.0449745678711,0.105471184613
1999-10-14,67.2316446402,0.0349796015625,0.00749554492187
1999-12-26,67.2316446402,2.4404092236,4.3366364883
2000-01-27,67.2316446402,0.905248509566,3.11775659894
2000-02-19,67.2316446402,0.104936559814,0.612194420552
2000-03-06,67.2316446402,0.0224864050293,0.0653133237046
2000-07-28,67.2316446402,0.0,0.0
2000-07-28,59.6672598029,0.0,0.0
2000-08-29,67.2316446402,0.0,0.0
2000-09-30,66.8443711201,0.535166238903,0.00499705810547
2000-12-19,67.2291460471,2.10404086948,3.35902453224
2001-02-05,67.2316446402,0.681480585484,1.30795723243
2001-03-09,67.2316446402,0.017489236084,0.0124927832031
2001-04-10,67.2316446402,0.0,0.00249845996094
2001-05-28,67.2316446402,0.0,0.00499691845703
2001-06-29,67.019269741,0.0,0.0
2001-07-31,67.2316446402,0.0,0.0
2001-08-16,60.1261445476,0.0,0.0
2001-09-01,67.2316446402,0.0,0.0
2001-09-17,60.1034617692,0.00499716430664,0.034980151123
2001-10-03,63.3606939144,0.0,0.0
2001-10-19,67.2316446402,0.0,0.0
2001-12-22,67.2266477881,1.81300170229,4.67018977135
2002-01-07,67.2291462229,1.63874047151,4.12676956853
2002-02-24,67.2291462053,0.0124929118652,0.14170362962
2002-03-12,67.2266475325,13.899622404,18.9725452725
2002-05-24,57.9706014733,0.00249865063477,0.0424755947266
2002-06-09,65.593241608,0.0,0.00249852758789
2002-06-16,67.2316446402,0.0,0.0
2002-06-25,67.0573822459,0.0,0.0
2003-07-05,67.2316446402,0.0,0.0
2003-07-21,67.2316446402,0.0,0.0
2003-08-06,67.2316446402,0.00249844091797,0.0
2003-08-22,65.4894640825,0.00277278978248,0.0
2003-10-25,66.9767915857,0.0726922837173,0.122769684617
2004-02-14,66.7131020418,0.00499710351563,0.254218619122
2004-04-02,67.2316446402,0.0,0.00249845996094
2004-05-20,67.2316446402,0.00249850268555,0.00249845996094
2004-06-05,67.2316446402,0.00249850415039,0.00499696264648
2004-06-21,67.2316446402,0.0,0.00499696411133
2004-07-07,67.2316446402,0.0,0.0
2004-07-23,67.2316446402,0.0,0.0
2004-08-24,67.2316446402,0.0,0.0
2004-09-09,67.2316446402,0.0,0.0
2004-11-28,67.224149124,0.541339058763,2.31128338184
2004-12-14,67.224148822,0.89550575564,3.40822719882
2005-05-07,67.2316446402,0.0474721813965,0.0124928598633
2005-06-08,66.8663456016,0.00749585449219,0.00499723681641
2005-07-26,67.2316446402,0.0,0.0
2005-08-11,67.2316446402,0.00249861767578,0.0
2005-08-27,67.2316446402,0.152410195312,0.00249861767578
2005-10-30,67.2316446402,0.262349937012,0.08720480117
2005-11-15,58.7238324947,0.129925727539,0.091602344717
2006-02-19,67.2316446402,0.184893046143,0.284224491761
2006-04-24,67.2316446402,0.0,0.0
2006-06-11,58.0230538427,0.00499723681641,0.0074954597168
2006-07-13,67.2316446402,0.00249861767578,0.0
2006-08-30,67.2316446402,0.157407478516,0.0
2006-10-17,67.2316446402,0.0499706721191,0.00499723828125
2006-11-18,61.7063501654,0.616182120059,0.8355441323
2007-01-14,67.2266476614,1.43667405607,2.62117941609
2007-01-21,67.2216506895,1.01159876586,2.11234044474
2007-02-15,65.7518502428,0.169273664398,0.558569927575
2007-03-03,67.2266477144,0.0574658623047,0.0628163171128
2007-03-19,67.2316446402,0.0199883464355,0.0274836564941
2007-05-13,67.2316446402,0.0149913981934,0.00999431445312
2007-06-14,67.2316446402,0.00499723681641,0.0
2007-06-30,67.2316446402,0.00249861767578,0.00249861767578
2007-07-16,67.2316446402,0.0,0.0
2007-08-01,67.2316446402,0.00249861767578,0.00249861767578
2007-09-02,67.2316446402,0.0049971184082,0.0
2007-09-18,67.2316446402,0.00249864501953,0.0
2008-03-12,67.2266475659,0.112433040771,0.0824502519531
2008-05-15,67.226647366,0.0,0.0
2008-07-02,67.2316446402,0.00249861767578,0.00249861767578
2008-07-27,57.7846964808,0.00249861767578,0.00249846142578
2008-08-12,58.2367843739,0.00249861767578,0.00249844824219
2008-08-19,67.2316446402,0.0,0.0
2009-03-15,67.2316446402,0.149910799072,0.0224872355957
2009-04-16,62.0651252294,0.0449734716797,0.0399764421387
2009-05-18,67.2316446402,0.0224869086914,0.00749585449219
2009-06-03,67.2316446402,0.00749568359375,0.00749568359375
2009-06-19,67.2316446402,0.00249844824219,0.00249844824219
2009-07-05,67.2316446402,0.017489418457,0.00749549780273
2009-07-21,67.2316446402,0.00749548291016,0.0
2009-08-06,67.2316446402,0.00999393115234,0.00249861767578
2009-08-22,67.2316446402,0.0149908112793,0.00249843188477
2009-09-07,67.2316446402,0.0099940480957,0.0
2009-10-09,67.2316446402,1.86639727734,1.69899680396
2010-05-21,65.974486932,3.3830114624,3.45047280151
2010-06-06,67.2316446402,3.41299363135,3.370520021
2010-06-22,66.7312452884,3.50793795898,3.45547091943
2010-07-08,67.2316446402,3.4929467605,3.38800969922
2010-08-09,67.2316446402,3.43797888745,3.33553950903
2010-09-10,61.881027285,3.77076407863,3.44263128262
2010-10-21,63.6431186886,3.85421817612,3.9707231688
2010-10-28,67.2316446402,3.85773381836,3.84546846733
2010-11-13,67.2316446402,4.69942054518,5.43828436239
2010-12-31,67.0917310369,5.73781665245,8.32803499818
2011-01-16,67.2216507459,6.208051541,8.59676019896
2011-03-05,67.2316446402,7.74798792114,8.0515975252
2011-04-06,67.2316446402,7.25827652686,7.39569734741
2011-07-27,67.2316446402,7.3282365918,7.26327400244
2011-09-13,67.2316446402,7.44570721882,7.27076892725
2011-11-16,62.5528102647,7.54860428596,9.6654260124