Date,Rarea,NDWI,MNDWI
1984-10-01,769.37404762,16.4130744766,18.8543793363
1985-01-21,769.260859213,7.84626471484,12.3097414187
1985-09-02,764.806909632,13.2906042461,15.8526342812
1985-11-05,747.440317695,9.32744439062,16.7720989425
1986-10-23,769.37404762,10.1681135234,13.6909104336
1986-11-08,693.626500027,6.64530522656,13.8510216953
1986-12-10,699.142751125,8.24658435156,14.3645532321
1986-12-26,761.709890792,8.84706209375,15.6512140363
1987-02-28,748.413049589,9.44754231641,16.3768088477
1987-03-16,734.528275577,7.48597744141,13.5833835668
1987-10-10,766.851718158,11.2489757187,15.2121186562
1987-12-13,767.871043084,7.68613765234,11.0488205742
1988-04-03,714.235955823,7.64547659608,14.2507115101
1988-09-26,686.434388713,13.345541705,22.5396152002
1989-11-16,767.531949704,7.96636188281,11.5692323477
1990-02-20,763.644501885,9.52760450391,18.1344380742
1990-05-27,763.098456405,13.4926128023,28.3468793548
1990-07-14,769.373420966,19.6655132193,27.2314864942
1990-07-30,660.682095189,18.0943901562,24.6525018442
1990-09-16,769.37404762,17.1730482113,18.8543722191
1991-01-06,757.765906483,9.00719147656,12.9303169883
1991-02-23,767.284867736,7.60607350781,11.7293603945
1991-04-12,712.154004818,6.68533712109,10.6484715977
1991-07-01,769.296182779,17.8527852534,31.0973095779
1991-08-02,769.37404762,16.7764831777,21.5058568309
1991-08-18,769.374047606,17.0535766562,19.7325360384
1991-09-19,769.373420966,11.2089446445,13.1704968516
1992-04-30,729.835038728,6.12489125391,12.8902599961
1993-02-28,766.238211827,7.04562505469,15.1720823477
1993-03-16,765.148280075,9.12728491797,16.2529400273
1993-08-07,660.376860924,7.56603695312,11.2018255121
1993-10-10,768.573096591,11.6092658672,20.5363185117
1993-11-11,769.374047606,7.28581860547,10.9687564141
1994-01-30,656.084266554,3.88310060547,7.84625619922
1995-08-13,674.839896594,13.0122597892,84.953218436
1996-01-04,769.374047606,8.92712529687,14.851837625
1996-02-21,742.982648351,7.64610276172,12.0095691562
1997-01-06,757.450958533,7.52601032031,11.8494541602
1997-06-15,765.258448647,12.6412790701,21.8272063028
1997-07-01,672.96524413,11.6404601717,20.6161759602
1997-08-18,769.37404762,15.6843331128,17.5339414102
1997-09-03,769.373420966,12.1296754922,15.2521394687
1998-07-20,691.971769748,13.4907352344,21.1273581497
1998-12-27,769.374047606,8.72696735937,12.0896479297
1999-08-24,769.373420966,11.9295127734,17.1736506445
1999-11-28,762.158729295,8.1264895,10.7685959023
2000-03-03,731.2142564,9.24737953125,17.7502887189
2000-06-23,765.910787476,13.6108510078,22.0361770144
2000-07-25,769.374047606,17.2937607305,20.9785381201
2001-07-12,688.637413702,13.2149320414,19.9438691557
2001-07-28,756.764325,14.3569964231,21.2874944148
2001-08-13,717.266756124,11.3665507307,14.529044844
2001-12-03,769.374047606,9.32618271598,14.1700382082
2002-01-04,733.430185748,8.16651821484,13.0554308985
2002-01-20,747.496186153,7.60605888672,14.0843115255
2002-03-09,769.373734986,8.68693160547,12.8102095195
2002-03-25,762.127946127,9.48756551562,13.2505576797
2002-04-10,725.063780025,35.4607350886,31.0306788756
2003-08-19,769.293984206,12.7701581836,14.091208957
2003-09-04,769.37404762,10.3282265391,11.3290265703
2003-11-23,755.491112739,9.52633938004,13.8910697152
2003-12-25,765.25280928,8.92585618473,14.2500893254
2004-01-10,762.171760188,9.72649552457,16.3317494621
2004-02-27,704.801951252,6.36508241016,13.0504093242
2004-03-30,769.373734986,8.92711355078,13.5307760703
2004-06-18,728.206076987,14.6554126461,26.8657069571
2004-08-05,745.166380975,13.0904362383,15.088875275
2004-09-06,769.373734986,11.80940625,13.4106801328
2004-10-08,769.37404762,10.8486405508,14.6447589552
2005-03-17,736.50157267,8.72695789844,13.0898046175
2005-04-18,691.570044138,7.24576857422,11.4084505003
2005-07-07,769.373420966,14.5102027734,19.2000214707
2006-01-31,769.076716326,23.3784800469,29.6234386719
2006-08-11,769.374047606,19.203292005,18.8518363123
2006-09-12,769.374047606,18.3733408722,15.0507278175
2006-11-15,769.374047606,10.2869353097,11.6080005832
2006-12-01,718.045886001,13.8497084816,14.4101793488
2007-02-03,769.373420966,26.3995380664,33.3650636719
2007-07-29,754.031379484,36.8878740508,39.9302912773
2007-10-01,769.373734986,37.9900520547,41.192585875
2008-02-06,769.373734986,32.0253258398,38.3103153633
2008-09-01,660.308163251,17.8941198086,19.0950666328
2008-10-03,769.37404762,36.8291276602,41.1456499044
2008-12-22,769.373734986,31.3447842969,36.3087207227
2009-01-07,769.37404762,31.3047540039,36.8685456175
2009-04-13,769.37404762,32.6658322109,36.1079320941
2009-09-20,696.034611057,33.3064122344,35.5081603398
2010-03-31,700.394187223,31.8651881289,37.7029168927
2010-09-07,769.343435008,35.5868866613,36.9479589269
2010-12-28,769.373420966,34.3258188594,41.4514728398
2011-01-29,666.618607203,31.4248375039,37.5496930977
2011-09-10,661.778368618,33.9654990352,38.9287926528
2011-10-28,769.37404762,33.9468434297,38.7837740138