Date,Rarea,NDWI,MNDWI
1985-08-21,1043.09265143,1.31914648437,0.839396996094
1986-05-20,1121.72198283,2.35840442187,4.31709903906
1986-06-05,1149.56924426,2.87875204537,4.35717762154
1987-01-15,1085.01644915,0.119916378906,0.719555214844
1987-05-07,1133.10801636,1.23915908594,3.226037642
1988-05-25,1102.65409183,0.679498753906,1.95863627734
1988-07-28,1118.86069242,3.46015077941,1.87870095312
1989-06-29,1113.01818179,3.43755537109,4.47690869141
1989-07-15,1102.87904781,2.24836526121,2.63824866016
1990-01-23,1084.38088528,0.599659539063,0.71953865625
1990-03-28,1090.7944998,0.119924449219,1.79880424219
1991-02-11,1115.01511177,0.03996484375,4.47633993024
1992-08-24,1123.54091335,0.0,0.439673378906
1992-09-09,1129.10579105,0.0,0.319764066406
1993-05-07,1044.84883997,0.359744941406,7.06398835092
1993-06-24,1062.74863683,0.959346636719,4.87670021875
1996-02-09,1188.03428297,0.239835003906,2.39846818359
1996-05-15,1204.78562606,0.716881630239,2.8087211657
1996-05-31,1167.47074586,1.54138567995,4.73492093211
1996-07-18,1058.51844253,1.91869208984,2.85551598451
1998-07-08,1050.72620421,1.07917978516,1.07920830469
2000-01-19,1184.04107485,0.039970734375,1.11742119347
2000-06-27,1204.69137858,1.09422935077,1.55711908801
2000-07-13,1116.06573518,0.919446085938,1.07926983594
2001-08-01,1119.40207377,1.81680533701,1.29717147763
2001-10-04,1030.97757045,0.199878792969,0.0399755546875
2002-01-24,1141.48078484,0.0,1.15930967969
2003-07-06,1114.05647077,3.3723907492,4.03522081847
2003-09-24,1168.56334096,3.11752131641,0.239795003906
2003-12-13,1153.56710189,0.279760109375,0.839439214844
2004-07-24,1068.15868751,1.39900554687,1.83864262109
2005-10-15,1179.5846886,0.679589582031,0.0399755546875
2006-07-30,1108.08627708,52.8435297227,53.4031219883
2006-12-05,1076.23455667,54.5623732773,61.5679426716
2007-05-14,1089.03710394,92.6636970577,95.5817937257
2007-05-30,1145.90869827,95.4019469295,100.758517156
2007-06-15,1029.95776953,87.0220457227,85.7426399063
2008-04-14,1078.54544903,84.3033903867,82.8643707383
2008-04-30,1054.01059204,87.1017052383,83.6975478408
2008-08-04,1044.00460943,92.0976522227,77.82692175
2008-09-05,1079.99919369,82.90420475,64.8358079648
2008-10-23,1049.00999194,76.8687164688,58.1205439961
2009-08-07,1158.65610446,98.2555843125,88.0616967656
2009-11-27,1076.01050373,83.4249494453,84.7840783438
2009-12-13,1168.38029146,88.1534032333,89.4325281903
2010-08-26,1097.01711875,93.0978293164,81.0254026953
2011-05-09,1062.66427828,90.6989670508,96.7350274805