Date,Rarea,NDWI,MNDWI
1984-04-20,210.404975549,0.309812817383,1.70269750218
1984-07-09,210.404975549,0.559676136719,0.739572419922
1984-08-10,200.929011054,8.59886189378,0.999417881836
1984-08-26,210.285040864,2.13240581761,2.47219765355
1984-10-13,210.404975549,0.309818493164,0.629636019531
1985-02-18,210.070873144,1.23432569507,1.47283656566
1985-06-10,210.404975549,0.803238053941,0.529698367187
1985-06-26,210.305039978,2.99177376,0.699594396484
1985-07-12,210.404975549,1.68266068968,0.699584881836
1985-08-13,210.404975549,2.44629086442,0.369789842773
1985-08-29,203.269605002,71.9635346738,2.61642710969
1985-09-14,197.025697394,193.89296181,4.21766270307
1985-10-16,210.404975549,0.66333205687,0.569671605469
1985-11-17,202.939246531,0.139915064453,0.159907975586
1985-12-03,209.149300967,0.0399770673828,0.0499718925781
1986-05-12,210.404975549,0.653337364488,0.693322929917
1986-05-28,188.382598275,0.444409375521,0.419761338867
1986-06-29,210.404975549,1.82356748384,0.649624978516
1986-07-15,210.404975549,1.55280467894,0.519703161133
1986-12-06,209.615400963,0.309819905273,0.269843524414
1987-01-07,210.404975549,0.433465610581,0.683319699449
1987-03-12,210.404975549,1.11301702464,1.58271932054
1987-04-13,210.404975549,0.643338767808,0.789536363281
1987-05-31,210.404975549,0.853209773667,0.739574517578
1987-07-02,210.404975549,0.88318977562,0.699594126953
1987-08-03,210.404975549,7.18109773806,0.679610470703
1987-08-19,210.175116911,7.53883296491,1.37919985645
1987-09-04,206.623746689,56.9826615424,3.91714121404
1987-09-20,209.995253641,16.5010412298,1.96879727148
1987-11-23,207.244347263,0.419755645508,0.499711180664
1987-12-25,210.404975549,0.333525234605,0.479718758789
1988-03-30,210.404975549,0.903163291245,1.07306792699
1988-05-01,210.404975549,1.39284123558,1.58274150902
1988-05-17,210.404975549,0.973118430894,0.853213505113
1988-07-20,210.404975549,1.52385741329,0.509705469727
1988-08-05,210.374995266,6.45932493862,0.779544086914
1988-08-21,210.394982932,10.40727146,1.20826124889
1988-09-06,210.404975549,3.10987141682,0.483752170669
1988-09-22,205.578104485,10.8221371747,1.03383024819
1989-03-01,210.404975549,0.783230246324,1.43282131371
1989-03-17,205.636855424,3.60138740648,4.68069678539
1989-04-18,185.707897514,1.76888631152,2.29855645996
1989-05-20,210.404975549,0.903176433824,0.903174022691
1989-06-05,210.404975549,1.01310356566,0.889456224609
1989-07-23,210.404975549,0.983120440659,0.579649598633
1989-09-09,206.357219613,0.813227405503,0.979387069336
1990-01-15,209.605462295,1.0830331721,1.80257933617
1990-02-16,207.476782378,0.253557575425,0.973096629136
1990-03-04,208.026239684,0.763254189683,1.43282476
1990-04-05,210.404975549,0.603366998277,0.653334534409
1990-05-07,210.404975549,0.943146071519,1.30292570043
1990-07-26,210.265052104,1.15035669854,0.649612010742
1990-08-11,210.404975549,1.01310482347,0.379772885742
1990-10-30,210.404975549,0.479707147461,0.499694171875
1990-11-15,210.404975549,0.669603578125,0.853213938706
1990-12-17,210.404975549,0.67330531273,0.833201005113
1991-01-18,210.404975549,1.87251090941,3.87123418871
1991-02-19,202.64896258,0.723257127183,1.06303550511
1991-05-26,210.404975549,0.843212712144,0.723283239488
1991-06-11,210.404975549,1.02310780296,0.689585482422
1991-06-27,210.404975549,1.07307009789,0.759529686523
1991-07-13,203.530512628,2.53580569271,4.33112621031
1991-07-29,205.78294521,4.97734926748,2.47896173186
1991-08-14,210.404975549,1.61051998611,0.469716332031
1991-08-30,197.359851214,25.9865601452,1.81895758887
1991-11-18,199.417130859,0.309813874023,1.26297981566
1991-12-04,205.365491327,0.249847169922,1.15851005642
1992-02-06,210.404975549,0.0299810371094,0.619621269531
1992-05-28,210.404975549,0.159906702148,0.369782206055
1992-06-13,210.404975549,0.320911718536,0.329805807617
1992-12-22,189.219419544,0.199883285156,0.372874113837
1993-01-23,210.075213847,0.139911134766,0.539666698242
1993-03-12,210.404975549,0.129922900391,0.269836081055
1993-04-13,210.404975549,0.283557117417,0.709562589844
1993-04-29,210.404975549,0.159907332031,0.309820138672
1993-06-16,209.195613317,0.0799527041016,0.0399754765625
1993-07-18,210.404975549,0.389763466797,0.159903430664
1993-08-03,210.404975549,0.669604245117,0.339799400391
1993-10-06,206.01752049,0.259841953125,0.119926014648
1993-12-09,210.404975549,0.123650249253,0.139911411133
1993-12-25,205.498528495,0.313528420152,0.593354800034
1994-02-11,203.972682516,0.0399749619141,0.129916581055
1994-05-02,210.404975549,0.21986924707,0.419747678711
1994-05-18,210.404975549,0.249854026367,0.299821445312
1994-06-03,210.404975549,0.239857963867,0.309814714844
1994-07-21,210.404975549,0.349791871094,0.24985152832
1994-09-23,210.404975549,0.319808199219,0.159903061523
1995-01-13,189.12968411,0.0599603447266,0.323511112534
1995-04-03,193.37786622,0.429729130859,0.769497546875
1995-06-06,210.404975549,0.369782339844,0.289825926758
1995-09-10,197.515146908,1.76429743066,0.5996508125
1996-04-05,210.404975549,0.189885191406,0.319805055664
1996-04-21,210.404975549,0.299816271484,0.439731150391
1996-05-07,199.304491579,0.289823816406,0.499692669922
1996-06-24,210.404975549,0.389770185547,0.329802157227
1996-07-26,192.039182746,0.393478858628,0.239850670898
1996-08-11,210.325023135,0.513412763902,0.539674472656
1996-09-12,210.404975549,0.37349228148,0.259835860352
1997-04-08,210.404975549,0.353510232652,0.509680326172
1997-06-27,210.404975549,0.293550600816,0.279827038086
1997-07-29,210.404975549,0.369779089844,0.189882980469
1997-09-15,199.435412572,0.273549195542,0.499682713867
1998-02-22,199.887277651,0.19986409668,0.563347682847
1998-03-10,203.221566926,0.663295608628,1.38654785007
1998-06-14,210.364999271,0.0999419707031,0.0999378867188
1998-09-18,209.753499617,2.00095145893,1.1950108872
1999-01-24,210.404975549,0.479696886719,0.843187319566
1999-04-30,210.404975549,0.209874702148,0.339786950195
1999-05-16,210.404975549,0.229861013672,0.319803526367
1999-06-01,210.404975549,0.349792737305,0.259841388672
1999-06-17,210.404975549,0.36977925,0.279830493164
1999-07-03,210.404975549,0.473438199449,0.313534145738
1999-08-04,210.404975549,0.363506051988,0.139911192383
1999-10-07,196.656185176,0.219864419922,0.509677916016
2000-04-16,208.862780753,0.359778583984,0.379760300781
2000-05-02,210.404975549,0.423458787339,0.643326154527
2000-06-03,210.404975549,0.299816419922,0.339798693359
2000-07-05,210.404975549,0.449712111328,0.24985247168
2000-07-21,210.404975549,0.229873494141,0.0599678916016
2000-08-06,210.404975549,0.37976959375,0.209872455078
2000-09-23,210.155130848,0.219864318359,0.209870614258
2000-11-26,182.106683409,0.169895761719,0.249845160156
2001-04-03,210.404975549,0.319798259766,0.619614112305
2001-06-06,210.404975549,0.383494046128,0.31980790332
2001-08-09,209.405555493,0.459725614258,0.139913530273
2001-09-10,210.365000965,0.509681717773,0.689578947266
2001-10-12,197.910155937,0.00999424804687,0.0
2002-03-05,210.404975549,0.499686705078,0.83319480687
2003-07-30,210.404975549,0.499712738281,0.259846980469
2003-08-15,210.404975549,0.619635128906,0.449740133789
2003-08-31,210.404975549,0.649617135742,0.389767613281
2003-12-05,188.37932684,0.539684889648,0.959447807617
2003-12-21,200.560986773,0.399772344727,0.369790091797
2004-03-10,210.374991361,0.489724295898,0.579976969026
2004-03-26,195.460718197,0.576687976792,0.98940940625
2004-04-11,210.404975549,5.52694683887,5.60688554199
2004-05-29,210.384986762,4.90732465137,4.49755583398
2004-06-14,210.404975549,5.31707345898,5.00725494043
2004-06-30,210.39498069,7.50577690137,7.22594686035
2004-07-16,210.404975549,10.933712209,10.5139681445
2004-08-01,210.39498069,12.5927083574,11.9830725605
2004-08-17,210.404975549,14.3116330713,13.9818306436
2004-09-02,210.404975549,14.5115047949,13.8719003262
2004-09-18,209.82534775,14.5414939189,14.1517246221
2004-10-04,210.404975549,14.0717956533,13.4221853281
2004-10-20,209.974819955,13.1123979932,12.4727762393
2004-11-21,210.404975549,12.5527272051,11.8631407881
2004-12-07,210.404975549,11.3834192031,10.6038892988
2005-02-09,210.404975549,10.3840264004,10.0442228809
2005-03-13,208.99492797,10.8537599922,10.4440024609
2005-04-14,210.404975549,13.8619158418,13.6320478135
2005-05-16,210.39498069,14.1617332949,13.7519767051
2005-06-01,210.404975549,14.6314326982,14.6614099014
2005-06-17,210.39498069,14.3815918096,14.1817112861
2005-07-03,210.404975549,14.691394998,14.4415422686
2005-07-19,210.404975549,14.7313680498,14.7113684961
2005-08-04,210.404975549,14.2017130293,13.6220651797
2005-08-20,210.404975549,14.1517432373,13.7819597432
2005-10-07,207.906302483,12.382661708,11.6130955039
2005-11-08,208.933938775,13.1123761592,13.0024320195
2006-01-27,210.404975549,11.0436324463,11.4034162236
2006-04-01,210.404975549,14.6813762832,14.8312793076
2006-05-03,210.404975549,14.5414716641,14.7013701738
2006-06-04,210.404975549,14.5914460361,14.4915059561
2006-06-20,210.404975549,14.2116900635,13.8918928633
2006-07-06,210.404975549,14.3216224365,14.0018146455
2006-07-22,210.404975549,14.5115059355,14.0517833066
2006-08-07,210.404975549,14.6614104277,14.0517869404
2006-09-08,179.63620062,9.2847353877,9.06485546875
2006-10-10,210.404975549,13.5121238242,13.0923713379
2006-11-11,201.620152041,14.2416524199,14.4925465806
2007-04-04,210.404975549,14.0317820918,14.3215938584
2007-04-20,210.384989653,14.4515247324,14.7213443789
2007-05-06,208.620486764,14.4715059893,14.6132921849
2007-06-23,210.404975549,13.9718273633,13.5620760059
2007-07-09,210.39498069,13.3622057686,12.9224784355
2007-08-10,210.39498069,13.1423446494,12.372812376
2007-09-11,210.335014156,11.6832360664,10.9736623203
2008-02-18,210.404975549,13.681998251,14.0317600771
2008-03-21,209.975220007,14.6251087659,15.0248592268
2008-04-06,210.404975549,14.8649528157,15.324654678
2008-04-22,198.443264737,14.3116144707,14.7013728525
2008-05-08,210.404975549,14.5214558506,14.8412546621
2008-08-12,210.39498069,14.4814928184,13.991796
2008-08-28,210.404975549,13.7919369727,13.2022962744
2008-10-15,205.077789063,7.86524091504,6.62601746191
2008-12-18,181.331721574,11.8131835371,12.0540712368
2009-01-19,179.690670449,9.17471340527,9.36458240625
2009-02-20,199.894675068,12.4427851318,12.8962038205
2009-05-11,188.57067568,9.84407793164,9.73414509082
2009-06-28,210.404975549,13.442161916,13.1523301826
2009-07-14,210.404975549,12.4627411934,11.9930228525
2009-07-30,210.39498069,12.8625117334,12.2129006455
2009-08-15,202.723521902,8.66480308984,7.75535959961
2009-09-16,210.404975549,12.1729376602,11.5932821348
2009-11-03,186.604823949,10.9436965332,10.6538502275
2010-02-23,209.86801512,13.5620730244,14.0517476406
2010-04-12,196.615617856,12.342835209,12.6026680947
2010-05-14,210.404975549,13.2322886455,13.3022338154
2010-05-30,200.060206081,11.093591002,11.1635336816
2010-06-15,210.39498069,13.0124237813,13.0823669385
2010-09-19,210.335015556,13.2938178146,12.7725627715
2010-10-05,210.404975549,14.4115546621,14.071740666
2010-10-21,210.404975549,12.4427715156,12.0330056309
2010-11-22,204.376166855,9.02469626367,8.4350342207
2010-12-08,208.556224184,11.808134795,11.5832643779
2011-01-25,210.404975549,13.5520794678,13.891857752
2011-04-15,199.812719699,10.4040903613,10.3141549072
2011-05-17,210.404975549,12.9624535693,12.9124719766
2011-07-20,210.404975549,13.3821965332,12.8525163828
2011-09-06,210.404975549,12.6626471865,11.9330782109
2011-09-22,210.404975549,12.9025024434,12.2728762578
2011-10-24,205.66253897,12.2228939834,11.8830866387
2011-11-09,188.458012057,9.40474917153,9.16472229688