Date,Rarea,NDWI,MNDWI
1984-06-04,852.916190831,2.27738099219,2.91662996094
1984-06-11,930.245275245,3.83102619531,3.11278220312
1984-06-20,844.824753865,3.72134065722,2.59701105078
1984-08-07,844.687078934,4.10090151624,1.91780144922
1984-09-24,805.452943648,2.51710653516,1.95775403516
1984-10-10,847.089844182,1.55821494531,1.79793588281
1985-02-06,895.435896043,2.55407363281,5.82648802734
1985-04-27,930.241832473,3.11279380859,4.42975295703
1985-05-29,930.243553622,3.86726683212,4.426034254
1985-06-30,926.482793292,3.91592710262,2.59398881641
1985-07-16,930.243553622,4.82495503915,2.31462781641
1985-07-25,815.906739512,4.22453557858,1.79794785156
1985-08-01,858.016137429,6.81280980841,2.63388383984
1985-08-17,930.241832473,3.55178265625,1.47659323828
1985-09-18,930.241832473,4.02440430538,1.59632205469
1985-10-04,930.122106301,4.94638446809,2.3763060472
1986-03-29,869.062042972,3.3521935625,5.70675355078
1986-04-07,812.250520572,2.67693094922,4.23513051172
1986-04-14,930.245744264,3.47193245313,5.38754610156
1986-04-23,856.22340774,3.27623166016,4.39492071875
1986-06-01,930.245744264,3.79119009375,3.19259549609
1986-06-10,855.538593425,3.19633068359,2.47714985156
1986-07-12,844.504311596,3.87558285938,1.99770251953
1986-07-19,855.588142117,8.91753644,2.438601178
1986-07-28,802.29057498,3.87552660937,1.87783553906
1986-08-04,930.245275245,4.90861976953,2.31463203125
1986-09-21,930.243553622,3.9071815665,3.10902546884
1986-10-07,882.074412476,0.877947195312,0.678415484375
1986-11-24,907.0700445,1.87563196094,2.03527548438
1986-12-19,851.35267321,2.47713767969,5.27328620734
1987-02-28,907.82956834,2.19492221875,4.23023418359
1987-03-25,816.924345359,3.07647105469,6.40179630885
1987-04-26,864.203257386,2.79676234766,4.71391482843
1987-05-03,808.762149391,3.91963127993,7.58052782593
1987-05-12,850.319565931,3.03648653125,4.15517712891
1987-05-19,930.241832473,2.95315779688,4.31001822656
1987-05-28,869.811516486,4.11523358594,5.31322721515
1987-06-13,803.74504319,2.99654610156,3.03650223047
1987-07-06,930.241832473,4.73807490544,2.35456637891
1987-10-10,930.241832473,2.39508771449,2.15501522266
1988-04-03,925.646122608,2.63388783203,6.06595729687
1988-05-05,930.243553622,3.471936875,5.70303158994
1988-05-21,929.565212294,4.02690472275,5.06449703525
1988-06-22,930.245744264,4.15037655078,4.2700989375
1988-07-01,851.760469502,4.43494378906,3.116410875
1988-07-17,813.691179734,4.87440182031,3.35613100781
1988-07-24,930.245744264,7.26292825781,3.35223482422
1988-08-02,843.355907051,3.71575638281,1.8378901875
1988-08-09,842.834262944,8.36028877281,3.48442241509
1988-08-25,930.243553622,3.88776337826,1.55639070703
1988-09-03,849.650558514,3.44231070113,0.958892480469
1988-09-10,930.245744264,3.10900112491,1.43665357422
1988-11-29,887.579595304,2.63389879688,5.46732280859
1989-02-01,902.190636863,2.75359184375,5.26089471742
1989-04-22,837.268133573,3.59166850391,6.2654556875
1989-05-08,930.245275245,2.99305399219,4.15038805469
1989-05-17,831.854461583,2.39723372656,2.91663627344
1989-06-18,797.564244117,3.19820993194,2.95659788281
1989-07-04,849.950553302,3.67576166406,1.99769214453
1989-08-05,846.879753663,3.196313125,1.3983980625
1989-08-12,930.245744264,4.05738916222,1.59628702344
1989-09-06,844.733715749,2.9965666875,4.4748666875
1989-09-13,930.245275245,3.39213250391,4.19028218359
1990-02-04,853.105599502,2.03527516016,2.39070217587
1990-05-04,800.365018147,3.27625014453,5.39380648047
1990-05-11,831.309226863,2.71374346094,5.0683328125
1990-05-20,874.348422407,3.43606153125,5.59356054297
1990-06-05,866.014877729,3.07647129297,3.07646396484
1990-06-12,799.771912059,3.44425358419,3.92586652482
1990-07-23,835.063032247,4.31626738392,3.31618282813
1990-07-30,930.086752932,5.27334851976,3.07285628516
1990-08-08,849.105513521,3.83561630078,1.99770807031
1990-08-24,810.153724978,5.74952953626,3.71568267969
1990-09-25,848.387047318,3.67579199219,1.55822080469
1991-01-22,903.138442695,1.07751597656,3.07293885938
1991-04-28,908.230719282,3.19258649609,7.13905848955
1991-05-14,928.033837941,3.71136248047,6.82707606308
1991-05-23,878.809781592,3.31617232031,5.19337461749
1991-06-08,863.923600312,3.51594826562,4.95366642218
1991-06-15,870.776174357,2.99308020703,3.35226523438
1991-07-10,868.37163931,4.85307022068,3.91550941016
1991-07-26,864.428367645,2.15752042578,2.6369785
1991-08-18,926.225817637,2.27472083984,2.03527780469
1991-09-03,927.240386453,2.07513408984,3.82671250908
1991-09-12,849.406873821,1.15868154688,1.27852969531
1991-09-28,873.691119877,7.81159841302,2.71688146094
1991-10-05,930.201924774,3.23248167188,2.99306053125
1991-10-14,877.867210144,2.07763253906,2.47715064453
1991-11-06,914.339634251,1.19721636719,3.27240227734
1992-03-06,835.555779962,0.359581332031,3.11636446094
1992-03-29,928.599086196,1.31694304687,3.99075798828
1992-04-30,927.534533816,1.31695474219,5.30770169922
1992-05-25,872.791943935,2.43718625391,3.59585740625
1992-06-01,926.162663226,1.67611350781,3.23251294141
1992-07-03,929.879575105,2.55410105469,2.51419392578
1992-07-19,930.243553622,2.39442309375,1.95545348047
1992-07-28,875.269785665,1.75799739453,1.23858189063
1992-08-13,851.30419766,1.55821526172,0.958900667969
1992-08-29,874.032327572,2.4128041455,2.27740238281
1992-11-24,824.123004808,0.798141195313,4.38981133203
1993-01-27,930.241832473,1.39675889063,4.70909989453
1993-02-28,919.432797719,1.27704957031,7.30310110547
1993-03-09,883.310998297,1.35843620313,3.83556464063
1993-04-26,876.546129215,1.11870991406,2.35727797266
1993-05-19,918.664059501,2.87335004297,5.06454190244
1993-05-28,880.67002787,1.79792126172,2.75682162109
1993-07-22,930.243553622,2.83467209418,1.87564835156
1993-08-07,930.243553622,2.35451869141,1.47658008984
1993-09-08,926.5645011,13.5817992843,6.54099070712
1993-10-10,930.243553622,2.27469203516,2.55031221494
1993-11-11,930.083125154,1.91554621875,3.03297505469
1994-04-20,908.528331092,2.19490562891,5.40426545528
1994-04-29,833.302604349,1.79793136719,3.79561744922
1994-05-06,923.817805858,2.47428732422,3.910946875
1994-05-22,930.243553622,3.02921204697,4.86497822665
1994-06-07,872.923527218,2.23482049609,2.71367320703
1994-06-16,867.30703454,2.71688590625,3.03651424609
1994-07-02,823.500770395,2.71688694922,2.39724738281
1994-07-25,930.243553622,2.99306147656,2.1549994375
1994-08-10,866.745910425,4.40007180726,1.51648772656
1994-10-13,930.162021004,1.23715969141,0.758270101562
1995-01-17,930.245275245,1.55638363672,5.10817138281
1995-03-22,930.00239052,1.99540352734,5.90631856641
1995-06-10,838.380877716,1.27711789844,1.15741567969
1995-07-28,900.794468546,2.31463786719,1.87565357031
1995-08-13,930.245744264,2.07522355078,1.11741372266
1995-10-16,861.578527999,0.558693734375,0.359160433594
1996-03-24,877.593669677,2.03526699219,5.26781264844
1996-04-02,874.190325596,2.27739022266,4.03536147266
1996-05-04,868.521134536,1.51826086328,2.35728980469
1996-05-27,914.844193892,3.27240766016,4.11047303516
1996-06-05,873.075563396,2.03764122266,2.47714435547
1996-06-12,928.980590752,2.11510035547,2.39445096094
1996-06-21,872.156648537,2.23744803906,1.75797891797
1996-07-07,848.924705652,1.91779205078,1.63811062891
1996-07-14,930.245275245,1.79583836328,1.51649126563
1996-10-02,798.099275081,0.598620117187,0.678436417969
1997-03-11,800.209382477,1.35685812109,4.50961565625
1997-05-30,926.079878874,3.1526963125,4.38983386719
1997-07-01,930.241832473,2.75362369141,2.47428648828
1997-08-18,930.241832473,1.95549161719,1.27705263672
1997-08-27,799.197165755,1.39839430078,0.839032789063
1997-09-03,930.245744264,1.59628479297,1.11740573437
1997-10-05,930.243553622,2.51408492969,1.75593912109
1998-07-04,887.812086476,1.43666284766,0.838070902344
1998-07-13,805.854491407,1.39839344922,1.43833528906
1998-07-20,930.241832473,1.67612820703,1.07752017578
1998-08-21,930.245744264,2.17749700406,0.838058097656
1998-09-06,824.191019603,0.359188089844,0.239450964844
1998-09-22,929.76688035,0.798129980469,0.71831290625
1998-10-24,918.090189045,0.718332382813,0.598625832031
1999-02-06,849.576619349,1.11873010547,2.47715041406
1999-04-02,851.59870961,1.71602212891,4.19217892835
1999-06-05,930.245744264,1.95543301953,2.23480240234
1999-06-21,836.597049543,1.11743239844,0.997711261719
1999-07-23,930.245275245,1.47656847266,0.718329316406
1999-08-01,846.486012435,1.31848211719,0.759116296875
1999-09-25,929.39961183,0.997683703125,0.678428699219
1999-10-11,930.245744264,1.71603708203,1.71602869531
2000-01-15,819.843003257,0.438985949219,0.877978746094
2000-04-29,852.379397131,2.19746230469,3.87553115234
2000-05-06,833.260096832,1.95546197266,3.15270063281
2000-06-07,920.790816846,2.19490674219,2.51417159375
2000-06-16,895.714116519,2.11757505859,2.19747512891
2000-06-23,918.043312559,2.31461057031,2.31463498828
2000-07-02,851.14408777,1.11873078516,0.479453773438
2000-07-09,912.477224865,2.35451484766,1.83573251563
2000-07-18,876.272866503,0.719178726563,0.279684472656
2000-08-03,898.278500105,1.55819998047,1.03879390234
2000-08-10,929.581636762,1.71600785937,1.11740798437
2000-08-26,926.906413146,1.67361688465,0.957796246094
2000-09-11,901.905577762,3.5480076915,4.54571198056
2000-09-20,895.51090896,0.998851785156,1.47829435156
2000-10-13,930.245275245,0.518787234375,0.91786703125
2000-10-22,890.041256717,0.399536644531,0.878981222656
2001-03-22,927.200721591,1.87564301563,4.27011666016
2001-06-03,885.004723024,1.91773361719,2.59696012891
2001-06-10,930.243553622,1.79582269141,2.59022920712
2001-07-05,886.296660957,1.11871835547,1.15866517578
2001-07-12,925.387766572,1.31694071875,0.997676199219
2001-07-28,928.30174507,1.71600682031,1.27703092969
2001-08-06,883.785415629,0.839034378906,0.519404148437
2001-08-13,930.23698132,1.55640404297,0.478873316406
2001-08-22,881.055959696,0.559361921875,0.15982209375
2001-09-07,854.353601309,0.958899914063,0.399543734375
2001-09-14,832.891779991,1.10239241778,0.877987449219
2001-09-30,920.541286932,0.877965125,0.478894894531
2001-12-03,929.802865036,0.638532429687,1.91559807812
2001-12-12,907.718711488,1.43835113672,2.67691005469
2002-01-04,900.101702795,1.3568435,4.58946368359
2002-03-02,851.6102165,62.159304828,87.5648739142
2002-03-09,928.96651686,0.917898542969,2.51425676953
2002-04-03,883.270692543,1.31847918359,3.27620608203
2002-04-10,905.981506207,47.8448640568,104.082042091
2002-07-24,829.082423526,1.51825908594,0.998856660156
2002-07-31,930.245744264,1.99534573828,1.31693434766
2002-08-09,849.991984164,1.23857888672,0.878986320312
2003-07-02,930.243553622,2.51417001953,2.873330125
2003-07-11,850.008410726,2.31729366406,2.75682725
2003-07-18,922.482990064,0.399088070312,0.0399088242187
2003-07-27,873.235360943,1.63810492188,1.23857152734
2003-08-19,930.245744264,1.67610101953,1.35684869922
2003-09-20,930.245275245,1.25454954596,0.638511515625
2003-10-06,848.49130928,0.758257757812,0.678442628906
2004-02-27,927.389799064,1.23712769531,7.05988287509
2004-03-30,912.083816319,2.11505367578,6.97938344268
2004-06-18,930.241832473,2.95316594141,3.27242906641
2004-06-27,853.824742567,2.55707060938,2.47715056641
2004-07-04,898.422148352,2.67379501172,2.71370493359
2004-07-13,845.665855305,2.11755547266,2.19746899219
2004-07-29,847.45642541,2.55706514453,1.79792673828
2004-08-05,930.243553622,3.22874086337,2.03526930469
2004-08-14,802.707172803,1.71803714062,1.19861798047
2004-08-21,930.245744264,2.31460714453,1.63619283984
2004-09-06,930.243553622,1.27702664063,0.957778863281
2004-09-15,863.384547146,0.759123613281,0.878987085938
2004-09-22,930.245275245,0.838037542969,0.877968371094
2004-10-01,843.718096674,0.918955234375,0.759130152344
2004-10-08,930.243553622,0.638513761719,0.518797558594
2005-03-10,817.848364204,0.839027253906,4.83444345703
2005-04-11,811.429122975,0.998852652344,2.67690611719
2005-04-18,930.245275245,1.47656947266,3.39213865625
2005-05-04,877.538689395,1.55638032031,3.23250982812
2005-05-20,930.245275245,1.79583007813,2.75361837109
2005-06-21,891.015633276,2.19553192498,2.95312266016
2005-06-30,808.175210706,0.039952640625,0.0399482148438
2005-07-07,829.030664729,2.23480985547,2.51415852344
2005-07-16,839.48873429,2.47714317969,2.03765101953
2005-07-23,930.243553622,2.47050791415,1.99537019531
2005-08-01,856.71459814,2.11756285156,1.83788443359
2005-08-08,920.307955219,2.15499763672,1.47657973047
2005-08-24,928.424455422,1.95544922266,1.75592062109
2005-09-09,930.245275245,1.35685290625,0.957780414062
2005-10-11,930.245275245,0.638510804687,0.399073605469
2005-10-20,859.425354639,0.639263671875,1.31847481641
2005-11-05,822.916753514,1.59817246094,3.59583674219
2006-05-16,828.122534303,2.43719224609,3.79562403906
2006-06-08,930.241832473,2.47428058594,2.9930785625
2006-06-24,930.245744264,2.713696375,2.75362365234
2006-07-19,824.834827217,2.47715321484,2.07760671484
2006-07-26,928.821913175,2.07517758984,1.87564955078
2006-08-04,834.148369368,2.19749453125,1.71802734766
2006-08-11,930.243553622,2.19490905469,1.55639055469
2006-09-05,860.641145054,0.958893605469,1.03879545703
2006-09-12,930.243553622,1.11739586328,0.917878460937
2007-04-01,825.666569666,1.83789385937,3.23628942969
2007-04-24,901.771762509,2.88677350602,3.7523967438
2007-05-03,862.131993802,1.51825530469,2.07759749219
2007-05-26,930.245275245,1.99537664453,2.63389127344
2007-06-11,930.241832473,2.39446884375,2.11511776953
2007-06-20,812.105504262,2.19747557031,1.67807607422
2007-06-27,930.245275245,2.23481257422,1.95546242969
2007-07-13,929.275846655,1.5963013125,0.558694042969
2007-08-14,930.245744264,2.11508629688,1.35684926953
2007-08-30,930.245744264,1.83573163281,1.47657382812
2007-09-15,930.245275245,1.0375970625,0.638520359375
2007-10-01,907.451770288,0.558709324219,1.03760280078
2008-03-25,916.996074105,1.95546647656,4.70906628906
2008-04-10,881.071862811,2.07518025781,5.41866649021
2008-04-26,930.241832473,2.75362425391,4.15038016797
2008-06-29,930.241832473,2.63391028516,2.07520812891
2008-07-15,930.243553622,2.15500349219,1.71601530469
2008-07-31,924.184563214,1.15729767969,0.518785269531
2008-08-09,812.984383124,1.07875707813,0.679217230469
2008-08-16,930.205365933,1.63617834375,0.718330285156
2008-08-25,800.190907221,1.15866102344,0.759124390625
2008-09-01,930.245275245,1.11740881641,0.638520371094
2008-09-10,850.693799543,0.799072539062,0.679214785156
2008-10-28,862.068684019,0.575502100138,0.199774691406
2008-11-04,825.013536579,0.399084554688,0.558726140625
2009-03-05,849.142465423,1.23858210156,3.19632526172
2009-04-06,816.757844518,0.918940855469,3.67575395313
2009-05-08,859.202776885,1.55821189453,3.35614392578
2009-05-24,856.892078082,2.03765378906,2.71686225
2009-06-25,858.735001557,2.19746892188,1.99770532813
2009-07-02,930.245744264,2.71371176172,2.55405411719
2009-07-18,930.243553622,2.27473710156,1.55637315234
2009-07-27,855.865116996,1.55820600781,0.958900582031
2009-08-03,873.500867357,0.279356699219,0.0
2009-08-12,860.775258731,1.43833584375,0.51940559375
2009-08-19,804.227900245,1.95549228125,0.99768821875
2009-09-13,868.941972184,1.03879964062,0.319635878906
2009-09-29,840.960596524,0.878992636719,0.399543621094
2009-10-15,828.083688599,1.31847546094,1.59815471875
2010-01-19,861.81106193,48.2636903594,49.9417181641
2010-02-04,877.826593458,57.2931762266,58.8114069336
2010-04-09,859.289799017,83.5027404219,84.7811890859
2010-04-16,930.245275245,87.2390750078,87.837751375
2010-04-25,850.476510841,92.1726767617,93.4111905273
2010-05-02,930.241832473,96.817072375,96.5777005234
2010-05-27,829.742856512,102.041168883,99.0021605917
2010-06-12,832.180519609,106.156372008,101.242029613
2010-06-19,930.245744264,107.033005461,101.006963653
2010-07-05,930.245744264,110.584772914,102.643112801
2010-07-14,793.990952549,100.363247809,89.056393
2010-07-30,815.645910086,106.048864613,95.6860449002
2010-08-06,930.245744264,110.983880594,99.8495451799
2010-08-22,930.243553622,106.315305973,90.5119581758
2010-09-07,930.241832473,108.749609883,94.3828249805
2010-09-16,866.893715306,104.398307484,91.2136269961
2010-09-23,930.245275245,103.521786848,88.755809293
2010-10-09,930.243553622,103.801056086,89.4741768242
2010-11-19,818.329592559,95.9681633945,88.1372387148
2011-04-03,827.796851131,131.257569283,134.330664131
2011-04-19,928.569663112,156.461822315,157.299997885
2011-05-14,812.040561225,158.225361008,155.748140656
2011-06-06,930.245275245,163.983226748,158.67568235
2011-06-22,930.243553622,165.863181363,157.79440056
2011-07-08,930.245275245,166.178120565,154.405491299
2011-07-24,893.649427183,159.140196369,146.727167533
2011-08-09,930.243553622,165.861890902,152.323234685
2011-08-18,801.262533378,161.821171285,147.241778024
2011-08-25,930.243553622,163.50730973,150.291681955
2011-09-03,847.069398627,164.479675338,151.934163345
2011-09-10,929.566855585,162.785875963,146.6637489
2011-09-19,804.623117029,160.34282482,145.044305356
2011-09-26,930.245275245,161.987680615,146.167040581