Date,Rarea,NDWI,MNDWI
1984-05-06,355.402385111,1.57330913659,2.93887714727
1986-03-09,352.551307855,2.69425992479,8.93998706762
1986-07-31,336.528398242,0.519946105469,6.21791551677
1986-12-22,323.799908789,3.16726344297,13.3108360713
1987-08-19,334.122874571,0.859966649414,6.46826735957
1989-12-30,351.118555334,5.91086127868,11.5457944475
1991-02-19,343.390583092,7.93770587098,16.1478872694
1991-06-11,334.642719408,2.53928620285,1.90896483745
1991-07-13,367.526824248,0.0599881425781,5.79530325264
1991-08-14,369.9619449,0.0599921933594,8.11879619683
1991-12-04,338.356043418,0.849985364258,15.448011366
1996-08-11,345.73867361,0.09998715625,5.60753871944
1998-01-05,371.68901533,3.10306158314,5.41659298542
1998-05-13,331.962313949,0.0200001044922,3.42671950157
1998-06-30,357.830058114,0.37994568457,3.66976754395
2000-06-03,352.85491819,0.319989738281,3.09669501036
2000-08-22,353.787572217,1.58677895665,2.57370730474
2000-10-09,329.440354019,1.20999920605,5.19759130839
2001-01-29,358.067065645,0.926828147078,6.10063308005
2001-02-14,335.430767408,0.28999134668,1.50659415017
2007-09-27,338.875250752,0.00999995898437,3.04549239967