Date,Rarea,NDWI,MNDWI
1987-12-30,464.239867539,0.0799697226563,0.719777613281
1988-01-15,469.812114355,0.0799698984375,0.9596876875
1988-01-31,461.357617976,0.0,0.279916484375
1988-04-04,461.129622426,0.0,0.0
1988-10-29,468.205170981,0.159939796875,0.599770371094
1988-12-16,457.512892716,0.0,0.610935594853
1989-01-17,476.104095652,0.0799697226563,0.959686929688
1989-02-02,468.947017382,0.0,0.159952519531
1989-02-18,457.133267399,0.0,0.0399895742187
1989-11-01,477.013744503,0.0,0.790803500414
1989-11-17,455.217719434,0.159939621094,0.359869675781
1989-12-03,463.407222831,0.0,0.359890523438
1989-12-19,447.280667633,0.0,0.924097771232
1990-01-20,468.747091124,0.0,0.639800589844
1990-02-05,445.875059379,0.0,0.999698447917
1990-03-25,454.358111957,0.0,0.0399879179688
1990-04-10,462.969110497,0.0,0.0
1990-12-22,466.318640478,0.119962726562,0.532850299357
1991-01-23,473.710775131,0.0399849492188,0.59982021875
1991-02-08,466.438597364,0.0399848164062,0.2399276875
1991-02-24,478.143350576,0.0,0.439867121094
1991-04-13,457.696201965,0.0,0.0
1991-05-15,475.239597168,0.0,0.0
1991-11-07,456.159811142,0.114316588143,1.27390889674
1991-11-23,478.804910688,0.0,0.730882442509
1992-02-11,467.662934478,0.0,0.119960582031
1992-02-27,468.467193128,0.0,0.0799710117187
1992-03-14,441.116623005,0.0,0.0
1992-10-08,451.591521942,0.0,0.279890933594
1992-11-09,456.684798409,0.0399849492188,1.49752522074
1992-12-27,468.964892989,0.0,0.479850648438
1993-01-12,464.219486514,0.0,0.492859709513
1993-03-17,475.436262707,0.0,0.0
1993-04-02,464.099527635,0.0,0.0
1993-04-18,470.391971869,0.0,0.0
1993-10-27,455.84624243,0.0799698984375,1.85493924776
1993-11-12,458.001029447,0.0399849492188,0.361125671293
1993-11-28,443.047817908,0.0,0.199938601562
1993-12-14,465.919254852,0.0,0.399878386719
1993-12-30,459.487704151,0.0,0.519840410156
1994-01-31,461.409520118,0.0,1.25263766654
1994-03-04,463.447209952,0.0,0.0799734570313
1994-03-20,461.52947686,0.0,0.0
1994-04-05,459.775915162,0.0,0.0
1994-10-30,471.259115344,0.0,0.159941253906
1994-11-15,465.406499303,0.0,0.159948152344
1994-12-17,462.530517398,0.0399849492188,1.23959808594
1995-01-18,462.058376503,0.0,2.67147749642
1995-02-03,457.366661565,0.0,3.8554424311
1995-02-19,471.038016883,0.0,0.119965789063
1995-03-07,467.513183092,0.0,0.0399883789062
1995-04-08,472.365689931,0.0,0.0
1995-04-24,467.689496816,0.0,0.0399878789063
1995-05-26,467.427642428,0.0,0.0
1995-10-01,448.369859681,0.159939707031,1.53047140971
1995-12-04,472.258757528,0.0,0.399877371094
1995-12-20,471.845890271,0.0799779101562,0.852745768107
1996-03-25,473.576394205,0.0,0.0
1996-04-10,462.172227493,0.0,0.0
1996-05-12,471.739006779,0.0,0.0
1996-10-19,475.196331199,0.0,0.679754714844
1996-11-20,475.318187287,0.0,0.119958359375
1996-12-22,477.075199872,0.0,0.639800167969
1997-01-07,480.673035547,0.0,1.43954968359
1997-01-23,472.978497184,0.0,0.279917316406
1997-02-24,475.486910346,0.0,0.0799734570313
1997-03-12,474.318552076,0.0,0.0
1997-03-28,448.485106366,0.0,0.879673957031
1997-04-13,456.473839618,0.0,0.199936996094
1997-04-29,447.620621718,0.0,0.0
1997-11-23,487.475774065,0.0799697226563,0.239914230469
1997-12-25,469.486186901,0.0,1.70061876059
1998-01-26,482.992083981,0.0,0.119967234375
1998-02-11,472.818550911,0.0,0.0
1998-02-27,483.020778713,0.0,0.0
1998-03-15,473.190318264,0.0,0.0399883789062
1998-03-31,467.584222416,0.0,1.5193201811
1998-04-16,462.449294411,0.0,0.0
1998-05-02,478.484132754,0.0,0.0
1998-11-10,493.714562976,0.0399848164062,0.114934061749
1998-12-12,481.0966231,0.0,0.199937132813
1998-12-28,485.924808655,0.0,0.55982884375
1999-01-29,485.240515298,0.0,0.844129509513
1999-02-14,466.561929987,0.0,0.839742835937
1999-03-02,480.223689221,0.0,0.0
1999-03-18,469.812114355,0.0,0.0
1999-04-03,475.195091751,0.0,0.0
1999-10-12,467.528806871,0.11995496875,0.459752617142
1999-12-15,479.567439237,0.159949625,1.01710307828
1999-12-31,464.399808985,0.0,0.279916613281
2000-02-01,477.665406137,0.0,0.479850011719
2000-02-17,472.281602602,0.0,0.748912541192
2000-03-04,484.101170241,0.0,0.0
2000-03-20,485.344318855,0.0,0.0
2000-04-05,497.070184267,0.0,0.0
2000-11-15,476.622635385,0.119954671875,0.3598641875
2000-12-01,482.953819833,0.0399848164062,0.199933058594
2000-12-17,473.085435298,0.0,0.27990565625
2001-01-02,467.382569438,0.0,0.199935933594
2001-01-18,471.657093057,0.0399849492188,0.0399849492188
2001-02-03,446.093338444,0.0399849492188,0.119962609375
2001-02-19,473.576390174,0.0799697226563,0.119954585937
2001-03-07,479.685372771,0.0,0.0
2001-04-24,477.394289297,0.0,0.0
2003-11-24,432.751677186,0.0399847734375,0.399857933594
2003-12-26,453.467923057,0.239909519531,0.479831511719
2004-02-28,443.566362741,0.279894074219,0.479824390625
2004-03-15,443.628500655,0.199924742188,0.59414762693
2004-03-31,505.794410346,0.119954800781,0.134850761412
2004-05-02,505.794410346,0.2798938125,0.3198790625
2004-09-23,442.815198141,0.2399085625,0.632230981296
2004-10-09,468.177494959,0.359863230469,3.26124622998
2004-10-25,451.358726772,0.159939535156,0.519805617188
2004-11-10,456.190720546,0.159939535156,1.71941118359
2004-11-26,455.573873419,0.159939273438,1.5093629809
2004-12-12,451.259311653,0.0799694648438,0.439846984375
2005-01-13,455.793518353,0.239909164063,0.319887507813
2005-02-14,445.742244947,0.0399848203125,0.0
2005-03-02,449.488189272,0.039984859375,0.039984859375
2005-04-19,455.473627568,0.0399848164062,0.0399848164062
2005-10-12,437.805044348,0.119955144531,0.679762175781
2005-11-13,433.034098232,0.199927214844,2.69465725041
2006-02-01,447.350764881,0.279894730469,0.439838886719
2006-02-17,455.307889779,0.159939792969,0.0399848203125
2006-03-05,451.888575749,0.07996971875,0.07996971875
2006-04-06,451.278756737,0.0,0.0799698984375
2006-10-15,463.701276093,0.159939707031,0.639760390625
2006-10-31,449.146077179,0.0,1.23956221094
2006-12-02,454.017685401,0.119954496094,0.519804234375
2006-12-18,453.969548625,0.0,0.199940390625
2007-01-03,449.408219417,0.519805015625,1.07961710547
2007-01-19,444.174034737,0.599775429687,0.799710714844
2007-02-04,444.222798306,0.3998506875,1.03961697656
2007-02-20,436.820133184,0.559791253906,0.919657550781
2007-03-08,448.81596616,0.519805140625,0.719731988281
2007-03-24,447.117105752,0.479820066406,0.639760894531
2007-04-25,437.494890817,0.239910722656,0.679745878906
2008-02-07,462.65047557,0.839684253906,0.55978953125
2008-02-23,458.478030181,0.519803328125,0.479820058594
2008-11-21,445.100368749,2.31912704687,2.88946621527
2008-12-23,461.941066475,2.11920563281,2.72827875818
2009-01-08,450.185502786,2.03923764453,2.11921676172
2009-01-24,466.039212949,1.67937117188,1.879321125
2009-02-09,457.413163274,1.47944660547,1.55942783203
2009-02-25,456.113712212,1.03960916406,1.23953700781
2009-03-13,448.478826927,1.47944198047,2.59903070312
2009-11-08,453.427939236,2.83893826953,3.03886430469
2009-11-24,442.612899935,5.55793090234,7.49341055179
2010-01-11,452.541672764,9.75639020703,11.9156080781
2010-01-27,451.782484934,11.435766793,14.1566899161
2010-02-12,448.288620241,11.715670168,13.6749557773
2010-04-01,438.271640239,11.915589043,14.9944796914
2010-05-03,449.345688951,12.9551995547,15.3143451328
2010-06-20,441.540743482,7.51722429687,12.0674434137
2011-01-14,450.840636563,58.3787273789,55.5397747773
2011-02-15,459.447717451,59.7381971406,54.5401078867
2011-04-04,465.732026534,58.618646,55.0599293125
2011-10-29,438.856346299,66.055950082,67.2310549996