Date,Rarea,NDWI,MNDWI
1988-01-07,85.8336154152,1.77931038215,1.74056073365
1988-09-03,83.0239254465,1.17038119305,1.73291390555
1989-02-10,86.2449621534,2.73064089427,1.91831588776
1989-11-25,86.1651715633,1.71700852384,2.52649316362
1989-12-27,84.8988942019,1.95470105275,2.10753584811
1990-02-13,86.2449621534,3.01090435331,1.82785784288
1990-03-17,76.7369317641,1.67562672421,1.85512223874
1990-04-18,76.763332934,1.08042625696,1.39622650054
1991-05-23,85.1060245906,1.68905872435,2.03639542626
1991-10-30,86.2449621534,0.979935347065,2.54386177581
1992-02-03,86.2449621534,1.2308738096,2.21189708148
1992-03-22,81.5686420599,1.01057663495,1.51373279268
1992-09-14,79.6747860852,1.09159538702,3.12731144617
1992-10-16,83.1595107562,0.706594370076,2.42468698366
1993-03-09,86.2449621534,1.56343826682,1.45673962532
1993-04-26,84.3505481303,1.18926892111,1.87485315827
1994-02-08,83.3291215769,1.7354095434,2.28158434687
1994-03-12,82.7577428802,1.3632821533,2.01711109585
1994-04-13,86.0700105639,1.65066275521,2.06575684599
1994-05-15,77.2265580499,1.64827143567,2.23793253975
1994-12-25,86.2449621534,1.84557451766,2.5342888518
1995-02-11,86.2449621534,1.89456291407,2.08826911489
1995-03-15,86.2449621534,1.65376166663,1.50621095012
1995-03-31,82.06181801,1.39795569249,1.58585931003
1995-05-02,83.6262680513,1.16884028782,1.1379218448
1995-06-19,85.977978109,0.980547652245,1.54308117011
1996-01-13,85.9187184739,1.58786504367,2.36113266479
1996-03-01,85.6961989581,1.65908040925,2.28058730172
1996-04-18,84.4547723625,1.4704312726,1.68189267835
1996-08-08,84.1072957992,1.23317431151,2.81772976871
1996-09-09,80.3015047506,0.32110522516,1.26963186762
1996-12-30,74.8354186909,11.7419539099,14.0511569584
1997-01-31,86.2449621534,2.41384769628,4.17505685356
1997-03-20,74.9612974365,1.71351441457,2.3754686276
1997-05-07,81.3291109531,1.47563677551,2.1419550753
1997-06-08,85.6985119247,1.43268768822,2.29288256156
1998-01-02,85.2118306813,2.00671045228,2.91307301097
1998-02-03,86.2449621534,1.82170778517,2.19913999383
1998-02-19,86.2449621534,1.68459320147,2.11171234228
1998-03-23,85.4424966114,1.51661802123,1.3276796398
1998-04-24,83.3333451372,1.2244264011,1.23655700194
1998-05-10,86.2449621534,1.23671860432,1.35198180368
1998-08-14,86.2063765735,1.20141413233,1.68909329434
1998-08-30,82.9251955805,0.83888346827,1.61253604065
1998-12-20,85.2548478554,26.4086096841,28.0567540276
1999-02-06,76.6816474967,2.03494863394,2.63131725158
1999-03-10,86.2449621534,1.98904366326,3.39074140796
2000-02-09,86.2449621534,2.14412699898,3.27189862729
2000-08-03,80.8178490218,0.129759337891,1.02376900648
2000-09-20,80.4782080198,1.03398142363,6.07838731316
2000-11-07,77.316875638,5.36272647816,7.79464689393
2001-01-10,85.4190187233,3.09337778925,5.52611752852
2001-01-26,85.9385065296,2.8259882383,3.41309104087
2001-04-16,82.8796342879,1.63345437487,2.0698614315
2001-09-07,83.8225255162,1.70110205421,3.44893766547
2001-09-23,77.8794202694,2.17100600315,15.4193430038
2004-03-23,78.3279171477,0.862347819123,1.98323075809
2004-07-13,80.6101991284,0.740861084139,2.15172132288
2004-12-20,81.5840650583,2.37765910744,2.54160760306
2005-01-05,79.077176047,2.15305421663,3.82317565802
2005-02-22,86.2449621534,1.5616591802,1.47083759621
2005-03-10,86.1750132176,1.45335157386,1.48600438836
2005-03-26,77.902189697,1.39282119441,1.07514919128
2005-04-27,81.3439298492,1.01199152118,0.948276009378
2005-07-16,77.039835078,1.22692655823,2.33745459866
2006-09-05,73.6390746805,2.12493544825,3.7972756719
2007-01-27,86.2449621534,2.50329912775,3.95468856824
2007-02-12,86.2449621534,2.92710385305,3.62159397921
2007-02-28,86.2449621534,2.31321792197,2.54273932477
2007-04-01,84.9584406039,2.38819115843,2.48475272043
2007-08-23,78.1220850375,7.87554316093,10.812923099
2008-03-02,86.2449621534,3.66489384757,4.14211645851
2008-03-18,86.2449621534,3.63800837667,3.79875478181
2008-04-03,86.0179061122,3.76633074891,3.75578517238
2008-06-06,86.2314874409,4.32265335765,7.09868549987
2009-02-17,84.6854814713,4.58608666184,5.98640902615
2009-03-21,81.4651541573,5.70509032694,6.05950166546
2009-08-28,85.4038807892,7.2284334956,9.0508051719
2009-12-18,82.268137852,7.60767032201,8.53457610081
2010-02-04,86.2449621534,7.21224398647,8.69368926199
2010-05-11,83.3014665909,6.75973741488,10.2249164091
2010-06-12,86.2449621534,7.00841184071,9.56090151281
2010-07-14,78.2802269479,5.50191292825,6.01421933672
2011-02-07,86.2449621534,7.36992782024,9.16533830201