Date,Rarea,NDWI,MNDWI
1988-01-07,102.907117428,0.0785205801499,0.118128392859
1988-01-23,102.907117428,0.086005686107,0.145574920202
1988-02-08,102.899632296,0.0760259461167,0.0710357967027
1988-12-08,91.1964248233,0.0660453382066,0.135593863562
1989-01-09,102.907117428,0.0959859783433,0.150564402624
1989-01-25,100.974284142,0.168348804515,0.422542400915
1989-02-10,102.695015816,0.684734268627,0.145574668493
1989-05-17,88.4626226161,0.00499009448242,0.0074854152832
1989-11-09,94.6444351046,0.0355567868059,0.0729830001848
1989-11-25,102.907117428,0.0984810308335,0.165534683142
1989-12-27,93.2207583952,0.135597961218,0.790584967591
1990-01-28,102.804809962,1.2455948136,0.138092796179
1990-02-13,102.907117428,3.11493804901,0.0851447005888
1990-03-17,102.907117428,0.0779753178117,0.0480320575578
1991-01-31,90.8090894229,0.0860067578843,0.14308307987
1991-05-23,100.861042941,0.0230815827043,0.102925149355
1991-07-10,90.9063993732,0.0155964708879,0.158368771312
1992-03-06,95.7841005493,0.265120285341,0.155882633861
1992-12-19,102.55006644,0.0460849456284,0.170841326488
1993-03-09,102.907117428,0.043590512523,0.0410948509019
1993-04-10,102.894767541,0.0205865590227,0.043041979677
1993-10-19,88.2470051982,0.010606707216,0.126710455837
1994-01-07,93.1740211926,0.0485799649156,0.290680092946
1994-01-23,94.9935074097,0.0585601250718,1.02549955539
1994-02-08,102.907117428,0.0660455713609,0.0760255174058
1994-03-12,101.76400212,1.27908144227,0.076877144942
1994-04-13,102.907117428,0.0460849185288,0.104009584116
1994-12-25,102.907117428,0.0336096978257,0.0569163492877
1995-01-10,102.907117428,0.110961646312,0.0560651448472
1995-02-11,102.907117428,0.519404492038,0.0460849663804
1995-02-27,98.5674026113,0.578270755914,0.0
1995-03-15,102.907117428,0.114662306641,0.0380518974016
1995-05-02,102.907117428,0.00811134637619,0.0
1996-01-13,102.907117428,0.0984808530991,0.10596606013
1996-01-29,96.6444683841,0.137231103516,0.284453348145
1996-03-01,102.596417115,0.382958107005,0.038051847841
1996-03-17,102.907117428,1.75623138649,0.0630024425676
1996-07-07,97.8291307336,0.000626203553922,0.460098799814
1996-12-14,102.907117428,0.00249504003906,0.00998018701172
1996-12-30,102.807302013,0.14557379862,0.178010213415
1997-01-15,102.747409568,0.175866658122,0.279538765336
1997-01-31,102.907117428,0.158362819896,0.169232731703
1997-03-20,91.9587161167,0.380460291332,0.477776706615
1997-04-05,88.7539039291,0.041094851146,0.0385997718003
1997-06-08,99.4955215251,0.0460849329331,0.0810189700425
1997-09-12,91.7666752703,0.0136493628648,0.120941744945
1997-12-01,94.351953632,0.0510749988511,0.0299405302734
1998-01-02,102.907117428,0.170843601146,0.105966043773
1998-01-18,102.907117428,0.532577034224,0.136757850264
1998-02-03,102.907117428,0.159921100503,0.0710353645738
1998-03-23,96.9800733703,0.590523759743,0.240171584169
1998-04-08,102.907117428,0.0555172709367,0.0230815949113
1998-04-24,97.6552351035,0.0430435516985,0.139264651198
1998-05-10,102.907117428,0.00748543383789,0.000626203553922
1998-08-14,102.904583104,0.0180914940813,0.0630023602922
1998-12-20,102.907117428,0.0984811094468,0.113451442455
1999-03-10,102.882163454,0.138404198558,0.163890791635
2000-02-09,101.349568548,0.0898217915039,0.383935055629
2000-03-28,102.907117428,0.0455370094621,0.0131014100969
2000-04-13,102.427561143,0.0501762416351,0.0236605222053
2000-09-20,93.9895058013,0.00748512841797,0.460302081126
2000-11-07,101.454995121,0.0455370258195,0.250696106517
2001-01-10,102.907117428,0.153411103434,0.158048962195
2001-01-26,101.804380479,0.218279048164,0.16553507279
2001-02-27,102.445354597,0.264922778462,0.208224945276
2001-03-15,102.907117428,0.0630026129777,0.0205865963762
2001-04-16,102.907117428,0.102969166258,0.0984874190171
2001-05-18,98.4730219189,17.4915296788,34.3049096063
2004-01-03,101.402484041,5.78505747053,5.40721128891
2004-02-04,102.485428646,5.11579221742,4.28542695271
2004-03-23,102.907117428,4.2000448288,3.44040138859
2004-04-24,95.6474131049,2.39351797431,2.16700802937
2004-10-17,101.99638933,5.46512188861,5.36281817401
2004-12-20,102.907117428,6.26664163484,5.73764999543
2005-01-05,101.567098378,5.57241387274,4.9261448205
2005-02-22,102.907117428,5.37833906355,4.38109982658
2005-03-10,102.874680005,4.85475699988,3.51759310756
2005-03-26,102.652602203,3.64111777484,2.79828377058
2005-07-16,102.907117428,4.56870719409,5.26605115486
2005-10-04,102.907117428,10.650237704,11.1398613341
2006-03-13,102.907117428,12.8491155694,11.7246058158
2006-10-23,94.8551289944,12.0980537706,11.9583195518
2007-01-27,102.907117428,12.770128257,12.0140559115
2007-02-12,102.907117428,12.4756791564,11.3827508749
2007-04-01,93.8646116888,10.8738485166,9.97889435756
2007-07-22,94.0595935952,8.34900368481,7.93347258015
2008-03-02,102.907117428,9.08680299159,8.22843758241
2008-03-18,102.907117428,8.04032342488,7.10308057264
2008-10-12,97.2100978074,8.9960432145,9.21103883601
2009-02-01,97.4797327271,9.45689606079,6.21807878735
2009-03-21,101.669835104,9.75881951733,9.06514249927
2009-10-15,102.907117428,12.3483482776,13.2388641972
2010-02-04,102.907117428,13.6700707806,13.1959698363
2010-05-11,102.163555921,7.25476231111,6.54112581013
2011-02-07,102.907117428,13.5403179688,13.3440412052