Date,Rarea,NDWI,MNDWI
1987-12-06,79.7035996364,0.908057292529,1.52509893649
1988-01-07,82.1458273954,0.877183587911,1.10265796929
1988-02-24,81.4472563102,0.898071115039,0.985399503955
1989-01-09,82.1458273954,0.981969118672,1.07022428057
1989-01-25,82.1458273954,1.0053536502,1.12721868928
1989-02-10,82.1458273954,0.990338513927,1.07307323656
1989-05-01,82.1433324528,0.860647070117,1.26788564969
1989-06-18,82.1458273954,0.477992949727,1.26154448935
1989-09-22,76.246816339,0.884113611009,1.25483328008
1989-11-09,81.2937734331,0.950465269824,1.19393898019
1989-11-25,81.906335442,0.915534544482,1.11014085308
1989-12-27,82.1458273954,0.935492983691,1.13010157915
1990-02-13,82.1458273954,0.957951188037,1.00497088484
1990-03-17,82.1458273954,0.867739428784,0.895190405346
1990-04-18,81.636823301,0.860373216797,1.4387300004
1990-08-08,81.7850577041,0.91460639504,1.39128055381
1990-12-14,82.1458273954,0.787286019073,1.01432609988
1991-01-31,82.1458273954,0.913036983203,1.01284088481
1991-04-21,81.6069251406,0.949710602542,1.1471731905
1991-05-07,82.1458273954,0.860255352856,1.04987350959
1991-05-23,74.9843212359,0.870165067538,1.60624695784
1991-10-14,81.8181188918,0.702534758321,1.51929928179
1991-10-30,81.8866326444,0.605235928731,1.26201540107
1991-11-15,81.9861544994,0.697549805928,1.27003742263
1991-12-01,82.0721038946,0.638573820712,1.11158877933
1992-02-03,77.9995889504,0.28077780814,0.5462947896
1992-03-06,70.2767486549,0.492413644945,1.35777954064
1992-03-22,82.1458273954,0.547854081319,0.730529971752
1992-09-30,78.9162025575,0.655018332066,1.1500613709
1992-10-16,81.1494766946,0.64605574747,1.16736361315
1992-11-17,76.9626618871,0.770829184131,1.35885090391
1992-12-03,82.1458273954,0.607727641866,0.837262941426
1992-12-19,81.7935292529,0.647646526143,0.838192249805
1993-03-09,82.1458273954,0.779884808614,0.748386857715
1993-04-10,82.1458273954,0.656065679736,0.810364471264
1993-04-26,79.4030704287,0.633610297412,1.35205960429
1993-05-12,81.8938219589,0.470506830098,1.13719684773
1993-07-15,82.1458273954,0.734971342061,1.17251458794
1994-01-07,82.1458273954,0.872192797383,1.0178306856
1994-01-23,82.1458273954,0.775820369189,0.903066213184
1994-02-08,75.134767908,0.411533995028,0.396687642578
1994-04-13,81.8090115544,0.71501109377,1.10725499885
1994-08-19,82.1458273954,0.747448296407,1.06441175022
1994-12-25,81.9083642183,0.842255310811,1.06523574639
1995-01-10,82.1458273954,0.838194555469,1.00286371123
1995-01-26,71.6177091286,0.700971504932,0.957957407031
1995-02-11,82.1458273954,0.658558422656,0.748735847889
1995-02-27,82.1233742387,0.568743518359,0.723440550342
1995-03-15,76.9623438686,0.568740225635,0.623634165332
1995-03-31,79.9544690764,0.394995747498,0.681014075488
1995-05-02,82.1458273954,0.65856141875,0.743392436328
1995-07-05,82.1458273954,0.611127322421,1.29725567729
1996-01-13,72.3980405178,0.590269178731,0.72642385957
1996-03-01,82.1458273954,0.630187875753,0.775249393514
1996-03-17,82.1458273954,0.663545773486,0.870991070057
1996-04-18,82.1458273954,0.520293554478,1.13719448982
1996-07-07,82.1408377131,0.0474031638184,0.862213668721
1996-10-11,82.064914143,0.699921445591,1.14262793188
1996-12-30,80.4794704837,0.958037253662,1.28731758761
1997-03-04,82.1458273954,0.670102712911,0.898076217822
1997-04-21,82.1458273954,0.351649155184,1.20455588484
1997-06-08,81.3498887346,0.044905873291,1.19457418562
1997-09-12,78.6601647226,0.583686193514,1.1600342415
1997-10-14,82.1433324465,0.700041609883,1.12510536895
1997-12-01,82.1458273954,0.686092436664,0.885595848437
1997-12-17,75.1259945729,0.485483918477,0.672603614766
1998-01-02,82.1458273954,0.80233479543,0.905558765186
1998-01-18,82.1458273954,0.739957444356,0.977518560375
1998-02-03,82.1458273954,0.720932857959,0.765844399707
1998-02-19,82.1458273954,0.680079601094,0.787909355542
1998-03-23,82.1458273954,0.703466604297,0.660665488842
1998-04-08,82.0500115458,0.582780058858,0.458040222676
1998-04-24,82.1458273954,0.858239149311,1.05236819905
1998-06-11,80.734812081,0.622585421665,1.1799917188
1998-12-20,81.939326425,0.779868919942,1.49567242932
1999-02-06,81.8638874006,0.385560523472,0.311762225146
1999-02-22,82.0310628727,0.814805540303,0.828686810803
1999-03-10,82.1458273954,0.829773180928,0.979472171407
1999-04-27,75.9677532306,0.733282222231,1.20205280037
1999-10-04,82.1458273954,0.877179383077,1.23238752666
2000-02-09,82.1034160405,0.506461423725,0.488887092196
2000-03-12,75.1732814383,0.720578037201,1.50628620562
2000-03-28,82.1458273954,0.69098777251,0.738398534473
2000-09-20,82.1458273954,0.546384609131,1.24197610981
2000-11-07,72.053928477,1.00679477054,1.20151548049
2000-12-09,82.1258666552,1.04683145022,1.59297623572
2001-01-10,82.1458273954,0.960439449023,1.05275372832
2001-01-26,82.1458273954,0.874293420698,0.884274296675
2001-02-27,82.1458273954,0.875614650684,0.967933595996
2001-03-31,82.0621306463,0.905782293845,1.20879735686
2001-04-16,82.1458273954,0.673617877826,0.989994651196
2001-09-07,72.8250925601,0.361762606934,0.652027218448
2004-01-03,82.1458273954,0.981963661397,1.11762438018
2004-02-04,82.1458273954,0.750866686328,0.793287579883
2004-03-23,74.020508828,0.824786633424,1.42825646918
2004-11-02,73.8537389414,0.480382230503,0.788308866504
2004-11-18,82.1458273954,0.66761102004,0.927082661397
2004-12-20,82.1458273954,0.715014535665,0.894652849629
2005-01-05,82.1458273954,0.794848789083,0.900570951221
2005-01-21,72.4566778625,0.765846757617,0.837621624
2005-02-22,82.1458273954,0.702146905317,0.638214015209
2005-03-10,82.1458273954,0.835694792041,0.772941208569
2005-03-26,82.1458273954,0.98000914143,0.740506420727
2005-07-16,76.2191591818,0.236888092196,1.00035870488
2006-02-25,80.6372296141,0.81823384209,0.858158225879
2006-03-13,82.1458273954,0.666131346332,0.82689731645
2006-04-14,82.1458273954,0.748373989795,0.903062955127
2006-09-05,80.9279252572,0.354272335205,1.29475406499
2006-10-23,82.1458273954,0.858146487109,1.23487934014
2006-12-26,82.1458273954,0.824786405049,1.02531435161
2007-01-27,82.1458273954,0.682581206563,0.79328917583
2007-02-12,82.1458273954,0.78580020293,0.795785140186
2007-02-28,82.1458273954,0.577794198506,0.58777816921
2007-04-01,82.1458273954,0.667606870137,0.845287830151
2007-05-19,78.8683198115,0.779877204366,1.02863094427
2007-06-20,72.8683540029,0.4289951066,1.18459420442
2007-08-23,82.1458273954,0.617702844747,0.992870284473
2007-09-08,82.1458273954,0.610220788838,1.19496146562
2008-02-15,82.1458273954,0.349158890048,0.189488211581
2008-03-02,82.1458273954,0.788292543506,0.85565898125
2008-03-18,82.1458273954,0.817301919698,0.832817600903
2008-04-03,82.1458273954,0.69847361333,0.945085902417
2008-06-06,80.6807215273,0.62020525002,1.0773138907
2008-08-25,79.7245458605,0.719453353197,1.08623574753
2008-12-15,73.0364790046,0.583801654785,0.823316388672
2009-01-16,82.1458273954,0.660126176778,0.815740369189
2009-02-17,82.1458273954,0.757306096714,0.929575225606
2009-03-21,82.1165338984,0.724992112325,0.815744900195
2009-04-22,79.9704692834,0.326701852694,0.601171601855
2009-10-15,82.0701458927,0.543768372225,1.3543198861
2009-12-02,77.2005374607,0.54286983376,1.00535438628
2009-12-18,82.1433322682,0.65264059792,0.772398346456
2010-02-04,82.1458273954,0.688500371631,0.813250815234
2010-05-11,82.1458273954,0.478898909823,0.870236218823
2010-06-12,73.4486045934,0.49897270351,1.14218261116
2010-10-18,79.5670064898,0.511331503329,0.810746650928
2010-12-21,82.1458273954,0.758448100238,0.972527197583
2011-02-07,82.1458273954,0.550236463169,0.670649271069