Date,Rarea,NDWI,MNDWI
1988-01-07,95.0802104838,0.494397563232,0.630239009584
1988-02-08,95.2125426371,0.656580854803,1.00639527929
1989-01-09,95.2125426371,0.636003361951,0.89735147989
1989-05-17,85.6793029368,0.214738914795,0.337088577637
1990-04-18,95.2125426371,0.398531436708,0.337001530892
1990-05-20,90.0985414578,8.31198581529,1.57580951209
1991-07-10,86.5911630857,0.114772526986,2.69275457782
1991-10-30,91.4703155646,0.203292718591,0.753155844597
1992-02-03,95.2125426371,0.323384700605,0.664628819633
1992-09-14,81.2660478442,0.204555867554,0.55458529262
1993-09-17,87.7047794841,0.097381142334,0.20728654781
1994-02-08,95.2125426371,0.558104390791,0.888862532917
1994-04-13,95.2125426371,0.458588330123,0.443050754427
1994-05-15,89.4449616984,0.365640603548,0.930180624381
1995-02-11,95.2125426371,0.455726886884,0.514556200687
1995-03-15,95.2125426371,0.378096949781,0.249695861572
1995-05-02,95.2125426371,0.209748261475,0.191090237807
1995-06-19,94.7167747533,0.125896242505,0.562274605574
1996-01-13,84.9571972778,0.394561443806,0.854771775079
1996-03-01,86.1089276263,0.59017403974,0.685447481611
1996-04-18,89.1628238939,0.269782774068,0.14840784305
1996-09-09,82.037801522,0.0747545140807,0.283973675288
1997-01-31,95.2125426371,0.727901162763,1.14738497429
1997-04-21,92.5812883028,1.65144628605,1.67069197617
1997-05-07,93.539557303,0.408287504549,0.768817763776
1997-06-08,95.2125426371,0.27957190516,0.915376639306
1997-09-12,92.4979144495,0.320886310224,0.717897715742
1998-01-02,92.1254478515,0.851921595185,1.40379285306
1998-02-03,93.7805641998,0.797797611942,0.495675002363
1998-02-19,94.737323101,5.04409057561,0.71844256802
1998-04-08,93.1662186862,0.310260192142,0.0374541621094
1998-05-10,95.2125426371,0.231003449373,0.18082721565
1999-03-10,95.2125426371,1.47608681926,1.29469769841
1999-06-30,85.7209778608,0.80755790365,1.1948215363
2001-01-26,95.2125426371,1.36710765764,1.40963442752
2001-04-16,95.2125426371,0.836272596101,0.837752618818
2001-05-18,94.3314735247,1.08185292576,4.54342022943
2003-11-16,93.917348658,0.470710981855,1.45162464716
2004-03-23,95.2125426371,2.57564239317,0.428258382002
2004-07-13,95.1253035918,0.556498339894,1.0157386039
2004-12-20,95.2116417246,1.32715217497,1.76978618727
2005-02-22,94.0607778078,1.22503291275,0.665468496259
2005-03-10,95.2125426371,5.44087873378,0.351420357008
2005-07-16,88.4900733903,0.342080449951,0.480499479769
2005-10-04,93.3581199426,0.606976813639,1.82033342657
2006-03-13,87.307473342,0.89268983,0.793625422409
2007-02-12,95.2125426371,1.40456071403,1.32965321989
2007-07-22,90.636757096,0.49048866263,1.19293745107
2007-08-23,85.9208739188,0.807793551191,1.10493294304
2008-03-18,95.2125426371,1.13651578308,1.03270025663
2008-06-22,85.2646732553,0.476250344019,1.07334757042
2009-03-21,95.2125426371,0.834199210644,0.697572062232
2009-08-28,89.4773901315,0.591026293528,0.949921991825
2010-02-04,95.2125426371,0.767489910132,0.792459599097
2010-05-11,94.2895553852,0.584550591835,0.729945863175
2011-02-07,95.2125426371,1.97601211399,2.01346904685