Date,Rarea,NDWI,MNDWI
1987-12-13,227.703182524,0.0199766103516,6.10494763245
1988-05-21,211.47584013,0.0,0.186192211906
1988-07-08,238.413891427,0.0,0.279694986328
1988-07-24,239.501520575,0.0,0.149834374023
1988-09-10,230.968360038,0.0,0.350074554596
1989-02-17,239.501520575,0.0,3.03531307186
1989-04-06,239.501520575,0.00998920117187,0.119867512695
1989-05-08,239.501520575,0.0199773671875,0.189793630859
1989-08-28,206.038553983,0.0,0.0399577373047
1990-07-14,239.501520575,0.0,0.0
1990-11-03,226.71814968,0.159822282227,0.929224281648
1991-03-11,233.452482649,0.00998920117187,10.1506869448
1991-03-27,239.501520575,0.0399558769531,1.12387433135
1991-04-12,239.501520575,0.0,0.429513109375
1992-03-13,228.359060098,0.0,7.24166419944
1992-06-17,237.814645081,0.0,0.401435354136
1992-07-19,239.501520575,0.0,0.00998920117187
1993-04-01,239.501520575,0.0,0.702463601367
1993-05-03,239.501520575,0.00998920117187,0.0998884052734
1993-06-04,235.526424406,0.0,0.110350281951
1993-07-22,216.177733789,0.0,0.157480063074
1994-04-04,239.501520575,0.0,0.319635800781
1994-05-22,239.501520575,0.0,0.0599347431641
1994-06-23,231.033611154,0.00998947265625,0.272627576746
1994-08-26,219.05581806,0.0,0.00156683655025
1994-09-11,239.501520575,0.0,0.159832960937
1995-05-25,239.501520575,0.0,0.0199773671875
1995-06-26,225.036536687,0.00998920117187,0.199779188477
1995-10-16,228.225958611,0.00998986328125,2.42948409499
1996-01-04,239.057686638,0.199610199456,11.1128750538
1996-03-08,239.501520575,0.0,7.40602142569
1996-04-09,239.501520575,0.00998947265625,0.529407894531
1996-06-28,239.274395274,0.0,0.0799108203125
1996-07-14,239.501520575,0.00998947265625,0.159824066406
1996-08-31,239.501520575,0.0,0.439529231445
1997-03-11,239.042134469,0.0199783613281,1.1725223331
1997-05-14,239.501520575,0.0199785097656,0.319655826172
1997-10-21,234.232415209,0.0899011474609,0.377223606962
1998-01-09,239.501520575,0.109879709961,2.26427873284
1998-03-14,239.501520575,0.0,0.591176456246
1998-05-01,239.501520575,0.00998920117187,0.0299667998047
1998-06-18,220.959237674,0.0,0.0699212744141
1998-08-05,238.390466396,0.0299678339844,0.309655158203
1998-10-24,223.517839987,0.0,1.26838146186
1999-03-17,239.501520575,0.0399570898438,0.65376604609
1999-04-18,239.117710649,0.0599347558594,0.221640356824
1999-05-04,229.399224731,0.0998921318359,0.234134855277
1999-06-21,224.659852092,0.0499465898437,0.139847260742
1999-07-07,239.143833878,0.0699237929687,0.318380807012
1999-10-11,237.117913393,0.0,0.179642506097
1999-11-12,220.976356538,0.0299677255859,0.587943295129
2000-03-19,238.86241514,0.00998916015625,5.18156132891
2000-05-06,236.987497244,0.0499453378906,0.439528290039
2000-08-10,234.790510807,0.0998916953125,0.369601645508
2000-09-27,236.650516666,0.0998929765625,0.928981105469
2001-04-07,239.501520575,0.0,0.10988184082
2001-04-23,237.940245123,0.0399570498047,0.169815726562
2001-09-14,238.793026806,0.0399561220703,1.77813754977
2004-03-30,224.188854252,0.0,1.24012256498
2004-04-15,239.501520575,0.0,0.179804382812
2004-05-01,239.501520575,0.0599346884766,0.139846477539
2004-06-18,206.182649387,0.0299679970703,0.0699256171875
2004-07-04,227.481419705,0.0,0.00998920117187
2004-09-06,224.236213281,0.0699240117187,0.369597660156
2004-10-08,224.953992116,0.0,0.630822733031
2005-05-04,239.501520575,0.0,0.279699774414
2005-05-20,238.574930051,0.0699249785156,0.209769619141
2005-06-05,239.411614673,0.0,0.0399560556641
2005-06-21,230.401107522,0.0699237802734,0.194604936133
2005-07-07,226.001711976,0.0,0.239736292969
2005-11-12,218.660360194,0.119870228516,1.68669027014
2006-02-16,235.618200124,0.00998932324219,1.94911912192
2006-04-05,239.501520575,0.0,0.379589290039
2006-04-21,239.501520575,0.039956,0.139846645508
2006-05-07,239.501520575,0.0,0.349620647461
2006-06-24,218.490840876,0.0499453232422,0.399563730469
2007-02-19,238.64255575,0.0499454189453,0.583857031441
2007-04-24,239.501520575,0.0799136425781,0.129859300781
2007-05-26,236.229190535,0.0699252978516,0.119871763672
2007-06-11,237.999365174,0.00998816601562,0.0899012705078
2007-07-29,224.464654112,0.0299678339844,0.129855595703
2007-08-14,212.193524982,0.0,0.0799125322266
2007-09-15,210.295242617,0.0299669619141,1.45073675587
2008-04-10,239.501520575,0.0899025488281,0.369603893555
2008-05-28,206.416764493,0.119870229492,0.209769935547
2008-08-16,215.539628327,0.1398495625,0.57937487793
2008-09-01,238.144230131,0.0399569394531,0.549405227539
2008-09-17,223.660722701,0.0,1.38850118652
2009-02-08,224.213676882,0.139848947266,1.48098513411
2009-02-24,239.451578353,0.139850022461,0.209772797852
2009-03-12,239.501520575,0.00998816601562,2.03511543085
2009-03-28,239.501520575,0.0,0.529434332031
2009-08-19,239.501520575,0.00999004980469,0.489471994141
2009-09-20,239.501520575,0.0699236708984,0.589370355469
2009-10-06,239.501520575,0.0,0.729216536133
2010-02-11,239.501520575,0.159823669922,0.863536032418
2010-02-27,239.501520575,0.129856951172,0.404056370309
2010-07-05,239.501520575,0.119867703125,0.389574536133
2010-08-06,239.103079843,0.0799118642578,0.53940690332
2011-06-06,239.501520575,0.0,0.759176795898
2011-07-24,234.255025381,0.0499454726563,0.379582732422