Date,Rarea,NDWI,MNDWI
1984-04-12,424.157309452,0.409809425781,0.509763717773
1984-07-01,424.157309452,1.52932635156,1.59931349316
1984-08-18,366.40574971,1.879782943,0.199920893555
1984-09-03,424.157309452,0.449795298828,0.139936282227
1986-05-20,424.157309452,1.16946879492,1.26944118457
1986-07-23,424.157309452,1.93166902358,1.45936891797
1986-08-24,424.157309452,2.51797942366,0.459797793945
1987-01-31,424.157309452,0.379828927734,0.379818939453
1987-02-16,424.157309452,0.179919665039,0.27986946875
1989-08-16,424.157309452,1.50185181068,0.519770712891
1989-09-17,424.157309452,4.76936783022,0.0999542626953
1990-03-12,424.157309452,0.399819079102,0.319854251953
1990-04-13,424.157309452,0.749658283203,0.659694297852
1990-08-03,424.157309452,3.34105312026,1.28944177148
1990-08-19,424.157309452,1.69177135463,0.419812625
1990-09-04,424.157309452,1.66177717201,0.409815703125
1990-10-06,424.157309452,0.939560766602,0.0999529785156
1991-03-31,424.157309452,0.129939342773,0.479781485352
1991-04-16,424.157309452,0.339844015625,0.419809933594
1991-05-02,424.157309452,0.449795072266,0.639718785156
1991-08-06,424.157309452,1.43936540234,0.659708689453
1991-09-07,394.692946523,0.984403608364,0.219894771484
1991-10-09,394.632335166,0.269878134766,0.0199906816406
1991-11-10,419.99552066,0.410616081939,0.0
1992-06-21,424.157309452,1.43937177344,1.30943400098
1992-08-24,424.157309452,0.349840774414,0.179918560547
1992-09-09,424.157309452,0.199907996094,0.0699665048828
1992-11-12,424.157309452,0.0199905927734,0.129940329102
1993-01-31,424.157309452,0.00999472460938,0.149930108398
1993-05-23,424.157309452,0.649708822266,0.679699246094
1993-06-08,424.157309452,1.11949581836,1.01954817773
1993-06-24,424.157309452,1.19947473926,1.35941576367
1993-07-26,424.157309452,0.959576863281,0.749671341797
1993-08-11,424.157309452,0.639715725586,0.529765851562
1993-08-27,424.157309452,0.409811647461,0.269877646484
1993-10-14,424.157309452,2.73869550977,0.0399809707031
1993-11-15,368.099123418,1.04202498675,0.0599703925781
1993-12-17,422.997742307,0.0799621171875,0.409813079102
1994-05-26,424.157309452,1.61929411621,1.12950658496
1994-07-13,424.157309452,3.55099789565,1.54933198535
1994-10-01,424.157309452,0.239891064453,0.0499762275391
1994-11-18,424.157309452,0.0299869804688,0.0
1994-12-20,422.957756195,0.0599734326172,0.0499768574219
1995-02-06,424.157309452,0.0499759902344,0.119943
1995-03-26,424.157309452,0.139933630859,0.279873869141
1995-06-14,424.157309452,2.28900358984,2.70805090001
1995-06-30,424.157309452,2.86875360645,2.72882165918
1995-07-16,424.157309452,2.78130048451,2.45894397949
1995-08-01,424.157309452,2.63884070801,1.76923841797
1995-09-02,424.157309452,0.929582378906,0.509773549805
1995-11-05,424.157309452,0.224257905059,0.00999533496094
1996-03-12,424.157309452,0.427458418601,0.617369810202
1996-05-31,424.157309452,1.29252795397,1.55242669225
1996-07-02,424.157309452,2.219193866,2.06676262368
1996-12-09,424.157309452,0.0399830732422,0.139938101563
1997-07-05,424.157309452,1.47699456118,1.34706051528
1997-07-21,424.157309452,1.08716305825,0.797295445944
1997-08-06,424.157309452,0.767303444968,0.347492443991
1997-08-22,424.157309452,3.39725462561,0.337494380515
1997-09-07,424.157309452,0.867283535788,0.217547442038
1997-09-23,424.157309452,0.407469266257,0.137582951804
1998-01-13,424.157309452,0.0,0.109948054687
1998-02-14,410.811441339,0.16757045571,0.267522642233
1998-03-02,424.157309452,0.0876063053194,0.13758311196
1998-05-21,424.157309452,0.48742448989,0.63736076528
1998-06-06,424.157309452,0.627364956687,0.60737695571
1998-06-22,424.157309452,1.14055620589,1.02719831313
1998-09-10,424.157309452,1.53878008817,0.117594118796
1998-12-15,424.157309452,0.0,0.119945151367
1999-05-08,424.157309452,0.267525594382,0.367481053366
1999-08-28,424.157309452,0.347487963523,0.167571223288
2000-07-29,424.157309452,0.947211087546,0.60737629946
2000-08-30,424.157309452,0.539749322266,0.237537508444
2000-10-01,424.147314727,2.2271273209,0.119945449219
2000-10-17,424.157309452,0.503452372672,0.0676155348116
2001-08-17,424.157309452,1.13950321875,0.389823552734
2003-11-11,424.157309452,0.197555718405,0.0975998893038
2003-11-27,424.157309452,0.0876049127413,0.0776080885225
2004-08-25,424.157309452,0.587383860983,0.227541559226
2005-06-09,424.157309452,0.759659431641,0.629719351562
2005-09-13,424.157309452,0.219897638672,0.0299858496094
2005-10-31,424.157309452,0.0399807226563,0.00999465527344
2005-11-16,424.157309452,0.0899608242187,0.0
2006-02-04,424.157309452,0.729664073242,0.629701894531
2006-05-27,424.157309452,0.509766269531,0.499773944336
2006-06-12,424.157309452,0.709674698242,0.759662092773
2006-07-30,424.157309452,0.519763051758,0.279870831055
2006-09-16,424.157309452,0.239888178711,0.0699660537109
2006-11-03,424.157309452,0.0699674833984,0.0
2007-03-27,424.157309452,0.149929294922,0.179914714844
2007-04-28,424.157309452,0.24988321875,0.259879501953
2007-07-17,424.157309452,0.679689668945,0.389824177734
2007-09-03,424.157309452,0.469788542969,0.0499762275391
2008-03-13,390.700331545,0.217542011374,0.607367503562
2008-03-29,424.157309452,0.267521857077,0.177561716452
2008-04-30,424.157309452,0.317497331687,0.307504721335
2008-08-20,424.157309452,0.427447713523,0.159928128906
2008-09-05,424.157309452,1.17787404117,0.117591901023
2009-04-17,424.157309452,0.277519144187,0.257525017233
2009-05-19,424.157309452,0.407452852194,0.377473469382
2009-11-11,424.157309452,0.189907866211,0.0499737470703
2009-11-27,424.157309452,0.339843319336,0.14993209082
2010-05-06,424.157309452,0.407457870749,0.547390650046
2011-05-25,424.157309452,0.579736922852,0.389823800781
2011-09-14,418.679656334,0.299860611328,0.0799642939453