Date,Rarea,NDWI,MNDWI
1987-01-23,149.447527002,7.15719847181,13.9466374196
1987-02-08,148.453344059,5.13299218082,7.07185683311
1987-11-23,143.193596136,1.20284186738,8.23922406227
1987-12-09,156.622471213,0.653695262444,14.3292801584
1987-12-25,156.566364775,3.8071538421,14.58959695
1988-01-26,156.622471213,4.69692351057,8.10441213219
1988-02-27,156.622471213,2.97850157939,3.11600452283
1988-03-14,155.318374373,1.67053259095,1.05487061205
1988-09-22,154.243972165,0.00999674169922,1.68329608182
1989-03-01,144.0569119,3.66828862239,2.3153333996
1989-04-18,156.622471213,0.738048865074,0.831392333594
1989-05-20,155.301802476,0.465082753366,1.03503952569
1989-08-24,152.504701436,0.39932916415,2.75857361288
1989-10-11,142.841332631,0.156521176237,0.691361726774
1990-01-15,156.622471213,9.74826485911,12.1101104624
1990-05-07,134.39995843,0.260378258595,1.35994890456
1990-08-27,138.370838568,0.322593608733,4.4485781463
1990-09-12,135.921220575,0.449079414526,4.48288453851
1990-10-14,145.572132953,0.399096336157,5.12847908393
1990-11-15,156.622471213,0.831486690243,7.85263334724
1990-12-17,156.622471213,4.55350406134,14.1390271228
1991-01-02,156.622471213,8.99781776334,18.5829295468
1991-02-19,156.622471213,7.34001661656,8.39412806199
1991-03-07,156.622471213,9.25244302675,5.89847839827
1991-03-23,156.617472814,47.7165919863,6.7565070592
1991-04-08,156.622471213,1.20580404866,0.517842515408
1991-08-30,150.647397128,0.356605144018,4.16303421116
1991-11-18,145.809617997,0.196505780729,10.3601687275
1992-01-05,156.622471213,0.147852481809,2.76932817599
1992-03-25,156.622471213,1.08279824255,2.00575835836
1992-04-10,156.622471213,0.136049998652,0.427510678199
1992-08-16,156.622471213,0.0399885881348,0.951881796939
1992-09-01,156.622471213,0.0024994609375,0.716228864863
1992-12-06,134.890137298,0.577580236665,11.939135944
1993-01-07,136.987183069,1.60939847607,14.4440962968
1993-03-28,156.622471213,0.415373350641,0.790665442609
1993-04-29,155.841994692,0.114028037565,0.212513335175
1993-11-07,156.622471213,0.412677231207,3.00109724664
1993-11-23,149.316712236,0.423957425089,8.30676354466
1993-12-09,153.523122303,0.73117565031,11.9231316293
1993-12-25,154.545286206,1.60761699064,12.639558898
1994-01-26,156.462430674,2.29894798003,11.4465972366
1994-02-11,156.622471213,2.62270342919,2.25480720335
1994-05-02,156.622471213,0.0465464955729,0.00999650756836
1994-10-25,156.477246765,0.276477048796,2.85630370192
1995-02-14,154.533907773,4.25497485832,11.2061683723
1995-04-19,156.610955043,1.03362860967,1.99717530186
1995-05-21,155.343676595,0.263985920622,0.246491301725
1996-01-16,156.622471213,9.81386807589,16.2471238871
1996-03-04,156.622471213,5.21001369184,8.33865196979
1996-09-28,155.98167723,0.0374885786133,1.41461753434
1996-10-30,150.300610417,0.316232139748,2.69015605995
1997-01-02,148.304538289,1.67024161566,12.3695647064
1997-02-03,156.622471213,3.07658264473,5.79186586402
1997-03-07,156.622471213,1.4305269322,2.33894035272
1997-03-23,154.930373944,0.900950460831,0.979134361777
1997-10-17,146.08801997,0.213996225798,2.27248282122
1998-03-10,156.622471213,0.789857995155,0.930192543077
1998-04-11,153.991309738,0.0,0.288980139372
1998-04-27,156.622471213,0.149018374235,0.114968511719
1998-09-18,144.091190349,0.216494840788,1.73027923082
1998-10-04,156.622471213,0.0465075689769,0.594742060842
1998-11-05,156.622471213,0.512140451506,1.65984552349
1998-11-21,146.203263319,0.327010984355,3.87482462941
1998-12-23,156.622471213,2.8935010605,8.60621772358
1999-01-24,156.622471213,4.07481100858,5.18628740696
1999-02-09,147.260005419,1.01235250483,3.9688361
1999-02-25,156.622471213,2.20583853194,3.24217049396
1999-03-13,154.751035999,1.78604571259,2.28124149565
1999-03-29,150.657476926,1.68380869722,1.21442988205
1999-11-24,156.125505854,0.426665454221,4.92585442135
1999-12-10,135.732303829,0.687329238022,9.21430430166
1999-12-26,156.622471213,1.88051282916,9.72212895979
2000-01-11,156.622471213,4.01100722902,8.12920686656
2000-02-12,156.622471213,2.43335372612,4.16656169989
2000-05-02,152.748526307,0.0799769089355,0.339937992026
2000-08-22,156.279653718,0.0249894941406,1.80595641983
2000-09-07,136.390707665,0.10495893457,1.95768938682
2000-11-26,155.328248033,0.715278623257,3.73270562655
2001-04-19,156.622471213,0.117586147722,0.107470299805
2001-09-26,143.734210515,0.127500127768,1.56708176373
2003-11-19,156.622471213,0.563615836886,2.67838210547
2003-12-05,153.455055611,0.602284522546,6.26428153046
2004-03-10,156.508289087,0.983727508705,2.07947120021
2004-05-13,156.54435009,0.0149942434082,0.317642135739
2004-06-30,136.383378306,0.119965042236,1.57613458897
2004-09-18,148.062519291,0.00249948095703,0.806514867964
2004-10-20,138.808355536,0.0,3.33974588719
2004-11-05,153.793024639,0.0,4.38847779175
2004-12-23,156.622471213,1.83259166414,9.71648790324
2005-02-09,156.622471213,2.36760621856,2.53322054117
2005-02-25,156.622471213,1.45572408208,1.52073748882
2005-03-29,156.622471213,0.802442343307,0.533307670307
2005-04-30,156.622471213,0.10938564423,0.0668963070715
2005-05-16,156.622471213,0.0219070912511,0.0201125681756
2005-09-05,148.187115356,0.0,2.36904801117
2006-05-19,156.622471213,2.83551184678,2.32908357215
2006-09-24,155.564671187,2.72179003406,7.09860784826
2006-11-11,156.622471213,5.44722070408,9.76812412851
2006-11-27,156.622471213,6.26879895797,9.4510107749
2007-03-03,156.622471213,6.28152574818,6.58931153563
2007-04-20,145.381185475,5.20498757166,5.14747842469
2007-05-06,156.622471213,3.89289436854,3.12310460242
2008-04-06,156.622471213,4.48598747482,4.23879577254
2008-04-22,155.146737196,4.12322493871,6.52663447398
2008-09-13,151.674938389,4.59114154663,8.05705165618
2008-10-15,156.09266825,5.30599092525,6.90003534312
2008-11-16,156.622471213,6.22105952517,9.56894052022
2008-12-02,156.622471213,7.0668545926,12.2539529023
2008-12-18,142.813553046,4.85857108838,15.8864173736
2009-01-19,156.430995646,7.00418115535,13.9776964725
2009-02-20,156.622275192,5.53437192433,7.43463320642
2009-03-24,136.400122968,15.5831452741,5.20520030662
2009-05-11,135.317236554,3.88825928304,4.05971964816
2009-09-16,136.28933574,0.0,6.48390374734
2009-11-03,156.622471213,5.76083976168,6.77933594821
2010-02-07,156.622471213,5.27142021955,4.96423292841
2010-02-23,156.622471213,5.89326666952,7.37751024201
2010-04-12,156.622471213,4.43121153613,3.98634416553
2010-05-14,154.646177539,3.94574653549,4.08068246859
2010-09-19,151.686392267,6.08010603087,7.11046038409
2010-10-21,156.622471213,5.07791221849,6.17465201844
2010-11-06,155.498667553,5.07349568774,8.57603325779
2010-11-22,147.362974223,6.23315418368,14.8712040345
2011-02-10,156.622471213,7.33116580852,8.22945165209
2011-02-26,144.488948663,6.35194197977,8.2575512533
2011-07-20,136.873388595,4.83357813257,8.27707139245