Date,Rarea,NDWI,MNDWI
1986-12-11,110.333771363,6.31125901068,14.4971485542
1987-01-12,110.498841368,7.19185480482,14.7131644442
1987-02-13,110.498841368,3.66410552879,7.43066337671
1987-11-12,98.900079236,1.41237320866,3.06068678426
1987-11-28,110.498841368,3.3813037156,9.62536817781
1987-12-30,110.480436588,5.97772646536,15.4168477486
1988-01-31,110.498841368,4.21264466738,9.26736844513
1988-03-03,95.6607935463,1.65334503229,2.09433872391
1988-04-04,110.493837872,1.39625871109,1.29199502123
1988-10-13,110.498841368,1.62470625445,3.11269191877
1988-10-29,110.498841368,1.64842768816,3.92900868354
1988-11-14,110.498841368,1.95063308057,6.86196771577
1989-01-17,110.498841368,5.2234880108,12.2870598417
1989-02-18,96.430765718,1.74801640964,4.58973865664
1989-03-06,110.498841368,1.87131254062,1.9271200464
1989-03-22,101.916398882,1.64239211034,3.48663470927
1989-04-23,110.433795087,1.2470563595,0.991156077933
1989-05-09,110.498841368,1.03190147547,0.641623497687
1989-11-17,110.267741381,2.60221238375,7.01547966113
1990-01-04,110.488834513,7.31076322639,14.5955963914
1990-03-09,110.498841368,2.17809092251,2.70727423779
1990-03-25,110.498841368,1.87663118301,1.62363543393
1990-04-26,110.498841368,1.09694807068,1.28207896107
1990-05-12,109.273000864,1.41967770008,1.23316317467
1990-09-01,106.851264953,1.28958403016,1.98158648568
1990-10-19,110.498841368,1.78884168372,2.70966942637
1990-11-20,110.498841368,2.77952342565,9.10913051277
1991-01-07,100.188188634,6.9993802562,13.9382313856
1991-01-23,110.472274114,5.88969458455,13.7887592329
1991-02-08,110.498841368,4.01324575922,7.93453384409
1991-03-28,110.498841368,1.35623054678,1.50620629215
1991-04-13,110.498841368,1.44129090713,1.11988528641
1991-05-15,98.3025764498,1.20968463186,1.17876150152
1991-11-07,109.73232629,1.5396450777,6.88527150597
1992-01-10,110.381525457,1.1419792428,13.013684498
1992-01-26,109.075010279,1.19451727479,10.0271932202
1992-02-27,109.778645536,1.00188045472,4.01591301853
1992-03-14,103.97578353,0.592765330178,0.845787394482
1992-04-15,98.5049800703,0.360255037598,0.410290161377
1992-05-01,110.498841368,0.57040464917,0.850449586281
1992-10-08,99.634779237,1.23572427622,2.27183308075
1992-11-09,109.778959329,1.58217577691,5.58509162868
1993-02-13,110.256488783,1.08353580508,8.86770567523
1993-03-01,110.498841368,1.43808312468,2.94582217548
1993-03-17,110.498841368,1.34212251917,1.26400748326
1993-04-02,110.498841368,1.27457336658,1.12109148526
1993-04-18,109.486636336,1.04440991517,1.07735459134
1993-05-20,110.130513972,1.11446012879,1.17450402308
1993-10-11,102.02322081,1.69037963564,3.07590247132
1993-10-27,101.725617689,1.81654493438,4.75068335019
1993-11-28,110.229795426,2.15581814,13.2477783232
1993-12-30,110.488010414,4.04629428432,12.747317635
1994-01-15,110.491336222,3.98536105969,11.4522218352
1994-01-31,110.498841368,1.637782191,11.8816445778
1994-03-04,110.498841368,1.19290834711,2.48471090652
1994-03-20,99.2407057517,0.339064665312,2.49033583882
1994-04-05,110.498841368,1.29868894229,1.0348251475
1994-04-21,110.498841368,1.02940003577,0.821909636015
1994-08-27,95.4190894037,0.652760022699,5.97023007805
1994-10-30,110.498841368,1.24705432972,3.83082309976
1994-11-15,110.498841368,1.50645458885,6.57041127543
1994-12-01,106.639316116,4.34316138106,12.4573919493
1994-12-17,110.402598702,4.95285865722,13.611857975
1995-01-18,110.498605912,6.36233411884,14.3202532906
1995-02-03,110.498841368,3.24959441403,10.3100702996
1995-03-07,110.498841368,1.49260240127,2.49663159605
1995-03-23,110.478827202,0.91724181449,3.44735901579
1995-04-08,110.434550569,0.636620585333,0.530800182525
1995-05-26,106.089181508,0.956847838751,0.829258017218
1995-10-01,95.7342313041,1.67624366124,4.23974754451
1996-02-06,110.496339654,3.61697397925,11.5867807771
1996-04-10,110.498841368,1.07693319617,1.08606723941
1996-04-26,95.0260870524,0.599095219855,1.00374462868
1996-10-19,110.498841368,1.52475225037,2.39843943682
1996-11-04,110.498841368,1.78817225332,4.36210422806
1996-11-20,110.455076037,2.02337911087,6.39595561092
1997-01-07,109.080938064,3.09371828982,12.1615237979
1997-03-12,110.498841368,1.20545666631,2.41475710244
1997-03-28,110.498841368,1.3412197167,1.08974643532
1997-04-13,103.236188805,1.48882443301,2.21908317567
1997-04-29,110.498841368,0.896805256232,0.944643661643
1997-05-15,106.431516232,0.666641594367,0.441638605009
1997-08-19,104.0524375,0.664296338408,2.32667404776
1997-10-22,110.498841368,1.56805740928,2.02912926631
1997-11-07,109.12688909,1.39684791216,4.00940842655
1997-11-23,110.498841368,1.88988285674,5.23148215002
1997-12-09,105.213152575,2.81896704516,11.7028351021
1997-12-25,100.318474345,3.42887135014,10.8661440554
1998-01-10,110.325771535,3.11966616398,9.52290179381
1998-02-11,110.498841368,1.73227162432,3.41900126841
1998-03-15,104.109825397,1.33379248062,1.98158673438
1998-10-09,100.240402769,1.24705475648,2.70063223862
1998-10-25,110.498841368,1.4906201801,1.94312685352
1998-12-12,98.7836872142,0.931931849486,5.08239231041
1999-01-29,110.498841368,2.03187694074,7.19757921039
1999-02-14,110.476325442,1.27491808265,8.4937848448
1999-03-18,110.320172035,0.766712341193,1.2505540109
1999-04-03,110.498841368,0.656634044562,0.640328735839
1999-06-06,96.9524950159,1.09460010525,1.72885860539
1999-11-13,110.498841368,1.80541187054,3.62833837407
1999-11-29,101.684816075,1.88544004754,6.08559597533
1999-12-31,110.482663595,2.75530199941,12.4873494777
2000-02-17,110.348401011,1.41377139419,3.02119855964
2000-03-20,110.498841368,1.10195112562,1.08356474258
2000-04-05,110.488834211,0.83926424256,1.35637610052
2000-09-28,96.9500856052,1.65472674615,2.40047062969
2000-10-14,96.1366797737,2.0871250966,9.19206628802
2000-10-30,110.331495786,0.711831545439,3.64595035914
2000-11-15,110.498841368,1.55879606733,3.98301932248
2000-12-01,105.681412576,1.73278241266,7.73198275616
2001-01-18,110.498841368,2.71458586939,7.03670122619
2001-02-03,110.498841368,1.05629150842,7.12237740398
2001-02-19,110.498841368,1.15358674087,2.71583490495
2001-03-07,110.498841368,1.20232616311,1.25305750162
2001-04-08,110.498841368,0.649128934699,0.731991809104
2001-09-15,99.8259488589,1.40216440906,2.20859104353
2002-01-21,110.498841368,1.92746872986,8.09545190561
2002-11-05,109.589629513,1.35365011812,4.11314055846
2003-01-08,110.485204549,3.78903281657,10.9608840198
2003-01-24,102.785991993,2.14819110532,10.9585398695
2003-02-09,110.498841368,1.68187293551,5.92878083172
2003-02-25,109.716002701,1.44413646934,3.04692069368
2003-08-04,105.38444364,1.0794352992,1.9004415727
2003-11-08,110.49633959,1.10945665784,3.13563560882
2003-12-26,110.026644001,2.89208343282,9.37728335335
2004-02-12,110.498841368,1.5940460435,3.62663810983
2004-02-28,99.4756250135,0.746697902228,4.96089936555
2004-03-15,110.498841368,0.854578922629,0.738632966412
2004-03-31,104.144399864,0.466655718779,1.75948434662
2004-05-02,105.308916423,0.706669452277,0.586584202521
2004-10-25,110.498841368,1.55715767316,2.0990608761
2004-11-10,108.740114267,1.40716960316,2.69332541732
2004-12-12,107.764506135,1.93017835539,11.4792071843
2004-12-28,110.498841368,1.98162431984,7.59232895385
2005-03-02,110.498841368,1.1435790961,2.37005280799
2005-03-18,110.498841368,1.24455271815,1.15792293584
2005-04-19,110.498841368,0.724182903204,0.691816463896
2005-05-21,95.0677818701,0.565245634621,0.707406496052
2005-06-06,100.309698425,0.212495483498,0.433280781305
2005-09-10,108.429065608,0.976862397833,1.51224335926
2005-10-12,98.4023934711,1.26272234982,2.45786544835
2005-11-13,110.498841368,1.49812540837,2.94966203752
2006-03-05,110.498841368,1.2098324529,1.30822581515
2006-04-22,108.051664611,0.91932178504,0.846142761614
2006-05-24,95.172987143,0.677825092141,1.31069591267
2006-10-15,98.6845735069,1.42968372693,1.9546848948
2006-10-31,107.614341128,0.612784702492,0.940519875832
2006-11-16,105.524153732,1.30209267957,2.53693979792
2006-12-02,110.498841368,1.09444459315,5.84341360934
2007-02-20,110.498841368,1.39367861006,1.61804129415
2007-03-08,110.498841368,1.14568834619,1.0603142946
2008-02-23,110.498841368,1.69138952632,1.69331099939
2008-03-10,110.498841368,1.45470246985,0.959969197972
2008-03-26,108.260673066,1.29208671448,0.894255532999
2008-04-11,110.476325412,0.554218486113,0.597799364257
2008-08-01,96.0403678011,3.91894524256,5.51735744661
2008-10-20,110.498841368,4.45432447059,5.67493545614
2009-01-08,110.498841368,4.95354100771,13.4600904685
2009-02-09,110.498841368,4.89455292305,8.00034642104
2009-03-13,110.498841368,4.16427866067,3.86891157825
2009-04-14,110.498841368,4.47067349292,4.60561301841
2009-05-16,102.705942124,5.56011769642,6.14472033049
2009-10-23,110.498841368,5.24488869471,5.14133499971
2009-11-08,110.498841368,5.98541851795,6.81055104403
2009-11-24,105.251110384,5.80794821951,9.5853444881
2009-12-10,94.3444051361,5.70756229538,9.89372835145
2010-01-11,110.493837929,5.24727603342,7.27987748104
2010-02-12,110.498841368,5.38018469963,6.04311101671
2010-04-17,110.498841368,5.61765795716,5.48006079041
2010-09-08,101.21049147,6.70080934357,7.35814164445
2010-10-26,101.551409459,7.150140199,8.65974797576
2010-12-29,110.45069067,7.40213069277,12.6771805012
2011-01-30,110.498841368,6.79458280577,10.0361419273
2011-02-15,105.994980803,6.09049247571,9.37487095546
2011-03-03,110.498841368,6.23558842011,6.15521620559
2011-04-04,97.9774622212,5.66386381773,5.93155596348
2011-09-11,109.074393871,6.11050428602,7.47234539093
2011-09-27,94.6936369431,6.76784610477,8.9665857436
2011-10-13,109.006329157,6.31064966614,6.71697975823
2011-11-14,110.498841368,6.18806321424,9.13981949443