Elevation,Area,CumArea
1296,0.498039215686,0.00
1297,1.0,0.00
1299,2.60784313725,0.00
1300,1.0,0.00
1301,3.0,0.01
1302,1.0,0.01
1303,4.0,0.01
1304,4.0,0.02
1305,2.37254901961,0.02
1306,7.0,0.02
1307,6.0,0.03
1308,4.0,0.03
1309,7.73333333333,0.04
1310,7.0,0.05
1311,3.0,0.05
1312,6.0,0.05
1313,9.0,0.06
1314,11.9843137255,0.07
1315,7.0,0.08
1316,8.85882352941,0.09
1317,5.25098039216,0.09
1318,5.10980392157,0.10
1319,7.0,0.10
1320,4.0,0.11
1321,10.2196078431,0.12
1322,11.0,0.13
1323,10.2352941176,0.13
1324,3.0,0.14
1325,7.71764705882,0.14
1326,13.2352941176,0.16
1327,10.8117647059,0.17
1328,17.0,0.18
1329,12.0,0.19
1330,10.6235294118,0.20
1331,21.937254902,0.22
1332,10.0,0.23
1333,8.0,0.24
1334,11.3254901961,0.25
1335,7.5137254902,0.25
1336,14.0,0.27
1337,16.7647058824,0.28
1338,14.8745098039,0.30
1339,11.9058823529,0.31
1340,18.2196078431,0.32
1341,20.3882352941,0.34
1342,18.5921568627,0.36
1343,12.0745098039,0.37
1344,15.2,0.38
1345,9.0,0.39
1346,16.6392156863,0.41
1347,17.8745098039,0.42
1348,28.0,0.45
1349,15.968627451,0.46
1350,15.0,0.47
1351,15.9176470588,0.49
1352,21.0,0.51
1353,12.0,0.52
1354,20.2352941176,0.54
1355,14.0,0.55
1356,15.0,0.56
1357,17.5764705882,0.58
1358,8.0,0.59
1359,15.2745098039,0.60
1360,11.0,0.61
1361,13.0,0.62
1362,22.0,0.64
1363,11.9450980392,0.65
1364,23.0,0.67
1365,11.0901960784,0.68
1366,20.0,0.70
1367,14.0,0.71
1368,15.0,0.73
1369,14.8274509804,0.74
1370,12.0941176471,0.75
1371,11.5294117647,0.76
1372,12.0,0.77
1373,17.0,0.79
1374,17.5137254902,0.80
1375,10.9529411765,0.81
1376,8.0,0.82
1377,10.0,0.83
1378,16.0,0.84
1379,6.0,0.85
1380,14.0,0.86
1381,17.2941176471,0.88
1382,14.0,0.89
1383,20.7803921569,0.91
1384,15.0,0.92
1385,15.3882352941,0.94
1386,13.0,0.95
1387,14.0,0.96
1388,8.0,0.97
1389,26.0,0.99
1390,20.0431372549,1.01
1391,12.0,1.02
1392,9.0,1.03
1393,13.7490196078,1.04
1394,11.0,1.05
1395,23.0,1.07
1396,20.0,1.09
1397,16.0,1.10
1398,19.0,1.12
1399,16.0,1.13
1400,13.0,1.15
1401,13.7294117647,1.16
1402,15.8431372549,1.17
1403,12.0,1.18
1404,23.0,1.20
1405,21.0,1.22
1406,19.262745098,1.24
1407,14.0,1.25
1408,20.937254902,1.27
1409,10.0,1.28
1410,30.0,1.31
1411,15.0470588235,1.32
1412,19.0,1.34
1413,13.0,1.35
1414,14.2823529412,1.36
1415,14.1411764706,1.38
1416,23.0,1.40
1417,9.0,1.40
1418,14.0,1.42
1419,19.8588235294,1.44
1420,21.0,1.45
1421,14.0,1.47
1422,10.0,1.48
1423,14.0,1.49
1424,12.0,1.50
1425,14.0,1.51
1426,12.0,1.52
1427,20.0,1.54
1428,21.168627451,1.56
1429,17.0,1.58
1430,16.0,1.59
1431,15.0,1.60
1432,12.0,1.61
1433,11.0,1.62
1434,11.0,1.63
1435,13.0,1.65
1436,18.0,1.66
1437,25.0,1.68
1438,26.0,1.71
1439,23.0,1.73
1440,21.1882352941,1.75
1441,16.5450980392,1.76
1442,17.0,1.78
1443,19.0,1.79
1444,18.0,1.81
1445,16.0,1.82
1446,20.0,1.84
1447,12.0,1.85
1448,21.0,1.87
1449,19.0,1.89
1450,18.0,1.91
1451,21.0,1.92
1452,18.3568627451,1.94
1453,15.0,1.95
1454,19.0,1.97
1455,21.3098039216,1.99
1456,21.0,2.01
1457,20.0,2.03
1458,20.0,2.05
1459,16.0,2.06
1460,21.1882352941,2.08
1461,11.0,2.09
1462,19.0,2.11
1463,20.1882352941,2.12
1464,23.0,2.15
1465,25.0,2.17
1466,24.0,2.19
1467,23.0,2.21
1468,15.0,2.22
1469,21.0,2.24
1470,16.0,2.26
1471,19.0,2.27
1472,17.0156862745,2.29
1473,31.0,2.32
1474,24.0,2.34
1475,21.0,2.36
1476,24.0,2.38
1477,20.0,2.40
1478,18.0,2.41
1479,20.0,2.43
1480,26.9843137255,2.46
1481,19.1254901961,2.47
1482,25.0,2.50
1483,19.0,2.51
1484,31.0,2.54
1485,20.0,2.56
1486,25.0,2.58
1487,19.0,2.60
1488,17.0,2.61
1489,14.0,2.63
1490,32.0,2.65
1491,16.0,2.67
1492,21.0,2.69
1493,21.0,2.71
1494,14.0,2.72
1495,26.8274509804,2.74
1496,19.1568627451,2.76
1497,17.0,2.78
1498,25.0,2.80
1499,30.0,2.83
1500,23.0,2.85
1501,22.0,2.87
1502,26.0,2.89
1503,20.1411764706,2.91
1504,29.0,2.93
1505,19.0,2.95
1506,20.0,2.97
1507,25.0,2.99
1508,20.6705882353,3.01
1509,27.0,3.03
1510,24.0,3.06
1511,22.0,3.08
1512,26.0,3.10
1513,23.0,3.12
1514,35.0,3.15
1515,30.0,3.18
1516,26.0,3.20
1517,24.0,3.22
1518,29.0,3.25
1519,26.4980392157,3.27
1520,20.0,3.29
1521,34.0,3.32
1522,30.0,3.35
1523,27.0,3.37
1524,21.0,3.39
1525,21.0,3.41
1526,22.0,3.43
1527,30.0,3.46
1528,29.0,3.48
1529,22.0,3.50
1530,14.3254901961,3.52
1531,29.031372549,3.54
1532,24.0,3.56
1533,17.0,3.58
1534,20.0,3.60
1535,17.0,3.61
1536,19.9843137255,3.63
1537,19.0,3.65
1538,24.1725490196,3.67
1539,21.0,3.69
1540,24.0,3.71
1541,23.0,3.73
1542,20.0,3.75
1543,13.0,3.76
1544,16.0,3.78
1545,20.8117647059,3.79
1546,23.0,3.81
1547,27.0,3.84
1548,30.0156862745,3.87
1549,26.0,3.89
1550,11.0,3.90
1551,25.0,3.92
1552,19.0,3.94
1553,23.0,3.96
1554,15.0,3.97
1555,22.9843137255,3.99
1556,21.0,4.01
1557,15.0,4.03
1558,25.0,4.05
1559,25.0,4.07
1560,21.0,4.09
1561,16.0,4.10
1562,21.0,4.12
1563,22.0,4.14
1564,17.0,4.16
1565,26.0,4.18
1566,27.5764705882,4.21
1567,16.0,4.22
1568,25.8274509804,4.24
1569,25.0,4.27
1570,18.0,4.28
1571,32.0,4.31
1572,27.0,4.34
1573,22.0,4.36
1574,19.0,4.37
1575,27.0,4.40
1576,31.0,4.43
1577,27.0,4.45
1578,32.6705882353,4.48
1579,8.0,4.49
1580,19.0,4.50
1581,21.0,4.52
1582,30.0,4.55
1583,20.0,4.57
1584,20.0,4.59
1585,16.0,4.60
1586,17.0,4.61
1587,20.0,4.63
1588,25.0,4.66
1589,21.0,4.67
1590,24.4980392157,4.70
1591,24.0,4.72
1592,18.0,4.73
1593,14.0,4.75
1594,37.0,4.78
1595,22.0,4.80
1596,17.0,4.82
1597,35.0,4.85
1598,18.0,4.86
1599,15.0,4.88
1600,13.0,4.89
1601,22.3411764706,4.91
1602,19.0,4.93
1603,26.0,4.95
1604,20.0,4.97
1605,32.0,5.00
1606,19.0,5.01
1607,13.0,5.02
1608,26.0,5.05
1609,34.0,5.08
1610,20.1882352941,5.10
1611,19.6862745098,5.11
1612,28.0,5.14
1613,28.0,5.16
1614,22.4509803922,5.18
1615,30.0,5.21
1616,29.0,5.24
1617,22.0,5.26
1618,21.3568627451,5.28
1619,29.0,5.30
1620,33.6078431373,5.33
1621,35.968627451,5.37
1622,28.6862745098,5.39
1623,26.0,5.41
1624,33.031372549,5.44
1625,37.0901960784,5.48
1626,35.8901960784,5.51
1627,36.0117647059,5.54
1628,40.0,5.58
1629,32.031372549,5.61
1630,29.9843137255,5.63
1631,36.3098039216,5.67
1632,28.0,5.69
1633,32.8392156863,5.72
1634,30.0,5.75
1635,36.0,5.78
1636,34.0,5.81
1637,39.0,5.85
1638,23.1254901961,5.87
1639,38.0,5.90
1640,35.0,5.93
1641,34.0,5.96
1642,32.0,5.99
1643,26.0,6.02
1644,44.0156862745,6.06
1645,44.7960784314,6.10
1646,39.0,6.13
1647,32.0,6.16
1648,27.0,6.18
1649,32.0,6.21
1650,29.0,6.24
1651,22.0,6.26
1652,34.8431372549,6.29
1653,43.0,6.33
1654,30.0,6.36
1655,32.0,6.38
1656,27.6705882353,6.41
1657,29.0,6.44
1658,34.8431372549,6.47
1659,43.0,6.51
1660,36.5607843137,6.54
1661,31.937254902,6.57
1662,29.4039215686,6.59
1663,30.0784313725,6.62
1664,36.0,6.65
1665,25.0,6.68
1666,46.2509803922,6.72
1667,26.0,6.74
1668,23.0,6.76
1669,39.6392156863,6.80
1670,34.7803921569,6.83
1671,28.5607843137,6.85
1672,36.0,6.89
1673,39.0,6.92
1674,36.0,6.95
1675,40.5294117647,6.99
1676,38.0,7.03
1677,24.0,7.05
1678,31.0,7.07
1679,40.0,7.11
1680,27.3411764706,7.14
1681,32.0,7.16
1682,28.2039215686,7.19
1683,38.0,7.22
1684,34.0,7.25
1685,43.0,7.29
1686,39.3411764706,7.33
1687,31.062745098,7.36
1688,43.0,7.39
1689,37.0,7.43
1690,35.0,7.46
1691,36.0,7.49
1692,36.3098039216,7.52
1693,41.031372549,7.56
1694,37.0,7.60
1695,41.0,7.63
1696,39.137254902,7.67
1697,44.5764705882,7.71
1698,32.0,7.74
1699,47.9843137255,7.78
1700,40.0,7.82
1701,50.0,7.86
1702,41.2352941176,7.90
1703,25.6078431373,7.92
1704,44.9529411765,7.96
1705,32.1882352941,7.99
1706,32.0,8.02
1707,35.4352941176,8.05
1708,45.0,8.09
1709,40.7176470588,8.13
1710,46.0,8.17
1711,43.0,8.21
1712,32.8274509804,8.24
1713,32.062745098,8.27
1714,34.8431372549,8.30
1715,38.0,8.33
1716,29.0,8.36
1717,33.9843137255,8.39
1718,37.0,8.42
1719,40.0,8.46
1720,31.0156862745,8.49
1721,43.4862745098,8.52
1722,40.9843137255,8.56
1723,58.2941176471,8.61
1724,32.0,8.64
1725,37.4784313725,8.68
1726,45.0,8.72
1727,25.0,8.74
1728,42.6039215686,8.78
1729,42.2784313725,8.82
1730,32.1882352941,8.85
1731,38.2,8.88
1732,41.4196078431,8.92
1733,53.5294117647,8.96
1734,32.3568627451,8.99
1735,44.7647058824,9.03
1736,27.031372549,9.06
1737,48.231372549,9.10
1738,39.8431372549,9.14
1739,41.8745098039,9.18
1740,35.5450980392,9.21
1741,41.6392156863,9.25
1742,39.7921568627,9.28
1743,46.3882352941,9.32
1744,51.3882352941,9.37
1745,43.4980392157,9.41
1746,43.8117647059,9.45
1747,35.8117647059,9.48
1748,35.0,9.51
1749,41.2156862745,9.55
1750,43.6235294118,9.59
1751,57.2470588235,9.64
1752,41.0,9.68
1753,46.0,9.72
1754,45.5921568627,9.76
1755,42.2509803922,9.80
1756,48.0,9.84
1757,52.2509803922,9.89
1758,36.0,9.92
1759,43.7490196078,9.96
1760,40.6862745098,9.99
1761,51.5450980392,10.04
1762,45.0,10.08
1763,53.8588235294,10.13
1764,67.7490196078,10.19
1765,47.6666666667,10.23
1766,46.5137254902,10.28
1767,56.0,10.33
1768,59.0941176471,10.38
1769,46.0,10.42
1770,51.6392156863,10.47
1771,45.0,10.51
1772,45.3725490196,10.55
1773,37.3254901961,10.58
1774,62.0156862745,10.64
1775,51.5333333333,10.68
1776,45.0901960784,10.73
1777,54.6705882353,10.77
1778,59.0,10.83
1779,49.0,10.87
1780,55.1725490196,10.92
1781,60.031372549,10.98
1782,55.0,11.02
1783,54.0,11.07
1784,51.7019607843,11.12
1785,72.0,11.18
1786,73.3882352941,11.25
1787,74.0,11.32
1788,69.1882352941,11.38
1789,77.6078431373,11.45
1790,86.0,11.53
1791,89.0,11.61
1792,79.0156862745,11.68
1793,79.0,11.75
1794,78.5137254902,11.82
1795,92.5921568627,11.90
1796,86.0,11.98
1797,98.062745098,12.07
1798,70.0,12.13
1799,84.7333333333,12.21
1800,79.8745098039,12.28
1801,68.7176470588,12.34
1802,93.0,12.43
1803,86.062745098,12.50
1804,93.0,12.59
1805,86.4352941176,12.66
1806,107.360784314,12.76
1807,104.0,12.85
1808,116.356862745,12.96
1809,105.419607843,13.05
1810,128.0,13.17
1811,109.188235294,13.27
1812,152.890196078,13.41
1813,138.905882353,13.53
1814,154.984313725,13.67
1815,155.0,13.81
1816,154.0,13.95
1817,168.341176471,14.10
1818,166.921568627,14.25
1819,164.278431373,14.40
1820,157.235294118,14.54
1821,187.0,14.71
1822,181.435294118,14.87
1823,231.0,15.08
1824,230.917647059,15.29
1825,223.0,15.49
1826,204.0,15.67
1827,189.0,15.84
1828,201.0,16.02
1829,232.0,16.23
1830,223.952941176,16.43
1831,226.17254902,16.64
1832,268.062745098,16.88
1833,260.576470588,17.11
1834,245.701960784,17.33
1835,267.047058824,17.57
1836,249.419607843,17.80
1837,286.921568627,18.06
1838,341.0,18.36
1839,301.890196078,18.63
1840,278.937254902,18.89
1841,319.403921569,19.17
1842,324.764705882,19.47
1843,332.141176471,19.76
1844,369.0,20.10
1845,382.043137255,20.44
1846,377.733333333,20.78
1847,399.0,21.14
1848,409.952941176,21.51
1849,418.094117647,21.88
1850,422.984313725,22.26
1851,392.031372549,22.62
1852,453.062745098,23.03
1853,433.623529412,23.42
1854,490.0,23.86
1855,494.764705882,24.30
1856,510.890196078,24.76
1857,512.078431373,25.22
1858,506.733333333,25.68
1859,516.937254902,26.14
1860,568.937254902,26.66
1861,519.074509804,27.12
1862,496.968627451,27.57
1863,522.435294118,28.04
1864,527.0,28.51
1865,546.968627451,29.01
1866,581.235294118,29.53
1867,502.796078431,29.98
1868,523.0,30.45
1869,545.952941176,30.94
1870,546.466666667,31.44
1871,519.0,31.90
1872,559.0,32.41
1873,546.968627451,32.90
1874,560.250980392,33.40
1875,548.141176471,33.90
1876,526.0,34.37
1877,500.0,34.82
1878,584.294117647,35.35
1879,665.0,35.94
1880,704.0,36.58
1881,58584.0,89.30
1882,2965.98431373,91.97
1883,1841.17254902,93.63
1884,2090.2627451,95.51
1885,2478.23529412,97.74
1886,2785.98431373,100.25
1887,2926.0,102.88
1888,3017.0627451,105.60
1889,2956.15294118,108.26
1890,2889.75294118,110.86
1891,2802.0,113.38
1892,2709.60784314,115.82
1893,2484.24705882,118.06
1894,2424.78039216,120.24
1895,2313.46666667,122.32
1896,2117.0,124.23
1897,2169.0,126.18
1898,2085.8745098,128.05
1899,1950.74901961,129.81
1900,1887.93333333,131.51
1901,1884.0,133.21
1902,1866.89019608,134.89
1903,1746.89019608,136.46
1904,1718.90196078,138.00
1905,1726.62352941,139.56
1906,1613.0,141.01
1907,1598.23137255,142.45
1908,1581.59215686,143.87
1909,1510.60784314,145.23
1910,1490.04313725,146.57
1911,1446.0,147.87
1912,1419.29411765,149.15
1913,1389.1254902,150.40
1914,1406.18823529,151.67
1915,1287.95294118,152.83
1916,1316.35686275,154.01
1917,1275.68627451,155.16
1918,1324.0,156.35
1919,1268.40392157,157.49
1920,1256.9372549,158.62
1921,1228.8745098,159.73
1922,1220.27843137,160.83
1923,1160.0,161.87
1924,1161.79607843,162.92
1925,1079.67058824,163.89
1926,1152.59215686,164.93
1927,1105.51372549,165.92
1928,1073.0627451,166.89
1929,1110.23137255,167.89
1930,1080.62352941,168.86
1931,1115.0,169.86
1932,1038.18431373,170.80
1933,1001.0,171.70
1934,1003.14117647,172.60
1935,1002.59215686,173.50
1936,955.890196078,174.36
1937,942.623529412,175.21
1938,985.796078431,176.10
1939,991.235294118,176.99
1940,923.901960784,177.82
1941,945.541176471,178.67
1942,948.435294118,179.53
1943,953.482352941,180.39
1944,925.964705882,181.22
1945,946.843137255,182.07
1946,870.0,182.85
1947,912.807843137,183.68
1948,922.776470588,184.51
1949,861.466666667,185.28
1950,851.215686275,186.05
1951,805.388235294,186.77
1952,892.717647059,187.58
1953,849.02745098,188.34
1954,836.388235294,189.09
1955,862.776470588,189.87
1956,848.949019608,190.63
1957,860.188235294,191.41
1958,819.854901961,192.14
1959,818.137254902,192.88
1960,800.0,193.60
1961,827.509803922,194.35
1962,824.650980392,195.09
1963,826.835294118,195.83
1964,768.682352941,196.52
1965,803.603921569,197.25
1966,797.278431373,197.96
1967,754.37254902,198.64
1968,749.168627451,199.32
1969,748.529411765,199.99
1970,713.917647059,200.63
1971,742.152941176,201.30
1972,725.933333333,201.96
1973,779.141176471,202.66
1974,762.784313725,203.34
1975,707.670588235,203.98
1976,765.592156863,204.67
1977,777.274509804,205.37
1978,692.811764706,205.99
1979,747.356862745,206.66
1980,762.419607843,207.35
1981,742.945098039,208.02
1982,778.764705882,208.72
1983,749.91372549,209.40
1984,757.584313725,210.08
1985,693.521568627,210.70
1986,768.560784314,211.39
1987,732.309803922,212.05
1988,741.48627451,212.72
1989,741.466666667,213.39
1990,716.101960784,214.03
1991,746.850980392,214.70
1992,736.074509804,215.37
1993,745.91372549,216.04
1994,734.780392157,216.70
1995,708.078431373,217.34
1996,721.2,217.99
1997,726.592156863,218.64
1998,693.670588235,219.26
1999,754.309803922,219.94
2000,737.011764706,220.61
2001,737.02745098,221.27
2002,718.650980392,221.92
2003,733.352941176,222.58
2004,734.57254902,223.24
2005,730.274509804,223.89
2006,726.760784314,224.55
2007,663.105882353,225.14
2008,684.682352941,225.76
2009,749.058823529,226.44
2010,747.635294118,227.11
2011,766.435294118,227.80
2012,722.807843137,228.45
2013,717.42745098,229.09
2014,710.294117647,229.73
2015,758.02745098,230.42
2016,665.525490196,231.01
2017,667.682352941,231.62
2018,742.607843137,232.28
2019,737.0,232.95
2020,716.345098039,233.59
2021,718.552941176,234.24
2022,665.121568627,234.84
2023,696.219607843,235.46
2024,743.964705882,236.13
2025,667.807843137,236.73
2026,691.231372549,237.36
2027,738.105882353,238.02
2028,747.866666667,238.69
2029,631.898039216,239.26
2030,724.058823529,239.91
2031,736.588235294,240.58
2032,701.509803922,241.21
2033,694.101960784,241.83
2034,659.847058824,242.43
2035,655.156862745,243.02
2036,724.08627451,243.67
2037,688.37254902,244.29
2038,655.980392157,244.88
2039,636.062745098,245.45
2040,636.22745098,246.02
2041,662.129411765,246.62
2042,671.039215686,247.22
2043,612.415686275,247.77
2044,652.549019608,248.36
2045,670.984313725,248.97
2046,634.356862745,249.54
2047,653.2,250.12
2048,639.196078431,250.70
2049,606.6,251.25
2050,652.996078431,251.83
2051,661.070588235,252.43
2052,584.976470588,252.95
2053,607.039215686,253.50
2054,623.525490196,254.06
2055,629.921568627,254.63
2056,598.784313725,255.17
2057,626.88627451,255.73
2058,578.294117647,256.25
2059,595.831372549,256.79
2060,625.490196078,257.35
2061,567.168627451,257.86
2062,566.964705882,258.37
2063,585.364705882,258.90
2064,619.815686275,259.46
2065,616.152941176,260.01
2066,533.576470588,260.49
2067,541.71372549,260.98
2068,527.57254902,261.45
2069,550.937254902,261.95
2070,607.552941176,262.50
2071,588.023529412,263.03
2072,583.71372549,263.55
2073,559.196078431,264.05
2074,616.0,264.61
2075,549.384313725,265.10
2076,528.011764706,265.58
2077,552.490196078,266.08
2078,570.823529412,266.59
2079,554.733333333,267.09
2080,543.494117647,267.58
2081,542.078431373,268.07
2082,558.243137255,268.57
2083,519.250980392,269.04
2084,507.184313725,269.49
2085,539.462745098,269.98
2086,486.070588235,270.42
2087,529.839215686,270.89
2088,535.909803922,271.37
2089,490.247058824,271.82
2090,522.980392157,272.29
2091,523.866666667,272.76
2092,532.294117647,273.24
2093,481.231372549,273.67
2094,497.701960784,274.12
2095,546.556862745,274.61
2096,523.91372549,275.08
2097,439.82745098,275.48
2098,508.803921569,275.94
2099,515.960784314,276.40
2100,470.631372549,276.82
2101,506.545098039,277.28
2102,439.007843137,277.67
2103,464.584313725,278.09
2104,462.364705882,278.51
2105,464.980392157,278.93
2106,464.725490196,279.35
2107,481.294117647,279.78
2108,450.247058824,280.18
2109,451.321568627,280.59
2110,452.729411765,281.00
2111,405.341176471,281.36
2112,447.701960784,281.76
2113,447.247058824,282.17
2114,386.129411765,282.51
2115,441.02745098,282.91
2116,378.984313725,283.25
2117,398.6,283.61
2118,445.68627451,284.01
2119,430.384313725,284.40
2120,406.898039216,284.77
2121,385.854901961,285.11
2122,363.941176471,285.44
2123,361.525490196,285.77
2124,388.043137255,286.12
2125,364.247058824,286.44
2126,356.356862745,286.76
2127,360.823529412,287.09
2128,365.71372549,287.42
2129,382.88627451,287.76
2130,354.2,288.08
2131,373.698039216,288.42
2132,367.074509804,288.75
2133,337.925490196,289.05
2134,335.2,289.35
2135,322.043137255,289.64
2136,343.88627451,289.95
2137,351.745098039,290.27
2138,382.258823529,290.61
2139,342.780392157,290.92
2140,311.6,291.20
2141,340.309803922,291.51
2142,330.08627451,291.81
2143,312.415686275,292.09
2144,298.529411765,292.36
2145,313.847058824,292.64
2146,361.807843137,292.96
2147,292.847058824,293.23
2148,312.443137255,293.51
2149,315.396078431,293.79
2150,271.666666667,294.04
2151,308.184313725,294.31
2152,303.776470588,294.59
2153,276.937254902,294.84
2154,284.058823529,295.09
2155,297.109803922,295.36
2156,301.733333333,295.63
2157,274.717647059,295.88
2158,297.015686275,296.15
2159,270.866666667,296.39
2160,296.231372549,296.66
2161,295.745098039,296.92
2162,278.031372549,297.17
2163,310.168627451,297.45
2164,290.266666667,297.71
2165,266.823529412,297.95
2166,298.854901961,298.22
2167,256.666666667,298.45
2168,308.650980392,298.73
2169,274.37254902,298.98
2170,336.250980392,299.28
2171,292.6,299.54
2172,301.870588235,299.82
2173,276.419607843,300.06
2174,322.870588235,300.36
2175,293.980392157,300.62
2176,287.121568627,300.88
2177,269.031372549,301.12
2178,287.905882353,301.38
2179,275.529411765,301.63
2180,269.823529412,301.87
2181,301.043137255,302.14
2182,262.341176471,302.38
2183,312.309803922,302.66
2184,286.870588235,302.92
2185,278.854901961,303.17
2186,312.921568627,303.45
2187,281.780392157,303.70
2188,324.109803922,303.99
2189,301.901960784,304.27
2190,301.152941176,304.54
2191,304.388235294,304.81
2192,297.0,305.08
2193,283.729411765,305.33
2194,295.007843137,305.60
2195,281.917647059,305.85
2196,297.2,306.12
2197,254.592156863,306.35
2198,285.203921569,306.61
2199,300.074509804,306.88
2200,274.905882353,307.12
2201,269.623529412,307.37
2202,325.980392157,307.66
2203,287.494117647,307.92
2204,314.529411765,308.20
2205,316.745098039,308.49
2206,292.498039216,308.75
2207,310.0,309.03
2208,303.203921569,309.30
2209,308.964705882,309.58
2210,313.68627451,309.86
2211,292.235294118,310.13
2212,284.368627451,310.38
2213,287.415686275,310.64
2214,290.82745098,310.90
2215,303.654901961,311.18
2216,264.560784314,311.41
2217,298.015686275,311.68
2218,316.015686275,311.97
2219,302.498039216,312.24
2220,302.733333333,312.51
2221,311.403921569,312.79
2222,287.870588235,313.05
2223,305.529411765,313.33
2224,257.650980392,313.56
2225,311.733333333,313.84
2226,266.733333333,314.08
2227,256.780392157,314.31
2228,278.450980392,314.56
2229,274.623529412,314.81
2230,292.745098039,315.07
2231,267.525490196,315.31
2232,321.996078431,315.60
2233,283.756862745,315.86
2234,248.211764706,316.08
2235,292.0,316.34
2236,289.682352941,316.60
2237,306.807843137,316.88
2238,286.231372549,317.14
2239,307.419607843,317.41
2240,285.121568627,317.67
2241,291.866666667,317.93
2242,256.137254902,318.16
2243,296.262745098,318.43
2244,252.807843137,318.66
2245,293.741176471,318.92
2246,301.952941176,319.19
2247,291.937254902,319.46
2248,320.901960784,319.74
2249,282.164705882,320.00
2250,294.231372549,320.26
2251,284.811764706,320.52
2252,259.42745098,320.75
2253,246.168627451,320.97
2254,257.917647059,321.21
2255,259.094117647,321.44
2256,228.109803922,321.65
2257,240.729411765,321.86
2258,263.321568627,322.10
2259,273.031372549,322.34
2260,258.392156863,322.58
2261,285.882352941,322.83
2262,302.51372549,323.11
2263,253.733333333,323.34
2264,258.37254902,323.57
2265,248.576470588,323.79
2266,237.058823529,324.00
2267,249.141176471,324.23
2268,229.015686275,324.44
2269,247.823529412,324.66
2270,250.0,324.88
2271,246.57254902,325.11
2272,232.015686275,325.31
2273,259.592156863,325.55
2274,234.921568627,325.76
2275,212.650980392,325.95
2276,232.82745098,326.16
2277,240.545098039,326.38
2278,216.933333333,326.57
2279,243.980392157,326.79
2280,223.062745098,326.99
2281,224.607843137,327.19
2282,218.2,327.39
2283,218.533333333,327.59
2284,233.952941176,327.80
2285,224.0,328.00
2286,195.062745098,328.18
2287,180.984313725,328.34
2288,213.498039216,328.53
2289,215.039215686,328.72
2290,194.670588235,328.90
2291,175.843137255,329.06
2292,189.68627451,329.23
2293,189.0,329.40
2294,185.0,329.56
2295,165.37254902,329.71
2296,183.309803922,329.88
2297,185.82745098,330.05
2298,157.247058824,330.19
2299,187.921568627,330.36
2300,167.984313725,330.51
2301,160.0,330.65
2302,172.890196078,330.81
2303,158.325490196,330.95
2304,150.0,331.08
2305,142.764705882,331.21
2306,147.666666667,331.35
2307,169.062745098,331.50
2308,156.525490196,331.64
2309,157.82745098,331.78
2310,151.188235294,331.92
2311,123.890196078,332.03
2312,130.901960784,332.15
2313,115.890196078,332.25
2314,117.729411765,332.36
2315,118.17254902,332.46
2316,143.0,332.59
2317,129.196078431,332.71
2318,132.729411765,332.83
2319,104.607843137,332.92
2320,121.858823529,333.03
2321,103.482352941,333.12
2322,109.529411765,333.22
2323,97.5450980392,333.31
2324,106.807843137,333.41
2325,77.8745098039,333.48
2326,92.5137254902,333.56
2327,111.031372549,333.66
2328,82.1411764706,333.73
2329,100.37254902,333.82
2330,90.4156862745,333.91
2331,96.7960784314,333.99
2332,84.5450980392,334.07
2333,95.5607843137,334.15
2334,94.4352941176,334.24
2335,89.6549019608,334.32
2336,91.0,334.40
2337,71.0,334.47
2338,71.0,334.53
2339,86.5294117647,334.61
2340,84.0,334.68
2341,82.0784313725,334.76
2342,69.0588235294,334.82
2343,87.0,334.90
2344,100.078431373,334.99
2345,70.8274509804,335.05
2346,66.1411764706,335.11
2347,69.937254902,335.17
2348,58.7960784314,335.23
2349,50.0470588235,335.27
2350,65.937254902,335.33
2351,64.8901960784,335.39
2352,60.0,335.44
2353,67.0,335.50
2354,71.137254902,335.57
2355,56.1058823529,335.62
2356,49.0,335.66
2357,57.4980392157,335.71
2358,63.6549019608,335.77
2359,67.0,335.83
2360,66.0,335.89
2361,49.0,335.94
2362,49.0,335.98
2363,54.0,336.03
2364,44.0,336.07
2365,39.6705882353,336.10
2366,43.9843137255,336.14
2367,45.937254902,336.18
2368,45.2509803922,336.23
2369,42.3098039216,336.26
2370,41.0,336.30
2371,39.0,336.34
2372,31.2509803922,336.36
2373,34.0,336.39
2374,25.2509803922,336.42
2375,36.3098039216,336.45
2376,33.0,336.48
2377,23.0,336.50
2378,19.0941176471,336.52
2379,28.7490196078,336.54
2380,14.8901960784,336.56
2381,28.8862745098,336.58
2382,32.0,336.61
2383,19.5607843137,336.63
2384,20.9294117647,336.65
2385,20.0,336.67
2386,19.1098039216,336.68
2387,24.7019607843,336.71
2388,17.031372549,336.72
2389,17.8117647059,336.74
2390,24.5098039216,336.76
2391,24.062745098,336.78
2392,28.7490196078,336.81
2393,18.5607843137,336.82
2394,25.6705882353,336.85
2395,24.3254901961,336.87
2396,11.9215686275,336.88
2397,19.8431372549,336.90
2398,22.0784313725,336.92
2399,27.0,336.94
2400,21.0,336.96
2401,22.0,336.98
2402,17.0,336.99
2403,20.0,337.01
2404,19.2196078431,337.03
2405,19.0,337.05
2406,17.9843137255,337.06
2407,16.7019607843,337.08
2408,22.0,337.10
2409,24.0156862745,337.12
2410,16.0,337.13
2411,15.0156862745,337.15
2412,16.5607843137,337.16
2413,14.0,337.18
2414,12.6549019608,337.19
2415,8.95294117647,337.19
2416,11.4352941176,337.20
2417,10.0901960784,337.21
2418,14.0156862745,337.23
2419,15.8745098039,337.24
2420,10.2352941176,337.25
2421,13.3254901961,337.26
2422,12.0,337.27
2423,7.0,337.28
2424,14.8117647059,337.29
2425,9.0,337.30
2426,13.1568627451,337.31
2427,14.1882352941,337.33
2428,12.8588235294,337.34
2429,7.0,337.34
2430,15.0,337.36
2431,8.0,337.36
2432,13.0,337.38
2433,8.0,337.38
2434,9.78039215686,337.39
2435,7.0,337.40
2436,12.0784313725,337.41
2437,9.0,337.42
2438,6.0,337.42
2439,10.7019607843,337.43
2440,7.0,337.44
2441,3.0,337.44
2442,8.49803921569,337.45
2443,4.57647058824,337.45
2444,10.0470588235,337.46
2445,9.01568627451,337.47
2446,5.0,337.47
2447,5.0,337.48
2448,5.0,337.48
2449,6.0,337.49
2450,12.0,337.50
2451,8.57647058824,337.51
2452,4.01568627451,337.51
2453,5.74901960784,337.52
2454,9.78039215686,337.52
2455,7.0,337.53
2456,14.0,337.54
2457,7.56078431373,337.55
2458,8.0,337.56
2459,6.1568627451,337.56
2460,10.0941176471,337.57
2461,12.0,337.58
2462,8.0,337.59
2463,8.0,337.60
2464,14.9058823529,337.61
2465,6.0,337.62
2466,8.0,337.62
2467,8.23529411765,337.63
2468,9.0,337.64
2469,4.0,337.64
2470,10.9843137255,337.65
2471,1.0,337.65
2472,13.4666666667,337.67
2473,11.4509803922,337.68
2474,4.0,337.68
2475,6.0,337.68
2476,6.0,337.69
2477,6.0,337.70
2478,5.0,337.70
2479,15.2470588235,337.71
2480,7.0,337.72
2481,6.0,337.73
2482,5.0,337.73
2483,1.0,337.73
2484,4.0,337.73
2485,6.76470588235,337.74
2486,6.0,337.75
2487,5.04705882353,337.75
2488,3.65490196078,337.75
2489,7.01568627451,337.76
2490,2.0,337.76
2491,3.0,337.76
2492,6.0,337.77
2493,2.0,337.77
2494,2.0,337.77
2495,2.0,337.78
2496,1.0,337.78
2497,6.82745098039,337.78
2498,6.0,337.79
2499,5.67058823529,337.79
2500,2.04705882353,337.79
2501,8.0,337.80
2502,4.0,337.81
2503,6.0,337.81
2504,4.71764705882,337.82
2505,4.0,337.82
2506,3.0,337.82
2507,6.0,337.83
2508,3.0,337.83
2509,5.76470588235,337.83
2510,4.0,337.84
2511,5.0,337.84
2512,9.0,337.85
2513,3.0,337.85
2514,3.0,337.86
2515,2.0,337.86
2517,2.0,337.86
2518,2.0,337.86
2519,2.0,337.86
2520,6.0,337.87
2521,5.0,337.87
2522,2.0,337.88
2523,1.0,337.88
2526,2.0,337.88
2527,5.0,337.88
2528,4.0,337.89
2529,4.0,337.89
2531,3.0,337.89
2532,2.0,337.89
2533,2.0,337.90
2535,1.0,337.90
2536,3.0,337.90
2537,1.0,337.90
2538,1.0,337.90
2539,2.0,337.90
2540,3.0,337.91
2541,2.0,337.91
2542,4.0,337.91
2543,1.0,337.91
2545,4.0,337.92
2546,1.0,337.92
2547,1.0,337.92
2548,2.0,337.92
2549,1.0,337.92
2551,1.0,337.92