Elevation,Area,CumArea
73,2.0,0.00
74,5.76470588235,0.01
75,13.0470588235,0.02
76,28.6549019608,0.04
77,18.0,0.06
78,35.0,0.09
79,30.2823529412,0.12
80,29.031372549,0.15
81,27.0,0.17
82,23.0,0.19
83,42.0,0.23
84,36.7803921569,0.26
85,18.3568627451,0.28
86,36.4039215686,0.31
87,22.5450980392,0.33
88,31.1254901961,0.36
89,28.1882352941,0.38
90,26.9058823529,0.41
91,25.8745098039,0.43
92,33.6235294118,0.46
93,23.3568627451,0.48
94,33.7960784314,0.51
95,35.0,0.55
96,20.4196078431,0.56
97,38.0,0.60
98,31.8745098039,0.63
99,31.7490196078,0.66
100,36.0901960784,0.69
101,35.0,0.72
102,49.5294117647,0.76
103,48.4980392157,0.81
104,49.9215686275,0.85
105,51.0,0.90
106,60.9529411765,0.95
107,51.0,1.00
108,64.4980392157,1.06
109,60.0,1.11
110,77.0,1.18
111,94.0,1.26
112,103.717647059,1.36
113,5628.31764706,6.42
114,1157.11372549,7.46
115,459.51372549,7.88
116,757.141176471,8.56
117,1222.35686275,9.66
118,1358.75294118,10.88
119,1285.40392157,12.04
120,1253.82745098,13.17
121,1094.97254902,14.15
122,1061.62745098,15.11
123,943.729411765,15.96
124,900.603921569,16.77
125,773.525490196,17.47
126,770.094117647,18.16
127,725.517647059,18.81
128,753.321568627,19.49
129,667.08627451,20.09
130,646.462745098,20.67
131,745.462745098,21.34
132,689.929411765,21.96
133,679.058823529,22.57
134,680.011764706,23.19
135,644.0,23.77
136,683.415686275,24.38
137,657.101960784,24.97
138,604.745098039,25.52
139,591.137254902,26.05
140,590.37254902,26.58
141,603.015686275,27.12
142,613.576470588,27.68
143,554.388235294,28.17
144,553.180392157,28.67
145,559.062745098,29.18
146,558.901960784,29.68
147,546.341176471,30.17
148,542.443137255,30.66
149,545.996078431,31.15
150,509.968627451,31.61
151,528.043137255,32.08
152,505.552941176,32.54
153,499.152941176,32.99
154,488.498039216,33.43
155,475.792156863,33.86
156,467.615686275,34.28
157,455.08627451,34.69
158,423.796078431,35.07
159,464.682352941,35.49
160,434.564705882,35.88
161,404.419607843,36.24
162,426.823529412,36.63
163,408.811764706,36.99
164,399.196078431,37.35
165,405.968627451,37.72
166,381.011764706,38.06
167,389.278431373,38.41
168,387.792156863,38.76
169,368.721568627,39.09
170,412.619607843,39.46
171,379.011764706,39.80
172,349.831372549,40.12
173,357.117647059,40.44
174,323.68627451,40.73
175,350.494117647,41.05
176,332.494117647,41.35
177,342.164705882,41.65
178,316.784313725,41.94
179,286.301960784,42.20
180,282.317647059,42.45
181,249.498039216,42.68
182,264.02745098,42.91
183,272.396078431,43.16
184,271.215686275,43.40
185,260.88627451,43.64
186,261.756862745,43.87
187,248.478431373,44.10
188,263.760784314,44.33
189,199.882352941,44.51
190,218.698039216,44.71
191,242.168627451,44.93
192,218.168627451,45.13
193,210.607843137,45.31
194,191.478431373,45.49
195,205.796078431,45.67
196,180.815686275,45.83
197,164.839215686,45.98
198,166.2,46.13
199,169.133333333,46.29
200,162.078431373,46.43
201,187.839215686,46.60
202,147.639215686,46.73
203,143.866666667,46.86
204,137.494117647,46.99
205,139.121568627,47.11
206,129.074509804,47.23
207,116.078431373,47.33
208,129.745098039,47.45
209,134.164705882,47.57
210,119.949019608,47.68
211,101.917647059,47.77
212,109.37254902,47.87
213,115.137254902,47.97
214,110.17254902,48.07
215,81.5607843137,48.14
216,94.6549019608,48.23
217,91.2156862745,48.31
218,89.8588235294,48.39
219,93.8196078431,48.48
220,92.3411764706,48.56
221,74.0,48.63
222,82.1568627451,48.70
223,69.1725490196,48.76
224,86.0,48.84
225,73.8862745098,48.91
226,75.1843137255,48.97
227,68.3098039216,49.04
228,69.168627451,49.10
229,68.9529411765,49.16
230,52.8862745098,49.21
231,75.7019607843,49.28
232,80.7607843137,49.35
233,62.3725490196,49.40
234,57.431372549,49.46
235,60.9843137255,49.51
236,60.4823529412,49.57
237,65.8549019608,49.62
238,52.0,49.67
239,47.3725490196,49.71
240,41.0,49.75
241,44.0156862745,49.79
242,51.2784313725,49.84
243,54.5764705882,49.89
244,64.9058823529,49.94
245,54.0,49.99
246,54.031372549,50.04
247,38.1254901961,50.08
248,42.4196078431,50.11
249,37.6862745098,50.15
250,52.1529411765,50.19
251,39.0,50.23
252,45.968627451,50.27
253,39.8901960784,50.31
254,37.9333333333,50.34
255,46.0,50.38
256,33.3098039216,50.41
257,21.7647058824,50.43
258,50.0588235294,50.48
259,31.3568627451,50.51
260,33.1843137255,50.54
261,39.0,50.57
262,30.0,50.60
263,27.3294117647,50.62
264,29.6549019608,50.65
265,19.5607843137,50.67
266,18.3568627451,50.68
267,25.7019607843,50.71
268,26.0784313725,50.73
269,21.0,50.75
270,19.0,50.77
271,24.7490196078,50.79
272,32.0,50.82
273,19.0,50.83
274,25.2509803922,50.86
275,24.7490196078,50.88
276,23.2196078431,50.90
277,19.6823529412,50.92
278,18.5294117647,50.93
279,23.7490196078,50.96
280,17.7019607843,50.97
281,33.0,51.00
282,19.0,51.02
283,16.6235294118,51.03
284,20.4666666667,51.05
285,24.1176470588,51.07
286,19.0941176471,51.09
287,23.5607843137,51.11
288,24.1098039216,51.13
289,26.0,51.16
290,24.262745098,51.18
291,23.0,51.20
292,29.0156862745,51.23
293,18.4980392157,51.24
294,17.1725490196,51.26
295,24.0,51.28
296,20.8901960784,51.30
297,19.5607843137,51.32
298,22.0,51.34
299,12.0784313725,51.35
300,18.7019607843,51.36
301,27.1058823529,51.39
302,15.0,51.40
303,25.0,51.42
304,11.9215686275,51.43
305,17.0,51.45
306,17.5607843137,51.47
307,18.6705882353,51.48
308,15.0,51.50
309,20.0,51.51
310,13.8117647059,51.53
311,11.0,51.54
312,18.0,51.55
313,19.0,51.57
314,16.0,51.58
315,12.5450980392,51.59
316,16.0,51.61
317,12.0,51.62
318,19.0,51.64
319,14.0,51.65
320,13.0,51.66
321,19.0,51.68
322,7.0,51.68
323,16.0,51.70
324,10.0,51.71
325,8.0,51.72
326,17.5607843137,51.73
327,9.17254901961,51.74
328,9.0,51.75
329,12.0,51.76
330,11.0,51.77
331,5.0,51.77
332,12.0,51.78
333,15.3882352941,51.80
334,9.0,51.81
335,19.0,51.82
336,8.0,51.83
337,6.0,51.84
338,5.0,51.84
339,10.5137254902,51.85
340,5.0,51.85
341,8.0,51.86
342,5.82745098039,51.87
343,8.0,51.87
344,11.0,51.88
345,8.0,51.89
346,10.0,51.90
347,2.0,51.90
348,9.0,51.91
349,6.85882352941,51.92
350,7.0,51.92
351,9.0,51.93
352,7.0,51.94
353,5.87450980392,51.94
354,4.0,51.94
355,5.0,51.95
356,7.0,51.96
357,9.0,51.96
358,7.0,51.97
359,4.0,51.97
360,8.0,51.98
361,13.0,51.99
362,9.0,52.00
363,7.81176470588,52.01
364,2.0,52.01
365,5.21960784314,52.01
366,5.0,52.02
367,5.0,52.02
368,9.0,52.03
369,18.0,52.05
370,5.0,52.05
371,2.0,52.05
372,10.0,52.06
373,4.0,52.07
374,0.607843137255,52.07
375,2.0,52.07
376,7.0,52.08
377,4.0,52.08
378,10.0,52.09
379,4.41960784314,52.09
380,9.0,52.10
381,6.43529411765,52.11
382,3.0,52.11
383,3.0,52.11
384,2.0,52.11
385,2.0,52.11
386,3.0,52.12
387,7.20392156863,52.12
388,3.0,52.13
389,3.0,52.13
390,4.93725490196,52.13
391,6.0,52.14
392,7.87450980392,52.15
393,3.41960784314,52.15
394,4.0,52.15
395,5.34117647059,52.16
396,1.63921568627,52.16
397,3.87450980392,52.16
398,2.0,52.16
399,4.0,52.17
400,1.0,52.17
401,2.0,52.17
402,4.87450980392,52.18
403,1.59215686275,52.18
404,2.0,52.18
405,2.03137254902,52.18
408,1.26274509804,52.18