Elevation,Area,CumArea
591,1.0,0.00
592,2.0,0.00
593,2.0,0.00
594,5.0,0.01
595,9.0,0.02
596,7.0,0.02
597,1.0,0.02
598,6.59215686275,0.03
599,11.9058823529,0.04
600,19.0,0.06
601,11.0,0.07
602,14.1568627451,0.08
603,5.6862745098,0.09
604,13.0,0.10
605,3.90588235294,0.10
606,7.07843137255,0.11
607,6.0,0.11
608,10.0,0.12
609,11.0470588235,0.13
610,3.0,0.13
611,7.0,0.14
612,5.0,0.15
613,6.1568627451,0.15
614,2.1568627451,0.15
615,7.90588235294,0.16
616,10.0,0.17
617,5.0,0.17
618,5.0,0.18
619,4.01568627451,0.18
620,11.0,0.19
621,5.0,0.20
622,4.70196078431,0.20
623,3.0,0.20
624,7.21568627451,0.21
625,2.0,0.21
626,9.0,0.22
627,1.04705882353,0.22
628,6.43529411765,0.23
629,5.0,0.23
630,4.98431372549,0.23
631,2.81176470588,0.24
632,8.0,0.24
633,11.0470588235,0.25
634,8.0,0.26
635,3.09019607843,0.26
636,8.89019607843,0.27
637,10.2941176471,0.28
638,14.6078431373,0.29
639,13.0,0.31
640,10.4509803922,0.32
641,9.02745098039,0.32
642,14.6196078431,0.34
643,10.6549019608,0.35
644,9.0,0.36
645,9.90588235294,0.36
646,12.0,0.37
647,15.0,0.39
648,4.0,0.39
649,13.7764705882,0.40
650,21.4980392157,0.42
651,8.48235294118,0.43
652,13.0,0.44
653,18.6980392157,0.46
654,14.2156862745,0.47
655,8.43529411765,0.48
656,18.0,0.50
657,18.0,0.51
658,13.3725490196,0.52
659,8.81176470588,0.53
660,7.0,0.54
661,10.0,0.55
662,12.0,0.56
663,15.0,0.57
664,18.2941176471,0.59
665,14.0,0.60
666,16.0,0.62
667,17.2509803922,0.63
668,11.3411764706,0.64
669,13.0,0.65
670,15.9843137255,0.67
671,20.1568627451,0.69
672,28.0,0.71
673,20.0,0.73
674,24.2784313725,0.75
675,21.0,0.77
676,30.0,0.80
677,29.1254901961,0.82
678,26.0,0.85
679,28.0,0.87
680,36.0156862745,0.90
681,30.8588235294,0.93
682,36.8745098039,0.96
683,36.0,1.00
684,38.0,1.03
685,34.0,1.06
686,58.0,1.11
687,61.0,1.17
688,40.0,1.20
689,61.6862745098,1.26
690,75.3098039216,1.33
691,53.6392156863,1.38
692,52.4196078431,1.42
693,45.2509803922,1.46
694,56.4980392157,1.52
695,39.7803921569,1.55
696,50.9843137255,1.60
697,53.0,1.64
698,49.0,1.69
699,52.0,1.74
700,40.3254901961,1.77
701,45.7176470588,1.81
702,49.7333333333,1.86
703,47.0,1.90
704,56.0156862745,1.95
705,53.0,2.00
706,45.2941176471,2.04
707,50.2784313725,2.08
708,45.0,2.12
709,43.0,2.16
710,49.1098039216,2.21
711,55.0,2.26
712,38.8705882353,2.29
713,34.0,2.32
714,33.9843137255,2.35
715,35.0,2.38
716,48.0,2.43
717,40.0,2.46
718,42.0,2.50
719,57.3254901961,2.55
720,43.0,2.59
721,56.0,2.64
722,44.0,2.68
723,65.0,2.74
724,65.6862745098,2.80
725,81.0156862745,2.87
726,77.8117647059,2.94
727,78.0,3.01
728,72.3725490196,3.08
729,74.0,3.14
730,48.0,3.19
731,59.937254902,3.24
732,58.4196078431,3.29
733,53.0,3.34
734,80.9843137255,3.41
735,70.0,3.48
736,55.6235294118,3.53
737,62.0,3.58
738,66.0,3.64
739,62.8588235294,3.70
740,47.0,3.74
741,74.0,3.81
742,66.2941176471,3.87
743,71.4196078431,3.93
744,58.0156862745,3.98
745,64.0,4.04
746,61.8274509804,4.10
747,63.3098039216,4.15
748,60.0,4.21
749,59.8549019608,4.26
750,61.6235294118,4.32
751,64.5450980392,4.38
752,67.6549019608,4.44
753,70.2509803922,4.50
754,73.937254902,4.57
755,70.0,4.63
756,66.0,4.69
757,70.3882352941,4.75
758,72.9647058824,4.82
759,79.2509803922,4.89
760,73.6862745098,4.96
761,64.0470588235,5.01
762,46.8431372549,5.06
763,60.9843137255,5.11
764,69.7647058824,5.17
765,57.0901960784,5.22
766,45.4823529412,5.27
767,67.0941176471,5.33
768,47.2941176471,5.37
769,61.7019607843,5.42
770,80.9215686275,5.50
771,87.9058823529,5.58
772,95.0156862745,5.66
773,104.921568627,5.76
774,2893.90588235,8.36
775,200.137254902,8.54
776,181.011764706,8.70
777,234.074509804,8.91
778,241.435294118,9.13
779,231.419607843,9.34
780,264.121568627,9.58
781,258.917647059,9.81
782,262.0,10.05
783,301.0,10.32
784,279.341176471,10.57
785,276.341176471,10.82
786,270.0,11.06
787,284.078431373,11.32
788,309.51372549,11.59
789,249.639215686,11.82
790,233.478431373,12.03
791,276.68627451,12.28
792,245.4,12.50
793,265.0,12.74
794,239.231372549,12.95
795,248.17254902,13.18
796,219.294117647,13.37
797,230.88627451,13.58
798,240.733333333,13.80
799,234.250980392,14.01
800,254.388235294,14.24
801,208.670588235,14.43
802,226.188235294,14.63
803,244.168627451,14.85
804,212.984313725,15.04
805,221.984313725,15.24
806,217.02745098,15.44
807,188.125490196,15.61
808,196.749019608,15.78
809,238.109803922,16.00
810,231.717647059,16.21
811,197.733333333,16.38
812,205.047058824,16.57
813,229.341176471,16.77
814,222.352941176,16.97
815,225.062745098,17.18
816,200.137254902,17.36
817,224.2,17.56
818,214.294117647,17.75
819,238.984313725,17.97
820,190.952941176,18.14
821,201.560784314,18.32
822,203.0,18.50
823,205.17254902,18.69
824,223.576470588,18.89
825,187.921568627,19.06
826,202.149019608,19.24
827,201.247058824,19.42
828,234.278431373,19.63
829,233.203921569,19.84
830,237.015686275,20.05
831,232.309803922,20.26
832,206.796078431,20.45
833,211.776470588,20.64
834,235.560784314,20.85
835,241.184313725,21.07
836,240.356862745,21.29
837,239.796078431,21.50
838,233.0,21.71
839,243.529411765,21.93
840,234.0,22.14
841,224.933333333,22.34
842,242.796078431,22.56
843,219.419607843,22.76
844,244.0,22.98
845,219.811764706,23.18
846,237.31372549,23.39
847,231.435294118,23.60
848,228.0,23.80
849,228.780392157,24.01
850,239.015686275,24.23
851,222.949019608,24.43
852,214.294117647,24.62
853,249.0,24.84
854,244.058823529,25.06
855,243.917647059,25.28
856,241.682352941,25.50
857,250.062745098,25.72
858,233.545098039,25.93
859,220.51372549,26.13
860,234.403921569,26.34
861,250.011764706,26.57
862,220.403921569,26.77
863,220.0,26.97
864,249.529411765,27.19
865,268.278431373,27.43
866,231.890196078,27.64
867,247.529411765,27.86
868,273.415686275,28.11
869,226.466666667,28.31
870,236.592156863,28.53
871,265.890196078,28.77
872,220.545098039,28.96
873,245.792156863,29.19
874,201.117647059,29.37
875,222.603921569,29.57
876,231.058823529,29.77
877,206.043137255,29.96
878,257.984313725,30.19
879,230.235294118,30.40
880,231.843137255,30.61
881,226.0,30.81
882,209.764705882,31.00
883,201.215686275,31.18
884,220.470588235,31.38
885,222.262745098,31.58
886,228.874509804,31.79
887,227.168627451,31.99
888,226.717647059,32.19
889,244.698039216,32.41
890,242.482352941,32.63
891,206.874509804,32.82
892,255.996078431,33.05
893,206.062745098,33.23
894,221.37254902,33.43
895,193.68627451,33.61
896,200.949019608,33.79
897,221.858823529,33.99
898,220.88627451,34.19
899,209.964705882,34.38
900,198.980392157,34.56
901,229.37254902,34.76
902,205.882352941,34.95
903,224.88627451,35.15
904,208.607843137,35.34
905,235.870588235,35.55
906,208.02745098,35.74
907,200.341176471,35.92
908,187.545098039,36.09
909,221.556862745,36.29
910,212.090196078,36.48
911,203.682352941,36.66
912,162.917647059,36.81
913,228.843137255,37.01
914,162.278431373,37.16
915,194.356862745,37.33
916,159.152941176,37.48
917,187.403921569,37.65
918,173.058823529,37.80
919,173.168627451,37.96
920,194.729411765,38.13
921,180.576470588,38.29
922,200.22745098,38.47
923,165.556862745,38.62
924,151.733333333,38.76
925,173.109803922,38.92
926,160.529411765,39.06
927,142.011764706,39.19
928,147.619607843,39.32
929,142.733333333,39.45
930,151.22745098,39.59
931,122.062745098,39.70
932,117.031372549,39.80
933,134.839215686,39.92
934,150.109803922,40.06
935,151.466666667,40.19
936,156.811764706,40.33
937,135.125490196,40.46
938,145.933333333,40.59
939,130.498039216,40.71
940,153.498039216,40.84
941,129.68627451,40.96
942,130.933333333,41.08
943,115.494117647,41.18
944,121.309803922,41.29
945,112.68627451,41.39
946,104.109803922,41.49
947,90.1725490196,41.57
948,114.811764706,41.67
949,109.0,41.77
950,96.1098039216,41.86
951,121.57254902,41.96
952,106.058823529,42.06
953,113.090196078,42.16
954,100.0,42.25
955,107.31372549,42.35
956,102.219607843,42.44
957,120.968627451,42.55
958,108.650980392,42.65
959,115.901960784,42.75
960,83.2784313725,42.83
961,106.290196078,42.92
962,91.1843137255,43.00
963,87.2,43.08
964,73.0470588235,43.15
965,92.031372549,43.23
966,66.6235294118,43.29
967,101.462745098,43.38
968,88.6235294118,43.46
969,84.6196078431,43.54
970,88.6196078431,43.62
971,76.9058823529,43.69
972,87.6705882353,43.77
973,61.5294117647,43.82
974,74.9960784314,43.89
975,74.1333333333,43.96
976,83.3568627451,44.03
977,85.5607843137,44.11
978,78.7921568627,44.18
979,82.3254901961,44.25
980,87.5764705882,44.33
981,59.1215686275,44.38
982,77.0,44.45
983,63.5882352941,44.51
984,70.231372549,44.57
985,73.0,44.64
986,72.0,44.71
987,81.8431372549,44.78
988,66.4509803922,44.84
989,51.4196078431,44.88
990,62.6666666667,44.94
991,58.5450980392,44.99
992,49.2588235294,45.04
993,63.6078431373,45.10
994,64.7882352941,45.15
995,73.2352941176,45.22
996,52.6392156863,45.27
997,66.0784313725,45.33
998,62.0431372549,45.38
999,74.4509803922,45.45
1000,53.0901960784,45.50
1001,47.1058823529,45.54
1002,54.4509803922,45.59
1003,60.1215686275,45.64
1004,47.4039215686,45.69
1005,59.3098039216,45.74
1006,74.0941176471,45.81
1007,59.2470588235,45.86
1008,57.2,45.91
1009,64.7921568627,45.97
1010,51.2156862745,46.01
1011,48.7647058824,46.06
1012,67.0117647059,46.12
1013,54.0,46.17
1014,42.262745098,46.21
1015,59.2588235294,46.26
1016,61.6392156863,46.31
1017,70.5411764706,46.38
1018,46.8431372549,46.42
1019,57.4196078431,46.47
1020,51.6549019608,46.52
1021,59.5254901961,46.57
1022,51.0,46.62
1023,42.0,46.66
1024,64.3254901961,46.71
1025,58.8392156863,46.77
1026,47.462745098,46.81
1027,58.2509803922,46.86
1028,56.7803921569,46.91
1029,59.9843137255,46.97
1030,63.4509803922,47.02
1031,47.1647058824,47.07
1032,43.7137254902,47.11
1033,59.7960784314,47.16
1034,54.6705882353,47.21
1035,52.6078431373,47.26
1036,58.0156862745,47.31
1037,49.1254901961,47.35
1038,48.0941176471,47.40
1039,35.0,47.43
1040,44.0588235294,47.47
1041,39.8588235294,47.50
1042,46.2352941176,47.54
1043,45.2352941176,47.58
1044,43.7647058824,47.62
1045,38.968627451,47.66
1046,48.3882352941,47.70
1047,47.0941176471,47.75
1048,39.4470588235,47.78
1049,39.5921568627,47.82
1050,33.9647058824,47.85
1051,34.0,47.88
1052,33.3411764706,47.91
1053,28.8549019608,47.93
1054,22.6705882353,47.95
1055,30.8745098039,47.98
1056,38.9333333333,48.02
1057,37.5137254902,48.05
1058,30.0784313725,48.08
1059,21.2196078431,48.10
1060,34.6862745098,48.13
1061,29.0156862745,48.15
1062,27.8745098039,48.18
1063,32.8117647059,48.21
1064,36.7647058824,48.24
1065,31.0941176471,48.27
1066,32.8117647059,48.30
1067,38.5921568627,48.33
1068,38.1843137255,48.37
1069,23.0156862745,48.39
1070,22.031372549,48.41
1071,30.937254902,48.44
1072,19.3882352941,48.45
1073,21.6235294118,48.47
1074,21.2352941176,48.49
1075,24.4980392157,48.51
1076,17.3411764706,48.53
1077,29.031372549,48.56
1078,22.0,48.58
1079,27.0,48.60
1080,23.6862745098,48.62
1081,21.9529411765,48.64
1082,24.8274509804,48.66
1083,35.8431372549,48.70
1084,11.0,48.71
1085,19.231372549,48.72
1086,15.7647058824,48.74
1087,27.9058823529,48.76
1088,30.0,48.79
1089,20.0,48.81
1090,20.1882352941,48.83
1091,23.0,48.85
1092,10.7019607843,48.86
1093,24.4980392157,48.88
1094,32.262745098,48.91
1095,22.0,48.93
1096,23.3725490196,48.95
1097,12.0,48.96
1098,24.0,48.98
1099,24.0,49.00
1100,23.0,49.02
1101,19.6823529412,49.04
1102,25.6862745098,49.06
1103,22.2509803922,49.08
1104,25.0,49.11
1105,26.2196078431,49.13
1106,18.0,49.15
1107,26.0,49.17
1108,25.5921568627,49.19
1109,25.0,49.22
1110,14.0,49.23
1111,19.4196078431,49.25
1112,15.0,49.26
1113,17.0,49.27
1114,15.262745098,49.29
1115,19.0,49.30
1116,16.2941176471,49.32
1117,15.1254901961,49.33
1118,20.9529411765,49.35
1119,19.9843137255,49.37
1120,13.8431372549,49.38
1121,11.4980392157,49.39
1122,15.0,49.41
1123,16.0,49.42
1124,10.4352941176,49.43
1125,19.7019607843,49.45
1126,18.5607843137,49.46
1127,17.0,49.48
1128,9.0,49.49
1129,5.0,49.49
1130,8.78039215686,49.50
1131,8.0,49.51
1132,12.0,49.52
1133,7.0,49.52
1134,20.0,49.54
1135,8.0,49.55
1136,7.0,49.56
1137,11.0588235294,49.57
1138,14.0,49.58
1139,6.0,49.58
1140,13.9960784314,49.60
1141,9.0,49.60
1142,5.0,49.61
1143,7.92156862745,49.62
1144,8.0,49.62
1145,6.0,49.63
1146,8.0,49.64
1147,9.0,49.64
1148,8.0,49.65
1149,6.1568627451,49.66
1150,4.0,49.66
1151,8.0,49.67
1152,4.0,49.67
1153,4.6862745098,49.68
1154,6.0,49.68
1155,8.0,49.69
1156,5.0,49.69
1157,2.0,49.69
1158,4.43529411765,49.70
1159,6.0,49.70
1160,3.0,49.71
1161,2.63921568627,49.71
1162,1.0,49.71
1163,2.0,49.71
1164,1.0,49.71
1165,2.0,49.71
1166,3.0,49.72
1167,3.0,49.72
1171,0.498039215686,49.72
1174,0.607843137255,49.72