Elevation,Area,CumArea
535,1.93333333333,0.00
537,3.78039215686,0.01
538,15.8431372549,0.02
539,24.7450980392,0.04
540,27.0,0.07
541,28.2156862745,0.09
542,28.9215686275,0.12
543,34.2784313725,0.15
544,45.9843137255,0.19
545,50.0,0.23
546,42.1411764706,0.27
547,36.0,0.30
548,52.3411764706,0.35
549,56.3882352941,0.40
550,60.0,0.46
551,44.4039215686,0.50
552,62.4823529412,0.55
553,70.6078431373,0.62
554,75.8274509804,0.68
555,70.4039215686,0.75
556,64.2196078431,0.81
557,78.6235294118,0.88
558,78.7019607843,0.95
559,66.7176470588,1.01
560,80.0,1.08
561,87.9843137255,1.16
562,92.5607843137,1.24
563,104.0,1.34
564,91.968627451,1.42
565,101.125490196,1.51
566,105.058823529,1.60
567,4300.0,5.47
568,353.545098039,5.79
569,467.796078431,6.21
570,598.811764706,6.75
571,655.905882353,7.34
572,656.0,7.93
573,630.282352941,8.50
574,609.980392157,9.05
575,620.074509804,9.61
576,619.890196078,10.17
577,646.984313725,10.75
578,692.141176471,11.37
579,707.443137255,12.01
580,683.831372549,12.62
581,641.588235294,13.20
582,551.556862745,13.70
583,497.215686275,14.14
584,398.592156863,14.50
585,377.219607843,14.84
586,273.137254902,15.09
587,306.376470588,15.36
588,253.796078431,15.59
589,268.623529412,15.83
590,235.478431373,16.05
591,315.325490196,16.33
592,305.635294118,16.60
593,286.262745098,16.86
594,294.356862745,17.13
595,257.952941176,17.36
596,219.650980392,17.56
597,219.749019608,17.75
598,202.290196078,17.94
599,176.917647059,18.10
600,170.623529412,18.25
601,210.756862745,18.44
602,178.137254902,18.60
603,165.015686275,18.75
604,181.588235294,18.91
605,200.984313725,19.09
606,168.921568627,19.24
607,170.807843137,19.40
608,200.184313725,19.58
609,193.839215686,19.75
610,191.952941176,19.93
611,179.007843137,20.09
612,197.619607843,20.26
613,192.196078431,20.44
614,184.133333333,20.60
615,208.976470588,20.79
616,183.247058824,20.96
617,177.71372549,21.12
618,201.498039216,21.30
619,195.070588235,21.47
620,167.125490196,21.62
621,201.011764706,21.80
622,168.058823529,21.96
623,201.556862745,22.14
624,201.007843137,22.32
625,182.976470588,22.48
626,209.0,22.67
627,183.717647059,22.84
628,192.011764706,23.01
629,215.717647059,23.20
630,203.776470588,23.39
631,199.960784314,23.57
632,194.031372549,23.74
633,205.968627451,23.93
634,203.639215686,24.11
635,214.698039216,24.30
636,169.529411765,24.46
637,198.466666667,24.63
638,184.698039216,24.80
639,190.168627451,24.97
640,167.545098039,25.12
641,188.0,25.29
642,193.905882353,25.47
643,214.231372549,25.66
644,181.062745098,25.82
645,165.984313725,25.97
646,201.278431373,26.15
647,183.980392157,26.32
648,189.062745098,26.49
649,172.952941176,26.64
650,146.231372549,26.78
651,165.0,26.92
652,149.250980392,27.06
653,138.215686275,27.18
654,158.525490196,27.33
655,122.294117647,27.44
656,147.964705882,27.57
657,123.996078431,27.68
658,131.839215686,27.80
659,144.090196078,27.93
660,134.031372549,28.05
661,137.243137255,28.17
662,121.803921569,28.28
663,143.321568627,28.41
664,143.901960784,28.54
665,136.478431373,28.66
666,146.047058824,28.79
667,154.843137255,28.93
668,162.462745098,29.08
669,155.058823529,29.22
670,146.529411765,29.35
671,152.921568627,29.49
672,144.811764706,29.62
673,154.670588235,29.76
674,159.870588235,29.90
675,144.545098039,30.03
676,175.635294118,30.19
677,132.278431373,30.31
678,144.796078431,30.44
679,134.160784314,30.56
680,119.607843137,30.67
681,127.796078431,30.78
682,118.482352941,30.89
683,97.937254902,30.98
684,104.121568627,31.07
685,106.435294118,31.17
686,80.5921568627,31.24
687,95.5764705882,31.33
688,84.9843137255,31.40
689,93.8235294118,31.49
690,81.3058823529,31.56
691,82.6078431373,31.64
692,91.5294117647,31.72
693,88.0,31.80
694,87.5137254902,31.88
695,101.482352941,31.97
696,84.0,32.04
697,92.9843137255,32.13
698,83.1882352941,32.20
699,111.560784314,32.30
700,86.0,32.38
701,85.7803921569,32.46
702,86.9019607843,32.53
703,78.8588235294,32.61
704,85.031372549,32.68
705,96.968627451,32.77
706,105.090196078,32.86
707,101.278431373,32.95
708,105.309803922,33.05
709,90.1529411765,33.13
710,91.6549019608,33.21
711,92.0,33.30
712,101.403921569,33.39
713,110.0,33.49
714,87.8745098039,33.57
715,92.9843137255,33.65
716,79.9058823529,33.72
717,92.2470588235,33.80
718,93.5450980392,33.89
719,94.6705882353,33.97
720,78.5764705882,34.04
721,79.0,34.12
722,86.4823529412,34.19
723,81.1058823529,34.27
724,72.8745098039,34.33
725,69.2509803922,34.39
726,59.7921568627,34.45
727,69.5568627451,34.51
728,62.0156862745,34.57
729,61.9019607843,34.62
730,64.2784313725,34.68
731,72.7333333333,34.75
732,51.137254902,34.79
733,49.1058823529,34.84
734,45.6235294118,34.88
735,60.2078431373,34.93
736,63.5098039216,34.99
737,41.937254902,35.03
738,49.0784313725,35.07
739,66.1843137255,35.13
740,45.2941176471,35.17
741,42.2352941176,35.21
742,43.2941176471,35.25
743,37.8078431373,35.28
744,24.3098039216,35.30
745,41.4980392157,35.34
746,26.9333333333,35.36
747,44.7647058824,35.40
748,37.2156862745,35.44
749,37.2470588235,35.47
750,28.8078431373,35.50
751,23.8078431373,35.52
752,23.8117647059,35.54
753,34.8392156863,35.57
754,30.8078431373,35.60
755,29.8549019608,35.63
756,16.5137254902,35.64
757,19.8235294118,35.66
758,29.231372549,35.69
759,30.9647058824,35.71
760,18.6705882353,35.73
761,13.0,35.74
762,20.9176470588,35.76
763,19.0117647059,35.78
764,17.7960784314,35.79
765,20.8901960784,35.81
766,20.0,35.83
767,21.1882352941,35.85
768,14.7176470588,35.86
769,19.4666666667,35.88
770,14.9843137255,35.89
771,17.9529411765,35.91
772,13.0,35.92
773,10.0,35.93
774,9.59215686275,35.94
775,9.0,35.95
776,10.6078431373,35.96
777,10.0,35.97
778,12.0,35.98
779,17.5294117647,35.99
780,16.4509803922,36.01
781,13.0,36.02
782,8.0,36.03
783,8.0,36.03
784,9.0,36.04
785,12.7333333333,36.05
786,9.0,36.06
787,7.0,36.07
788,12.0,36.08
789,9.63921568627,36.09
790,13.0,36.10
791,8.0,36.11
792,9.49803921569,36.11
793,17.9333333333,36.13
794,10.1254901961,36.14
795,7.46274509804,36.15
796,10.031372549,36.16
797,13.8078431373,36.17
798,8.34117647059,36.18
799,5.98431372549,36.18
800,6.0431372549,36.19
801,6.5137254902,36.19
802,1.6431372549,36.19
803,2.04705882353,36.20
804,1.0,36.20
805,2.62352941176,36.20
806,2.40392156863,36.20
808,2.07843137255,36.20
809,1.0,36.20
810,1.60784313725,36.21
811,0.827450980392,36.21
812,1.17254901961,36.21
814,0.0156862745098,36.21
816,0.278431372549,36.21
817,0.733333333333,36.21