Elevation,Area,CumArea
900,1.0,0.00
901,1.0,0.00
903,1.0,0.00
904,7.0,0.01
905,5.0,0.01
906,5.0,0.02
907,10.0,0.03
908,13.0,0.04
909,98.337254902,0.13
910,24.8745098039,0.15
911,27.1411764706,0.17
912,27.3137254902,0.20
913,20.6705882353,0.22
914,22.0,0.24
915,25.3294117647,0.26
916,28.6235294118,0.29
917,27.5254901961,0.31
918,25.8705882353,0.33
919,27.8588235294,0.36
920,25.3882352941,0.38
921,21.1725490196,0.40
922,20.9843137255,0.42
923,30.2941176471,0.45
924,27.0941176471,0.47
925,23.0274509804,0.49
926,22.7176470588,0.51
927,25.4509803922,0.54
928,33.0274509804,0.56
929,22.0,0.58
930,25.2666666667,0.61
931,34.3725490196,0.64
932,30.0,0.67
933,26.0,0.69
934,29.2352941176,0.72
935,30.0,0.74
936,34.062745098,0.77
937,27.6392156863,0.80
938,31.3254901961,0.83
939,20.8274509804,0.84
940,29.0,0.87
941,27.0,0.89
942,29.0941176471,0.92
943,33.0,0.95
944,24.3725490196,0.97
945,39.7333333333,1.01
946,29.3725490196,1.04
947,40.7490196078,1.07
948,28.8274509804,1.10
949,37.0470588235,1.13
950,30.0,1.16
951,30.0,1.18
952,25.0,1.21
953,34.2352941176,1.24
954,36.6549019608,1.27
955,41.0470588235,1.31
956,34.0,1.34
957,46.2745098039,1.38
958,60.3215686275,1.43
959,70.4823529412,1.50
960,54.3098039216,1.55
961,78.0117647059,1.62
962,90.9960784314,1.70
963,79.7176470588,1.77
964,86.7647058824,1.85
965,82.5294117647,1.92
966,87.4196078431,2.00
967,108.450980392,2.10
968,107.031372549,2.20
969,104.043137255,2.29
970,113.901960784,2.39
971,96.4823529412,2.48
972,105.290196078,2.57
973,108.478431373,2.67
974,102.745098039,2.76
975,99.4509803922,2.85
976,136.145098039,2.98
977,113.388235294,3.08
978,141.403921569,3.21
979,142.650980392,3.33
980,125.854901961,3.45
981,125.529411765,3.56
982,128.368627451,3.68
983,118.945098039,3.78
984,150.980392157,3.92
985,134.807843137,4.04
986,133.121568627,4.16
987,137.807843137,4.28
988,136.356862745,4.41
989,139.701960784,4.53
990,154.294117647,4.67
991,146.505882353,4.80
992,184.0,4.97
993,172.211764706,5.12
994,242.007843137,5.34
995,221.980392157,5.54
996,255.482352941,5.77
997,7763.29019608,12.76
998,730.843137255,13.42
999,475.243137255,13.84
1000,543.666666667,14.33
1001,548.68627451,14.83
1002,548.043137255,15.32
1003,553.015686275,15.82
1004,574.450980392,16.33
1005,600.560784314,16.87
1006,535.368627451,17.36
1007,526.258823529,17.83
1008,503.37254902,18.28
1009,504.619607843,18.74
1010,482.105882353,19.17
1011,474.031372549,19.60
1012,473.0,20.02
1013,484.780392157,20.46
1014,430.901960784,20.85
1015,455.188235294,21.26
1016,438.560784314,21.65
1017,441.592156863,22.05
1018,421.654901961,22.43
1019,428.749019608,22.81
1020,441.325490196,23.21
1021,419.450980392,23.59
1022,431.482352941,23.98
1023,435.949019608,24.37
1024,446.168627451,24.77
1025,399.984313725,25.13
1026,434.141176471,25.52
1027,426.309803922,25.91
1028,406.654901961,26.27
1029,371.760784314,26.61
1030,389.341176471,26.96
1031,372.137254902,27.29
1032,407.905882353,27.66
1033,395.874509804,28.02
1034,421.482352941,28.39
1035,363.619607843,28.72
1036,374.419607843,29.06
1037,357.901960784,29.38
1038,394.435294118,29.74
1039,363.760784314,30.06
1040,365.725490196,30.39
1041,374.262745098,30.73
1042,359.607843137,31.05
1043,337.77254902,31.36
1044,351.047058824,31.67
1045,373.650980392,32.01
1046,365.560784314,32.34
1047,358.435294118,32.66
1048,344.298039216,32.97
1049,375.745098039,33.31
1050,355.560784314,33.63
1051,360.023529412,33.95
1052,401.545098039,34.31
1053,386.043137255,34.66
1054,394.560784314,35.02
1055,399.905882353,35.38
1056,362.023529412,35.70
1057,432.509803922,36.09
1058,396.984313725,36.45
1059,393.058823529,36.80
1060,412.57254902,37.17
1061,376.776470588,37.51
1062,432.101960784,37.90
1063,393.921568627,38.26
1064,380.262745098,38.60
1065,380.243137255,38.94
1066,374.133333333,39.28
1067,323.262745098,39.57
1068,378.4,39.91
1069,336.278431373,40.21
1070,377.996078431,40.55
1071,354.984313725,40.87
1072,407.576470588,41.24
1073,338.278431373,41.54
1074,342.71372549,41.85
1075,354.211764706,42.17
1076,329.698039216,42.47
1077,292.729411765,42.73
1078,344.254901961,43.04
1079,336.525490196,43.34
1080,322.760784314,43.63
1081,335.474509804,43.94
1082,325.898039216,44.23
1083,300.905882353,44.50
1084,345.976470588,44.81
1085,298.701960784,45.08
1086,304.011764706,45.35
1087,322.090196078,45.64
1088,307.57254902,45.92
1089,300.623529412,46.19
1090,308.560784314,46.47
1091,313.121568627,46.75
1092,340.262745098,47.06
1093,275.529411765,47.30
1094,280.678431373,47.56
1095,344.498039216,47.87
1096,293.698039216,48.13
1097,314.623529412,48.41
1098,312.796078431,48.70
1099,318.0,48.98
1100,317.08627451,49.27
1101,332.450980392,49.57
1102,292.250980392,49.83
1103,306.843137255,50.11
1104,329.341176471,50.40
1105,308.654901961,50.68
1106,315.71372549,50.96
1107,297.733333333,51.23
1108,277.541176471,51.48
1109,302.0,51.75
1110,306.062745098,52.03
1111,302.356862745,52.30
1112,256.639215686,52.53
1113,279.525490196,52.78
1114,284.392156863,53.04
1115,304.0,53.31
1116,279.007843137,53.56
1117,296.701960784,53.83
1118,278.266666667,54.08
1119,267.105882353,54.32
1120,260.792156863,54.56
1121,243.435294118,54.78
1122,273.074509804,55.02
1123,248.435294118,55.25
1124,283.607843137,55.50
1125,235.007843137,55.71
1126,233.062745098,55.92
1127,264.0,56.16
1128,244.968627451,56.38
1129,253.796078431,56.61
1130,260.890196078,56.84
1131,272.917647059,57.09
1132,251.180392157,57.32
1133,263.682352941,57.55
1134,249.607843137,57.78
1135,236.639215686,57.99
1136,231.717647059,58.20
1137,219.588235294,58.40
1138,224.874509804,58.60
1139,218.858823529,58.80
1140,226.654901961,59.00
1141,242.0,59.22
1142,220.462745098,59.42
1143,215.952941176,59.61
1144,218.823529412,59.81
1145,188.231372549,59.98
1146,234.890196078,60.19
1147,207.650980392,60.38
1148,212.137254902,60.57
1149,192.780392157,60.74
1150,207.0,60.93
1151,206.047058824,61.11
1152,183.0,61.28
1153,206.152941176,61.46
1154,201.745098039,61.64
1155,180.592156863,61.81
1156,165.094117647,61.95
1157,192.854901961,62.13
1158,179.074509804,62.29
1159,188.0,62.46
1160,197.670588235,62.64
1161,179.250980392,62.80
1162,186.094117647,62.96
1163,172.231372549,63.12
1164,182.749019608,63.28
1165,188.650980392,63.45
1166,170.980392157,63.61
1167,177.466666667,63.77
1168,167.933333333,63.92
1169,200.235294118,64.10
1170,167.623529412,64.25
1171,166.560784314,64.40
1172,176.792156863,64.56
1173,158.388235294,64.70
1174,191.054901961,64.87
1175,160.952941176,65.02
1176,141.356862745,65.15
1177,153.247058824,65.28
1178,171.874509804,65.44
1179,150.109803922,65.57
1180,146.941176471,65.71
1181,160.109803922,65.85
1182,144.419607843,65.98
1183,134.933333333,66.10
1184,139.760784314,66.23
1185,141.666666667,66.35
1186,132.77254902,66.47
1187,181.058823529,66.64
1188,129.070588235,66.75
1189,142.403921569,66.88
1190,157.054901961,67.02
1191,137.168627451,67.15
1192,155.717647059,67.29
1193,125.125490196,67.40
1194,131.0,67.52
1195,138.88627451,67.64
1196,125.894117647,67.75
1197,119.4,67.86
1198,133.807843137,67.98
1199,137.603921569,68.11
1200,136.588235294,68.23
1201,142.278431373,68.36
1202,147.88627451,68.49
1203,145.780392157,68.62
1204,115.105882353,68.73
1205,147.054901961,68.86
1206,133.094117647,68.98
1207,135.482352941,69.10
1208,150.482352941,69.23
1209,120.623529412,69.34
1210,114.670588235,69.45
1211,152.043137255,69.58
1212,152.541176471,69.72
1213,137.121568627,69.84
1214,136.682352941,69.97
1215,116.121568627,70.07
1216,146.51372549,70.20
1217,133.117647059,70.32
1218,115.309803922,70.43
1219,123.933333333,70.54
1220,119.215686275,70.65
1221,112.360784314,70.75
1222,108.937254902,70.85
1223,123.184313725,70.96
1224,112.231372549,71.06
1225,118.023529412,71.16
1226,112.070588235,71.26
1227,125.57254902,71.38
1228,132.623529412,71.50
1229,112.0,71.60
1230,105.843137255,71.69
1231,103.184313725,71.79
1232,116.890196078,71.89
1233,106.749019608,71.99
1234,98.0,72.07
1235,103.0,72.17
1236,102.749019608,72.26
1237,84.137254902,72.34
1238,107.184313725,72.43
1239,111.0,72.53
1240,87.0,72.61
1241,100.984313725,72.70
1242,98.0470588235,72.79
1243,104.074509804,72.88
1244,96.9294117647,72.97
1245,82.4352941176,73.04
1246,93.0156862745,73.13
1247,112.639215686,73.23
1248,97.2039215686,73.32
1249,90.0,73.40
1250,83.5764705882,73.47
1251,81.0,73.55
1252,85.8078431373,73.62
1253,69.1098039216,73.69
1254,93.0156862745,73.77
1255,86.9843137255,73.85
1256,75.1098039216,73.92
1257,78.4823529412,73.99
1258,64.0,74.04
1259,71.0,74.11
1260,78.0,74.18
1261,80.5764705882,74.25
1262,84.7019607843,74.33
1263,74.3254901961,74.39
1264,67.5921568627,74.45
1265,73.1254901961,74.52
1266,77.1098039216,74.59
1267,70.0,74.65
1268,82.937254902,74.73
1269,70.0,74.79
1270,69.2509803922,74.85
1271,80.3411764706,74.92
1272,82.3098039216,75.00
1273,77.168627451,75.07
1274,59.031372549,75.12
1275,74.6549019608,75.19
1276,70.0,75.25
1277,74.0,75.32
1278,78.7176470588,75.39
1279,73.2470588235,75.45
1280,75.1490196078,75.52
1281,59.0,75.58
1282,71.0,75.64
1283,76.5725490196,75.71
1284,55.5294117647,75.76
1285,64.0156862745,75.82
1286,58.2156862745,75.87
1287,44.0,75.91
1288,64.9529411765,75.97
1289,61.1725490196,76.02
1290,51.2039215686,76.07
1291,59.4666666667,76.12
1292,44.0,76.16
1293,50.6705882353,76.21
1294,39.3254901961,76.24
1295,56.7647058824,76.29
1296,44.4666666667,76.33
1297,40.2352941176,76.37
1298,46.0470588235,76.41
1299,51.0,76.46
1300,37.9647058824,76.49
1301,43.2666666667,76.53
1302,36.0156862745,76.56
1303,39.0,76.60
1304,40.3254901961,76.63
1305,47.4666666667,76.68
1306,53.0,76.72
1307,34.9803921569,76.76
1308,44.3254901961,76.80
1309,49.4980392157,76.84
1310,45.9058823529,76.88
1311,35.0,76.91
1312,33.0156862745,76.94
1313,44.6235294118,76.98
1314,49.2,77.03
1315,42.0,77.06
1316,31.0,77.09
1317,38.8274509804,77.13
1318,41.6862745098,77.16
1319,31.0,77.19
1320,22.4039215686,77.21
1321,41.0,77.25
1322,31.3098039216,77.28
1323,26.5450980392,77.30
1324,25.1254901961,77.32
1325,25.1725490196,77.35
1326,27.6235294118,77.37
1327,19.0,77.39
1328,29.2941176471,77.42
1329,25.0156862745,77.44
1330,27.6862745098,77.46
1331,22.0,77.48
1332,24.9647058824,77.51
1333,18.1098039216,77.52
1334,32.9019607843,77.55
1335,36.0,77.58
1336,25.6078431373,77.61
1337,21.3568627451,77.63
1338,33.6823529412,77.66
1339,27.7333333333,77.68
1340,21.5294117647,77.70
1341,32.3254901961,77.73
1342,24.2980392157,77.75
1343,24.0784313725,77.77
1344,24.1411764706,77.79
1345,27.1411764706,77.82
1346,19.6705882353,77.84
1347,31.0,77.86
1348,22.0470588235,77.88
1349,29.0,77.91
1350,31.1568627451,77.94
1351,26.937254902,77.96
1352,34.0,77.99
1353,19.0,78.01
1354,25.231372549,78.03
1355,37.0,78.07
1356,32.0,78.10
1357,34.0,78.13
1358,23.0,78.15
1359,25.0,78.17
1360,23.0,78.19
1361,21.9843137255,78.21
1362,26.0,78.23
1363,19.1215686275,78.25
1364,26.8549019608,78.27
1365,27.0,78.30
1366,33.4666666667,78.33
1367,22.0,78.35
1368,23.7764705882,78.37
1369,32.2470588235,78.40
1370,39.0,78.43
1371,29.0,78.46
1372,23.5607843137,78.48
1373,30.2352941176,78.51
1374,21.0,78.53
1375,31.3450980392,78.56
1376,19.8274509804,78.57
1377,41.0,78.61
1378,31.8745098039,78.64
1379,28.5607843137,78.67
1380,29.2784313725,78.69
1381,36.0,78.72
1382,34.5607843137,78.75
1383,18.9215686275,78.77
1384,35.0,78.80
1385,39.5607843137,78.84
1386,34.968627451,78.87
1387,38.3725490196,78.91
1388,32.0,78.93
1389,27.1843137255,78.96
1390,42.7019607843,79.00
1391,30.6549019608,79.02
1392,47.5137254902,79.07
1393,25.0,79.09
1394,29.2352941176,79.12
1395,35.0,79.15
1396,22.5607843137,79.17
1397,30.0,79.19
1398,34.4823529412,79.23
1399,37.0,79.26
1400,35.0,79.29
1401,38.0,79.32
1402,35.1098039216,79.36
1403,26.3882352941,79.38
1404,23.0,79.40
1405,26.8588235294,79.42
1406,31.7960784314,79.45
1407,25.1725490196,79.48
1408,23.0,79.50
1409,24.9960784314,79.52
1410,27.9529411765,79.54
1411,31.0,79.57
1412,23.0,79.59
1413,18.0,79.61
1414,25.0,79.63
1415,25.7333333333,79.66
1416,20.0,79.67
1417,19.2509803922,79.69
1418,17.0,79.71
1419,18.6549019608,79.72
1420,15.1098039216,79.74
1421,17.0,79.75
1422,7.0,79.76
1423,12.0,79.77
1424,10.2509803922,79.78
1425,10.1882352941,79.79
1426,13.0,79.80
1427,10.337254902,79.81
1428,8.29411764706,79.82
1429,11.6549019608,79.83
1430,10.0,79.83
1431,8.96862745098,79.84
1432,7.0,79.85
1433,4.34117647059,79.85
1434,6.0,79.86
1435,6.0,79.86
1436,3.0,79.87
1437,7.0,79.87
1438,10.1882352941,79.88
1439,4.0,79.89
1440,9.04705882353,79.89
1441,2.0,79.90
1442,6.0,79.90
1443,5.0,79.91
1444,4.0,79.91
1446,4.0,79.91
1447,4.0,79.92
1448,6.0,79.92
1449,2.0,79.92
1450,2.0,79.93
1451,1.0,79.93
1452,5.0,79.93
1453,1.0,79.93
1454,2.0,79.93
1455,2.0,79.94
1456,1.0,79.94
1457,4.0,79.94
1459,1.0,79.94
1461,1.0,79.94
1462,1.0,79.94
1463,1.0,79.94
1464,1.0,79.94