Elevation,Area,CumArea
337,1.0,0.00
338,4.0,0.00
339,21.1098039216,0.02
340,40.7803921569,0.06
341,63.2470588235,0.12
342,175.831372549,0.28
343,361.411764706,0.60
344,621.074509804,1.16
345,789.874509804,1.87
346,1004.81960784,2.77
347,1041.77647059,3.71
348,1005.03529412,4.62
349,1188.54117647,5.69
350,1256.99607843,6.82
351,1356.65882353,8.04
352,1420.23137255,9.32
353,1230.51372549,10.42
354,1067.26666667,11.39
355,1062.85098039,12.34
356,819.345098039,13.08
357,654.564705882,13.67
358,530.509803922,14.15
359,388.988235294,14.50
360,363.411764706,14.82
361,316.431372549,15.11
362,276.160784314,15.36
363,268.764705882,15.60
364,241.254901961,15.82
365,283.556862745,16.07
366,250.22745098,16.30
367,213.623529412,16.49
368,250.823529412,16.71
369,223.258823529,16.91
370,219.337254902,17.11
371,212.011764706,17.30
372,214.435294118,17.50
373,219.450980392,17.69
374,218.964705882,17.89
375,254.945098039,18.12
376,314.992156863,18.40
377,298.792156863,18.67
378,298.917647059,18.94
379,311.749019608,19.22
380,373.196078431,19.56
381,372.262745098,19.89
382,355.0,20.21
383,318.309803922,20.50
384,302.0,20.77
385,277.996078431,21.02
386,286.870588235,21.28
387,276.670588235,21.53
388,274.090196078,21.77
389,274.203921569,22.02
390,279.976470588,22.27
391,262.996078431,22.51
392,282.141176471,22.76
393,262.729411765,23.00
394,310.094117647,23.28
395,405.952941176,23.64
396,447.203921569,24.05
397,461.545098039,24.46
398,505.482352941,24.92
399,523.639215686,25.39
400,546.756862745,25.88
401,495.117647059,26.33
402,492.494117647,26.77
403,473.266666667,27.20
404,486.231372549,27.63
405,460.968627451,28.05
406,522.6,28.52
407,1255.24313725,29.65
408,2686.94901961,32.07
409,3815.19215686,35.50
410,4294.41176471,39.37
411,4515.22745098,43.43
412,4697.69019608,47.66
413,4934.99215686,52.10
414,283335.466667,307.10
415,8243.19607843,314.52
416,8744.7254902,322.39
417,9322.44313725,330.78
418,8835.91764706,338.73
419,8406.04313725,346.30
420,8061.74901961,353.55
421,6820.49411765,359.69
422,5746.24705882,364.86
423,5395.83921569,369.72
424,4487.16862745,373.76
425,4274.40784314,377.60
426,4031.29803922,381.23
427,4119.40392157,384.94
428,4195.76470588,388.72
429,4811.25882353,393.05
430,4806.31764706,397.37
431,4712.22352941,401.61
432,4510.27058824,405.67
433,4408.2,409.64
434,4557.53333333,413.74
435,4603.24313725,417.88
436,4625.17647059,422.05
437,4666.40784314,426.25
438,4629.69019608,430.41
439,4561.20392157,434.52
440,4483.93333333,438.55
441,4281.21960784,442.41
442,3951.94117647,445.96
443,4289.44313725,449.82
444,4630.29019608,453.99
445,4965.80784314,458.46
446,4419.28627451,462.44
447,3522.75686275,465.61
448,2664.14117647,468.01
449,2103.86666667,469.90
450,1871.54901961,471.58
451,1752.45490196,473.16
452,1719.55294118,474.71
453,1695.60784314,476.24
454,1718.95686275,477.78
455,1702.25098039,479.31
456,1703.31764706,480.85
457,1686.66666667,482.37
458,1629.1254902,483.83
459,1541.3254902,485.22
460,1482.4,486.55
461,1421.43529412,487.83
462,1421.88627451,489.11
463,1503.62352941,490.47
464,1430.01176471,491.75
465,1359.2,492.98
466,1300.57647059,494.15
467,1379.18039216,495.39
468,1484.18431373,496.72
469,1470.62745098,498.05
470,1445.36862745,499.35
471,1443.90980392,500.65
472,1475.32941176,501.97
473,1483.0627451,503.31
474,1553.82352941,504.71
475,1639.45490196,506.18
476,1770.20392157,507.78
477,1788.87058824,509.39
478,1721.18431373,510.94
479,1668.74117647,512.44
480,1638.75294118,513.91
481,1502.83137255,515.27
482,1485.60392157,516.60
483,1456.76078431,517.91
484,1414.57647059,519.19
485,1373.32156863,520.42
486,1321.95686275,521.61
487,1253.9254902,522.74
488,1193.41960784,523.81
489,1216.43529412,524.91
490,1153.43529412,525.95
491,1193.30980392,527.02
492,1051.71764706,527.97
493,1050.71372549,528.91
494,1064.18039216,529.87
495,1038.10588235,530.81
496,994.729411765,531.70
497,994.996078431,532.60
498,1051.94901961,533.54
499,961.607843137,534.41
500,1011.46666667,535.32
501,1129.85882353,536.34
502,1013.79607843,537.25
503,902.290196078,538.06
504,951.921568627,538.92
505,1004.91764706,539.82
506,1031.61568627,540.75
507,1000.50588235,541.65
508,919.074509804,542.48
509,938.823529412,543.32
510,877.792156863,544.11
511,860.011764706,544.89
512,870.325490196,545.67
513,891.450980392,546.47
514,924.968627451,547.30
515,1030.93333333,548.23
516,1075.25098039,549.20
517,1182.54117647,550.26
518,1333.45490196,551.46
519,1271.73333333,552.61
520,1366.49411765,553.84
521,1560.91764706,555.24
522,1602.58431373,556.69
523,1402.60784314,557.95
524,1061.99215686,558.90
525,1056.44313725,559.86
526,876.105882353,560.64
527,711.792156863,561.28
528,678.737254902,561.90
529,661.796078431,562.49
530,536.564705882,562.97
531,474.101960784,563.40
532,428.956862745,563.79
533,421.149019608,564.17
534,427.525490196,564.55
535,422.149019608,564.93
536,339.678431373,565.24
537,301.733333333,565.51
538,327.788235294,565.80
539,267.258823529,566.04
540,255.168627451,566.27
541,229.219607843,566.48
542,237.466666667,566.69
543,248.309803922,566.92
544,225.874509804,567.12
545,223.654901961,567.32
546,213.250980392,567.51
547,204.737254902,567.70
548,190.454901961,567.87
549,241.168627451,568.09
550,271.576470588,568.33
551,236.435294118,568.54
552,221.0,568.74
553,227.807843137,568.95
554,278.231372549,569.20
555,330.545098039,569.49
556,320.321568627,569.78
557,358.309803922,570.11
558,409.015686275,570.47
559,547.792156863,570.97
560,498.078431373,571.41
561,434.890196078,571.81
562,353.435294118,572.12
563,328.498039216,572.42
564,243.937254902,572.64
565,198.435294118,572.82
566,217.937254902,573.01
567,198.37254902,573.19
568,115.250980392,573.30
569,141.82745098,573.42
570,144.384313725,573.55
571,101.047058824,573.64
572,113.917647059,573.75
573,124.57254902,573.86
574,132.949019608,573.98
575,100.031372549,574.07
576,76.8392156863,574.14
577,65.4352941176,574.20
578,69.0941176471,574.26
579,59.0078431373,574.31
580,69.9568627451,574.38
581,56.3725490196,574.43
582,38.6823529412,574.46
583,40.8901960784,574.50
584,30.0549019608,574.52
585,24.2941176471,574.55
586,34.8078431373,574.58
587,29.0156862745,574.60
588,16.2941176471,574.62
589,33.3215686275,574.65
590,13.2941176471,574.66
591,6.5137254902,574.67
592,1.0,574.67