Elevation,Area,CumArea
724,1.0,0.00
736,1.0,0.00
737,2.0,0.00
739,1.0,0.00
743,1.0,0.01
744,1.0,0.01
746,2.0,0.01
747,1.0,0.01
748,1.0,0.01
749,2.0,0.01
750,1.0,0.01
751,1.0,0.01
752,4.0,0.02
753,1.0,0.02
754,2.0,0.02
755,5.0,0.02
756,1.0,0.03
757,2.0,0.03
758,5.0,0.03
759,3.0,0.03
760,5.0,0.04
761,10.0,0.05
762,6.0,0.05
763,3.0,0.06
764,10.0,0.06
765,14.0,0.08
766,10.0,0.09
767,10.0,0.10
768,22.0,0.12
769,19.0,0.13
770,28.0,0.16
771,49.0,0.20
772,73.0,0.27
773,79.9843137255,0.34
774,126.0,0.45
775,181.733333333,0.62
776,208.0,0.80
777,242.968627451,1.02
778,227.545098039,1.23
779,247.0,1.45
780,256.623529412,1.68
781,280.047058824,1.93
782,294.262745098,2.20
783,283.0,2.45
784,308.0,2.73
785,296.0,3.00
786,369.0,3.33
787,381.062745098,3.67
788,448.0,4.07
789,494.0,4.52
790,503.0,4.97
791,536.0,5.45
792,538.294117647,5.94
793,529.0,6.41
794,535.0,6.90
795,658.0,7.49
796,628.0,8.05
797,679.0,8.66
798,767.576470588,9.35
799,878.0,10.14
800,1012.0,11.06
801,1096.8745098,12.04
802,1233.12156863,13.15
803,1159.3254902,14.20
804,1379.23529412,15.44
805,1278.90196078,16.59
806,1249.29411765,17.71
807,1221.11764706,18.81
808,1248.90588235,19.94
809,1074.12156863,20.90
810,1085.26666667,21.88
811,1043.6627451,22.82
812,1096.40392157,23.81
813,1123.66666667,24.82
814,1194.51764706,25.89
815,1169.0,26.94
816,1141.02745098,27.97
817,1165.1372549,29.02
818,1172.14117647,30.07
819,1163.10196078,31.12
820,1224.14117647,32.22
821,1248.02745098,33.35
822,1267.39215686,34.49
823,1294.38823529,35.65
824,1386.85882353,36.90
825,1357.91764706,38.12
826,1396.12156863,39.38
827,1522.07058824,40.75
828,1521.08235294,42.12
829,1550.50980392,43.51
830,1590.76470588,44.94
831,1657.21176471,46.44
832,1636.99607843,47.91
833,1811.4745098,49.54
834,1738.54901961,51.10
835,1784.0627451,52.71
836,1790.63529412,54.32
837,1884.89803922,56.02
838,1906.3254902,57.73
839,1826.2,59.38
840,1839.68235294,61.03
841,1856.45098039,62.70
842,1796.08235294,64.32
843,1985.4627451,66.11
844,1924.05098039,67.84
845,1942.99607843,69.59
846,1922.77647059,71.32
847,1998.24313725,73.12
848,1988.58431373,74.91
849,1978.2,76.69
850,2032.44313725,78.52
851,1922.48235294,80.25
852,1887.69019608,81.94
853,1878.38823529,83.64
854,1826.05490196,85.28
855,1959.29803922,87.04
856,1770.25882353,88.64
857,1884.83137255,90.33
858,1877.72941176,92.02
859,1866.38431373,93.70
860,1846.01176471,95.36
861,1869.30588235,97.05
862,1843.07843137,98.70
863,1812.3254902,100.34
864,1927.04313725,102.07
865,1874.21960784,103.76
866,1867.51764706,105.44
867,1880.4627451,107.13
868,1980.23921569,108.91
869,1811.48627451,110.54
870,1859.89803922,112.22
871,1851.59215686,113.88
872,1827.89411765,115.53
873,1824.43529412,117.17
874,1758.10588235,118.75
875,1686.09019608,120.27
876,1759.21176471,121.85
877,1603.58431373,123.30
878,1622.65490196,124.76
879,1667.68235294,126.26
880,1633.25098039,127.73
881,1564.48627451,129.13
882,1530.82745098,130.51
883,1517.51764706,131.88
884,1516.83921569,133.24
885,1415.73333333,134.52
886,1440.66666667,135.81
887,1437.62745098,137.11
888,1380.32156863,138.35
889,1355.2627451,139.57
890,1270.3372549,140.71
891,1381.24313725,141.96
892,1313.90588235,143.14
893,1261.8745098,144.27
894,1232.8745098,145.38
895,1273.79215686,146.53
896,1158.80392157,147.57
897,1213.89803922,148.67
898,1227.45098039,149.77
899,1171.87843137,150.83
900,1146.92941176,151.86
901,1105.37254902,152.85
902,1081.64313725,153.83
903,1117.57254902,154.83
904,1044.70588235,155.77
905,1034.63529412,156.70
906,1006.8627451,157.61
907,1025.34901961,158.53
908,905.898039216,159.35
909,953.321568627,160.21
910,946.568627451,161.06
911,893.776470588,161.86
912,885.780392157,162.66
913,802.792156863,163.38
914,821.674509804,164.12
915,825.043137255,164.86
916,783.317647059,165.57
917,667.580392157,166.17
918,657.482352941,166.76
919,663.035294118,167.36
920,594.121568627,167.89
921,607.784313725,168.44
922,530.603921569,168.92
923,513.588235294,169.38
924,550.133333333,169.87
925,524.694117647,170.35
926,508.603921569,170.80
927,459.02745098,171.22
928,431.619607843,171.61
929,459.156862745,172.02
930,435.058823529,172.41
931,423.749019608,172.79
932,362.290196078,173.12
933,403.384313725,173.48
934,376.635294118,173.82
935,381.835294118,174.16
936,362.654901961,174.49
937,318.231372549,174.78
938,315.152941176,175.06
939,282.37254902,175.31
940,247.466666667,175.54
941,253.325490196,175.77
942,241.733333333,175.98
943,191.203921569,176.16
944,195.282352941,176.33
945,199.968627451,176.51
946,184.435294118,176.68
947,185.482352941,176.84
948,157.623529412,176.99
949,144.654901961,177.12
950,133.0,177.24
951,144.250980392,177.37
952,168.0,177.52
953,159.0,177.66
954,151.749019608,177.80
955,136.0,177.92
956,137.0,178.04
957,149.0,178.18
958,131.0,178.29
959,116.0,178.40
960,130.0,178.52
961,116.0,178.62
962,112.0,178.72
963,108.0,178.82
964,118.0,178.92
965,88.0,179.00
966,102.0,179.09
967,86.0,179.17
968,105.0,179.27
969,105.0,179.36
970,108.0,179.46
971,63.0,179.52
972,89.0,179.60
973,92.0,179.68
974,73.0,179.74
975,65.0,179.80
976,85.0,179.88
977,77.0,179.95
978,58.0,180.00
979,77.0,180.07
980,69.0,180.13
981,62.0,180.19
982,62.0,180.24
983,55.0,180.29
984,57.0,180.34
985,65.0,180.40
986,62.0,180.46
987,54.0,180.51
988,56.0,180.56
989,46.0,180.60
990,43.0,180.64
991,39.0,180.67
992,37.0,180.71
993,31.0,180.73
994,26.0,180.76
995,30.0,180.78
996,32.0,180.81
997,22.0,180.83
998,27.0,180.86
999,37.0,180.89
1000,36.0,180.92
1001,23.0,180.94
1002,32.0,180.97
1003,20.0,180.99
1004,11.0,181.00
1005,22.0,181.02
1006,27.0,181.04
1007,9.0,181.05
1008,15.0,181.07
1009,12.0,181.08
1010,29.0,181.10
1011,19.0,181.12
1012,10.0,181.13
1013,21.0,181.15
1014,9.0,181.16
1015,9.0,181.16
1016,16.0,181.18
1017,18.0,181.19
1018,14.0,181.21
1019,12.0,181.22
1020,11.0,181.23
1021,18.0,181.24
1022,7.0,181.25
1023,13.0,181.26
1024,15.0,181.28
1025,13.0,181.29
1026,15.0,181.30
1027,14.0,181.31
1028,13.0,181.33
1029,6.0,181.33
1030,7.0,181.34
1031,7.0,181.34
1032,6.0,181.35
1033,5.0,181.35
1034,6.0,181.36
1035,3.0,181.36
1036,3.0,181.36
1038,5.0,181.37
1040,1.0,181.37
1041,1.0,181.37
1042,2.0,181.37
1043,2.0,181.37
1044,2.0,181.38