Elevation,Area,CumArea
755,9.0,0.01
756,14.3254901961,0.02
757,42.9529411765,0.06
758,105.796078431,0.15
759,220.619607843,0.35
760,281.937254902,0.61
761,348.305882353,0.92
762,332.474509804,1.22
763,300.188235294,1.49
764,328.51372549,1.79
765,316.074509804,2.07
766,318.811764706,2.36
767,331.749019608,2.66
768,273.0,2.90
769,255.250980392,3.13
770,286.015686275,3.39
771,245.109803922,3.61
772,209.368627451,3.80
773,225.733333333,4.00
774,272.360784314,4.25
775,226.482352941,4.45
776,216.858823529,4.64
777,253.811764706,4.87
778,247.823529412,5.10
779,268.71372549,5.34
780,254.121568627,5.57
781,270.51372549,5.81
782,258.152941176,6.04
783,279.733333333,6.29
784,277.82745098,6.54
785,291.125490196,6.81
786,312.274509804,7.09
787,293.529411765,7.35
788,334.560784314,7.65
789,361.968627451,7.98
790,356.498039216,8.30
791,453.670588235,8.71
792,19905.0784314,26.62
793,1374.2627451,27.86
794,837.745098039,28.61
795,900.823529412,29.42
796,2045.95686275,31.27
797,1115.51372549,32.27
798,1149.3254902,33.30
799,1236.54117647,34.42
800,1248.04313725,35.54
801,1327.93333333,36.73
802,1275.67058824,37.88
803,1403.52941176,39.15
804,1361.62352941,40.37
805,1415.96470588,41.65
806,1449.9372549,42.95
807,1401.85882353,44.21
808,1415.57647059,45.49
809,1305.21960784,46.66
810,1415.49803922,47.94
811,1350.90588235,49.15
812,1361.29019608,50.38
813,1308.57254902,51.55
814,1294.61176471,52.72
815,1419.01568627,54.00
816,1312.87058824,55.18
817,1311.61960784,56.36
818,1222.24313725,57.46
819,1296.96470588,58.63
820,1295.90980392,59.79
821,1273.25098039,60.94
822,1329.14117647,62.13
823,1324.79215686,63.33
824,1323.83921569,64.52
825,1331.78039216,65.72
826,1286.79215686,66.87
827,1307.74509804,68.05
828,1274.45098039,69.20
829,1340.30588235,70.40
830,1243.3254902,71.52
831,1264.91764706,72.66
832,1269.90588235,73.81
833,1280.75294118,74.96
834,1210.02352941,76.05
835,1207.29803922,77.13
836,1169.7372549,78.19
837,1196.54901961,79.26
838,1170.18431373,80.32
839,1225.88235294,81.42
840,1174.50196078,82.48
841,1206.88235294,83.56
842,1130.14509804,84.58
843,1163.57647059,85.63
844,1123.16862745,86.64
845,1127.34117647,87.65
846,1090.81960784,88.63
847,1084.40784314,89.61
848,1096.22745098,90.60
849,1090.72941176,91.58
850,1058.17254902,92.53
851,1026.84313725,93.45
852,1040.2,94.39
853,1000.08627451,95.29
854,1014.97647059,96.20
855,989.294117647,97.10
856,1031.76078431,98.02
857,909.51372549,98.84
858,935.243137255,99.68
859,977.529411765,100.56
860,953.690196078,101.42
861,954.047058824,102.28
862,891.215686275,103.08
863,902.278431373,103.89
864,886.039215686,104.69
865,889.71372549,105.49
866,861.356862745,106.27
867,814.945098039,107.00
868,799.51372549,107.72
869,799.788235294,108.44
870,807.670588235,109.17
871,858.431372549,109.94
872,792.764705882,110.65
873,755.4,111.33
874,701.666666667,111.97
875,801.807843137,112.69
876,770.917647059,113.38
877,759.28627451,114.06
878,789.77254902,114.77
879,765.619607843,115.46
880,767.345098039,116.15
881,723.568627451,116.81
882,746.137254902,117.48
883,734.117647059,118.14
884,721.996078431,118.79
885,738.835294118,119.45
886,721.301960784,120.10
887,734.592156863,120.76
888,683.121568627,121.38
889,711.635294118,122.02
890,651.654901961,122.60
891,677.615686275,123.21
892,676.243137255,123.82
893,633.423529412,124.39
894,671.250980392,125.00
895,653.945098039,125.59
896,632.882352941,126.16
897,606.901960784,126.70
898,639.698039216,127.28
899,641.725490196,127.86
900,631.576470588,128.42
901,597.850980392,128.96
902,575.047058824,129.48
903,556.690196078,129.98
904,599.462745098,130.52
905,619.047058824,131.08
906,585.603921569,131.60
907,563.976470588,132.11
908,559.968627451,132.62
909,591.152941176,133.15
910,595.117647059,133.68
911,620.737254902,134.24
912,545.521568627,134.73
913,578.08627451,135.25
914,588.294117647,135.78
915,546.356862745,136.27
916,573.278431373,136.79
917,517.180392157,137.26
918,576.321568627,137.77
919,522.160784314,138.24
920,524.431372549,138.72
921,554.258823529,139.22
922,515.152941176,139.68
923,515.121568627,140.14
924,503.870588235,140.60
925,523.364705882,141.07
926,488.447058824,141.51
927,508.031372549,141.96
928,499.164705882,142.41
929,479.905882353,142.84
930,497.71372549,143.29
931,534.709803922,143.77
932,501.658823529,144.23
933,507.254901961,144.68
934,463.321568627,145.10
935,512.11372549,145.56
936,488.949019608,146.00
937,525.22745098,146.47
938,459.874509804,146.89
939,439.952941176,147.28
940,519.243137255,147.75
941,497.443137255,148.20
942,522.039215686,148.67
943,469.968627451,149.09
944,509.870588235,149.55
945,510.215686275,150.01
946,480.396078431,150.44
947,484.156862745,150.88
948,470.321568627,151.30
949,462.854901961,151.72
950,436.105882353,152.11
951,468.71372549,152.53
952,463.925490196,152.95
953,464.356862745,153.37
954,433.28627451,153.76
955,464.525490196,154.17
956,465.462745098,154.59
957,477.792156863,155.02
958,527.615686275,155.50
959,472.807843137,155.92
960,454.6,156.33
961,457.494117647,156.74
962,458.854901961,157.16
963,474.054901961,157.58
964,434.678431373,157.98
965,496.180392157,158.42
966,418.02745098,158.80
967,477.247058824,159.23
968,425.168627451,159.61
969,423.478431373,159.99
970,424.180392157,160.37
971,429.933333333,160.76
972,438.341176471,161.15
973,433.949019608,161.55
974,454.043137255,161.95
975,407.976470588,162.32
976,480.294117647,162.75
977,424.823529412,163.14
978,424.345098039,163.52
979,378.654901961,163.86
980,417.541176471,164.23
981,409.37254902,164.60
982,390.843137255,164.95
983,383.556862745,165.30
984,429.639215686,165.69
985,379.247058824,166.03
986,417.294117647,166.40
987,388.905882353,166.75
988,387.545098039,167.10
989,369.454901961,167.43
990,404.203921569,167.80
991,346.188235294,168.11
992,389.105882353,168.46
993,366.984313725,168.79
994,358.458823529,169.11
995,368.435294118,169.44
996,324.207843137,169.74
997,366.949019608,170.07
998,347.074509804,170.38
999,387.2,170.73
1000,319.392156863,171.01
1001,297.984313725,171.28
1002,321.141176471,171.57
1003,331.701960784,171.87
1004,309.247058824,172.15
1005,288.745098039,172.41
1006,290.525490196,172.67
1007,278.4,172.92
1008,284.0,173.18
1009,266.258823529,173.42
1010,258.68627451,173.65
1011,237.890196078,173.86
1012,254.592156863,174.09
1013,218.560784314,174.29
1014,232.090196078,174.50
1015,257.607843137,174.73
1016,255.360784314,174.96
1017,264.482352941,175.20
1018,230.980392157,175.41
1019,211.431372549,175.60
1020,246.168627451,175.82
1021,215.541176471,176.01
1022,175.352941176,176.17
1023,228.08627451,176.37
1024,201.807843137,176.56
1025,217.101960784,176.75
1026,210.02745098,176.94
1027,182.047058824,177.10
1028,180.619607843,177.27
1029,189.964705882,177.44
1030,167.678431373,177.59
1031,180.247058824,177.75
1032,170.011764706,177.90
1033,183.858823529,178.07
1034,164.435294118,178.22
1035,167.184313725,178.37
1036,174.188235294,178.52
1037,144.91372549,178.65
1038,158.0,178.80
1039,138.952941176,178.92
1040,129.878431373,179.04
1041,125.439215686,179.15
1042,142.576470588,179.28
1043,136.560784314,179.40
1044,143.839215686,179.53
1045,143.556862745,179.66
1046,134.094117647,179.78
1047,132.2,179.90
1048,123.419607843,180.01
1049,138.094117647,180.14
1050,130.545098039,180.25
1051,127.090196078,180.37
1052,120.094117647,180.48
1053,121.807843137,180.59
1054,128.015686275,180.70
1055,126.792156863,180.82
1056,135.984313725,180.94
1057,89.5607843137,181.02
1058,113.592156863,181.12
1059,108.325490196,181.22
1060,95.168627451,181.30
1061,120.168627451,181.41
1062,107.745098039,181.51
1063,108.2,181.61
1064,89.9529411765,181.69
1065,101.592156863,181.78
1066,112.466666667,181.88
1067,106.325490196,181.98
1068,97.7803921569,182.06
1069,103.682352941,182.16
1070,113.701960784,182.26
1071,92.8117647059,182.34
1072,106.168627451,182.44
1073,103.529411765,182.53
1074,109.576470588,182.63
1075,95.2039215686,182.72
1076,102.498039216,182.81
1077,88.4039215686,182.89
1078,99.2352941176,182.98
1079,85.6392156863,183.05
1080,100.168627451,183.14
1081,75.5607843137,183.21
1082,97.2352941176,183.30
1083,88.0,183.38
1084,90.6078431373,183.46
1085,102.0,183.55
1086,92.4823529412,183.64
1087,84.062745098,183.71
1088,76.1215686275,183.78
1089,84.0941176471,183.86
1090,88.937254902,183.94
1091,76.9215686275,184.00
1092,72.4823529412,184.07
1093,92.4823529412,184.15
1094,78.4352941176,184.22
1095,64.1725490196,184.28
1096,76.9843137255,184.35
1097,69.2745098039,184.41
1098,82.0,184.49
1099,79.0431372549,184.56
1100,54.4666666667,184.61
1101,59.6235294118,184.66
1102,56.0,184.71
1103,62.0470588235,184.77
1104,51.9647058824,184.81
1105,58.7607843137,184.87
1106,58.6862745098,184.92
1107,67.0745098039,184.98
1108,57.0784313725,185.03
1109,49.3098039216,185.08
1110,60.2784313725,185.13
1111,53.2196078431,185.18
1112,48.2901960784,185.22
1113,45.231372549,185.26
1114,40.2784313725,185.30
1115,67.9960784314,185.36
1116,52.8588235294,185.41
1117,46.0,185.45
1118,37.5882352941,185.48
1119,35.168627451,185.51
1120,53.7647058824,185.56
1121,35.4509803922,185.59
1122,43.5137254902,185.63
1123,39.0,185.67
1124,37.031372549,185.70
1125,51.9333333333,185.75
1126,36.8431372549,185.78
1127,29.0,185.81
1128,29.6392156863,185.83
1129,34.9843137255,185.87
1130,47.8745098039,185.91
1131,30.7490196078,185.94
1132,42.1803921569,185.97
1133,52.8274509804,186.02
1134,37.4823529412,186.06
1135,43.4039215686,186.09
1136,34.7647058824,186.13
1137,27.9803921569,186.15
1138,42.231372549,186.19
1139,35.8745098039,186.22
1140,33.9215686275,186.25
1141,33.6235294118,186.28
1142,21.7960784314,186.30
1143,29.6352941176,186.33
1144,23.937254902,186.35
1145,33.0,186.38
1146,26.0,186.40
1147,45.2941176471,186.44
1148,28.4039215686,186.47
1149,19.7137254902,186.49
1150,39.0,186.52
1151,30.0,186.55
1152,29.4352941176,186.58
1153,17.6235294118,186.59
1154,27.7490196078,186.62
1155,32.0,186.65
1156,27.3568627451,186.67
1157,35.0,186.70
1158,24.0,186.72
1159,22.8745098039,186.74
1160,26.0,186.77
1161,16.0,186.78
1162,25.0,186.80
1163,13.0,186.82
1164,17.0,186.83
1165,12.0,186.84
1166,12.0,186.85
1167,6.0,186.86
1168,17.0,186.87
1169,5.0,186.88
1170,11.0,186.89
1171,13.0,186.90
1172,8.0,186.91
1173,12.0,186.92
1174,14.0,186.93
1175,7.0,186.94
1176,7.0,186.94
1177,5.0,186.95
1178,7.0,186.95
1179,8.0,186.96
1180,5.0,186.97
1181,10.0,186.97
1182,13.0,186.99
1183,5.0,186.99
1184,3.0,186.99
1185,2.0,187.00
1186,5.0,187.00
1187,6.0,187.01
1188,6.0,187.01
1189,10.0,187.02
1190,8.0,187.03
1191,5.0,187.03
1192,4.0,187.03
1193,2.0,187.04
1194,4.0,187.04
1195,4.0,187.04
1196,4.0,187.05
1197,4.0,187.05
1198,2.0,187.05
1199,6.0,187.06
1200,2.0,187.06
1201,2.0,187.06
1202,3.0,187.06
1203,1.0,187.07
1204,2.0,187.07
1205,1.0,187.07
1206,4.0,187.07
1207,4.0,187.08
1208,4.0,187.08
1209,1.0,187.08
1210,2.0,187.08
1211,3.0,187.08
1212,3.0,187.09
1213,2.0,187.09
1214,2.0,187.09
1215,3.0,187.09
1216,1.0,187.09