Elevation,Area,CumArea
15,1.0,0.00
16,1.14117647059,0.00
17,2.98431372549,0.00
18,3.0,0.01
19,5.46666666667,0.01
20,5.0,0.02
21,4.17254901961,0.02
22,2.98431372549,0.02
23,3.95294117647,0.03
24,3.0,0.03
25,2.59215686275,0.03
26,1.34117647059,0.03
28,5.0,0.04
29,3.0,0.04
30,2.0,0.04
31,3.96862745098,0.05
32,3.0,0.05
33,4.0,0.05
34,1.0,0.05
35,4.01568627451,0.06
36,4.98431372549,0.06
37,1.0,0.06
38,4.33725490196,0.07
39,1.78039215686,0.07
40,5.37254901961,0.07
41,9.93725490196,0.08
42,1.0,0.08
43,6.24705882353,0.09
44,2.0,0.09
45,3.0,0.09
46,5.0,0.10
47,10.0,0.11
48,5.16862745098,0.11
49,4.0,0.11
50,5.06274509804,0.12
51,5.73333333333,0.12
52,6.13725490196,0.13
53,3.34117647059,0.13
54,6.0,0.14
55,4.8431372549,0.14
56,3.07843137255,0.14
57,7.0,0.15
58,8.40392156863,0.16
59,8.49803921569,0.17
60,6.0,0.17
61,7.0,0.18
62,5.1568627451,0.18
63,10.6666666667,0.19
64,9.98431372549,0.20
65,8.98431372549,0.21
66,8.0,0.22
67,8.82745098039,0.22
68,6.0,0.23
69,11.5450980392,0.24
70,6.0,0.25
71,9.0,0.25
72,14.2196078431,0.27
73,10.0,0.28
74,6.98431372549,0.28
75,6.8431372549,0.29
76,9.73333333333,0.30
77,9.0,0.30
78,6.0,0.31
79,2.0,0.31
80,16.0,0.33
81,6.0,0.33
82,8.54509803922,0.34
83,6.0,0.34
84,9.0,0.35
85,5.12549019608,0.36
86,6.10980392157,0.36
87,10.0,0.37
88,10.4980392157,0.38
89,9.0,0.39
90,2.41960784314,0.39
91,8.95294117647,0.40
92,7.0,0.41
93,11.168627451,0.42
94,8.30980392157,0.42
95,6.40392156863,0.43
96,5.56078431373,0.43
97,5.0,0.44
98,7.0,0.45
99,8.0,0.45
100,6.63921568627,0.46
101,7.0,0.46
102,8.73333333333,0.47
103,8.0,0.48
104,9.0,0.49
105,14.7490196078,0.50
106,11.0,0.51
107,10.3254901961,0.52
108,9.85882352941,0.53
109,16.6549019608,0.54
110,5.01568627451,0.55
111,6.0,0.55
112,9.89019607843,0.56
113,9.93725490196,0.57
114,10.2039215686,0.58
115,16.0,0.60
116,4.57647058824,0.60
117,10.0,0.61
118,13.0,0.62
119,11.0,0.63
120,10.4980392157,0.64
121,10.0,0.65
122,4.0,0.65
123,8.0,0.66
124,10.0,0.67
125,9.0,0.68
126,10.937254902,0.69
127,8.0,0.69
128,6.0,0.70
129,4.0,0.70
130,7.0,0.71
131,9.0,0.72
132,7.18823529412,0.72
133,7.0,0.73
134,10.0,0.74
135,5.0,0.74
136,4.0,0.75
137,12.0,0.76
138,11.0,0.77
139,8.0,0.77
140,3.0,0.78
141,5.0,0.78
142,9.03137254902,0.79
143,9.0,0.80
144,11.0,0.81
145,6.0,0.81
146,6.0,0.82
147,7.0,0.83
148,9.23529411765,0.83
149,11.8117647059,0.84
150,4.0,0.85
151,7.0,0.85
152,8.0,0.86
153,9.56078431373,0.87
154,9.0,0.88
155,10.0,0.89
156,13.0,0.90
157,8.0,0.91
158,9.0,0.91
159,10.0,0.92
160,4.34117647059,0.93
161,6.0,0.93
162,6.0,0.94
163,4.0,0.94
164,8.0,0.95
165,10.2941176471,0.96
166,7.89019607843,0.96
167,9.0,0.97
168,9.0,0.98
169,11.6862745098,0.99
170,6.0,1.00
171,9.0,1.00
172,6.30980392157,1.01
173,11.0117647059,1.02
174,4.0,1.02
175,4.0,1.03
176,7.0,1.03
177,14.0,1.05
178,7.0,1.05
179,6.0,1.06
180,9.0,1.07
181,7.0,1.07
182,5.0,1.08
183,5.60784313725,1.08
184,6.0,1.09
185,5.0,1.09
186,6.0,1.10
187,13.2784313725,1.11
188,11.0,1.12
189,5.3568627451,1.12
190,7.0,1.13
191,5.0,1.14
192,4.0,1.14
193,9.0,1.15
194,11.0,1.16
195,6.0,1.16
196,7.0,1.17
197,9.60784313725,1.18
198,11.0,1.19
199,9.0,1.20
200,8.0,1.20
201,9.0,1.21
202,8.0,1.22
203,4.0,1.22
204,11.0,1.23
205,5.89019607843,1.24
206,12.5764705882,1.25
207,11.0,1.26
208,2.0,1.26
209,5.0,1.26
210,10.0,1.27
211,14.0,1.29
212,6.0,1.29
213,6.0,1.30
214,6.0,1.30
215,9.0,1.31
216,6.0,1.32
217,10.0,1.32
218,8.0,1.33
219,4.0,1.33
220,9.23529411765,1.34
221,7.0,1.35
222,9.70196078431,1.36
223,4.0,1.36
224,11.3254901961,1.37
225,10.3098039216,1.38
226,8.0,1.39
227,10.0,1.40
228,11.0,1.41
229,8.25098039216,1.41
230,8.0,1.42
231,7.0,1.43
232,6.0,1.43
233,3.20392156863,1.44
234,8.78039215686,1.44
235,7.09411764706,1.45
236,11.8745098039,1.46
237,11.0,1.47
238,7.0,1.48
239,12.3137254902,1.49
240,10.0,1.50
241,10.0,1.51
242,8.37254901961,1.51
243,9.21960784314,1.52
244,7.12549019608,1.53
245,13.7960784314,1.54
246,5.0,1.55
247,10.9529411765,1.56
248,8.0,1.56
249,8.0,1.57
250,12.5450980392,1.58
251,9.3137254902,1.59
252,15.262745098,1.60
253,11.4980392157,1.61
254,7.0,1.62
255,11.0,1.63
256,14.0,1.64
257,10.7490196078,1.65
258,6.2,1.66
259,7.60784313725,1.67
260,8.8431372549,1.67
261,11.231372549,1.68
262,12.0,1.69
263,14.8431372549,1.71
264,5.5137254902,1.71
265,19.5294117647,1.73
266,9.71764705882,1.74
267,13.031372549,1.75
268,11.8431372549,1.76
269,12.6862745098,1.77
270,18.8745098039,1.79
271,16.9843137255,1.80
272,15.0,1.82
273,13.0,1.83
274,20.0,1.85
275,9.0,1.86
276,11.0,1.87
277,10.0,1.87
278,12.0,1.89
279,8.0,1.89
280,10.0,1.90
281,13.8117647059,1.91
282,15.0470588235,1.93
283,10.0,1.94
284,12.9529411765,1.95
285,9.0,1.96
286,13.0,1.97
287,13.0,1.98
288,15.0,1.99
289,17.0,2.01
290,8.0,2.02
291,18.0156862745,2.03
292,11.0,2.04
293,12.0,2.05
294,12.2196078431,2.06
295,13.7647058824,2.08
296,23.6078431373,2.10
297,9.0,2.11
298,11.0,2.12
299,15.0,2.13
300,15.0,2.14
301,12.0,2.15
302,12.0,2.16
303,5.0,2.17
304,14.0,2.18
305,15.0,2.19
306,17.4352941176,2.21
307,11.9960784314,2.22
308,9.32549019608,2.23
309,10.0,2.24
310,15.0,2.25
311,21.0,2.27
312,9.0,2.28
313,12.0,2.29
314,17.2941176471,2.31
315,10.0,2.31
316,14.0,2.33
317,12.0,2.34
318,19.0,2.35
319,19.9058823529,2.37
320,7.0,2.38
321,18.0,2.40
322,12.031372549,2.41
323,10.8745098039,2.42
324,8.0,2.42
325,16.0,2.44
326,10.3725490196,2.45
327,18.1725490196,2.46
328,18.0,2.48
329,12.0,2.49
330,10.0,2.50
331,14.0,2.51
332,11.6078431373,2.52
333,11.0,2.53
334,15.0,2.55
335,10.4823529412,2.56
336,16.3725490196,2.57
337,25.0,2.59
338,6.0,2.60
339,9.0,2.61
340,14.0,2.62
341,13.0,2.63
342,9.0,2.64
343,13.0,2.65
344,12.0,2.66
345,13.0,2.67
346,12.0,2.68
347,18.0,2.70
348,7.54509803922,2.71
349,10.0,2.72
350,13.0,2.73
351,8.0,2.73
352,11.0,2.74
353,13.0,2.76
354,17.0,2.77
355,8.0,2.78
356,17.0,2.79
357,11.0,2.80
358,14.0,2.82
359,5.0,2.82
360,11.0,2.83
361,14.0,2.84
362,11.0,2.85
363,10.0,2.86
364,14.0,2.87
365,11.0,2.88
366,8.62352941176,2.89
367,7.0,2.90
368,15.8274509804,2.91
369,11.0,2.92
370,12.0,2.93
371,7.0,2.94
372,12.0,2.95
373,18.0,2.97
374,12.0,2.98
375,12.7333333333,2.99
376,19.0,3.01
377,12.0,3.02
378,12.0,3.03
379,11.0,3.04
380,12.0,3.05
381,11.0,3.06
382,13.0,3.07
383,8.0,3.08
384,13.7960784314,3.09
385,12.0,3.10
386,12.0,3.11
387,14.0,3.12
388,11.0,3.13
389,15.0,3.15
390,10.0,3.16
391,8.0,3.16
392,19.0,3.18
393,14.3098039216,3.19
394,18.0,3.21
395,9.0,3.22
396,14.0,3.23
397,20.0,3.25
398,10.0,3.26
399,8.0,3.26
400,12.0,3.28
401,11.0,3.29
402,9.0,3.29
403,12.0,3.30
404,11.0,3.31
405,9.0,3.32
406,10.0,3.33
407,8.0,3.34
408,14.0,3.35
409,16.0,3.37
410,5.0,3.37
411,15.0,3.38
412,22.7333333333,3.40
413,14.8588235294,3.42
414,12.0,3.43
415,14.0,3.44
416,17.0,3.46
417,9.0,3.46
418,12.0,3.47
419,8.0,3.48
420,9.03137254902,3.49
421,9.0,3.50
422,5.0,3.50
423,13.0,3.51
424,6.0,3.52
425,13.6862745098,3.53
426,8.0,3.54
427,11.0,3.55
428,18.0,3.57
429,22.0,3.59
430,11.0,3.60
431,8.0,3.60
432,18.6078431373,3.62
433,11.5294117647,3.63
434,11.9843137255,3.64
435,12.4196078431,3.65
436,10.2352941176,3.66
437,11.0,3.67
438,6.0,3.68
439,5.0,3.68
440,16.7960784314,3.70
441,13.0,3.71
442,12.0,3.72
443,16.0,3.73
444,10.0,3.74
445,10.0,3.75
446,12.0,3.76
447,19.9843137255,3.78
448,18.0,3.80
449,10.0,3.80
450,7.96862745098,3.81
451,20.0,3.83
452,9.57647058824,3.84
453,17.0,3.85
454,12.0,3.86
455,6.0,3.87
456,15.0156862745,3.88
457,15.0,3.90
458,12.0,3.91
459,8.0,3.91
460,17.0,3.93
461,11.3882352941,3.94
462,19.0,3.96
463,11.0,3.97
464,14.0,3.98
465,17.0,4.00
466,14.0,4.01
467,14.1882352941,4.02
468,9.0,4.03
469,14.0156862745,4.04
470,14.0,4.05
471,11.968627451,4.06
472,13.0,4.08
473,13.0,4.09
474,16.0,4.10
475,10.0,4.11
476,10.0,4.12
477,9.0,4.13
478,13.7960784314,4.14
479,15.0,4.15
480,24.0,4.18
481,10.0,4.19
482,22.3568627451,4.21
483,15.0,4.22
484,15.0,4.23
485,17.0,4.25
486,15.6078431373,4.26
487,19.0,4.28
488,12.4352941176,4.29
489,8.0,4.30
490,7.0,4.30
491,17.0,4.32
492,12.262745098,4.33
493,10.0,4.34
494,17.0,4.35
495,7.07843137255,4.36
496,20.0,4.38
497,14.0,4.39
498,7.63921568627,4.40
499,15.0,4.41
500,19.0,4.43
501,15.0,4.44
502,15.0,4.46
503,18.0,4.47
504,14.6549019608,4.48
505,10.0,4.49
506,8.71764705882,4.50
507,12.0,4.51
508,17.5607843137,4.53
509,9.90588235294,4.54
510,23.0,4.56
511,14.3725490196,4.57
512,14.0,4.58
513,9.0,4.59
514,18.0,4.61
515,12.0,4.62
516,12.1411764706,4.63
517,25.8431372549,4.65
518,16.0,4.67
519,12.0941176471,4.68
520,12.0,4.69
521,14.2196078431,4.70
522,16.0,4.72
523,13.0,4.73
524,17.0,4.74
525,19.0,4.76
526,14.0,4.77
527,14.0,4.79
528,16.0,4.80
529,23.1215686275,4.82
530,10.0,4.83
531,15.0,4.84
532,13.0,4.85
533,11.0,4.86
534,15.0,4.88
535,14.1882352941,4.89
536,21.8745098039,4.91
537,14.8431372549,4.92
538,17.0,4.94
539,14.0,4.95
540,17.031372549,4.97
541,15.0,4.98
542,19.0,5.00
543,13.8745098039,5.01
544,10.0,5.02
545,16.0,5.03
546,18.0,5.05
547,19.4823529412,5.07
548,12.262745098,5.08
549,10.0,5.09
550,13.0,5.10
551,10.0,5.11
552,22.0,5.13
553,15.0,5.14
554,15.0,5.15
555,12.0,5.17
556,18.0,5.18
557,20.5137254902,5.20
558,16.0,5.21
559,11.0,5.22
560,10.4823529412,5.23
561,13.0,5.25
562,9.95294117647,5.25
563,13.0,5.27
564,10.0,5.28
565,17.0,5.29
566,20.0,5.31
567,13.3411764706,5.32
568,15.0,5.33
569,20.0,5.35
570,13.0,5.36
571,6.0,5.37
572,14.1725490196,5.38
573,15.1098039216,5.40
574,16.0,5.41
575,15.0,5.42
576,8.0,5.43
577,14.0,5.44
578,16.0,5.46
579,20.0,5.48
580,21.0,5.49
581,19.0,5.51
582,13.0,5.52
583,15.0,5.54
584,19.0,5.55
585,12.0,5.56
586,11.9058823529,5.58
587,13.968627451,5.59
588,11.0,5.60
589,12.031372549,5.61
590,20.2352941176,5.63
591,7.0,5.63
592,18.6862745098,5.65
593,11.0,5.66
594,18.0,5.68
595,16.0,5.69
596,10.0,5.70
597,11.0,5.71
598,19.0,5.73
599,14.0,5.74
600,14.0,5.75
601,15.0,5.77
602,20.0,5.78
603,25.3254901961,5.81
604,15.9803921569,5.82
605,17.0,5.84
606,16.0,5.85
607,19.0,5.87
608,16.0,5.88
609,13.1568627451,5.89
610,23.0,5.91
611,7.0,5.92
612,10.0,5.93
613,13.0,5.94
614,12.0,5.95
615,17.8588235294,5.97
616,18.062745098,5.98
617,19.8431372549,6.00
618,13.0784313725,6.01
619,18.0,6.03
620,13.9058823529,6.04
621,16.0,6.06
622,18.0,6.07
623,14.0156862745,6.09
624,18.0,6.10
625,24.0156862745,6.12
626,19.7647058824,6.14
627,17.4352941176,6.16
628,12.0,6.17
629,13.0,6.18
630,12.0,6.19
631,14.0,6.20
632,15.6862745098,6.22
633,20.2784313725,6.24
634,12.9960784314,6.25
635,14.0,6.26
636,18.0,6.28
637,12.0,6.29
638,18.0,6.30
639,14.0,6.32
640,13.0,6.33
641,26.2509803922,6.35
642,10.0,6.36
643,15.3568627451,6.37
644,18.4980392157,6.39
645,13.0,6.40
646,16.3411764706,6.42
647,16.0,6.43
648,18.0,6.45
649,18.0,6.46
650,9.92156862745,6.47
651,18.0,6.49
652,13.1882352941,6.50
653,13.0,6.51
654,11.8392156863,6.52
655,25.0,6.55
656,15.031372549,6.56
657,19.9843137255,6.58
658,12.0,6.59
659,14.4039215686,6.60
660,9.0,6.61
661,17.8588235294,6.62
662,15.0,6.64
663,7.0,6.64
664,15.8745098039,6.66
665,17.0,6.67
666,25.968627451,6.70
667,19.031372549,6.71
668,18.0,6.73
669,15.0,6.74
670,16.0,6.76
671,21.8901960784,6.78
672,15.0,6.79
673,11.0,6.80
674,18.0,6.82
675,15.0,6.83
676,15.1882352941,6.85
677,24.1882352941,6.87
678,13.0,6.88
679,18.5294117647,6.90
680,23.0,6.92
681,13.0,6.93
682,17.0,6.94
683,18.0,6.96
684,19.7333333333,6.98
685,28.4666666667,7.00
686,17.0,7.02
687,17.0,7.03
688,12.8117647059,7.04
689,19.6862745098,7.06
690,20.0,7.08
691,29.4039215686,7.11
692,14.8862745098,7.12
693,19.031372549,7.14
694,19.0,7.15
695,23.0,7.18
696,19.0,7.19
697,19.5137254902,7.21
698,24.0,7.23
699,25.0,7.25
700,23.0,7.27
701,18.4352941176,7.29
702,19.4980392157,7.31
703,25.7647058824,7.33
704,24.0,7.35
705,29.2039215686,7.38
706,29.0,7.41
707,32.2196078431,7.44
708,30.0784313725,7.46
709,36.6862745098,7.50
710,34.7176470588,7.53
711,48.0,7.57
712,38.1411764706,7.60
713,39.0,7.64
714,38.6862745098,7.67
715,40.0,7.71
716,44.0,7.75
717,61.937254902,7.81
718,66.5137254902,7.87
719,86.0117647059,7.94
720,95.3254901961,8.03
721,100.780392157,8.12
722,107.235294118,8.22
723,114.439215686,8.32
724,134.68627451,8.44
725,132.188235294,8.56
726,156.419607843,8.70
727,173.525490196,8.86
728,219.694117647,9.05
729,263.670588235,9.29
730,287.776470588,9.55
731,376.415686275,9.89
732,420.317647059,10.27
733,580.862745098,10.79
734,6706.27058824,16.83
735,1189.02745098,17.90
736,1182.77254902,18.96
737,1402.92156863,20.22
738,1616.49803922,21.68
739,1811.40784314,23.31
740,1829.13333333,24.95
741,1788.32941176,26.56
742,1832.49411765,28.21
743,1808.90196078,29.84
744,1744.57647059,31.41
745,1697.25882353,32.94
746,1624.31764706,34.40
747,1530.69019608,35.78
748,1439.41176471,37.07
749,1445.01960784,38.37
750,1357.81960784,39.60
751,1978.30196078,41.38
752,1288.74509804,42.54
753,1116.50980392,43.54
754,1028.8627451,44.47
755,1038.10196078,45.40
756,955.51372549,46.26
757,932.894117647,47.10
758,901.756862745,47.91
759,887.384313725,48.71
760,845.184313725,49.47
761,855.345098039,50.24
762,756.443137255,50.92
763,694.047058824,51.55
764,674.48627451,52.15
765,625.807843137,52.72
766,567.588235294,53.23
767,535.8,53.71
768,481.149019608,54.14
769,422.843137255,54.52
770,374.996078431,54.86
771,308.509803922,55.14
772,276.976470588,55.39
773,241.529411765,55.61
774,202.133333333,55.79
775,173.77254902,55.94
776,148.498039216,56.08
777,108.0,56.17
778,77.3254901961,56.24
779,71.0784313725,56.31
780,34.0588235294,56.34
781,37.6549019608,56.37
782,27.0,56.40
783,21.7490196078,56.42
784,18.1843137255,56.43
785,18.0,56.45
786,16.0,56.46
787,18.9333333333,56.48
788,5.0,56.49
789,15.4666666667,56.50
790,8.0,56.51
791,13.5921568627,56.52
792,6.0,56.52
793,16.0,56.54
794,7.0,56.54
795,9.0,56.55
796,1.0,56.55
797,11.0,56.56
798,6.0,56.57
799,5.0,56.57
800,3.0,56.58
801,2.0,56.58
802,4.0,56.58
803,4.0,56.59
804,4.0,56.59
805,8.0,56.60
806,4.0,56.60
807,3.0,56.60
808,5.0,56.61
809,7.0,56.61
810,1.0,56.61
811,3.0,56.62
812,1.0,56.62
813,1.0,56.62
814,1.0,56.62