Elevation,Area,CumArea
560,0.109803921569,0.00
562,1.74901960784,0.00
564,1.0,0.00
566,1.0,0.00
567,0.937254901961,0.00
568,5.0,0.01
569,1.0,0.01
570,5.0,0.01
571,4.20392156863,0.02
572,2.0,0.02
573,9.0,0.03
574,2.0,0.03
575,3.0,0.03
576,5.90196078431,0.04
577,6.0,0.04
578,2.0,0.04
579,6.0,0.05
580,3.0,0.05
581,9.6862745098,0.06
582,7.1568627451,0.07
583,9.0,0.08
584,7.0,0.08
585,8.23529411765,0.09
586,5.0,0.09
587,10.0,0.10
588,12.0,0.11
589,15.6862745098,0.13
590,15.7647058824,0.14
591,18.9215686275,0.16
592,21.6392156863,0.18
593,17.062745098,0.19
594,25.3098039216,0.22
595,23.0,0.24
596,22.0,0.26
597,22.0156862745,0.28
598,16.2509803922,0.29
599,24.8588235294,0.31
600,19.0,0.33
601,26.0,0.36
602,21.0,0.37
603,17.0470588235,0.39
604,14.0901960784,0.40
605,19.3411764706,0.42
606,20.4196078431,0.44
607,27.8745098039,0.46
608,25.7960784314,0.49
609,18.6235294118,0.50
610,26.0941176471,0.53
611,42.0,0.56
612,33.0,0.59
613,23.2196078431,0.61
614,28.6235294118,0.64
615,33.7333333333,0.67
616,28.5607843137,0.70
617,43.1568627451,0.74
618,27.0,0.76
619,28.8901960784,0.79
620,21.6509803922,0.81
621,32.968627451,0.83
622,35.0,0.87
623,28.0,0.89
624,31.0470588235,0.92
625,27.062745098,0.94
626,29.5137254902,0.97
627,36.2470588235,1.00
628,39.0,1.04
629,41.0,1.08
630,33.0,1.10
631,25.6862745098,1.13
632,24.0,1.15
633,23.1882352941,1.17
634,33.9843137255,1.20
635,32.4980392157,1.23
636,22.968627451,1.25
637,32.3725490196,1.28
638,29.8745098039,1.31
639,37.0,1.34
640,29.0,1.37
641,30.4980392157,1.39
642,26.031372549,1.42
643,36.7803921569,1.45
644,29.0,1.48
645,35.0156862745,1.51
646,27.2196078431,1.53
647,33.1411764706,1.56
648,32.5725490196,1.59
649,36.0,1.62
650,46.2,1.67
651,63.0,1.72
652,55.4823529412,1.77
653,64.031372549,1.83
654,53.3882352941,1.88
655,46.7647058824,1.92
656,49.062745098,1.96
657,60.0,2.02
658,55.0,2.07
659,54.8078431373,2.12
660,65.6392156863,2.18
661,32.6705882353,2.21
662,64.7647058824,2.26
663,85.3568627451,2.34
664,87.168627451,2.42
665,2090.01568627,4.30
666,172.0,4.45
667,149.560784314,4.59
668,184.858823529,4.76
669,194.0,4.93
670,188.235294118,5.10
671,234.250980392,5.31
672,243.341176471,5.53
673,265.015686275,5.77
674,230.776470588,5.98
675,244.0,6.20
676,219.0,6.39
677,219.984313725,6.59
678,185.435294118,6.76
679,236.780392157,6.97
680,177.203921569,7.13
681,198.341176471,7.31
682,205.992156863,7.49
683,210.047058824,7.68
684,172.858823529,7.84
685,168.356862745,7.99
686,199.0,8.17
687,163.51372549,8.32
688,194.125490196,8.49
689,198.235294118,8.67
690,175.529411765,8.83
691,194.094117647,9.00
692,175.203921569,9.16
693,173.125490196,9.32
694,177.541176471,9.48
695,159.450980392,9.62
696,154.0,9.76
697,173.560784314,9.91
698,169.094117647,10.07
699,150.156862745,10.20
700,152.905882353,10.34
701,159.37254902,10.48
702,166.623529412,10.63
703,185.0,10.80
704,173.156862745,10.95
705,132.0,11.07
706,166.0,11.22
707,152.0,11.36
708,180.984313725,11.52
709,151.0,11.66
710,157.0,11.80
711,175.0,11.96
712,178.984313725,12.12
713,157.341176471,12.26
714,186.309803922,12.43
715,172.984313725,12.58
716,184.0,12.75
717,177.149019608,12.91
718,158.650980392,13.05
719,180.0,13.21
720,164.309803922,13.36
721,170.905882353,13.51
722,192.435294118,13.69
723,165.0,13.84
724,180.482352941,14.00
725,177.309803922,14.16
726,196.37254902,14.33
727,175.341176471,14.49
728,168.0,14.64
729,173.0,14.80
730,189.968627451,14.97
731,182.266666667,15.13
732,172.607843137,15.29
733,166.592156863,15.44
734,179.188235294,15.60
735,186.337254902,15.77
736,185.168627451,15.94
737,189.058823529,16.11
738,177.71372549,16.27
739,171.184313725,16.42
740,200.435294118,16.60
741,187.525490196,16.77
742,189.294117647,16.94
743,189.121568627,17.11
744,176.37254902,17.27
745,189.639215686,17.44
746,191.588235294,17.61
747,175.729411765,17.77
748,169.964705882,17.92
749,211.509803922,18.11
750,187.235294118,18.28
751,185.0,18.45
752,200.047058824,18.63
753,180.0,18.79
754,150.0,18.92
755,178.890196078,19.09
756,159.996078431,19.23
757,215.031372549,19.42
758,180.247058824,19.59
759,197.952941176,19.76
760,193.494117647,19.94
761,171.729411765,20.09
762,173.047058824,20.25
763,178.780392157,20.41
764,180.905882353,20.57
765,225.356862745,20.77
766,204.341176471,20.96
767,201.576470588,21.14
768,220.341176471,21.34
769,182.219607843,21.50
770,193.901960784,21.68
771,199.701960784,21.86
772,207.074509804,22.04
773,169.0,22.19
774,169.968627451,22.35
775,197.184313725,22.53
776,198.031372549,22.70
777,175.258823529,22.86
778,219.015686275,23.06
779,195.498039216,23.23
780,194.0,23.41
781,204.764705882,23.59
782,171.325490196,23.75
783,187.780392157,23.92
784,196.623529412,24.09
785,182.156862745,24.26
786,231.670588235,24.47
787,191.184313725,24.64
788,157.0,24.78
789,190.0,24.95
790,163.0,25.10
791,183.937254902,25.26
792,180.952941176,25.43
793,207.682352941,25.61
794,181.156862745,25.78
795,226.478431373,25.98
796,226.964705882,26.18
797,202.792156863,26.37
798,192.231372549,26.54
799,209.71372549,26.73
800,187.996078431,26.90
801,193.309803922,27.07
802,214.309803922,27.26
803,206.733333333,27.45
804,184.215686275,27.62
805,215.88627451,27.81
806,210.384313725,28.00
807,194.015686275,28.17
808,194.2,28.35
809,211.701960784,28.54
810,185.82745098,28.71
811,192.294117647,28.88
812,205.462745098,29.06
813,199.015686275,29.24
814,215.133333333,29.44
815,199.082352941,29.62
816,168.607843137,29.77
817,181.607843137,29.93
818,192.470588235,30.10
819,208.015686275,30.29
820,193.415686275,30.47
821,187.309803922,30.63
822,185.811764706,30.80
823,178.556862745,30.96
824,225.258823529,31.17
825,192.529411765,31.34
826,224.023529412,31.54
827,229.0,31.75
828,186.62745098,31.91
829,209.356862745,32.10
830,175.243137255,32.26
831,205.792156863,32.45
832,170.68627451,32.60
833,194.796078431,32.77
834,211.77254902,32.97
835,221.733333333,33.16
836,195.278431373,33.34
837,201.937254902,33.52
838,188.607843137,33.69
839,182.2,33.86
840,197.0,34.03
841,217.807843137,34.23
842,186.203921569,34.40
843,175.435294118,34.55
844,155.164705882,34.69
845,203.388235294,34.88
846,183.431372549,35.04
847,208.435294118,35.23
848,180.905882353,35.39
849,190.749019608,35.56
850,213.454901961,35.76
851,198.964705882,35.94
852,167.635294118,36.09
853,198.576470588,36.27
854,176.325490196,36.42
855,167.776470588,36.58
856,176.905882353,36.73
857,161.074509804,36.88
858,182.858823529,37.04
859,165.250980392,37.19
860,166.294117647,37.34
861,177.250980392,37.50
862,176.717647059,37.66
863,148.188235294,37.79
864,159.545098039,37.94
865,162.984313725,38.08
866,155.666666667,38.22
867,154.388235294,38.36
868,177.917647059,38.52
869,144.592156863,38.65
870,182.560784314,38.82
871,167.639215686,38.97
872,176.423529412,39.13
873,172.450980392,39.28
874,157.062745098,39.42
875,167.811764706,39.58
876,162.105882353,39.72
877,153.215686275,39.86
878,145.341176471,39.99
879,126.68627451,40.10
880,157.901960784,40.25
881,168.639215686,40.40
882,157.125490196,40.54
883,164.121568627,40.69
884,158.419607843,40.83
885,170.341176471,40.98
886,146.749019608,41.11
887,139.780392157,41.24
888,162.37254902,41.39
889,139.749019608,41.51
890,149.603921569,41.65
891,157.51372549,41.79
892,133.498039216,41.91
893,138.576470588,42.03
894,136.949019608,42.16
895,147.152941176,42.29
896,149.498039216,42.42
897,167.917647059,42.58
898,151.2,42.71
899,148.745098039,42.85
900,119.780392157,42.95
901,132.560784314,43.07
902,135.482352941,43.19
903,120.184313725,43.30
904,107.745098039,43.40
905,124.309803922,43.51
906,141.341176471,43.64
907,119.811764706,43.75
908,124.639215686,43.86
909,123.262745098,43.97
910,119.262745098,44.08
911,113.666666667,44.18
912,125.964705882,44.29
913,111.807843137,44.39
914,116.043137255,44.50
915,132.592156863,44.62
916,113.466666667,44.72
917,105.152941176,44.81
918,101.482352941,44.90
919,119.71372549,45.01
920,97.9843137255,45.10
921,113.039215686,45.20
922,116.450980392,45.31
923,104.639215686,45.40
924,110.0,45.50
925,102.545098039,45.59
926,103.968627451,45.69
927,106.890196078,45.78
928,117.070588235,45.89
929,104.047058824,45.98
930,96.1215686275,46.07
931,86.4823529412,46.15
932,106.835294118,46.24
933,117.498039216,46.35
934,99.062745098,46.44
935,92.5098039216,46.52
936,74.6392156863,46.59
937,96.2352941176,46.67
938,97.8274509804,46.76
939,95.4509803922,46.85
940,105.388235294,46.94
941,84.3254901961,47.02
942,90.1568627451,47.10
943,103.043137255,47.19
944,79.2352941176,47.26
945,89.0,47.34
946,71.0,47.41
947,94.7803921569,47.49
948,84.4470588235,47.57
949,81.3882352941,47.64
950,111.141176471,47.74
951,81.4196078431,47.82
952,87.7176470588,47.89
953,77.0,47.96
954,87.0,48.04
955,91.9215686275,48.12
956,88.9960784314,48.21
957,88.5450980392,48.28
958,88.8745098039,48.36
959,87.0,48.44
960,96.1333333333,48.53
961,90.8745098039,48.61
962,99.968627451,48.70
963,89.5921568627,48.78
964,88.0470588235,48.86
965,81.3411764706,48.93
966,82.3254901961,49.01
967,62.0470588235,49.06
968,64.3254901961,49.12
969,77.7960784314,49.19
970,63.4980392157,49.25
971,76.5215686275,49.32
972,89.4039215686,49.40
973,70.0,49.46
974,84.8901960784,49.54
975,75.0431372549,49.61
976,71.8588235294,49.67
977,77.4666666667,49.74
978,65.1725490196,49.80
979,81.8901960784,49.87
980,57.9529411765,49.92
981,61.0,49.98
982,68.4980392157,50.04
983,55.0156862745,50.09
984,82.4196078431,50.16
985,57.0,50.22
986,68.7647058824,50.28
987,64.9529411765,50.34
988,53.6705882353,50.38
989,57.6862745098,50.44
990,71.2941176471,50.50
991,55.0,50.55
992,57.3098039216,50.60
993,50.062745098,50.65
994,61.9215686275,50.70
995,72.8196078431,50.77
996,66.9176470588,50.83
997,63.5137254902,50.89
998,46.3725490196,50.93
999,65.7490196078,50.99
1000,36.3098039216,51.02
1001,61.9843137255,51.08
1002,53.031372549,51.12
1003,58.7490196078,51.18
1004,57.6705882353,51.23
1005,59.0,51.28
1006,53.0,51.33
1007,50.8117647059,51.37
1008,47.0,51.42
1009,56.6235294118,51.47
1010,56.3098039216,51.52
1011,46.431372549,51.56
1012,41.3098039216,51.60
1013,49.9529411765,51.64
1014,59.1725490196,51.70
1015,48.8117647059,51.74
1016,42.8274509804,51.78
1017,42.0,51.82
1018,50.0,51.86
1019,43.0,51.90
1020,63.0156862745,51.96
1021,51.8078431373,52.00
1022,42.5137254902,52.04
1023,39.9843137255,52.08
1024,37.3725490196,52.11
1025,31.0,52.14
1026,31.3411764706,52.17
1027,35.1568627451,52.20
1028,30.0,52.23
1029,38.031372549,52.26
1030,35.0470588235,52.29
1031,29.937254902,52.32
1032,34.0,52.35
1033,39.0,52.38
1034,41.8431372549,52.42
1035,30.3098039216,52.45
1036,31.2941176471,52.48
1037,35.0,52.51
1038,25.3882352941,52.53
1039,18.5137254902,52.55
1040,31.0,52.58
1041,40.4509803922,52.61
1042,25.0,52.63
1043,31.0431372549,52.66
1044,41.3607843137,52.70
1045,14.9058823529,52.71
1046,24.6549019608,52.74
1047,28.231372549,52.76
1048,25.7921568627,52.78
1049,20.0,52.80
1050,25.0,52.82
1051,23.2352941176,52.85
1052,23.8431372549,52.87
1053,30.9333333333,52.89
1054,15.0,52.91
1055,35.231372549,52.94
1056,24.2196078431,52.96
1057,21.3764705882,52.98
1058,23.6235294118,53.00
1059,22.7764705882,53.02
1060,19.0,53.04
1061,12.5450980392,53.05
1062,18.0,53.07
1063,24.0,53.09
1064,27.4666666667,53.11
1065,11.8745098039,53.12
1066,16.0588235294,53.14
1067,20.0,53.16
1068,31.0,53.18
1069,19.0,53.20
1070,20.3607843137,53.22
1071,15.0,53.23
1072,18.4823529412,53.25
1073,18.0,53.27
1074,14.3254901961,53.28
1075,27.4823529412,53.30
1076,13.0470588235,53.32
1077,20.0,53.33
1078,19.0,53.35
1079,20.0,53.37
1080,17.6862745098,53.38
1081,11.0,53.39
1082,16.0,53.41
1083,17.1882352941,53.42
1084,10.0,53.43
1085,22.062745098,53.45
1086,15.8431372549,53.47
1087,14.0,53.48
1088,13.0,53.49
1089,16.0,53.51
1090,17.0,53.52
1091,13.7176470588,53.53
1092,11.3411764706,53.54
1093,17.2352941176,53.56
1094,20.8901960784,53.58
1095,9.10980392157,53.59
1096,14.7960784314,53.60
1097,21.2509803922,53.62
1098,25.4352941176,53.64
1099,16.0,53.66
1100,12.0,53.67
1101,14.0,53.68
1102,17.0,53.70
1103,14.8431372549,53.71
1104,11.0,53.72
1105,16.2196078431,53.73
1106,15.8117647059,53.75
1107,15.0,53.76
1108,16.5137254902,53.78
1109,21.3254901961,53.79
1110,25.9019607843,53.82
1111,18.4509803922,53.83
1112,13.0,53.85
1113,6.57647058824,53.85
1114,9.70196078431,53.86
1115,15.4823529412,53.87
1116,5.0,53.88
1117,16.9843137255,53.89
1118,10.0,53.90
1119,15.5294117647,53.92
1120,9.45098039216,53.93
1121,13.0,53.94
1122,11.3725490196,53.95
1123,18.3098039216,53.96
1124,9.8431372549,53.97
1125,7.0,53.98
1126,9.0,53.99
1127,6.89019607843,53.99
1128,12.7960784314,54.01
1129,7.74901960784,54.01
1130,5.93725490196,54.02
1131,13.0,54.03
1132,15.9176470588,54.04
1133,3.14117647059,54.05
1134,10.0,54.06
1135,8.0,54.06
1136,12.3098039216,54.07
1137,12.0,54.08
1138,7.0,54.09
1139,10.0,54.10
1140,8.0,54.11
1141,7.0,54.11
1142,6.0,54.12
1143,10.6549019608,54.13
1144,8.0,54.14
1145,7.93725490196,54.14
1146,4.45098039216,54.15
1147,8.0,54.15
1148,16.0,54.17
1149,11.0,54.18
1150,12.0,54.19
1151,9.0,54.20
1152,9.12549019608,54.21
1153,5.0,54.21
1154,6.0,54.22
1155,8.0,54.22
1156,8.0,54.23
1157,3.0,54.23
1158,8.0,54.24
1159,1.37254901961,54.24
1160,12.4666666667,54.25
1161,4.0,54.26
1162,8.0,54.26
1163,4.0,54.27
1164,6.0,54.27
1165,4.0,54.28
1166,3.0,54.28
1167,6.93725490196,54.28
1168,3.0,54.29
1169,5.0,54.29
1170,3.0,54.29
1171,6.0,54.30
1172,5.34117647059,54.30
1173,5.03137254902,54.31
1174,6.0,54.31
1175,2.0,54.32
1176,5.0,54.32
1177,5.0,54.33
1178,9.0,54.33
1179,4.23529411765,54.34
1180,3.0,54.34
1181,1.0,54.34
1182,6.0,54.35
1183,5.45098039216,54.35
1184,2.21960784314,54.35
1185,5.0,54.36
1186,3.0,54.36
1187,4.0,54.36
1188,5.0,54.37
1189,1.0,54.37
1190,3.6862745098,54.37
1191,5.0,54.38
1192,1.0,54.38
1193,3.03137254902,54.38
1194,1.0,54.38
1195,2.0,54.38
1196,2.0,54.39
1197,1.0,54.39
1198,4.0,54.39
1199,2.0,54.39
1200,3.90588235294,54.40
1201,2.0,54.40
1202,3.0,54.40
1203,1.0,54.40
1205,0.0313725490196,54.40
1209,2.0,54.40
1210,1.0,54.40
1211,0.780392156863,54.40
1212,1.0,54.40
1215,1.34117647059,54.41
1220,1.0,54.41
1222,1.30980392157,54.41
1223,1.0,54.41
1228,0.172549019608,54.41