Elevation,Area,CumArea
445,0.0313725490196,0.00
446,1.0,0.00
447,3.96862745098,0.00
448,7.03137254902,0.01
449,10.0,0.02
450,22.0,0.04
451,33.0,0.07
452,36.0,0.10
453,27.7490196078,0.13
454,30.3725490196,0.15
455,35.0,0.19
456,37.0,0.22
457,41.0,0.26
458,33.5607843137,0.29
459,36.8705882353,0.32
460,31.8549019608,0.35
461,35.2784313725,0.38
462,33.3725490196,0.41
463,37.3725490196,0.44
464,23.3725490196,0.46
465,35.0,0.50
466,37.4901960784,0.53
467,32.0,0.56
468,29.0,0.58
469,26.0,0.61
470,36.6392156863,0.64
471,32.5764705882,0.67
472,31.0,0.70
473,29.0,0.72
474,30.0,0.75
475,36.0,0.78
476,28.0,0.81
477,24.2941176471,0.83
478,25.0,0.85
479,31.0,0.88
480,30.031372549,0.91
481,32.7490196078,0.94
482,27.7176470588,0.96
483,36.7176470588,1.00
484,35.3568627451,1.03
485,40.6862745098,1.06
486,21.7803921569,1.08
487,34.0,1.11
488,26.0,1.14
489,36.7803921569,1.17
490,28.0,1.20
491,36.0,1.23
492,32.0,1.26
493,33.0,1.29
494,32.137254902,1.32
495,31.0,1.34
496,26.0,1.37
497,29.0,1.39
498,38.0,1.43
499,29.0,1.45
500,39.4196078431,1.49
501,32.0,1.52
502,39.3098039216,1.55
503,38.0,1.59
504,52.0,1.63
505,47.0,1.68
506,59.3725490196,1.73
507,3010.0,4.44
508,168.0,4.59
509,141.952941176,4.72
510,178.0,4.88
511,193.0,5.05
512,214.623529412,5.24
513,232.984313725,5.45
514,242.403921569,5.67
515,212.980392157,5.86
516,266.109803922,6.10
517,313.388235294,6.39
518,347.482352941,6.70
519,322.607843137,6.99
520,286.82745098,7.25
521,264.325490196,7.48
522,242.466666667,7.70
523,230.0,7.91
524,254.0,8.14
525,273.588235294,8.38
526,256.71372549,8.62
527,299.874509804,8.89
528,300.074509804,9.16
529,266.760784314,9.40
530,230.839215686,9.60
531,256.792156863,9.83
532,235.839215686,10.05
533,233.168627451,10.26
534,217.482352941,10.45
535,219.749019608,10.65
536,231.482352941,10.86
537,188.666666667,11.03
538,228.545098039,11.23
539,241.231372549,11.45
540,220.796078431,11.65
541,218.37254902,11.85
542,219.701960784,12.04
543,188.968627451,12.21
544,226.011764706,12.42
545,211.576470588,12.61
546,213.278431373,12.80
547,220.309803922,13.00
548,201.729411765,13.18
549,193.51372549,13.35
550,230.858823529,13.56
551,193.996078431,13.74
552,213.17254902,13.93
553,204.043137255,14.11
554,227.450980392,14.32
555,208.435294118,14.50
556,204.047058824,14.69
557,224.0,14.89
558,230.450980392,15.10
559,215.623529412,15.29
560,220.141176471,15.49
561,207.933333333,15.68
562,190.419607843,15.85
563,207.670588235,16.03
564,234.450980392,16.25
565,218.870588235,16.44
566,225.364705882,16.65
567,209.764705882,16.83
568,229.937254902,17.04
569,226.043137255,17.24
570,201.478431373,17.43
571,221.294117647,17.63
572,200.654901961,17.81
573,197.949019608,17.98
574,225.37254902,18.19
575,199.51372549,18.37
576,207.0,18.55
577,222.058823529,18.75
578,185.82745098,18.92
579,217.984313725,19.12
580,218.811764706,19.31
581,193.545098039,19.49
582,196.588235294,19.66
583,185.921568627,19.83
584,202.137254902,20.01
585,202.015686275,20.20
586,200.68627451,20.38
587,192.498039216,20.55
588,190.701960784,20.72
589,201.729411765,20.90
590,223.466666667,21.10
591,200.984313725,21.28
592,214.0,21.48
593,198.0,21.65
594,231.247058824,21.86
595,187.874509804,22.03
596,194.196078431,22.21
597,205.435294118,22.39
598,205.498039216,22.58
599,186.0,22.74
600,210.403921569,22.93
601,199.294117647,23.11
602,215.047058824,23.31
603,188.294117647,23.48
604,214.666666667,23.67
605,197.105882353,23.85
606,186.0,24.01
607,209.266666667,24.20
608,217.168627451,24.40
609,192.121568627,24.57
610,189.901960784,24.74
611,188.0,24.91
612,204.607843137,25.09
613,196.964705882,25.27
614,177.807843137,25.43
615,188.278431373,25.60
616,161.37254902,25.75
617,180.090196078,25.91
618,182.043137255,26.07
619,175.592156863,26.23
620,190.094117647,26.40
621,183.0,26.57
622,185.250980392,26.73
623,207.0,26.92
624,200.094117647,27.10
625,188.388235294,27.27
626,160.749019608,27.41
627,189.0,27.58
628,192.125490196,27.76
629,209.509803922,27.95
630,193.0,28.12
631,186.984313725,28.29
632,163.576470588,28.43
633,198.278431373,28.61
634,188.203921569,28.78
635,175.952941176,28.94
636,199.278431373,29.12
637,185.745098039,29.29
638,162.819607843,29.43
639,178.419607843,29.59
640,178.576470588,29.76
641,190.662745098,29.93
642,190.403921569,30.10
643,162.482352941,30.24
644,179.403921569,30.41
645,185.635294118,30.57
646,159.466666667,30.72
647,175.247058824,30.87
648,166.31372549,31.02
649,154.278431373,31.16
650,173.811764706,31.32
651,172.482352941,31.47
652,177.0,31.63
653,172.823529412,31.79
654,144.262745098,31.92
655,173.666666667,32.08
656,167.188235294,32.23
657,163.058823529,32.37
658,136.109803922,32.50
659,193.592156863,32.67
660,149.682352941,32.80
661,150.843137255,32.94
662,155.921568627,33.08
663,153.039215686,33.22
664,171.396078431,33.37
665,154.545098039,33.51
666,142.843137255,33.64
667,157.529411765,33.78
668,142.37254902,33.91
669,134.68627451,34.03
670,112.654901961,34.13
671,157.235294118,34.27
672,160.058823529,34.42
673,120.431372549,34.53
674,148.639215686,34.66
675,177.796078431,34.82
676,152.749019608,34.96
677,144.02745098,35.09
678,161.639215686,35.23
679,148.294117647,35.37
680,161.403921569,35.51
681,171.733333333,35.67
682,162.996078431,35.81
683,158.062745098,35.95
684,183.698039216,36.12
685,159.090196078,36.26
686,154.807843137,36.40
687,157.984313725,36.54
688,182.811764706,36.71
689,142.0,36.84
690,161.560784314,36.98
691,163.219607843,37.13
692,164.121568627,37.28
693,133.811764706,37.40
694,155.529411765,37.54
695,155.698039216,37.68
696,162.011764706,37.82
697,163.133333333,37.97
698,155.184313725,38.11
699,143.584313725,38.24
700,157.282352941,38.38
701,147.231372549,38.51
702,162.745098039,38.66
703,144.839215686,38.79
704,153.396078431,38.93
705,135.298039216,39.05
706,129.780392157,39.17
707,114.592156863,39.27
708,149.968627451,39.40
709,108.356862745,39.50
710,126.682352941,39.62
711,128.384313725,39.73
712,146.843137255,39.86
713,118.258823529,39.97
714,118.91372549,40.08
715,157.168627451,40.22
716,148.890196078,40.35
717,108.184313725,40.45
718,136.890196078,40.57
719,106.356862745,40.67
720,123.070588235,40.78
721,139.529411765,40.91
722,117.764705882,41.01
723,107.482352941,41.11
724,120.298039216,41.22
725,110.141176471,41.32
726,122.388235294,41.43
727,112.733333333,41.53
728,107.356862745,41.62
729,99.5764705882,41.71
730,109.341176471,41.81
731,105.576470588,41.91
732,121.858823529,42.02
733,127.749019608,42.13
734,108.823529412,42.23
735,118.047058824,42.34
736,102.137254902,42.43
737,115.321568627,42.53
738,112.482352941,42.63
739,88.4941176471,42.71
740,100.650980392,42.80
741,94.4509803922,42.89
742,84.9333333333,42.96
743,87.4509803922,43.04
744,111.447058824,43.14
745,94.3764705882,43.23
746,95.937254902,43.31
747,72.7176470588,43.38
748,95.7803921569,43.47
749,88.0431372549,43.55
750,96.7647058824,43.63
751,83.4862745098,43.71
752,86.6078431373,43.79
753,82.8274509804,43.86
754,89.1254901961,43.94
755,87.8392156863,44.02
756,62.3254901961,44.08
757,81.3725490196,44.15
758,84.4666666667,44.23
759,73.1843137255,44.29
760,59.6980392157,44.34
761,60.6823529412,44.40
762,70.7490196078,44.46
763,69.262745098,44.53
764,67.4352941176,44.59
765,75.2941176471,44.65
766,68.1568627451,44.72
767,60.9137254902,44.77
768,63.5921568627,44.83
769,59.1529411765,44.88
770,57.5607843137,44.93
771,55.4156862745,44.98
772,53.9058823529,45.03
773,51.6352941176,45.08
774,40.3725490196,45.11
775,49.9607843137,45.16
776,44.6039215686,45.20
777,32.7764705882,45.23
778,40.5450980392,45.26
779,39.3725490196,45.30
780,36.7019607843,45.33
781,34.9960784314,45.36
782,28.5450980392,45.39
783,29.5450980392,45.42
784,24.5764705882,45.44
785,23.937254902,45.46
786,30.6392156863,45.49
787,21.0,45.51
788,23.8431372549,45.53
789,25.9647058824,45.55
790,24.0,45.57
791,28.1568627451,45.60
792,26.1568627451,45.62
793,19.7294117647,45.64
794,31.168627451,45.67
795,17.0,45.68
796,13.2039215686,45.70
797,14.0,45.71
798,31.937254902,45.74
799,21.0,45.76
800,23.0,45.78
801,19.5764705882,45.79
802,16.9529411765,45.81
803,18.2352941176,45.83
804,13.968627451,45.84
805,14.0,45.85
806,19.0,45.87
807,21.0,45.89
808,24.6078431373,45.91
809,25.262745098,45.93
810,13.4039215686,45.94
811,16.0,45.96
812,16.0,45.97
813,13.0,45.98
814,13.062745098,46.00
815,13.0,46.01
816,12.2941176471,46.02
817,15.9058823529,46.03
818,17.9843137255,46.05
819,27.4196078431,46.07
820,24.0,46.10
821,17.1568627451,46.11
822,16.4196078431,46.13
823,11.0,46.14
824,13.0,46.15
825,15.0,46.16
826,14.6862745098,46.17
827,12.0,46.18
828,15.6078431373,46.20
829,20.262745098,46.22
830,17.0156862745,46.23
831,11.0,46.24
832,7.70196078431,46.25
833,16.0,46.26
834,12.2039215686,46.27
835,19.0,46.29
836,15.4823529412,46.31
837,14.0,46.32
838,15.9215686275,46.33
839,14.8901960784,46.35
840,8.0,46.35
841,13.0,46.36
842,6.0,46.37
843,13.0,46.38
844,15.0,46.40
845,11.0,46.41
846,5.0,46.41
847,11.0,46.42
848,6.0,46.42
849,12.0,46.44
850,7.0,46.44
851,7.0,46.45
852,9.0,46.46
853,6.56078431373,46.46
854,12.2509803922,46.47
855,8.0,46.48
856,8.0,46.49
857,8.0,46.49
858,4.0,46.50
859,7.0,46.50
860,10.8431372549,46.51
861,8.0,46.52
862,5.0,46.53
863,6.18823529412,46.53
864,12.0,46.54
865,7.8431372549,46.55
866,8.0,46.56
867,7.0,46.56
868,4.0,46.57
869,7.0,46.57
870,4.0,46.58
871,4.0,46.58
872,5.0,46.58
873,3.0,46.59
874,1.0,46.59
875,2.0,46.59
876,10.0,46.60
877,5.0,46.60
878,9.5137254902,46.61
879,5.0,46.62
880,2.0,46.62
881,7.54509803922,46.63
882,3.98431372549,46.63
883,2.0,46.63
884,5.0,46.64
885,10.0,46.64
886,1.0,46.65
887,5.0,46.65
888,5.0,46.65
889,5.0,46.66
890,3.0,46.66
891,5.0,46.67
892,7.0,46.67
893,6.0,46.68
894,2.0,46.68
895,5.0,46.68
896,4.14117647059,46.69
897,5.0,46.69
898,3.21960784314,46.70
899,7.82745098039,46.70
900,3.0,46.70
901,2.0,46.71
902,5.0,46.71
903,2.0,46.71
904,1.0,46.71
905,4.8431372549,46.72
906,5.0,46.72
907,8.0,46.73
908,6.0,46.74
909,6.0,46.74
910,2.0,46.74
911,3.0,46.75
912,7.0,46.75
913,3.0,46.75
914,0.749019607843,46.75
915,2.0,46.76
916,8.0,46.76
917,4.0,46.77
918,4.90588235294,46.77
919,5.0,46.78
920,1.49803921569,46.78
921,9.0,46.79
922,1.01568627451,46.79
923,1.0,46.79
924,2.0,46.79
925,5.0,46.79
927,4.92156862745,46.80
928,7.95294117647,46.81
929,4.0,46.81
930,4.0,46.81
931,5.60784313725,46.82
932,4.0,46.82
933,2.0,46.82
934,3.63921568627,46.83
935,4.0,46.83
936,1.0,46.83
937,3.0,46.83
938,1.0,46.83
939,1.30980392157,46.84
940,4.50980392157,46.84
941,1.85882352941,46.84
942,1.95294117647,46.84
943,3.01568627451,46.85
944,6.73333333333,46.85
945,4.0,46.86
946,2.90196078431,46.86
947,1.85882352941,46.86
948,0.670588235294,46.86
949,1.03137254902,46.86
950,4.49803921569,46.87
951,1.0,46.87
952,3.06274509804,46.87
953,1.0,46.87
954,2.0,46.87
955,1.0,46.87
956,0.0156862745098,46.87
958,5.27843137255,46.88
959,1.37254901961,46.88
960,3.0,46.88
961,0.843137254902,46.88
962,1.8431372549,46.88
963,2.67058823529,46.89
964,2.6862745098,46.89
965,1.21960784314,46.89
966,0.0313725490196,46.89
968,1.0,46.89
969,1.0,46.89
970,0.807843137255,46.89
971,1.0,46.89
972,1.23137254902,46.89
973,2.48235294118,46.90
975,1.5137254902,46.90
976,1.89019607843,46.90
978,0.858823529412,46.90
979,1.8431372549,46.90
980,0.341176470588,46.90
981,0.843137254902,46.90
982,0.125490196078,46.90
983,1.34117647059,46.90
987,0.250980392157,46.90
988,0.545098039216,46.91
992,0.0470588235294,46.91
993,0.109803921569,46.91