Elevation,Area,CumArea
1040,4.0,0.00
1041,5.0,0.01
1042,9.0,0.02
1043,12.7490196078,0.03
1044,38.5294117647,0.06
1045,90.8705882353,0.14
1046,112.447058824,0.25
1047,160.556862745,0.39
1048,153.419607843,0.53
1049,155.31372549,0.67
1050,145.439215686,0.80
1051,145.482352941,0.93
1052,181.043137255,1.09
1053,200.039215686,1.27
1054,153.717647059,1.41
1055,188.839215686,1.58
1056,242.333333333,1.80
1057,261.88627451,2.03
1058,279.105882353,2.29
1059,320.752941176,2.57
1060,319.109803922,2.86
1061,298.784313725,3.13
1062,238.337254902,3.35
1063,241.88627451,3.56
1064,4549.94901961,7.66
1065,387.650980392,8.01
1066,497.749019608,8.45
1067,644.556862745,9.03
1068,668.125490196,9.64
1069,698.247058824,10.26
1070,781.231372549,10.97
1071,872.22745098,11.75
1072,827.447058824,12.50
1073,666.364705882,13.10
1074,682.839215686,13.71
1075,695.164705882,14.34
1076,670.435294118,14.94
1077,603.219607843,15.48
1078,607.180392157,16.03
1079,501.08627451,16.48
1080,501.125490196,16.93
1081,558.51372549,17.43
1082,519.215686275,17.90
1083,517.007843137,18.37
1084,467.352941176,18.79
1085,417.039215686,19.16
1086,426.031372549,19.55
1087,418.890196078,19.92
1088,409.388235294,20.29
1089,432.890196078,20.68
1090,420.576470588,21.06
1091,322.701960784,21.35
1092,349.356862745,21.66
1093,445.729411765,22.07
1094,421.466666667,22.45
1095,412.556862745,22.82
1096,411.482352941,23.19
1097,415.945098039,23.56
1098,399.949019608,23.92
1099,360.57254902,24.25
1100,355.003921569,24.57
1101,296.494117647,24.83
1102,306.090196078,25.11
1103,284.792156863,25.36
1104,246.317647059,25.59
1105,262.023529412,25.82
1106,306.325490196,26.10
1107,229.694117647,26.30
1108,234.698039216,26.52
1109,247.478431373,26.74
1110,230.666666667,26.95
1111,243.011764706,27.16
1112,232.078431373,27.37
1113,206.780392157,27.56
1114,201.905882353,27.74
1115,220.870588235,27.94
1116,188.168627451,28.11
1117,189.68627451,28.28
1118,210.701960784,28.47
1119,188.866666667,28.64
1120,192.733333333,28.81
1121,190.309803922,28.98
1122,177.588235294,29.14
1123,189.2,29.31
1124,157.258823529,29.46
1125,205.239215686,29.64
1126,214.466666667,29.83
1127,181.639215686,30.00
1128,192.592156863,30.17
1129,175.325490196,30.33
1130,183.482352941,30.49
1131,172.749019608,30.65
1132,191.337254902,30.82
1133,171.545098039,30.98
1134,176.541176471,31.13
1135,195.215686275,31.31
1136,175.905882353,31.47
1137,182.921568627,31.63
1138,186.819607843,31.80
1139,153.71372549,31.94
1140,212.278431373,32.13
1141,174.478431373,32.29
1142,173.184313725,32.44
1143,192.450980392,32.62
1144,165.478431373,32.77
1145,170.498039216,32.92
1146,203.556862745,33.10
1147,183.917647059,33.27
1148,163.68627451,33.41
1149,162.901960784,33.56
1150,131.094117647,33.68
1151,153.952941176,33.82
1152,158.901960784,33.96
1153,142.054901961,34.09
1154,159.905882353,34.23
1155,143.701960784,34.36
1156,137.792156863,34.49
1157,139.325490196,34.61
1158,140.623529412,34.74
1159,151.0,34.87
1160,149.37254902,35.01
1161,121.235294118,35.12
1162,130.858823529,35.24
1163,164.717647059,35.38
1164,125.760784314,35.50
1165,128.435294118,35.61
1166,141.0,35.74
1167,110.980392157,35.84
1168,131.278431373,35.96
1169,100.588235294,36.05
1170,102.031372549,36.14
1171,122.576470588,36.25
1172,107.682352941,36.35
1173,105.749019608,36.44
1174,105.717647059,36.54
1175,101.219607843,36.63
1176,100.341176471,36.72
1177,104.125490196,36.81
1178,127.356862745,36.93
1179,104.749019608,37.02
1180,93.0745098039,37.11
1181,103.874509804,37.20
1182,104.2,37.29
1183,95.7803921569,37.38
1184,109.0,37.48
1185,89.8078431373,37.56
1186,89.1568627451,37.64
1187,101.670588235,37.73
1188,83.0745098039,37.80
1189,98.3725490196,37.89
1190,91.3725490196,37.97
1191,96.7647058824,38.06
1192,92.5607843137,38.15
1193,82.2784313725,38.22
1194,79.0,38.29
1195,96.0,38.38
1196,80.4470588235,38.45
1197,83.4980392157,38.52
1198,84.1843137255,38.60
1199,88.937254902,38.68
1200,63.6078431373,38.74
1201,61.2784313725,38.79
1202,63.4980392157,38.85
1203,57.0,38.90
1204,51.0,38.95
1205,55.0,39.00
1206,53.5725490196,39.04
1207,74.1215686275,39.11
1208,75.262745098,39.18
1209,53.9215686275,39.23
1210,60.4980392157,39.28
1211,69.0,39.34
1212,57.0117647059,39.40
1213,56.7450980392,39.45
1214,36.7960784314,39.48
1215,39.8196078431,39.52
1216,33.8862745098,39.55
1217,32.1568627451,39.57
1218,30.5607843137,39.60
1219,37.0,39.64
1220,31.1215686275,39.66
1221,41.031372549,39.70
1222,28.2196078431,39.73
1223,33.1098039216,39.76
1224,41.0,39.79
1225,34.2941176471,39.82
1226,27.2039215686,39.85
1227,46.4352941176,39.89
1228,28.2509803922,39.92
1229,32.8745098039,39.94
1230,37.2509803922,39.98
1231,30.2509803922,40.01
1232,29.0,40.03
1233,26.2509803922,40.06
1234,40.0,40.09
1235,27.6235294118,40.12
1236,30.0,40.14
1237,34.3137254902,40.17
1238,33.0156862745,40.20
1239,24.0,40.23
1240,36.0,40.26
1241,40.0,40.29
1242,31.0470588235,40.32
1243,40.2196078431,40.36
1244,36.5921568627,40.39
1245,35.0,40.42
1246,37.9215686275,40.46
1247,46.0,40.50
1248,32.6705882353,40.53
1249,30.7960784314,40.55
1250,24.7019607843,40.58
1251,29.0,40.60
1252,30.031372549,40.63
1253,26.3725490196,40.65
1254,28.6392156863,40.68
1255,31.0,40.71
1256,32.0,40.74
1257,40.0,40.77
1258,35.0117647059,40.80
1259,36.8588235294,40.84
1260,34.0274509804,40.87
1261,29.3098039216,40.89
1262,32.0,40.92
1263,18.0,40.94
1264,19.9843137255,40.96
1265,19.1254901961,40.97
1266,23.6078431373,41.00
1267,22.0,41.02
1268,28.2941176471,41.04
1269,16.7019607843,41.06
1270,30.6705882353,41.08
1271,16.4509803922,41.10
1272,17.5607843137,41.11
1273,9.27843137255,41.12
1274,3.81176470588,41.13
1275,15.2509803922,41.14
1276,13.0,41.15
1277,10.6862745098,41.16
1278,6.0,41.17
1279,14.0,41.18
1280,12.0,41.19
1281,16.062745098,41.20
1282,4.8431372549,41.21
1283,11.0,41.22
1284,6.20392156863,41.22
1285,6.0,41.23
1286,8.0,41.24
1287,7.0,41.24
1288,8.0,41.25
1289,10.0,41.26
1290,6.0,41.26
1291,7.73333333333,41.27
1292,10.0,41.28
1293,10.0156862745,41.29
1294,9.0,41.30
1295,8.54509803922,41.31
1296,7.0,41.31
1297,6.0,41.32
1298,4.0,41.32
1299,7.0,41.33
1300,8.60784313725,41.33
1301,4.0,41.34
1302,10.4352941176,41.35
1303,6.03137254902,41.35
1304,12.0,41.36
1305,9.29411764706,41.37
1306,9.70196078431,41.38
1307,4.95294117647,41.39
1308,8.0,41.39
1309,6.23529411765,41.40
1310,9.95294117647,41.41
1311,7.17254901961,41.41
1312,4.90588235294,41.42
1313,3.1568627451,41.42
1314,6.81176470588,41.43
1315,0.172549019608,41.43
1316,4.0,41.43
1317,2.1568627451,41.43
1318,4.90588235294,41.44
1319,4.59215686275,41.44
1320,6.0,41.45
1321,3.90588235294,41.45
1322,3.98431372549,41.45
1323,1.29411764706,41.45
1324,1.95294117647,41.46
1325,3.07058823529,41.46
1326,4.14117647059,41.46
1327,1.18823529412,41.46
1329,0.325490196078,41.46
1331,0.235294117647,41.46