Elevation,Area,CumArea
1028,4.0,0.00
1029,18.0,0.02
1030,38.0,0.05
1031,67.8823529412,0.12
1032,95.9568627451,0.20
1033,143.729411765,0.33
1034,165.82745098,0.48
1035,250.529411765,0.71
1036,251.68627451,0.93
1037,223.188235294,1.13
1038,194.0,1.31
1039,187.984313725,1.48
1040,170.325490196,1.63
1041,182.619607843,1.79
1042,152.968627451,1.93
1043,155.219607843,2.07
1044,134.329411765,2.19
1045,149.631372549,2.33
1046,163.105882353,2.47
1047,155.247058824,2.61
1048,138.607843137,2.74
1049,147.780392157,2.87
1050,110.062745098,2.97
1051,150.466666667,3.11
1052,118.635294118,3.21
1053,137.419607843,3.34
1054,129.031372549,3.45
1055,128.498039216,3.57
1056,123.780392157,3.68
1057,149.921568627,3.81
1058,150.121568627,3.95
1059,140.0,4.08
1060,132.749019608,4.20
1061,144.0,4.32
1062,141.749019608,4.45
1063,130.823529412,4.57
1064,170.278431373,4.72
1065,127.811764706,4.84
1066,140.309803922,4.96
1067,142.0,5.09
1068,124.341176471,5.20
1069,134.796078431,5.33
1070,161.325490196,5.47
1071,151.466666667,5.61
1072,185.007843137,5.77
1073,17554.8352941,21.57
1074,822.82745098,22.31
1075,768.607843137,23.01
1076,886.68627451,23.80
1077,947.325490196,24.66
1078,1024.1372549,25.58
1079,1035.21568627,26.51
1080,988.984313725,27.40
1081,1026.56078431,28.32
1082,937.729411765,29.17
1083,973.701960784,30.04
1084,930.82745098,30.88
1085,977.811764706,31.76
1086,916.188235294,32.59
1087,866.0,33.37
1088,854.984313725,34.13
1089,799.51372549,34.85
1090,895.811764706,35.66
1091,1006.18823529,36.57
1092,947.156862745,37.42
1093,926.403921569,38.25
1094,957.662745098,39.11
1095,957.615686275,39.98
1096,963.074509804,40.84
1097,950.337254902,41.70
1098,911.71372549,42.52
1099,889.752941176,43.32
1100,983.294117647,44.20
1101,873.337254902,44.99
1102,935.780392157,45.83
1103,920.058823529,46.66
1104,961.729411765,47.53
1105,1021.52941176,48.45
1106,920.647058824,49.27
1107,961.564705882,50.14
1108,924.403921569,50.97
1109,1008.82352941,51.88
1110,1000.74117647,52.78
1111,1035.29019608,53.71
1112,1078.00784314,54.68
1113,1041.15294118,55.62
1114,1035.02745098,56.55
1115,1112.85098039,57.55
1116,1123.16078431,58.56
1117,1186.22352941,59.63
1118,1215.57254902,60.72
1119,1245.44705882,61.85
1120,1328.07058824,63.04
1121,1264.90588235,64.18
1122,1238.43921569,65.29
1123,1243.14901961,66.41
1124,1243.94901961,67.53
1125,1251.78039216,68.66
1126,1229.82352941,69.77
1127,1238.4745098,70.88
1128,1229.11764706,71.99
1129,1267.24705882,73.13
1130,1327.92941176,74.32
1131,1258.41960784,75.45
1132,1401.26666667,76.72
1133,1324.38039216,77.91
1134,1410.50196078,79.18
1135,1367.21568627,80.41
1136,1492.61568627,81.75
1137,1542.16862745,83.14
1138,1528.48627451,84.51
1139,1481.84705882,85.85
1140,1476.50980392,87.18
1141,1499.5372549,88.53
1142,1436.97647059,89.82
1143,1408.81176471,91.09
1144,1366.31764706,92.32
1145,1430.62745098,93.61
1146,1383.61568627,94.85
1147,1402.01176471,96.11
1148,1507.23921569,97.47
1149,1515.85098039,98.83
1150,1514.47058824,100.20
1151,1593.33333333,101.63
1152,1544.21176471,103.02
1153,1470.86666667,104.34
1154,1577.41176471,105.76
1155,1500.58039216,107.11
1156,1371.74117647,108.35
1157,1396.37254902,109.61
1158,1326.42745098,110.80
1159,1382.2745098,112.04
1160,1194.49803922,113.12
1161,1263.31372549,114.26
1162,1147.06666667,115.29
1163,1148.36078431,116.32
1164,1161.99215686,117.37
1165,1177.41568627,118.43
1166,1260.17647059,119.56
1167,1269.09019608,120.70
1168,1237.84705882,121.82
1169,1107.43921569,122.81
1170,1142.98823529,123.84
1171,1027.03529412,124.77
1172,1097.76078431,125.75
1173,1026.25490196,126.68
1174,935.529411765,127.52
1175,912.611764706,128.34
1176,854.690196078,129.11
1177,730.658823529,129.77
1178,703.905882353,130.40
1179,702.047058824,131.03
1180,669.141176471,131.64
1181,572.749019608,132.15
1182,479.454901961,132.58
1183,434.870588235,132.97
1184,401.745098039,133.34
1185,333.639215686,133.64
1186,376.964705882,133.98
1187,335.37254902,134.28
1188,321.921568627,134.57
1189,310.949019608,134.85
1190,300.603921569,135.12
1191,290.776470588,135.38
1192,286.68627451,135.64
1193,256.031372549,135.87
1194,236.188235294,136.08
1195,235.57254902,136.29
1196,248.466666667,136.52
1197,204.388235294,136.70
1198,196.701960784,136.88
1199,202.858823529,137.06
1200,185.388235294,137.23
1201,184.0,137.39
1202,193.141176471,137.57
1203,191.905882353,137.74
1204,204.807843137,137.92
1205,157.015686275,138.06
1206,193.105882353,138.24
1207,186.937254902,138.41
1208,170.917647059,138.56
1209,178.074509804,138.72
1210,144.905882353,138.85
1211,153.109803922,138.99
1212,178.811764706,139.15
1213,191.482352941,139.32
1214,180.576470588,139.48
1215,153.82745098,139.62
1216,164.964705882,139.77
1217,158.4,139.91
1218,165.733333333,140.06
1219,143.42745098,140.19
1220,132.08627451,140.31
1221,130.854901961,140.43
1222,150.623529412,140.56
1223,160.666666667,140.71
1224,100.482352941,140.80
1225,104.858823529,140.89
1226,119.152941176,141.00
1227,96.9490196078,141.09
1228,113.105882353,141.19
1229,97.9647058824,141.28
1230,98.4039215686,141.37
1231,94.0,141.45
1232,101.105882353,141.54
1233,90.4352941176,141.62
1234,95.2941176471,141.71
1235,82.4196078431,141.78
1236,100.862745098,141.87
1237,84.8901960784,141.95
1238,84.2470588235,142.03
1239,73.9215686275,142.09
1240,84.8980392157,142.17
1241,59.8862745098,142.22
1242,67.6980392157,142.28
1243,57.5882352941,142.34
1244,86.2156862745,142.41
1245,68.6196078431,142.48
1246,77.5411764706,142.55
1247,89.0274509804,142.63
1248,88.8117647059,142.71
1249,82.2784313725,142.78
1250,73.4196078431,142.85
1251,43.3411764706,142.88
1252,50.7803921569,142.93
1253,45.0588235294,142.97
1254,51.8392156863,143.02
1255,57.937254902,143.07
1256,38.3411764706,143.10
1257,34.968627451,143.14
1258,35.5607843137,143.17
1259,27.4352941176,143.19
1260,35.8901960784,143.22
1261,42.0,143.26
1262,45.0,143.30
1263,23.5294117647,143.32
1264,45.7294117647,143.37
1265,34.0588235294,143.40
1266,44.6078431373,143.44
1267,28.031372549,143.46
1268,31.0,143.49
1269,37.0431372549,143.52
1270,30.6235294118,143.55
1271,23.6078431373,143.57
1272,48.5607843137,143.61
1273,22.4509803922,143.64
1274,31.1411764706,143.66
1275,20.6549019608,143.68
1276,17.0,143.70
1277,23.8862745098,143.72
1278,26.0,143.74
1279,9.01568627451,143.75
1280,21.4823529412,143.77
1281,25.0,143.79
1282,22.0,143.81
1283,11.0,143.82
1284,18.0,143.84
1285,12.968627451,143.85
1286,18.0,143.87
1287,18.031372549,143.88
1288,15.0,143.90
1289,20.0,143.91
1290,14.0,143.93
1291,7.0,143.93
1292,13.0941176471,143.94
1293,10.9843137255,143.95
1294,13.0,143.97
1295,17.0,143.98
1296,8.0,143.99
1297,21.0,144.01
1298,14.0,144.02
1299,9.0,144.03
1300,13.8274509804,144.04
1301,8.0,144.05
1302,16.5607843137,144.06
1303,6.0,144.07
1304,8.0,144.07
1305,11.0,144.08
1306,9.0,144.09
1307,16.0,144.11
1308,14.0,144.12
1309,7.0,144.13
1310,14.0,144.14
1311,13.968627451,144.15
1312,10.6705882353,144.16
1313,4.0,144.16
1314,13.0,144.18
1315,5.0,144.18
1316,11.0,144.19
1317,8.0,144.20
1318,7.0,144.20
1319,7.0,144.21
1320,7.0,144.22
1321,8.0,144.22
1322,10.0,144.23
1323,5.0,144.24
1324,8.14117647059,144.24
1325,6.0,144.25
1326,12.4823529412,144.26
1327,8.25098039216,144.27
1328,9.0,144.28
1329,11.1882352941,144.29
1330,3.0,144.29
1331,8.0,144.30
1332,4.0,144.30
1333,5.30980392157,144.31
1334,7.0,144.31
1335,8.43529411765,144.32
1336,7.30980392157,144.33
1337,8.82745098039,144.33
1338,9.0,144.34
1339,4.0,144.35
1340,7.0,144.35
1341,4.0,144.36
1342,11.1568627451,144.37
1343,12.0,144.38
1344,8.0,144.38
1345,8.74901960784,144.39
1346,9.25098039216,144.40
1347,5.0,144.40
1348,9.90588235294,144.41
1349,5.0,144.42
1350,10.0,144.43
1351,7.0,144.43
1352,1.0,144.43
1353,8.40392156863,144.44
1354,4.96862745098,144.45
1355,7.0,144.45
1356,7.70196078431,144.46
1357,6.03137254902,144.46
1358,13.0,144.48
1359,10.0,144.49
1360,9.74901960784,144.49
1361,7.0,144.50
1362,4.81176470588,144.50
1363,10.0,144.51
1364,11.0,144.52
1365,2.27843137255,144.53
1366,3.0,144.53
1367,9.0,144.54
1368,5.0,144.54
1369,5.0,144.55
1370,9.92156862745,144.55
1371,8.0,144.56
1372,10.2784313725,144.57
1373,7.65490196078,144.58
1374,8.0,144.58
1375,3.5137254902,144.59
1376,7.09411764706,144.59
1377,8.0,144.60
1378,8.0,144.61
1379,10.8117647059,144.62
1380,4.0,144.62
1381,6.0,144.63
1382,9.0,144.64
1383,3.71764705882,144.64
1384,12.0,144.65
1385,9.17254901961,144.66
1386,11.7764705882,144.67
1387,4.0,144.67
1388,6.60784313725,144.68
1389,6.0,144.68
1390,9.96862745098,144.69
1391,9.0,144.70
1392,6.0,144.71
1393,9.0,144.71
1394,6.0,144.72
1395,12.0,144.73
1396,7.79607843137,144.74
1397,4.30980392157,144.74
1398,11.0,144.75
1399,13.0,144.76
1400,4.0,144.77
1401,12.0784313725,144.78
1402,4.0,144.78
1403,6.0,144.79
1404,5.1568627451,144.79
1405,12.0,144.80
1406,9.30980392157,144.81
1407,11.0,144.82
1408,5.01568627451,144.82
1409,10.4823529412,144.83
1410,14.0431372549,144.85
1411,11.0,144.86
1412,17.0,144.87
1413,12.0,144.88
1414,12.0,144.89
1415,10.0,144.90
1416,13.0,144.91
1417,8.0,144.92
1418,9.0,144.93
1419,13.0,144.94
1420,9.0,144.95
1421,6.0,144.95
1422,11.0,144.96
1423,14.0,144.98
1424,5.0,144.98
1425,6.0,144.99
1426,8.0,144.99
1427,9.0,145.00
1428,10.0,145.01
1429,12.0,145.02
1430,10.0,145.03
1431,9.0,145.04
1432,7.0,145.05
1433,11.0,145.06
1434,9.0,145.06
1435,4.0,145.07
1436,4.0,145.07
1437,8.0,145.08
1438,2.0,145.08
1439,8.0,145.09
1440,7.0,145.09
1441,12.0,145.10
1442,17.0,145.12
1443,11.0,145.13
1444,3.0,145.13
1445,4.0,145.14
1446,7.0,145.14
1447,7.0,145.15
1448,13.0,145.16
1449,6.0,145.16
1450,8.0,145.17
1451,12.0,145.18
1452,9.0,145.19
1453,13.0,145.20
1454,5.0,145.21
1455,13.0,145.22
1456,13.0,145.23
1457,15.0,145.24
1458,13.0,145.26
1459,13.0,145.27
1460,4.0,145.27
1461,7.0,145.28
1462,8.0,145.28
1463,7.0,145.29
1464,12.0,145.30
1465,9.0,145.31
1466,2.0,145.31