Elevation,Area,CumArea
1409,2.0,0.00
1410,3.0,0.00
1411,8.0,0.01
1412,14.0,0.02
1413,34.0,0.05
1414,57.8117647059,0.11
1415,60.4117647059,0.16
1416,53.8588235294,0.21
1417,47.3725490196,0.25
1418,46.0156862745,0.29
1419,44.3254901961,0.33
1420,43.8901960784,0.37
1421,42.6705882353,0.41
1422,56.0,0.46
1423,67.031372549,0.52
1424,127.435294118,0.64
1425,475.0,1.06
1426,264.015686275,1.30
1427,219.090196078,1.50
1428,221.670588235,1.70
1429,228.0,1.90
1430,244.0,2.12
1431,232.058823529,2.33
1432,215.0,2.53
1433,187.51372549,2.69
1434,185.270588235,2.86
1435,143.901960784,2.99
1436,148.211764706,3.12
1437,132.764705882,3.24
1438,130.196078431,3.36
1439,107.643137255,3.46
1440,99.7607843137,3.55
1441,117.933333333,3.65
1442,85.3882352941,3.73
1443,125.0,3.84
1444,95.2156862745,3.93
1445,76.6235294118,4.00
1446,94.0274509804,4.08
1447,74.2274509804,4.15
1448,78.9647058824,4.22
1449,74.2901960784,4.29
1450,64.5176470588,4.35
1451,53.5725490196,4.39
1452,50.1725490196,4.44
1453,59.9215686275,4.49
1454,47.8745098039,4.54
1455,33.5764705882,4.57
1456,50.4196078431,4.61
1457,39.5921568627,4.65
1458,41.3098039216,4.68
1459,39.2274509804,4.72
1460,42.9843137255,4.76
1461,33.7137254902,4.79
1462,43.2117647059,4.83
1463,53.0745098039,4.88
1464,42.0431372549,4.91
1465,43.4941176471,4.95
1466,37.1098039216,4.99
1467,37.4352941176,5.02
1468,41.2784313725,5.06
1469,20.3921568627,5.07
1470,19.968627451,5.09
1471,22.5450980392,5.11
1472,23.0,5.13
1473,25.0,5.16
1474,23.8745098039,5.18
1475,22.8862745098,5.20
1476,24.0,5.22
1477,13.0941176471,5.23
1478,27.0470588235,5.26
1479,23.9215686275,5.28
1480,21.0,5.30
1481,18.0,5.31
1482,25.9529411765,5.34
1483,25.0470588235,5.36
1484,21.0,5.38
1485,17.3450980392,5.39
1486,16.0,5.41
1487,26.1725490196,5.43
1488,16.8078431373,5.45
1489,18.0,5.46
1490,16.3882352941,5.48
1491,27.0,5.50
1492,14.5450980392,5.51
1493,12.6862745098,5.53
1494,26.1254901961,5.55
1495,11.3725490196,5.56
1496,15.3098039216,5.57
1497,19.2509803922,5.59
1498,17.8274509804,5.61
1499,19.0156862745,5.62
1500,12.2352941176,5.63
1501,13.0,5.65
1502,15.6862745098,5.66
1503,20.6392156863,5.68
1504,9.70196078431,5.69
1505,16.0,5.70
1506,21.8666666667,5.72
1507,14.5607843137,5.74
1508,11.0941176471,5.75
1509,7.0,5.75
1510,7.0,5.76
1511,6.62352941176,5.76
1512,6.0,5.77
1513,17.2509803922,5.78
1514,6.0,5.79
1515,10.0,5.80
1516,6.0,5.80
1517,11.1254901961,5.81
1518,10.0,5.82
1519,14.0,5.84
1520,8.0,5.84
1521,14.0,5.86
1522,12.0,5.87
1523,14.0941176471,5.88
1524,15.6862745098,5.89
1525,10.0,5.90
1526,12.4352941176,5.91
1527,10.5921568627,5.92
1528,9.60784313725,5.93
1529,16.062745098,5.95
1530,5.76470588235,5.95
1531,9.16862745098,5.96
1532,17.6352941176,5.98
1533,13.6078431373,5.99
1534,4.0,5.99
1535,14.0,6.00
1536,6.0,6.01
1537,2.40392156863,6.01
1538,6.0,6.02
1539,6.8431372549,6.02
1540,2.03137254902,6.02
1541,5.92156862745,6.03
1542,3.96862745098,6.03
1543,3.0,6.04
1544,5.0,6.04
1545,4.20392156863,6.04
1546,4.0,6.05
1547,2.85882352941,6.05
1548,4.0,6.05
1549,0.156862745098,6.05
1550,3.52941176471,6.06
1551,5.0,6.06
1552,5.0,6.07
1553,6.0,6.07
1554,2.8431372549,6.07
1555,1.0,6.08
1556,1.0,6.08
1557,1.0,6.08
1558,1.0,6.08
1559,2.01568627451,6.08
1560,3.62352941176,6.08
1561,4.0,6.09
1562,2.0,6.09
1563,1.0,6.09
1564,1.0,6.09
1566,2.05882352941,6.09
1567,2.0,6.09
1568,2.0,6.10
1570,3.0,6.10
1571,2.0,6.10
1572,0.513725490196,6.10
1573,1.0,6.10
1575,1.95294117647,6.10
1577,3.0,6.11
1578,1.0,6.11
1579,1.0,6.11
1580,1.56078431373,6.11
1581,2.37254901961,6.11
1583,0.109803921569,6.11
1584,2.90588235294,6.11
1585,1.0,6.12
1587,0.733333333333,6.12