Elevation,Area,CumArea
1187,2.0,0.00
1188,2.0,0.00
1189,4.0,0.01
1190,10.0,0.02
1191,9.0,0.02
1192,9.0,0.03
1193,23.0,0.05
1194,40.0,0.09
1195,57.0,0.14
1196,72.0,0.21
1197,116.866666667,0.31
1198,545.0,0.80
1199,387.0,1.15
1200,237.0,1.36
1201,315.17254902,1.65
1202,375.952941176,1.98
1203,418.764705882,2.36
1204,434.090196078,2.75
1205,414.101960784,3.12
1206,498.192156863,3.57
1207,563.152941176,4.08
1208,759.078431373,4.76
1209,753.807843137,5.44
1210,628.325490196,6.01
1211,521.290196078,6.48
1212,586.215686275,7.00
1213,519.478431373,7.47
1214,505.964705882,7.93
1215,525.588235294,8.40
1216,479.933333333,8.83
1217,395.356862745,9.19
1218,413.898039216,9.56
1219,448.760784314,9.96
1220,423.745098039,10.35
1221,455.745098039,10.76
1222,497.333333333,11.20
1223,488.023529412,11.64
1224,480.635294118,12.07
1225,539.764705882,12.56
1226,581.450980392,13.08
1227,582.670588235,13.61
1228,575.415686275,14.13
1229,660.078431373,14.72
1230,711.749019608,15.36
1231,713.996078431,16.00
1232,676.28627451,16.61
1233,667.345098039,17.21
1234,760.678431373,17.90
1235,722.57254902,18.55
1236,716.011764706,19.19
1237,703.08627451,19.82
1238,677.698039216,20.43
1239,751.152941176,21.11
1240,845.415686275,21.87
1241,838.937254902,22.63
1242,875.450980392,23.41
1243,900.729411765,24.23
1244,844.423529412,24.99
1245,895.0,25.79
1246,943.639215686,26.64
1247,986.078431373,27.53
1248,953.870588235,28.39
1249,965.662745098,29.26
1250,1101.99607843,30.25
1251,1153.40784314,31.28
1252,1170.83529412,32.34
1253,1259.37254902,33.47
1254,1227.98039216,34.58
1255,1249.75294118,35.70
1256,1366.36470588,36.93
1257,1575.22745098,38.35
1258,1916.83921569,40.07
1259,388316.14902,389.56
1260,10301.6666667,398.83
1261,13909.2196078,411.35
1262,15464.6705882,425.27
1263,17752.3215686,441.24
1264,19902.7764706,459.16
1265,20375.745098,477.49
1266,20951.8078431,496.35
1267,21424.6980392,515.63
1268,21377.4,534.87
1269,21039.2627451,553.81
1270,20310.8509804,572.09
1271,20169.5490196,590.24
1272,19771.345098,608.04
1273,19459.6784314,625.55
1274,18882.9137255,642.54
1275,18870.3254902,659.53
1276,19150.8313725,676.76
1277,18991.2980392,693.85
1278,19677.8352941,711.56
1279,19727.5333333,729.32
1280,20045.5568627,747.36
1281,20013.0705882,765.37
1282,19422.1137255,782.85
1283,19030.6823529,799.98
1284,18557.0745098,816.68
1285,18241.1333333,833.10
1286,17590.3098039,848.93
1287,17747.4588235,864.90
1288,17468.7058824,880.62
1289,17487.6470588,896.36
1290,16868.4627451,911.54
1291,16334.5098039,926.25
1292,16011.9254902,940.66
1293,15156.8823529,954.30
1294,14397.2901961,967.26
1295,14395.4627451,980.21
1296,13697.3803922,992.54
1297,13906.8431373,1005.06
1298,13731.4862745,1017.41
1299,13125.1019608,1029.23
1300,12846.0392157,1040.79
1301,12243.3490196,1051.81
1302,12192.0627451,1062.78
1303,11501.0941176,1073.13
1304,11213.0431373,1083.22
1305,10666.6666667,1092.82
1306,10382.8039216,1102.17
1307,10054.8117647,1111.22
1308,9564.27058824,1119.82
1309,9372.18431373,1128.26
1310,9154.19607843,1136.50
1311,8769.94509804,1144.39
1312,8822.39215686,1152.33
1313,8341.67058824,1159.84
1314,8046.89411765,1167.08
1315,7649.84313725,1173.97
1316,7429.0,1180.65
1317,7300.97647059,1187.22
1318,7064.56078431,1193.58
1319,6980.00392157,1199.86
1320,6972.6745098,1206.14
1321,6864.4745098,1212.32
1322,6499.65490196,1218.17
1323,6302.12156863,1223.84
1324,5907.85882353,1229.15
1325,5940.70980392,1234.50
1326,5689.38431373,1239.62
1327,5343.87843137,1244.43
1328,5169.67843137,1249.08
1329,5078.36078431,1253.65
1330,4910.43529412,1258.07
1331,4772.72156863,1262.37
1332,4445.42352941,1266.37
1333,4084.59607843,1270.05
1334,3926.05490196,1273.58
1335,3743.2627451,1276.95
1336,3451.68627451,1280.05
1337,3383.11372549,1283.10
1338,3311.43529412,1286.08
1339,3114.45490196,1288.88
1340,3131.86666667,1291.70
1341,3029.41568627,1294.43
1342,2854.5372549,1297.00
1343,2783.38431373,1299.50
1344,2893.7372549,1302.11
1345,2939.24705882,1304.75
1346,2766.89411765,1307.24
1347,2787.60784314,1309.75
1348,2813.45490196,1312.28
1349,2712.05882353,1314.72
1350,2654.96862745,1317.11
1351,2581.73333333,1319.44
1352,2584.08627451,1321.76
1353,2483.72156863,1324.00
1354,2466.74117647,1326.22
1355,2388.08627451,1328.37
1356,2565.08627451,1330.68
1357,2624.10980392,1333.04
1358,2474.6627451,1335.26
1359,2443.09019608,1337.46
1360,2452.05882353,1339.67
1361,2465.56470588,1341.89
1362,2414.6,1344.06
1363,2286.57647059,1346.12
1364,2343.09019608,1348.23
1365,2131.77254902,1350.15
1366,2081.62352941,1352.02
1367,2142.72941176,1353.95
1368,1880.03529412,1355.64
1369,1923.03137255,1357.37
1370,1864.63137255,1359.05
1371,1732.96470588,1360.61
1372,1756.41960784,1362.19
1373,1723.40784314,1363.74
1374,1631.52156863,1365.21
1375,1570.61176471,1366.62
1376,1456.14901961,1367.93
1377,1460.8,1369.25
1378,1417.94509804,1370.53
1379,1349.84313725,1371.74
1380,1310.10196078,1372.92
1381,1325.63137255,1374.11
1382,1266.68235294,1375.25
1383,1247.16470588,1376.38
1384,1187.33333333,1377.44
1385,1210.24313725,1378.53
1386,1129.58431373,1379.55
1387,1046.42352941,1380.49
1388,1048.8627451,1381.44
1389,937.964705882,1382.28
1390,948.721568627,1383.13
1391,914.082352941,1383.96
1392,970.8,1384.83
1393,922.007843137,1385.66
1394,870.901960784,1386.44
1395,824.176470588,1387.19
1396,819.647058824,1387.92
1397,771.309803922,1388.62
1398,789.278431373,1389.33
1399,715.57254902,1389.97
1400,702.482352941,1390.60
1401,727.239215686,1391.26
1402,680.968627451,1391.87
1403,714.458823529,1392.51
1404,627.388235294,1393.08
1405,617.498039216,1393.63
1406,662.784313725,1394.23
1407,599.815686275,1394.77
1408,597.8,1395.31
1409,563.105882353,1395.82
1410,533.454901961,1396.30
1411,544.11372549,1396.79
1412,586.047058824,1397.31
1413,555.309803922,1397.81
1414,508.533333333,1398.27
1415,515.380392157,1398.73
1416,500.141176471,1399.18
1417,494.945098039,1399.63
1418,469.62745098,1400.05
1419,413.180392157,1400.42
1420,443.243137255,1400.82
1421,396.992156863,1401.18
1422,424.725490196,1401.56
1423,446.121568627,1401.96
1424,361.498039216,1402.29
1425,402.4,1402.65
1426,426.803921569,1403.04
1427,459.37254902,1403.45
1428,407.2,1403.82
1429,380.88627451,1404.16
1430,388.992156863,1404.51
1431,422.666666667,1404.89
1432,418.51372549,1405.27
1433,355.352941176,1405.59
1434,330.0,1405.88
1435,348.780392157,1406.20
1436,344.498039216,1406.51
1437,309.203921569,1406.78
1438,326.435294118,1407.08
1439,314.921568627,1407.36
1440,329.0,1407.66
1441,323.717647059,1407.95
1442,308.545098039,1408.23
1443,302.654901961,1408.50
1444,284.874509804,1408.76
1445,303.639215686,1409.03
1446,313.325490196,1409.31
1447,278.811764706,1409.56
1448,261.137254902,1409.80
1449,257.764705882,1410.03
1450,268.921568627,1410.27
1451,313.109803922,1410.55
1452,262.792156863,1410.79
1453,268.109803922,1411.03
1454,292.901960784,1411.29
1455,264.203921569,1411.53
1456,256.419607843,1411.76
1457,281.639215686,1412.02
1458,247.184313725,1412.24
1459,257.058823529,1412.47
1460,281.294117647,1412.72
1461,248.949019608,1412.95
1462,276.576470588,1413.20
1463,236.796078431,1413.41
1464,236.125490196,1413.62
1465,259.37254902,1413.86
1466,277.498039216,1414.11
1467,254.68627451,1414.33
1468,244.592156863,1414.55
1469,217.0,1414.75
1470,240.168627451,1414.97
1471,206.450980392,1415.15
1472,219.188235294,1415.35
1473,213.0,1415.54
1474,179.964705882,1415.70
1475,204.717647059,1415.89
1476,214.058823529,1416.08
1477,194.529411765,1416.25
1478,177.0,1416.41
1479,167.976470588,1416.57
1480,164.780392157,1416.71
1481,146.090196078,1416.84
1482,156.529411765,1416.99
1483,161.921568627,1417.13
1484,138.937254902,1417.26
1485,147.0,1417.39
1486,149.309803922,1417.52
1487,147.996078431,1417.66
1488,136.0,1417.78
1489,141.792156863,1417.91
1490,152.0,1418.04
1491,135.0,1418.16
1492,118.031372549,1418.27
1493,168.811764706,1418.42
1494,130.0,1418.54
1495,134.466666667,1418.66
1496,153.047058824,1418.80
1497,163.278431373,1418.95
1498,145.278431373,1419.08
1499,184.074509804,1419.24
1500,135.51372549,1419.36
1501,144.047058824,1419.49
1502,139.980392157,1419.62
1503,147.592156863,1419.75
1504,174.764705882,1419.91
1505,135.450980392,1420.03
1506,154.905882353,1420.17
1507,142.980392157,1420.30
1508,132.37254902,1420.42
1509,155.015686275,1420.56
1510,125.917647059,1420.67
1511,139.843137255,1420.80
1512,152.0,1420.93
1513,148.937254902,1421.07
1514,115.0,1421.17
1515,92.1725490196,1421.25
1516,98.0,1421.34
1517,103.0,1421.44
1518,86.0,1421.51
1519,85.0,1421.59
1520,70.0,1421.65
1521,62.0,1421.71
1522,58.5607843137,1421.76
1523,58.0,1421.81
1524,56.0,1421.86
1525,57.0,1421.92
1526,49.0,1421.96
1527,38.7333333333,1421.99
1528,50.0,1422.04
1529,47.0,1422.08
1530,49.2784313725,1422.13
1531,38.0,1422.16
1532,55.0,1422.21
1533,50.0,1422.25
1534,38.0,1422.29
1535,49.0,1422.33
1536,39.0,1422.37
1537,51.0156862745,1422.41
1538,39.0,1422.45
1539,46.0,1422.49
1540,46.0,1422.53
1541,38.8274509804,1422.57
1542,33.0,1422.60
1543,33.0,1422.63
1544,41.0,1422.66
1545,47.0,1422.71
1546,26.0,1422.73
1547,57.0,1422.78
1548,48.1882352941,1422.82
1549,40.0,1422.86
1550,45.0,1422.90
1551,52.0,1422.95
1552,42.0,1422.98
1553,57.0,1423.04
1554,53.0,1423.08
1555,51.0784313725,1423.13
1556,46.0,1423.17
1557,45.0,1423.21
1558,61.0,1423.27
1559,51.0,1423.31
1560,35.0,1423.34
1561,49.0,1423.39
1562,62.0,1423.44
1563,49.0,1423.49
1564,36.0,1423.52
1565,39.0,1423.55
1566,32.0,1423.58
1567,28.0,1423.61
1568,36.0,1423.64
1569,26.0156862745,1423.66
1570,46.0,1423.71
1571,28.0,1423.73
1572,28.0,1423.76
1573,36.0,1423.79
1574,25.0,1423.81
1575,38.0,1423.85
1576,31.8274509804,1423.87
1577,39.0,1423.91
1578,35.2941176471,1423.94
1579,32.0,1423.97
1580,30.0,1424.00
1581,38.0,1424.03
1582,41.6705882353,1424.07
1583,36.0,1424.10
1584,25.0,1424.12
1585,34.4509803922,1424.15
1586,28.968627451,1424.18
1587,34.0,1424.21
1588,31.0,1424.24
1589,26.0,1424.26
1590,34.0,1424.29
1591,14.0,1424.31
1592,35.0784313725,1424.34
1593,25.0,1424.36
1594,25.0,1424.38
1595,26.0,1424.41
1596,27.0,1424.43
1597,25.0,1424.45
1598,27.9843137255,1424.48
1599,25.0,1424.50
1600,24.6862745098,1424.52
1601,24.0,1424.54
1602,20.3098039216,1424.56
1603,31.0,1424.59
1604,14.0,1424.60
1605,14.0,1424.62
1606,14.0,1424.63
1607,7.92156862745,1424.64
1608,9.01568627451,1424.64
1609,7.0,1424.65
1610,4.07843137255,1424.65
1611,5.0,1424.66
1612,3.0,1424.66
1613,4.0,1424.66
1614,8.21568627451,1424.67
1615,7.0,1424.68
1616,4.0,1424.68
1617,6.56078431373,1424.69
1618,5.0,1424.69
1619,3.0,1424.69
1620,3.0,1424.70
1621,2.0,1424.70
1622,8.0,1424.71
1623,1.0,1424.71
1624,1.0,1424.71
1625,6.18823529412,1424.71
1626,3.0,1424.72
1627,2.0,1424.72
1628,9.0,1424.73
1629,7.0,1424.73
1631,2.0,1424.73
1632,3.0,1424.74
1633,8.0,1424.74
1634,3.0,1424.75
1635,3.0,1424.75
1636,4.0,1424.75
1637,2.0,1424.75
1638,2.0,1424.76
1639,4.0,1424.76
1640,5.0,1424.76
1641,1.0,1424.77
1642,3.0,1424.77
1643,3.0,1424.77
1644,3.0,1424.77
1645,3.0,1424.78
1646,2.0,1424.78
1648,1.0,1424.78
1649,2.0,1424.78
1650,2.0,1424.78
1651,2.0,1424.78
1652,1.0,1424.79
1655,1.0,1424.79
1657,1.0,1424.79