Elevation,Area,CumArea
49,2.0,0.00
50,5.0,0.01
51,4.0,0.01
52,15.0,0.02
53,31.8274509804,0.05
54,93.3843137255,0.14
55,160.882352941,0.28
56,331.760784314,0.58
57,530.352941176,1.06
58,789.615686275,1.77
59,1165.68627451,2.82
60,1357.2,4.04
61,1712.69019608,5.58
62,1827.67843137,7.22
63,1948.54509804,8.98
64,2143.70588235,10.91
65,2269.22352941,12.95
66,2367.82352941,15.08
67,2396.97254902,17.24
68,2330.77254902,19.34
69,2469.09411765,21.56
70,2366.99215686,23.69
71,2493.97647059,25.93
72,2552.8745098,28.23
73,20388.5137255,46.58
74,2825.25490196,49.12
75,2707.25882353,51.56
76,2564.50980392,53.87
77,2380.76470588,56.01
78,2127.04313725,57.92
79,2087.79215686,59.80
80,1997.72156863,61.60
81,1862.95686275,63.28
82,1784.77254902,64.88
83,1522.02745098,66.25
84,1375.04313725,67.49
85,1436.23529412,68.78
86,1525.47843137,70.16
87,1443.99607843,71.46
88,1461.0745098,72.77
89,1317.0,73.96
90,1204.57647059,75.04
91,998.505882353,75.94
92,941.807843137,76.79
93,760.152941176,77.47
94,788.498039216,78.18
95,766.635294118,78.87
96,722.592156863,79.52
97,650.733333333,80.11
98,544.905882353,80.60
99,520.921568627,81.07
100,482.435294118,81.50
101,493.560784314,81.94
102,445.278431373,82.35
103,410.015686275,82.71
104,343.356862745,83.02
105,304.588235294,83.30
106,359.698039216,83.62
107,348.015686275,83.93
108,350.811764706,84.25
109,320.639215686,84.54
110,297.654901961,84.81
111,300.309803922,85.08
112,258.623529412,85.31
113,273.388235294,85.56
114,294.309803922,85.82
115,295.733333333,86.09
116,260.984313725,86.32
117,276.670588235,86.57
118,276.105882353,86.82
119,208.325490196,87.01
120,263.094117647,87.24
121,253.529411765,87.47
122,231.607843137,87.68
123,272.0,87.93
124,209.749019608,88.11
125,206.0,88.30
126,243.870588235,88.52
127,205.078431373,88.70
128,206.015686275,88.89
129,195.388235294,89.06
130,196.525490196,89.24
131,189.0,89.41
132,159.015686275,89.55
133,172.937254902,89.71
134,166.639215686,89.86
135,175.043137255,90.02
136,160.0,90.16
137,156.82745098,90.30
138,151.0,90.44
139,143.811764706,90.57
140,122.403921569,90.68
141,119.235294118,90.79
142,145.545098039,90.92
143,126.17254902,91.03
144,111.0,91.13
145,137.984313725,91.25
146,100.184313725,91.34
147,118.0,91.45
148,115.0,91.55
149,89.0,91.63
150,125.623529412,91.75
151,104.062745098,91.84
152,91.5294117647,91.92
153,110.325490196,92.02
154,89.0,92.10
155,83.0,92.18
156,88.0,92.26
157,74.6549019608,92.32
158,99.0941176471,92.41
159,77.0470588235,92.48
160,81.0,92.56
161,67.0,92.62
162,80.4039215686,92.69
163,76.7490196078,92.76
164,87.0,92.84
165,83.0,92.91
166,67.6078431373,92.97
167,66.1254901961,93.03
168,68.0,93.09
169,61.0,93.15
170,69.4980392157,93.21
171,69.0,93.27
172,73.0,93.34
173,79.031372549,93.41
174,53.3725490196,93.46
175,57.8588235294,93.51
176,65.0,93.57
177,51.262745098,93.61
178,72.0,93.68
179,71.0,93.74
180,71.0,93.81
181,54.0,93.85
182,51.1098039216,93.90
183,50.0,93.95
184,64.6392156863,94.00
185,70.0,94.07
186,54.0,94.11
187,53.0,94.16
188,52.6862745098,94.21
189,64.0784313725,94.27
190,53.0,94.32
191,68.0,94.38
192,47.937254902,94.42
193,49.0,94.46
194,56.1882352941,94.51
195,45.0,94.55
196,56.0,94.61
197,45.6235294118,94.65
198,43.4039215686,94.69
199,51.9843137255,94.73
200,54.0,94.78
201,63.1411764706,94.84
202,49.0,94.88
203,47.0,94.92
204,58.0,94.98
205,43.0,95.01
206,49.5921568627,95.06
207,47.7803921569,95.10
208,36.0,95.13
209,65.0,95.19
210,47.0,95.24
211,55.968627451,95.29
212,45.0,95.33
213,52.0,95.37
214,41.0941176471,95.41
215,55.0,95.46
216,36.1725490196,95.49
217,49.5294117647,95.54
218,49.9843137255,95.58
219,44.0,95.62
220,54.0,95.67
221,38.937254902,95.71
222,45.0,95.75
223,38.0,95.78
224,38.062745098,95.81
225,68.0,95.88
226,42.0,95.91
227,41.4980392157,95.95
228,38.0,95.98
229,31.0,96.01
230,40.5450980392,96.05
231,56.0,96.10
232,44.0,96.14
233,44.9058823529,96.18
234,42.0,96.22
235,54.031372549,96.27
236,31.0,96.29
237,51.0,96.34
238,39.0,96.37
239,30.0,96.40
240,42.0,96.44
241,40.0,96.48
242,44.4823529412,96.52
243,35.8745098039,96.55
244,43.0,96.59
245,51.0,96.63
246,46.0,96.67
247,32.0,96.70
248,35.0,96.73
249,41.8588235294,96.77
250,41.0,96.81
251,42.0156862745,96.85
252,36.2941176471,96.88
253,44.0,96.92
254,38.0,96.95
255,44.0,96.99
256,31.0,97.02
257,39.0,97.06
258,32.0,97.08
259,40.3725490196,97.12
260,47.0,97.16
261,40.6862745098,97.20
262,30.0,97.23
263,40.0,97.26
264,42.0,97.30
265,39.0,97.34
266,44.0,97.38
267,34.8274509804,97.41
268,35.0,97.44
269,35.0156862745,97.47
270,34.0,97.50
271,33.7803921569,97.53
272,33.0,97.56
273,36.0,97.59
274,35.0,97.62
275,37.0470588235,97.66
276,38.0,97.69
277,43.3098039216,97.73
278,39.0,97.77
279,31.0,97.79
280,35.0,97.83
281,27.0,97.85
282,35.0,97.88
283,29.0,97.91
284,35.0,97.94
285,35.0,97.97
286,48.9058823529,98.01
287,34.0,98.04
288,29.1882352941,98.07
289,33.0,98.10
290,36.0,98.13
291,35.0,98.16
292,26.0,98.19
293,28.0,98.21
294,24.0,98.23
295,27.0,98.26
296,40.0,98.30
297,31.0,98.32
298,42.7490196078,98.36
299,36.0,98.39
300,27.0,98.42
301,36.0,98.45
302,28.0,98.48
303,24.0,98.50
304,26.0,98.52
305,32.8431372549,98.55
306,28.1254901961,98.58
307,33.0,98.61
308,31.0,98.63
309,25.0,98.66
310,31.0,98.68
311,38.2352941176,98.72
312,41.0,98.75
313,31.0,98.78
314,22.0,98.80
315,33.0,98.83
316,25.0,98.85
317,31.0,98.88
318,36.0,98.92
319,33.062745098,98.94
320,27.0,98.97
321,28.6862745098,99.00
322,32.7647058824,99.02
323,31.0,99.05
324,24.0,99.07
325,31.0,99.10
326,34.1411764706,99.13
327,42.0941176471,99.17
328,29.0,99.20
329,22.2039215686,99.22
330,27.6392156863,99.24
331,35.7647058824,99.27
332,32.2980392157,99.30
333,29.6549019608,99.33
334,31.6392156863,99.36
335,30.9647058824,99.39
336,33.2352941176,99.42
337,35.937254902,99.45
338,39.6549019608,99.48
339,26.8745098039,99.51
340,30.0,99.53
341,46.3254901961,99.58
342,29.0,99.60
343,30.0,99.63
344,41.4196078431,99.67
345,37.5764705882,99.70
346,32.0,99.73
347,30.0,99.76
348,35.0,99.79
349,40.9843137255,99.83
350,34.6235294118,99.86
351,38.937254902,99.89
352,36.1411764706,99.92
353,33.0,99.95
354,44.0,99.99
355,40.4666666667,100.03
356,45.0,100.07
357,39.0,100.11
358,40.4352941176,100.14
359,32.1843137255,100.17
360,30.5294117647,100.20
361,34.0,100.23
362,28.3725490196,100.25
363,37.0,100.29
364,31.0,100.32
365,41.0,100.35
366,32.0,100.38
367,39.0,100.42
368,37.968627451,100.45
369,41.1098039216,100.49
370,26.3254901961,100.51
371,35.1098039216,100.54
372,34.0,100.57
373,29.0,100.60
374,33.2941176471,100.63
375,34.0,100.66
376,22.4039215686,100.68
377,39.5607843137,100.72
378,24.7019607843,100.74
379,28.0,100.76
380,40.9529411765,100.80
381,29.0,100.83
382,26.2352941176,100.85
383,41.0,100.89
384,28.0,100.91
385,27.0,100.94
386,38.062745098,100.97
387,35.0,101.00
388,33.0,101.03
389,34.4509803922,101.06
390,33.5607843137,101.09
391,40.2352941176,101.13
392,36.937254902,101.16
393,37.062745098,101.20
394,28.0,101.22
395,25.0,101.24
396,36.2509803922,101.28
397,44.0,101.32
398,25.0,101.34
399,37.0,101.37
400,28.0,101.40
401,22.6549019608,101.42
402,34.0,101.45
403,37.0,101.48
404,25.0,101.50
405,24.0,101.52
406,19.0,101.54
407,28.0,101.57
408,30.0,101.59
409,22.0,101.61
410,35.0,101.65
411,37.6078431373,101.68
412,27.0,101.70
413,29.0,101.73
414,25.0470588235,101.75
415,31.0,101.78
416,33.4039215686,101.81
417,40.0,101.85
418,25.0,101.87
419,26.0,101.89
420,26.0,101.92
421,30.0,101.94
422,23.0,101.96
423,25.0,101.99
424,25.0,102.01
425,34.0470588235,102.04
426,16.8117647059,102.05
427,28.0,102.08
428,31.0,102.11
429,34.4980392157,102.14
430,27.8745098039,102.16
431,34.2156862745,102.19
432,39.0,102.23
433,32.968627451,102.26
434,42.4666666667,102.30
435,33.9843137255,102.33
436,30.0,102.35
437,40.6235294118,102.39
438,27.8274509804,102.42
439,31.8588235294,102.44
440,29.3725490196,102.47
441,27.0,102.50
442,46.5019607843,102.54
443,29.4196078431,102.56
444,36.5294117647,102.60
445,29.4352941176,102.62
446,39.968627451,102.66
447,44.0,102.70
448,36.2509803922,102.73
449,43.2823529412,102.77
450,35.0,102.80
451,28.7647058824,102.83
452,30.0156862745,102.85
453,28.6549019608,102.88
454,31.0,102.91
455,35.6549019608,102.94
456,34.0,102.97
457,38.031372549,103.01
458,35.0,103.04
459,29.0,103.06
460,32.5921568627,103.09
461,33.1254901961,103.12
462,34.7960784314,103.15
463,34.3725490196,103.18
464,31.9215686275,103.21
465,37.4666666667,103.25
466,33.0,103.28
467,36.9215686275,103.31
468,42.3215686275,103.35
469,35.2980392157,103.38
470,35.2941176471,103.41
471,42.8705882353,103.45
472,38.7647058824,103.48
473,31.8862745098,103.51
474,38.0,103.55
475,36.6078431373,103.58
476,37.8745098039,103.61
477,38.937254902,103.65
478,36.7176470588,103.68
479,44.3411764706,103.72
480,43.6705882353,103.76
481,31.9215686275,103.79
482,47.0588235294,103.83
483,31.0470588235,103.86
484,46.0274509804,103.90
485,45.168627451,103.94
486,54.4980392157,103.99
487,37.7137254902,104.03
488,46.5098039216,104.07
489,34.8705882353,104.10
490,48.7490196078,104.14
491,49.2784313725,104.19
492,56.2980392157,104.24
493,47.5725490196,104.28
494,49.4196078431,104.33
495,52.1843137255,104.37
496,54.2745098039,104.42
497,61.4823529412,104.48
498,58.031372549,104.53
499,67.3254901961,104.59
500,67.0,104.65
501,53.3411764706,104.70
502,53.8235294118,104.75
503,68.5450980392,104.81
504,57.0,104.86
505,48.3215686275,104.90
506,63.8549019608,104.96
507,36.0,104.99
508,61.3254901961,105.05
509,58.7960784314,105.10
510,63.6862745098,105.16
511,56.368627451,105.21
512,54.2509803922,105.26
513,48.8431372549,105.30
514,65.0,105.36
515,54.0,105.41
516,46.1568627451,105.45
517,55.0,105.50
518,56.0,105.55
519,56.0,105.60
520,63.0,105.66
521,50.0,105.70
522,63.1411764706,105.76
523,56.1254901961,105.81
524,63.0156862745,105.87
525,38.968627451,105.90
526,50.1254901961,105.95
527,47.0,105.99
528,64.9058823529,106.05
529,62.1411764706,106.10
530,57.0,106.15
531,48.0,106.20
532,49.0,106.24
533,60.6705882353,106.30
534,64.0,106.35
535,59.0,106.41
536,40.0,106.44
537,38.0,106.48
538,55.0,106.53
539,51.0,106.57
540,63.0,106.63
541,51.0,106.68
542,52.937254902,106.72
543,49.0,106.77
544,49.0,106.81
545,35.9333333333,106.84
546,51.0,106.89
547,60.0,106.94
548,36.0,106.98
549,57.0,107.03
550,46.0,107.07
551,42.6078431373,107.11
552,49.0,107.15
553,54.0,107.20
554,48.0,107.24
555,50.0,107.29
556,50.7176470588,107.33
557,50.0,107.38
558,45.5607843137,107.42
559,57.0,107.47
560,36.0,107.50
561,63.8431372549,107.56
562,49.7333333333,107.61
563,59.0,107.66
564,43.0156862745,107.70
565,43.0,107.74
566,62.1058823529,107.79
567,54.168627451,107.84
568,47.0,107.88
569,44.0,107.92
570,56.3411764706,107.97
571,37.5607843137,108.01
572,53.8431372549,108.06
573,52.0,108.10
574,48.0,108.15
575,58.7333333333,108.20
576,49.0,108.24
577,45.0,108.28
578,52.0,108.33
579,46.8274509804,108.37
580,45.0,108.41
581,58.0,108.46
582,61.0,108.52
583,56.7960784314,108.57
584,54.968627451,108.62
585,58.0,108.67
586,52.2039215686,108.72
587,58.0,108.77
588,63.0,108.83
589,56.9019607843,108.88
590,62.0,108.93
591,48.0,108.98
592,52.0,109.02
593,44.0,109.06
594,43.0,109.10
595,62.5764705882,109.16
596,32.0745098039,109.19
597,47.7960784314,109.23
598,47.0,109.27
599,56.0,109.32
600,45.0,109.36
601,50.968627451,109.41
602,53.0,109.46
603,49.3098039216,109.50
604,42.062745098,109.54
605,52.0,109.59
606,43.0,109.63
607,65.1725490196,109.68
608,38.0,109.72
609,56.4666666667,109.77
610,38.1176470588,109.80
611,52.4980392157,109.85
612,48.6823529412,109.89
613,44.8588235294,109.94
614,55.9058823529,109.99
615,47.5137254902,110.03
616,51.031372549,110.07
617,54.5098039216,110.12
618,40.6078431373,110.16
619,42.0,110.20
620,44.1254901961,110.24
621,42.0,110.28
622,33.7176470588,110.31
623,44.4745098039,110.35
624,30.5882352941,110.37
625,41.8117647059,110.41
626,29.168627451,110.44
627,44.0,110.48
628,38.4352941176,110.51
629,27.7294117647,110.54
630,40.5450980392,110.57
631,31.0,110.60
632,41.3882352941,110.64
633,27.3725490196,110.66
634,42.1843137255,110.70
635,29.4666666667,110.73
636,27.3764705882,110.75
637,40.9215686275,110.79
638,32.2470588235,110.82
639,32.1882352941,110.85
640,32.6235294118,110.88
641,26.5921568627,110.90
642,24.7490196078,110.92
643,31.6392156863,110.95
644,32.0,110.98
645,36.0,111.01
646,23.9529411765,111.03
647,32.6392156863,111.06
648,26.031372549,111.09
649,27.9843137255,111.11
650,27.0,111.14
651,49.7137254902,111.18
652,29.0,111.21
653,24.1725490196,111.23
654,39.0,111.26
655,14.0,111.28
656,28.0,111.30
657,31.0,111.33
658,20.0,111.35
659,25.0784313725,111.37
660,26.2352941176,111.39
661,31.0,111.42
662,32.5450980392,111.45
663,30.9529411765,111.48
664,28.0,111.50
665,34.0,111.53
666,20.7019607843,111.55
667,29.0,111.58
668,25.0,111.60
669,20.7176470588,111.62
670,22.0,111.64
671,21.0,111.66
672,25.0,111.68
673,33.0,111.71
674,24.0,111.73
675,25.7647058824,111.76
676,24.0,111.78
677,23.9215686275,111.80
678,26.2352941176,111.82
679,21.0,111.84
680,16.937254902,111.86
681,17.0,111.87
682,22.0,111.89
683,18.0,111.91
684,27.0,111.93
685,27.0,111.96
686,34.0,111.99
687,19.0,112.00
688,21.0,112.02
689,24.0,112.04
690,26.0,112.07
691,27.0,112.09
692,25.1568627451,112.11
693,19.0,112.13
694,16.9058823529,112.15
695,27.0,112.17
696,18.0,112.19
697,17.7333333333,112.20
698,22.0,112.22
699,26.9843137255,112.25
700,25.3254901961,112.27
701,21.0,112.29
702,25.0,112.31
703,30.3098039216,112.34
704,21.2941176471,112.36
705,16.6235294118,112.37
706,30.1882352941,112.40
707,21.9529411765,112.42
708,15.0,112.43
709,25.6235294118,112.46
710,28.0,112.48
711,15.7176470588,112.50
712,29.1411764706,112.52
713,20.0,112.54
714,23.0,112.56
715,23.2941176471,112.58
716,22.0,112.60
717,19.2156862745,112.62
718,21.0,112.64
719,16.5607843137,112.65
720,30.0,112.68
721,25.062745098,112.70
722,16.3098039216,112.72
723,21.0,112.74
724,27.0,112.76
725,16.5294117647,112.78
726,19.0,112.79
727,25.0,112.81
728,21.9176470588,112.83
729,19.937254902,112.85
730,21.0,112.87
731,19.7960784314,112.89
732,23.0,112.91
733,12.4352941176,112.92
734,16.0,112.94
735,18.0,112.95
736,20.0,112.97
737,21.0,112.99
738,28.2784313725,113.01
739,17.0,113.03
740,22.0156862745,113.05
741,23.0,113.07
742,21.0,113.09
743,20.0,113.11
744,21.0,113.13
745,20.0,113.14
746,15.0,113.16
747,18.7960784314,113.17
748,27.0,113.20
749,22.0,113.22
750,14.0,113.23
751,23.0,113.25
752,22.937254902,113.27
753,19.9529411765,113.29
754,23.0,113.31
755,22.0,113.33
756,24.0,113.35
757,17.0156862745,113.37
758,18.5607843137,113.38
759,14.0,113.40
760,28.0,113.42
761,13.0,113.43
762,29.0,113.46
763,20.9843137255,113.48
764,20.0,113.50
765,23.0,113.52
766,15.0,113.53
767,16.0,113.55
768,15.0,113.56
769,17.6705882353,113.57
770,30.0,113.60
771,24.7960784314,113.62
772,26.5607843137,113.65
773,23.8588235294,113.67
774,18.0,113.69
775,23.0,113.71
776,22.0,113.73
777,28.0,113.75
778,21.0,113.77
779,20.0156862745,113.79
780,20.0,113.81
781,15.0,113.82
782,28.0,113.84
783,26.0,113.87
784,18.4666666667,113.88
785,10.062745098,113.89
786,21.0,113.91
787,17.0,113.93
788,28.0,113.95
789,28.0,113.98
790,28.4352941176,114.00
791,22.8431372549,114.02
792,26.0,114.05
793,31.2,114.08
794,15.9058823529,114.09
795,24.0,114.11
796,30.0,114.14
797,22.0,114.16
798,25.0,114.18
799,17.0,114.20
800,20.7803921569,114.22
801,17.0,114.23
802,23.968627451,114.25
803,11.2941176471,114.26
804,16.4980392157,114.28
805,18.0,114.29
806,27.0,114.32
807,17.0,114.33
808,23.0,114.35
809,20.0,114.37
810,26.0,114.40
811,18.1568627451,114.41
812,11.0,114.42
813,23.0,114.44
814,17.0,114.46
815,19.0,114.47
816,18.0,114.49
817,16.0,114.51
818,23.2784313725,114.53
819,24.9529411765,114.55
820,12.0,114.56
821,15.0,114.57
822,17.0,114.59
823,21.0,114.61
824,17.0470588235,114.62
825,18.0,114.64
826,17.0,114.65
827,18.0,114.67
828,26.0,114.69
829,15.0,114.71
830,26.0,114.73
831,20.0,114.75
832,27.0,114.77
833,14.0,114.79
834,14.0,114.80
835,20.937254902,114.82
836,16.0,114.83
837,22.0,114.85
838,22.0,114.87
839,18.2941176471,114.89
840,18.0,114.90
841,23.0,114.92
842,25.0,114.95
843,17.0,114.96
844,18.0,114.98
845,26.5450980392,115.00
846,24.1254901961,115.02
847,25.0,115.05
848,18.0,115.06
849,25.0,115.08
850,16.0,115.10
851,34.0,115.13
852,20.0,115.15
853,28.0,115.17
854,18.0,115.19
855,25.0,115.21
856,24.0,115.23
857,25.9843137255,115.26
858,14.0,115.27
859,15.0,115.28
860,17.0,115.30
861,9.0,115.31
862,13.0,115.32
863,10.0,115.33
864,15.6078431373,115.34
865,16.0,115.36
866,10.0,115.36
867,15.0,115.38
868,14.0,115.39
869,16.0,115.40
870,4.0,115.41
871,5.0,115.41
872,8.01568627451,115.42
873,8.0,115.43
874,7.0,115.43
875,8.0,115.44
876,12.0,115.45
877,9.0,115.46
878,14.0,115.47
879,8.0,115.48
880,7.0,115.49
881,14.0,115.50
882,10.0,115.51
883,12.0,115.52
884,13.0,115.53
885,12.7490196078,115.54
886,8.0,115.55
887,16.0,115.56
888,8.0,115.57
889,9.0,115.58
890,18.0470588235,115.59
891,12.0,115.61
892,10.0,115.61
893,9.0,115.62
894,9.0,115.63
895,5.0,115.64
896,14.0,115.65
897,7.09411764706,115.65
898,7.0,115.66
899,8.5137254902,115.67
900,6.8431372549,115.67
901,5.0,115.68
902,7.17254901961,115.69
903,5.0,115.69
904,11.0,115.70
905,7.90588235294,115.71
906,7.0,115.71
907,8.65490196078,115.72
908,6.0,115.73
909,8.0,115.73
910,3.0,115.74
911,10.0,115.75
912,1.95294117647,115.75
913,4.26274509804,115.75
914,5.0,115.76
915,7.76470588235,115.76
916,7.0,115.77
917,9.0,115.78
918,11.0,115.79
919,1.0,115.79
920,5.01568627451,115.79
921,6.0,115.80
922,5.0,115.80
923,8.98431372549,115.81
924,4.41960784314,115.81
925,2.0,115.82
926,6.0,115.82
927,6.0,115.83
928,10.0,115.84
929,1.0,115.84
930,5.0,115.84
931,2.0,115.84
932,3.0,115.85
933,5.06274509804,115.85
934,7.0,115.86
935,9.0,115.86
936,4.0,115.87
937,9.0,115.88
938,5.0,115.88
939,8.0,115.89
940,7.0,115.89
941,3.06274509804,115.90
942,5.0,115.90
943,4.0,115.90
944,4.0,115.91
945,2.0,115.91
946,7.85882352941,115.92
947,4.0,115.92
948,6.89019607843,115.93
949,7.0,115.93
950,13.0,115.95
951,2.98431372549,115.95
952,3.14117647059,115.95
953,4.32549019608,115.95
954,5.0,115.96
955,7.0,115.97
956,13.4666666667,115.98
957,7.25098039216,115.98
958,7.0,115.99
959,6.0,116.00
960,6.0,116.00
961,8.0,116.01
962,7.20392156863,116.01
963,4.70196078431,116.02
964,8.0,116.03
965,2.0,116.03
966,5.0,116.03
967,8.12549019608,116.04
968,10.0,116.05
969,9.0,116.06
970,9.0,116.07
971,3.0,116.07
972,8.0,116.07
973,5.0,116.08
974,6.0,116.08
975,5.60784313725,116.09
976,7.01568627451,116.10
977,5.0,116.10
978,4.40392156863,116.10
979,2.0,116.11
980,7.0,116.11
981,4.0,116.12
982,6.89019607843,116.12
983,1.30980392157,116.12
985,5.8431372549,116.13
986,2.98431372549,116.13
987,2.32549019608,116.13
988,1.76470588235,116.14
989,4.20392156863,116.14
990,4.5137254902,116.14
991,1.0,116.14
992,1.0,116.15
993,1.6862745098,116.15
994,2.01568627451,116.15
995,0.96862745098,116.15
996,3.0,116.15
997,1.0,116.15
998,3.23529411765,116.16
999,3.0,116.16
1000,0.686274509804,116.16
1001,1.0,116.16
1002,2.0,116.16
1003,1.0,116.16
1004,0.96862745098,116.16
1005,0.156862745098,116.16
1006,0.780392156863,116.16
1007,1.09411764706,116.17
1009,0.858823529412,116.17