Elevation,Area,CumArea
215,1.0,0.00
216,1.0,0.00
230,2.0,0.00
231,2.0,0.01
232,1.0,0.01
236,1.0,0.01
237,1.89019607843,0.01
238,1.0,0.01
239,1.0,0.01
240,2.0,0.01
241,1.0,0.01
242,3.0,0.02
243,2.0,0.02
244,8.30980392157,0.03
245,10.9019607843,0.04
246,19.0941176471,0.05
247,27.0,0.08
248,66.8705882353,0.14
249,85.9215686275,0.21
250,128.011764706,0.33
251,190.77254902,0.50
252,213.470588235,0.69
253,267.937254902,0.93
254,336.207843137,1.24
255,459.909803922,1.65
256,623.992156863,2.21
257,814.121568627,2.95
258,1307.9372549,4.12
259,1243.71372549,5.24
260,1406.74901961,6.51
261,1471.39607843,7.83
262,1506.8,9.19
263,1536.78823529,10.57
264,1380.5254902,11.81
265,1169.14117647,12.87
266,1056.30588235,13.82
267,968.701960784,14.69
268,1008.80784314,15.60
269,997.8,16.49
270,1054.7254902,17.44
271,1035.05882353,18.38
272,1012.41568627,19.29
273,960.054901961,20.15
274,999.396078431,21.05
275,983.278431373,21.93
276,931.854901961,22.77
277,870.031372549,23.56
278,940.356862745,24.40
279,983.470588235,25.29
280,975.298039216,26.17
281,976.243137255,27.04
282,1029.1372549,27.97
283,998.396078431,28.87
284,1147.45490196,29.90
285,1071.49019608,30.87
286,1083.21960784,31.84
287,1070.09803922,32.80
288,1020.6627451,33.72
289,983.756862745,34.61
290,989.976470588,35.50
291,1040.3254902,36.44
292,1016.69411765,37.35
293,975.423529412,38.23
294,1027.19607843,39.15
295,950.090196078,40.01
296,993.960784314,40.90
297,1006.44705882,41.81
298,853.498039216,42.58
299,977.870588235,43.46
300,1045.55686275,44.40
301,1069.18039216,45.36
302,1088.10196078,46.34
303,1119.58431373,47.35
304,1099.02352941,48.34
305,983.635294118,49.22
306,993.674509804,50.12
307,977.262745098,50.99
308,969.549019608,51.87
309,1042.60392157,52.81
310,928.270588235,53.64
311,994.631372549,54.54
312,1079.38431373,55.51
313,1099.22745098,56.50
314,1092.30588235,57.48
315,1118.41568627,58.49
316,1086.32941176,59.46
317,1119.5254902,60.47
318,1146.55686275,61.50
319,1098.28235294,62.49
320,1203.15294118,63.58
321,1144.10196078,64.60
322,1243.01960784,65.72
323,1242.68627451,66.84
324,1285.96078431,68.00
325,1381.23921569,69.24
326,1419.37254902,70.52
327,1300.70588235,71.69
328,1381.34117647,72.93
329,1528.16078431,74.31
330,1672.49411765,75.81
331,1700.36862745,77.34
332,2004.40784314,79.15
333,2278.28627451,81.20
334,2789.75686275,83.71
335,134091.921569,204.39
336,6903.5372549,210.61
337,5735.82352941,215.77
338,5930.49411765,221.11
339,6644.1372549,227.09
340,7202.00784314,233.57
341,11484.7254902,243.90
342,8118.07058824,251.21
343,8617.89803922,258.97
344,8755.50980392,266.85
345,8869.56862745,274.83
346,8974.61568627,282.91
347,9149.78823529,291.14
348,8932.55686275,299.18
349,8734.02352941,307.04
350,8814.75294118,314.97
351,8788.66666667,322.88
352,8869.72941176,330.87
353,8763.19607843,338.75
354,8750.90196078,346.63
355,8815.32941176,354.56
356,8535.77647059,362.24
357,8468.54117647,369.87
358,8420.05490196,377.44
359,8151.38039216,384.78
360,7933.25882353,391.92
361,7845.29411765,398.98
362,7868.64313725,406.06
363,7934.02745098,413.20
364,7929.48627451,420.34
365,7757.27058824,427.32
366,8144.69803922,434.65
367,8001.16470588,441.85
368,8010.3254902,449.06
369,8086.0,456.34
370,7683.30196078,463.25
371,7810.45882353,470.28
372,7714.7254902,477.23
373,7570.23921569,484.04
374,7510.55294118,490.80
375,7192.12941176,497.27
376,7056.25882353,503.62
377,6793.87843137,509.74
378,6927.74901961,515.97
379,6827.10980392,522.12
380,6771.39215686,528.21
381,6704.40784314,534.25
382,6927.49019608,540.48
383,6944.57254902,546.73
384,6786.15294118,552.84
385,6725.93333333,558.89
386,7056.30980392,565.24
387,6752.05490196,571.32
388,6635.54509804,577.29
389,6412.18431373,583.06
390,6502.68627451,588.91
391,6267.49803922,594.56
392,6123.01176471,600.07
393,6003.92156863,605.47
394,5926.38039216,610.80
395,5810.32941176,616.03
396,5735.90980392,621.19
397,5590.11372549,626.23
398,5772.58039216,631.42
399,5683.2,636.54
400,5561.4745098,641.54
401,5355.83137255,646.36
402,5419.19607843,651.24
403,5436.33333333,656.13
404,5284.68627451,660.89
405,5085.89019608,665.47
406,5323.0627451,670.26
407,5210.48235294,674.95
408,5254.4627451,679.67
409,5009.17254902,684.18
410,4881.55294118,688.58
411,4968.77254902,693.05
412,4823.83137255,697.39
413,4974.31372549,701.87
414,4869.1372549,706.25
415,4897.98431373,710.66
416,4819.00392157,714.99
417,4723.7254902,719.25
418,4622.81568627,723.41
419,4489.30588235,727.45
420,4665.6,731.65
421,4586.25490196,735.77
422,4487.67843137,739.81
423,4447.19607843,743.81
424,4639.29411765,747.99
425,4415.80784314,751.96
426,4381.19607843,755.91
427,4342.88627451,759.82
428,4249.65098039,763.64
429,4296.90588235,767.51
430,4190.95686275,771.28
431,4057.99215686,774.93
432,3969.47843137,778.50
433,3969.87843137,782.08
434,3863.47058824,785.55
435,3792.43529412,788.97
436,3733.56078431,792.33
437,3604.0,795.57
438,3609.88235294,798.82
439,3531.69411765,802.00
440,3486.0745098,805.14
441,3409.41176471,808.20
442,3353.19607843,811.22
443,3269.36862745,814.16
444,3306.00392157,817.14
445,3255.27843137,820.07
446,3081.49019608,822.84
447,3233.49803922,825.75
448,3227.8627451,828.66
449,3191.45490196,831.53
450,3115.02745098,834.33
451,3102.13333333,837.13
452,3134.21568627,839.95
453,3045.76078431,842.69
454,3060.46666667,845.44
455,3056.56078431,848.19
456,2960.11764706,850.86
457,2898.5372549,853.47
458,2758.58823529,855.95
459,2656.41568627,858.34
460,2856.4745098,860.91
461,2643.14509804,863.29
462,2747.98039216,865.76
463,2649.07058824,868.15
464,2608.2,870.49
465,2498.03921569,872.74
466,2437.21960784,874.94
467,2430.45882353,877.12
468,2283.17647059,879.18
469,2276.32941176,881.23
470,2310.41960784,883.31
471,2309.2745098,885.38
472,2263.23137255,887.42
473,2219.60392157,889.42
474,2112.63137255,891.32
475,2077.91372549,893.19
476,2028.51372549,895.02
477,1971.24705882,896.79
478,1837.45490196,898.44
479,1906.8745098,900.16
480,1913.23137255,901.88
481,1773.25882353,903.48
482,1859.1254902,905.15
483,1676.4627451,906.66
484,1718.20392157,908.21
485,1576.20784314,909.62
486,1622.94901961,911.09
487,1526.88627451,912.46
488,1537.52941176,913.84
489,1520.41568627,915.21
490,1543.60392157,916.60
491,1533.43921569,917.98
492,1456.4,919.29
493,1469.91764706,920.62
494,1484.20392157,921.95
495,1401.76078431,923.21
496,1410.99607843,924.48
497,1351.45098039,925.70
498,1306.88235294,926.87
499,1186.34509804,927.94
500,1222.78039216,929.04
501,1132.78823529,930.06
502,1160.90196078,931.11
503,1019.89411765,932.03
504,965.121568627,932.89
505,988.11372549,933.78
506,942.509803922,934.63
507,847.768627451,935.39
508,838.839215686,936.15
509,772.450980392,936.84
510,800.282352941,937.56
511,755.517647059,938.24
512,726.458823529,938.90
513,672.819607843,939.50
514,652.403921569,940.09
515,598.870588235,940.63
516,592.607843137,941.16
517,573.992156863,941.68
518,567.925490196,942.19
519,541.725490196,942.68
520,499.498039216,943.13
521,491.752941176,943.57
522,483.164705882,944.01
523,404.047058824,944.37
524,480.42745098,944.80
525,462.792156863,945.22
526,374.529411765,945.56
527,422.101960784,945.94
528,389.752941176,946.29
529,370.129411765,946.62
530,344.949019608,946.93
531,353.568627451,947.25
532,330.854901961,947.55
533,311.917647059,947.83
534,293.8,948.09
535,298.341176471,948.36
536,285.015686275,948.62
537,283.858823529,948.87
538,273.650980392,949.12
539,252.0,949.34
540,293.541176471,949.61
541,271.184313725,949.85
542,280.37254902,950.11
543,246.517647059,950.33
544,251.137254902,950.55
545,245.639215686,950.77
546,270.545098039,951.02
547,206.71372549,951.20
548,215.431372549,951.40
549,216.733333333,951.59
550,251.168627451,951.82
551,192.498039216,951.99
552,222.901960784,952.19
553,227.0,952.40
554,202.450980392,952.58
555,206.654901961,952.76
556,178.37254902,952.93
557,208.494117647,953.11
558,202.509803922,953.30
559,177.215686275,953.45
560,188.294117647,953.62
561,192.780392157,953.80
562,188.482352941,953.97
563,158.152941176,954.11
564,185.090196078,954.28
565,147.592156863,954.41
566,159.949019608,954.55
567,176.729411765,954.71
568,208.043137255,954.90
569,146.68627451,955.03
570,133.250980392,955.15
571,142.796078431,955.28
572,157.796078431,955.42
573,154.984313725,955.56
574,149.984313725,955.70
575,131.325490196,955.81
576,165.184313725,955.96
577,121.854901961,956.07
578,132.701960784,956.19
579,108.074509804,956.29
580,116.839215686,956.39
581,117.058823529,956.50
582,111.792156863,956.60
583,102.0,956.69
584,105.654901961,956.79
585,91.6862745098,956.87
586,99.8901960784,956.96
587,110.968627451,957.06
588,91.3254901961,957.14
589,79.0,957.21
590,89.7137254902,957.29
591,101.529411765,957.39
592,95.1725490196,957.47
593,88.3411764706,957.55
594,95.3098039216,957.64
595,74.3254901961,957.70
596,78.1882352941,957.77
597,80.0156862745,957.85
598,78.0,957.92
599,78.5607843137,957.99
600,81.5137254902,958.06
601,60.0,958.11
602,55.3254901961,958.16
603,59.0,958.22
604,81.0,958.29
605,61.6078431373,958.35
606,50.2509803922,958.39
607,51.9529411765,958.44
608,50.0,958.48
609,55.1568627451,958.53
610,47.0,958.57
611,47.0,958.62
612,38.9529411765,958.65
613,43.0,958.69
614,45.0,958.73
615,37.3098039216,958.76
616,30.0470588235,958.79
617,42.0,958.83
618,39.0,958.86
619,36.0,958.90
620,31.0,958.92
621,44.0,958.96
622,24.5294117647,958.99
623,32.6705882353,959.02
624,27.0,959.04
625,28.0,959.06
626,24.0470588235,959.09
627,33.6392156863,959.12
628,19.0,959.13
629,30.0,959.16
630,25.0,959.18
631,27.0,959.21
632,21.0,959.23
633,13.5921568627,959.24
634,11.0,959.25
635,14.3568627451,959.26
636,18.968627451,959.28
637,13.0,959.29
638,12.0,959.30
639,7.0,959.31
640,16.0,959.32
641,14.0,959.33
642,17.7176470588,959.35
643,9.0,959.36
644,13.0,959.37
645,18.0,959.39
646,13.0,959.40
647,12.4352941176,959.41
648,9.0,959.42
649,11.0,959.43
650,11.3294117647,959.44
651,11.0,959.45
652,10.0,959.46
653,7.90588235294,959.46
654,9.0,959.47
655,7.07843137255,959.48
656,8.43529411765,959.49
657,4.0,959.49
658,9.98431372549,959.50
659,5.14117647059,959.50
660,4.0,959.51
661,5.0,959.51
662,4.48235294118,959.52
663,5.0,959.52
664,6.48235294118,959.53
665,6.0,959.53
666,3.54509803922,959.53
667,6.0,959.54
668,2.0,959.54
669,2.03137254902,959.54
670,6.81176470588,959.55
671,5.37254901961,959.55
672,3.0,959.56
673,1.20392156863,959.56
675,3.0,959.56
676,4.0,959.56
677,1.0,959.56
678,1.0,959.57
679,2.0,959.57
680,3.0,959.57
681,2.0,959.57
682,2.0,959.57
683,2.0,959.58
684,2.0,959.58
686,1.0,959.58
687,3.0,959.58
688,1.0,959.58
689,4.0,959.59
690,3.0,959.59
694,1.0,959.59
695,3.0,959.59
697,3.0,959.59
700,1.0,959.60
703,2.0,959.60