Elevation,Area,CumArea
12,1.0,0.00
13,2.0,0.00
14,2.0,0.00
15,8.0,0.01
16,10.0,0.02
17,17.262745098,0.04
18,27.937254902,0.06
19,41.4039215686,0.10
20,71.4196078431,0.16
21,97.2352941176,0.25
22,103.666666667,0.34
23,149.792156863,0.48
24,202.0,0.66
25,260.368627451,0.89
26,210.996078431,1.08
27,229.858823529,1.29
28,244.309803922,1.51
29,253.0,1.74
30,180.858823529,1.90
31,143.0,2.03
32,128.0,2.15
33,108.952941176,2.24
34,101.0,2.33
35,100.0,2.42
36,75.3725490196,2.49
37,47.0,2.53
38,76.0,2.60
39,57.0,2.65
40,56.0156862745,2.70
41,48.0,2.75
42,35.8588235294,2.78
43,47.0,2.82
44,43.0,2.86
45,43.0,2.90
46,44.3725490196,2.94
47,46.0,2.98
48,42.0941176471,3.02
49,48.8745098039,3.06
50,45.0156862745,3.10
51,52.4352941176,3.15
52,43.4196078431,3.19
53,51.031372549,3.24
54,45.0,3.28
55,58.0,3.33
56,62.0,3.38
57,54.2980392157,3.43
58,75.7921568627,3.50
59,92.2588235294,3.58
60,89.4196078431,3.67
61,117.949019608,3.77
62,149.278431373,3.91
63,144.474509804,4.04
64,120.701960784,4.14
65,147.450980392,4.28
66,162.121568627,4.42
67,196.811764706,4.60
68,23250.6862745,25.53
69,671.901960784,26.13
70,594.650980392,26.67
71,678.0,27.28
72,10489.0,36.72
73,3171.0,39.57
74,1947.90588235,41.32
75,2672.57647059,43.73
76,2147.68235294,45.66
77,3885.07843137,49.16
78,2616.76470588,51.51
79,2643.17254902,53.89
80,2693.01568627,56.32
81,2467.95294118,58.54
82,3859.46666667,62.01
83,2397.81176471,64.17
84,2318.90588235,66.26
85,2242.51372549,68.27
86,2177.23137255,70.23
87,3993.09411765,73.83
88,2279.0627451,75.88
89,3190.96862745,78.75
90,2808.5254902,81.28
91,2579.2745098,83.60
92,2573.27843137,85.91
93,2782.2,88.42
94,2772.99607843,90.91
95,2700.41960784,93.34
96,3039.83921569,96.08
97,2768.54901961,98.57
98,2760.56078431,101.06
99,2875.12156863,103.64
100,2596.96078431,105.98
101,2570.37254902,108.29
102,2632.03529412,110.66
103,2631.36862745,113.03
104,2578.21960784,115.35
105,2713.57647059,117.79
106,2849.63529412,120.36
107,2802.07058824,122.88
108,2806.00392157,125.41
109,2839.56470588,127.96
110,2967.2627451,130.63
111,2835.78039216,133.18
112,2852.4,135.75
113,3024.1254902,138.47
114,2897.34901961,141.08
115,2979.49803922,143.76
116,2966.05882353,146.43
117,3182.59215686,149.30
118,3134.57254902,152.12
119,3060.01176471,154.87
120,3053.25882353,157.62
121,3286.57647059,160.58
122,3117.30980392,163.38
123,3165.77254902,166.23
124,3181.91764706,169.10
125,3164.91764706,171.94
126,3317.48627451,174.93
127,3197.96078431,177.81
128,3234.78039216,180.72
129,3272.08627451,183.66
130,3304.51372549,186.64
131,3338.3254902,189.64
132,3441.72941176,192.74
133,3368.40392157,195.77
134,3424.84313725,198.85
135,3346.54509804,201.87
136,3575.81960784,205.08
137,3446.34117647,208.19
138,3501.38823529,211.34
139,3541.21960784,214.52
140,3459.25098039,217.64
141,3380.00784314,220.68
142,3579.1372549,223.90
143,3484.2627451,227.04
144,3615.96470588,230.29
145,3686.75294118,233.61
146,3528.83921569,236.79
147,3557.75294118,239.99
148,3517.45098039,243.15
149,3668.07058824,246.45
150,3734.53333333,249.82
151,3691.58823529,253.14
152,3706.47058824,256.47
153,3717.05882353,259.82
154,3725.41960784,263.17
155,3710.57254902,266.51
156,3784.98039216,269.92
157,3710.01960784,273.26
158,3711.85098039,276.60
159,3689.70588235,279.92
160,3765.41176471,283.31
161,3757.63137255,286.69
162,3912.69803922,290.21
163,3853.43137255,293.68
164,3932.78431373,297.22
165,3868.57254902,300.70
166,3901.94901961,304.21
167,3645.16470588,307.49
168,3842.1372549,310.95
169,3836.20392157,314.40
170,3844.64313725,317.86
171,3891.90980392,321.37
172,4030.55686275,324.99
173,3837.62352941,328.45
174,3907.88235294,331.96
175,3811.67058824,335.39
176,3881.3372549,338.89
177,3982.60392157,342.47
178,3898.50588235,345.98
179,3956.50196078,349.54
180,3916.45490196,353.07
181,3991.81176471,356.66
182,3990.95294118,360.25
183,4008.74117647,363.86
184,3864.90196078,367.34
185,3950.70980392,370.89
186,4027.37254902,374.52
187,4032.79215686,378.15
188,4064.54509804,381.81
189,4072.01568627,385.47
190,4064.0627451,389.13
191,4000.40784314,392.73
192,3869.36862745,396.21
193,3899.16470588,399.72
194,4016.91372549,403.34
195,3939.34509804,406.88
196,4039.96078431,410.52
197,3957.30980392,414.08
198,4039.4627451,417.71
199,4006.63137255,421.32
200,3851.65882353,424.79
201,4009.31764706,428.39
202,4062.23137255,432.05
203,3983.31372549,435.64
204,3943.7254902,439.18
205,3958.74901961,442.75
206,4038.21176471,446.38
207,3931.25490196,449.92
208,3882.60392157,453.41
209,3906.2,456.93
210,3805.03921569,460.35
211,3802.94117647,463.78
212,3907.36862745,467.29
213,3941.63137255,470.84
214,3939.16470588,474.39
215,3812.33333333,477.82
216,3811.45882353,481.25
217,3697.57254902,484.58
218,3753.27843137,487.95
219,3689.72156863,491.27
220,3726.82352941,494.63
221,3722.57647059,497.98
222,3752.40392157,501.36
223,3659.38039216,504.65
224,3682.50980392,507.96
225,3622.00784314,511.22
226,3514.4627451,514.39
227,3624.70980392,517.65
228,3633.76862745,520.92
229,3566.94901961,524.13
230,3673.80784314,527.44
231,3534.08627451,530.62
232,3640.90196078,533.89
233,3558.34509804,537.10
234,3618.03137255,540.35
235,3435.77647059,543.44
236,3574.97254902,546.66
237,3510.94509804,549.82
238,3368.24313725,552.85
239,3400.42745098,555.91
240,3517.14901961,559.08
241,3508.62352941,562.24
242,3369.74509804,565.27
243,3363.22352941,568.30
244,3364.17647059,571.32
245,3310.38431373,574.30
246,3352.24705882,577.32
247,3320.55294118,580.31
248,3334.54901961,583.31
249,3332.71764706,586.31
250,3291.34901961,589.27
251,3248.29019608,592.20
252,3290.69019608,595.16
253,3184.00784314,598.02
254,3142.38431373,600.85
255,3158.25490196,603.69
256,3173.56470588,606.55
257,3197.2745098,609.43
258,3144.74509804,612.26
259,3212.36078431,615.15
260,3027.34509804,617.87
261,3094.14117647,620.66
262,2973.99607843,623.33
263,3157.10980392,626.18
264,3031.3254902,628.90
265,3013.40784314,631.62
266,2946.47058824,634.27
267,3055.61176471,637.02
268,2964.08235294,639.69
269,2972.0745098,642.36
270,2931.40784314,645.00
271,2923.41568627,647.63
272,2909.03137255,650.25
273,2890.43529412,652.85
274,2935.13333333,655.49
275,2927.4745098,658.13
276,2911.57254902,660.75
277,2835.91372549,663.30
278,2911.14901961,665.92
279,2864.16862745,668.50
280,2800.78823529,671.02
281,2946.34901961,673.67
282,2775.69411765,676.17
283,2848.35686275,678.73
284,2765.79215686,681.22
285,2808.43529412,683.75
286,2834.29803922,686.30
287,2664.11764706,688.70
288,2736.68235294,691.16
289,2784.35686275,693.66
290,2723.77647059,696.12
291,2700.25098039,698.55
292,2781.06666667,701.05
293,2670.03529412,703.45
294,2652.45882353,705.84
295,2604.50980392,708.18
296,2574.3372549,710.50
297,2638.12156863,712.87
298,2684.28627451,715.29
299,2479.88627451,717.52
300,2675.5254902,719.93
301,2484.67058824,722.17
302,2482.80784314,724.40
303,2549.29019608,726.70
304,2428.95686275,728.88
305,2496.34901961,731.13
306,2372.77647059,733.26
307,2514.47058824,735.53
308,2400.12156863,737.69
309,2562.43921569,739.99
310,2492.2745098,742.24
311,2450.6,744.44
312,2367.51764706,746.57
313,2497.20392157,748.82
314,2474.3372549,751.05
315,2401.71764706,753.21
316,2417.37647059,755.38
317,2488.50588235,757.62
318,2425.7372549,759.81
319,2396.12156863,761.96
320,2433.98431373,764.15
321,2275.05490196,766.20
322,2338.96078431,768.31
323,2327.42352941,770.40
324,2323.97254902,772.49
325,2278.05098039,774.54
326,2318.34901961,776.63
327,2258.99215686,778.66
328,2326.98823529,780.76
329,2280.71764706,782.81
330,2279.69019608,784.86
331,2288.35294118,786.92
332,2264.29803922,788.96
333,2151.14901961,790.89
334,2230.49803922,792.90
335,2205.56078431,794.89
336,2191.32941176,796.86
337,2194.76862745,798.83
338,2217.29019608,800.83
339,2213.52156863,802.82
340,2245.81960784,804.84
341,2128.28627451,806.76
342,2099.38823529,808.65
343,2150.87058824,810.58
344,2122.21960784,812.49
345,2109.77647059,814.39
346,2081.85490196,816.27
347,2085.36078431,818.14
348,2090.69803922,820.03
349,2069.38431373,821.89
350,2059.79215686,823.74
351,2013.39607843,825.55
352,1994.73333333,827.35
353,2082.94117647,829.22
354,2018.9254902,831.04
355,2027.15294118,832.86
356,1977.01176471,834.64
357,2009.01568627,836.45
358,1982.03529412,838.24
359,1997.68627451,840.03
360,1956.1372549,841.79
361,1922.41568627,843.52
362,1924.77254902,845.26
363,1904.78039216,846.97
364,1897.80784314,848.68
365,1934.12156863,850.42
366,1926.04313725,852.15
367,1897.70588235,853.86
368,1924.83529412,855.59
369,1826.14117647,857.24
370,1823.85882353,858.88
371,1829.15686275,860.52
372,1856.17647059,862.20
373,1769.18431373,863.79
374,1691.74901961,865.31
375,1707.33333333,866.85
376,1708.70980392,868.38
377,1596.86666667,869.82
378,1652.99215686,871.31
379,1618.53333333,872.77
380,1576.61960784,874.19
381,1648.08235294,875.67
382,1634.69803922,877.14
383,1566.08235294,878.55
384,1502.11372549,879.90
385,1566.96862745,881.31
386,1563.43137255,882.72
387,1417.14117647,883.99
388,1401.9254902,885.26
389,1467.18431373,886.58
390,1466.18039216,887.90
391,1486.44313725,889.23
392,1405.52941176,890.50
393,1391.14901961,891.75
394,1395.8745098,893.01
395,1375.17254902,894.24
396,1325.68235294,895.44
397,1327.97647059,896.63
398,1296.34901961,897.80
399,1300.20392157,898.97
400,1325.49019608,900.16
401,1312.81176471,901.34
402,1291.40392157,902.51
403,1273.20784314,903.65
404,1273.47058824,904.80
405,1321.31764706,905.99
406,1263.78431373,907.12
407,1242.46666667,908.24
408,1180.42745098,909.31
409,1155.04313725,910.35
410,1182.83921569,911.41
411,1230.56078431,912.52
412,1171.78823529,913.57
413,1249.28627451,914.70
414,1165.56078431,915.75
415,1142.36078431,916.77
416,1136.3372549,917.80
417,1153.11372549,918.83
418,1118.90588235,919.84
419,1027.51372549,920.77
420,1116.73333333,921.77
421,1036.0627451,922.70
422,1083.24313725,923.68
423,1105.59607843,924.67
424,1060.19607843,925.63
425,1056.49019608,926.58
426,1025.7372549,927.50
427,958.796078431,928.36
428,955.215686275,929.22
429,980.219607843,930.11
430,968.349019608,930.98
431,966.721568627,931.85
432,910.858823529,932.67
433,941.188235294,933.51
434,969.682352941,934.39
435,962.356862745,935.25
436,919.345098039,936.08
437,900.756862745,936.89
438,914.91372549,937.71
439,808.28627451,938.44
440,943.325490196,939.29
441,893.164705882,940.10
442,884.392156863,940.89
443,828.878431373,941.64
444,860.211764706,942.41
445,880.682352941,943.20
446,856.878431373,943.97
447,789.729411765,944.69
448,819.098039216,945.42
449,804.164705882,946.15
450,800.580392157,946.87
451,796.192156863,947.58
452,717.356862745,948.23
453,782.909803922,948.93
454,777.925490196,949.63
455,738.941176471,950.30
456,678.11372549,950.91
457,758.364705882,951.59
458,693.741176471,952.22
459,670.760784314,952.82
460,723.494117647,953.47
461,727.117647059,954.13
462,711.152941176,954.77
463,711.815686275,955.41
464,689.949019608,956.03
465,634.882352941,956.60
466,665.42745098,957.20
467,706.447058824,957.83
468,666.121568627,958.43
469,668.094117647,959.03
470,655.105882353,959.62
471,697.694117647,960.25
472,616.168627451,960.81
473,645.984313725,961.39
474,659.149019608,961.98
475,579.77254902,962.50
476,614.074509804,963.06
477,646.964705882,963.64
478,619.82745098,964.20
479,679.839215686,964.81
480,610.541176471,965.36
481,576.490196078,965.88
482,555.878431373,966.38
483,583.658823529,966.90
484,577.254901961,967.42
485,531.525490196,967.90
486,597.007843137,968.44
487,566.741176471,968.95
488,526.62745098,969.42
489,564.854901961,969.93
490,508.619607843,970.39
491,562.462745098,970.89
492,521.709803922,971.36
493,559.890196078,971.87
494,483.533333333,972.30
495,589.776470588,972.83
496,542.101960784,973.32
497,532.650980392,973.80
498,499.556862745,974.25
499,507.835294118,974.71
500,532.066666667,975.18
501,466.2,975.60
502,516.792156863,976.07
503,448.901960784,976.47
504,465.91372549,976.89
505,472.282352941,977.32
506,453.662745098,977.73
507,456.247058824,978.14
508,455.839215686,978.55
509,464.631372549,978.97
510,471.741176471,979.39
511,454.435294118,979.80
512,471.294117647,980.22
513,441.321568627,980.62
514,425.945098039,981.00
515,439.196078431,981.40
516,440.670588235,981.80
517,392.466666667,982.15
518,365.384313725,982.48
519,420.415686275,982.86
520,362.419607843,983.18
521,377.592156863,983.52
522,356.854901961,983.84
523,350.588235294,984.16
524,371.968627451,984.49
525,327.070588235,984.79
526,362.058823529,985.11
527,348.250980392,985.43
528,368.552941176,985.76
529,337.105882353,986.06
530,320.807843137,986.35
531,309.207843137,986.63
532,326.074509804,986.92
533,345.474509804,987.23
534,341.607843137,987.54
535,268.058823529,987.78
536,312.466666667,988.06
537,291.996078431,988.33
538,294.243137255,988.59
539,298.309803922,988.86
540,292.537254902,989.12
541,263.380392157,989.36
542,279.239215686,989.61
543,283.71372549,989.87
544,257.152941176,990.10
545,267.474509804,990.34
546,286.498039216,990.60
547,219.545098039,990.79
548,234.482352941,991.01
549,269.784313725,991.25
550,278.129411765,991.50
551,267.356862745,991.74
552,276.274509804,991.99
553,231.792156863,992.20
554,220.650980392,992.39
555,225.839215686,992.60
556,223.482352941,992.80
557,216.450980392,992.99
558,217.160784314,993.19
559,212.658823529,993.38
560,197.82745098,993.56
561,212.71372549,993.75
562,209.839215686,993.94
563,188.333333333,994.11
564,166.796078431,994.26
565,186.901960784,994.43
566,193.552941176,994.60
567,168.811764706,994.75
568,178.945098039,994.91
569,182.592156863,995.08
570,178.133333333,995.24
571,158.525490196,995.38
572,172.129411765,995.54
573,195.007843137,995.71
574,167.917647059,995.86
575,190.82745098,996.03
576,172.733333333,996.19
577,175.890196078,996.35
578,156.51372549,996.49
579,159.729411765,996.63
580,174.721568627,996.79
581,156.525490196,996.93
582,151.329411765,997.07
583,177.545098039,997.23
584,161.392156863,997.37
585,152.729411765,997.51
586,159.88627451,997.65
587,142.466666667,997.78
588,137.576470588,997.91
589,149.552941176,998.04
590,141.82745098,998.17
591,160.450980392,998.31
592,143.749019608,998.44
593,123.949019608,998.55
594,127.666666667,998.67
595,123.08627451,998.78
596,125.396078431,998.89
597,132.964705882,999.01
598,142.37254902,999.14
599,126.764705882,999.25
600,137.466666667,999.38
601,133.584313725,999.50
602,145.074509804,999.63
603,131.588235294,999.75
604,108.058823529,999.84
605,134.529411765,999.97
606,117.901960784,1000.07
607,139.690196078,1000.20
608,126.121568627,1000.31
609,128.309803922,1000.43
610,120.870588235,1000.53
611,138.070588235,1000.66
612,142.109803922,1000.79
613,149.02745098,1000.92
614,120.623529412,1001.03
615,153.921568627,1001.17
616,126.498039216,1001.28
617,130.51372549,1001.40
618,130.984313725,1001.52
619,91.431372549,1001.60
620,118.749019608,1001.71
621,116.368627451,1001.81
622,119.121568627,1001.92
623,117.105882353,1002.02
624,110.654901961,1002.12
625,93.8078431373,1002.21
626,119.858823529,1002.32
627,122.156862745,1002.43
628,125.764705882,1002.54
629,121.168627451,1002.65
630,104.607843137,1002.74
631,114.031372549,1002.84
632,115.905882353,1002.95
633,100.670588235,1003.04
634,94.7411764706,1003.12
635,124.435294118,1003.24
636,109.490196078,1003.34
637,92.4784313725,1003.42
638,110.776470588,1003.52
639,110.298039216,1003.62
640,110.576470588,1003.72
641,110.023529412,1003.82
642,119.576470588,1003.92
643,111.109803922,1004.02
644,94.9333333333,1004.11
645,100.2,1004.20
646,103.078431373,1004.29
647,87.2117647059,1004.37
648,119.0,1004.48
649,100.854901961,1004.57
650,112.619607843,1004.67
651,103.51372549,1004.76
652,90.9803921569,1004.84
653,80.9607843137,1004.92
654,105.266666667,1005.01
655,71.7921568627,1005.08
656,106.0,1005.17
657,83.7764705882,1005.25
658,70.5764705882,1005.31
659,82.3411764706,1005.39
660,67.337254902,1005.45
661,66.7647058824,1005.51
662,74.6078431373,1005.57
663,75.0,1005.64
664,75.5764705882,1005.71
665,68.0,1005.77
666,62.1215686275,1005.83
667,81.0862745098,1005.90
668,69.9490196078,1005.96
669,74.8745098039,1006.03
670,66.7960784314,1006.09
671,48.0156862745,1006.13
672,60.8431372549,1006.19
673,45.1725490196,1006.23
674,54.7333333333,1006.28
675,62.4352941176,1006.33
676,66.2470588235,1006.39
677,67.0941176471,1006.45
678,55.937254902,1006.50
679,48.8705882353,1006.55
680,49.137254902,1006.59
681,49.0,1006.64
682,49.3725490196,1006.68
683,47.937254902,1006.72
684,42.7764705882,1006.76
685,52.5450980392,1006.81
686,50.3411764706,1006.85
687,49.3098039216,1006.90
688,35.4078431373,1006.93
689,40.1490196078,1006.97
690,47.7960784314,1007.01
691,58.0,1007.06
692,38.8745098039,1007.10
693,44.0,1007.14
694,33.6862745098,1007.17
695,38.4039215686,1007.20
696,38.7490196078,1007.24
697,39.0,1007.27
698,37.0,1007.31
699,46.0,1007.35
700,35.0,1007.38
701,30.1254901961,1007.41
702,39.3568627451,1007.44
703,29.0,1007.47
704,49.0,1007.51
705,31.4823529412,1007.54
706,38.6392156863,1007.57
707,35.4196078431,1007.61
708,27.3254901961,1007.63
709,20.0,1007.65
710,33.0,1007.68
711,19.8745098039,1007.70
712,26.0,1007.72
713,25.0,1007.74
714,25.9803921569,1007.77
715,22.0,1007.79
716,16.3882352941,1007.80
717,21.4196078431,1007.82
718,28.0,1007.84
719,18.3254901961,1007.86
720,20.0,1007.88
721,22.7294117647,1007.90
722,15.0,1007.91
723,29.0,1007.94
724,19.7019607843,1007.96
725,22.7960784314,1007.98
726,20.0,1008.00
727,13.4980392157,1008.01
728,13.0,1008.02
729,14.0,1008.03
730,17.6235294118,1008.05
731,23.0,1008.07
732,19.0,1008.09
733,25.937254902,1008.11
734,16.0,1008.12
735,21.0,1008.14
736,14.031372549,1008.15
737,8.0,1008.16
738,9.85882352941,1008.17
739,21.0,1008.19
740,13.0,1008.20
741,12.6235294118,1008.21
742,13.0,1008.22
743,15.0,1008.24
744,20.8588235294,1008.26
745,10.0,1008.27
746,15.1725490196,1008.28
747,14.0,1008.29
748,7.03137254902,1008.30
749,14.0,1008.31
750,14.0,1008.32
751,10.4980392157,1008.33
752,12.0,1008.34
753,14.6235294118,1008.36
754,9.49803921569,1008.37
755,9.0,1008.37
756,6.29411764706,1008.38
757,15.6235294118,1008.39
758,10.0,1008.40
759,12.7294117647,1008.41
760,7.74509803922,1008.42
761,6.99607843137,1008.43
762,8.99607843137,1008.43
763,9.0,1008.44
764,9.0,1008.45
765,10.0,1008.46
766,10.4980392157,1008.47
767,8.0,1008.48
768,9.63921568627,1008.49
769,10.0,1008.49
770,9.74901960784,1008.50
771,12.4980392157,1008.51
772,5.0,1008.52
773,4.0,1008.52
774,4.90196078431,1008.53
775,9.0,1008.54
776,4.56078431373,1008.54
777,7.61960784314,1008.55
778,5.49803921569,1008.55
779,1.0,1008.55
780,4.12156862745,1008.56
781,2.62352941176,1008.56
782,3.20392156863,1008.56
783,4.0,1008.56
784,2.62352941176,1008.57
785,3.0,1008.57
786,3.62352941176,1008.57
787,0.623529411765,1008.57
790,2.0,1008.58
791,0.623529411765,1008.58
792,2.32549019608,1008.58
793,0.450980392157,1008.58
794,1.0,1008.58
796,2.62352941176,1008.58
797,1.2,1008.58
798,0.623529411765,1008.58
801,0.623529411765,1008.58
802,0.623529411765,1008.58