Elevation,Area,CumArea
137,0.0470588235294,0.00
138,0.203921568627,0.00
139,2.0,0.00
140,2.0,0.00
141,1.8431372549,0.01
142,1.0,0.01
144,4.40392156863,0.01
145,3.0,0.01
146,2.0,0.01
147,3.6862745098,0.02
148,4.0,0.02
149,4.0,0.03
150,3.0,0.03
151,5.0,0.03
152,2.57647058824,0.03
153,5.0,0.04
154,9.0,0.05
155,4.0,0.05
156,6.0,0.06
157,6.65490196078,0.06
158,4.49803921569,0.07
159,6.0,0.07
160,6.0,0.08
161,8.96470588235,0.09
162,11.0,0.10
163,12.0,0.11
164,12.7019607843,0.12
165,8.62352941176,0.13
166,15.3098039216,0.14
167,8.82352941176,0.15
168,13.8117647059,0.16
169,16.3882352941,0.17
170,12.2509803922,0.19
171,20.9529411765,0.20
172,8.0,0.21
173,14.5921568627,0.22
174,14.3725490196,0.24
175,12.8745098039,0.25
176,22.0,0.27
177,17.9529411765,0.28
178,28.7176470588,0.31
179,20.0,0.33
180,38.1254901961,0.36
181,34.7137254902,0.39
182,45.0901960784,0.43
183,43.937254902,0.47
184,48.7019607843,0.52
185,39.031372549,0.55
186,38.6862745098,0.59
187,43.4039215686,0.63
188,45.7764705882,0.67
189,44.9921568627,0.71
190,53.9764705882,0.76
191,43.168627451,0.80
192,50.5921568627,0.84
193,55.937254902,0.89
194,42.4352941176,0.93
195,42.3411764706,0.97
196,61.7803921569,1.02
197,45.8862745098,1.07
198,50.5764705882,1.11
199,52.5294117647,1.16
200,47.3254901961,1.20
201,56.937254902,1.25
202,49.0,1.30
203,56.4392156863,1.35
204,69.3568627451,1.41
205,60.4039215686,1.46
206,50.7019607843,1.51
207,54.7647058824,1.56
208,57.1058823529,1.61
209,46.0,1.65
210,70.2784313725,1.71
211,60.1215686275,1.77
212,70.6392156863,1.83
213,55.7647058824,1.88
214,54.8745098039,1.93
215,63.2784313725,1.99
216,63.3725490196,2.05
217,53.662745098,2.09
218,71.6862745098,2.16
219,63.3607843137,2.22
220,64.7450980392,2.27
221,73.1215686275,2.34
222,73.0156862745,2.41
223,60.7294117647,2.46
224,58.2431372549,2.51
225,64.2784313725,2.57
226,66.5607843137,2.63
227,67.8235294118,2.69
228,85.5450980392,2.77
229,65.5764705882,2.83
230,72.062745098,2.89
231,74.0117647059,2.96
232,88.4352941176,3.04
233,70.3725490196,3.10
234,65.0431372549,3.16
235,93.6666666667,3.24
236,89.7764705882,3.33
237,89.4666666667,3.41
238,82.3098039216,3.48
239,92.9019607843,3.56
240,86.6392156863,3.64
241,95.3098039216,3.73
242,83.4784313725,3.80
243,103.074509804,3.90
244,99.3254901961,3.98
245,101.529411765,4.08
246,105.780392157,4.17
247,96.137254902,4.26
248,99.0862745098,4.35
249,115.352941176,4.45
250,111.717647059,4.55
251,107.968627451,4.65
252,104.419607843,4.74
253,122.090196078,4.85
254,140.368627451,4.98
255,96.1843137255,5.07
256,122.22745098,5.18
257,138.964705882,5.30
258,129.078431373,5.42
259,102.654901961,5.51
260,108.231372549,5.61
261,133.898039216,5.73
262,133.231372549,5.85
263,118.811764706,5.95
264,118.047058824,6.06
265,131.760784314,6.18
266,122.247058824,6.29
267,130.733333333,6.41
268,140.619607843,6.53
269,156.901960784,6.67
270,139.058823529,6.80
271,131.02745098,6.92
272,135.376470588,7.04
273,130.478431373,7.16
274,156.215686275,7.30
275,134.015686275,7.42
276,142.619607843,7.55
277,159.203921569,7.69
278,126.666666667,7.80
279,150.152941176,7.94
280,150.121568627,8.07
281,151.419607843,8.21
282,144.407843137,8.34
283,160.588235294,8.48
284,129.764705882,8.60
285,151.603921569,8.74
286,155.823529412,8.88
287,154.305882353,9.02
288,139.678431373,9.14
289,174.37254902,9.30
290,154.011764706,9.44
291,141.278431373,9.56
292,160.011764706,9.71
293,192.88627451,9.88
294,141.074509804,10.01
295,170.839215686,10.16
296,124.109803922,10.28
297,154.858823529,10.41
298,161.28627451,10.56
299,142.403921569,10.69
300,155.149019608,10.83
301,160.717647059,10.97
302,161.450980392,11.12
303,170.196078431,11.27
304,138.02745098,11.39
305,193.364705882,11.57
306,146.2,11.70
307,162.247058824,11.85
308,163.262745098,11.99
309,164.823529412,12.14
310,157.31372549,12.28
311,149.450980392,12.42
312,160.305882353,12.56
313,165.701960784,12.71
314,149.074509804,12.85
315,191.937254902,13.02
316,173.02745098,13.17
317,144.870588235,13.30
318,158.964705882,13.45
319,171.403921569,13.60
320,184.482352941,13.77
321,159.921568627,13.91
322,158.776470588,14.05
323,134.603921569,14.18
324,175.02745098,14.33
325,195.996078431,14.51
326,148.858823529,14.64
327,197.764705882,14.82
328,167.949019608,14.97
329,167.282352941,15.12
330,177.839215686,15.28
331,177.717647059,15.44
332,180.654901961,15.61
333,184.71372549,15.77
334,183.921568627,15.94
335,192.682352941,16.11
336,172.184313725,16.27
337,173.843137255,16.42
338,173.023529412,16.58
339,183.490196078,16.74
340,197.015686275,16.92
341,197.760784314,17.10
342,190.949019608,17.27
343,195.603921569,17.45
344,194.105882353,17.62
345,177.062745098,17.78
346,165.047058824,17.93
347,198.619607843,18.11
348,204.462745098,18.29
349,179.576470588,18.45
350,192.607843137,18.63
351,181.921568627,18.79
352,202.839215686,18.97
353,177.82745098,19.13
354,194.494117647,19.31
355,192.952941176,19.48
356,182.37254902,19.65
357,193.698039216,19.82
358,179.325490196,19.98
359,177.996078431,20.14
360,214.215686275,20.33
361,160.51372549,20.48
362,199.090196078,20.66
363,172.901960784,20.81
364,208.603921569,21.00
365,192.403921569,21.17
366,182.996078431,21.34
367,180.541176471,21.50
368,185.137254902,21.67
369,172.858823529,21.82
370,173.870588235,21.98
371,193.639215686,22.15
372,164.862745098,22.30
373,193.811764706,22.48
374,192.309803922,22.65
375,212.901960784,22.84
376,221.450980392,23.04
377,171.0,23.20
378,217.129411765,23.39
379,167.309803922,23.54
380,195.807843137,23.72
381,210.619607843,23.91
382,210.156862745,24.10
383,174.603921569,24.25
384,211.384313725,24.44
385,188.482352941,24.61
386,217.482352941,24.81
387,175.117647059,24.97
388,195.811764706,25.14
389,182.980392157,25.31
390,185.235294118,25.47
391,202.419607843,25.66
392,237.701960784,25.87
393,213.411764706,26.06
394,227.043137255,26.27
395,203.250980392,26.45
396,206.054901961,26.64
397,221.670588235,26.83
398,233.607843137,27.05
399,210.450980392,27.23
400,247.854901961,27.46
401,223.662745098,27.66
402,209.764705882,27.85
403,259.776470588,28.08
404,226.043137255,28.28
405,205.57254902,28.47
406,223.023529412,28.67
407,246.0,28.89
408,223.078431373,29.09
409,243.639215686,29.31
410,240.952941176,29.53
411,269.007843137,29.77
412,226.325490196,29.97
413,239.858823529,30.19
414,239.2,30.41
415,234.4,30.62
416,246.843137255,30.84
417,252.219607843,31.07
418,238.039215686,31.28
419,263.294117647,31.52
420,232.905882353,31.73
421,251.011764706,31.95
422,245.890196078,32.17
423,219.745098039,32.37
424,236.564705882,32.58
425,247.262745098,32.81
426,232.670588235,33.02
427,229.839215686,33.22
428,236.219607843,33.44
429,230.964705882,33.64
430,251.08627451,33.87
431,240.917647059,34.09
432,213.717647059,34.28
433,236.105882353,34.49
434,234.235294118,34.70
435,263.309803922,34.94
436,246.011764706,35.16
437,241.592156863,35.38
438,245.101960784,35.60
439,239.090196078,35.81
440,231.639215686,36.02
441,242.403921569,36.24
442,231.152941176,36.45
443,206.839215686,36.63
444,226.792156863,36.84
445,209.090196078,37.03
446,231.435294118,37.24
447,210.623529412,37.42
448,228.054901961,37.63
449,248.882352941,37.85
450,236.478431373,38.07
451,248.71372549,38.29
452,229.88627451,38.50
453,230.88627451,38.71
454,222.88627451,38.91
455,230.203921569,39.11
456,243.639215686,39.33
457,232.02745098,39.54
458,254.325490196,39.77
459,221.729411765,39.97
460,228.949019608,40.18
461,234.929411765,40.39
462,239.125490196,40.60
463,220.090196078,40.80
464,230.101960784,41.01
465,229.062745098,41.21
466,212.68627451,41.41
467,206.02745098,41.59
468,204.137254902,41.77
469,239.607843137,41.99
470,215.607843137,42.18
471,244.854901961,42.40
472,232.152941176,42.61
473,210.364705882,42.80
474,248.450980392,43.03
475,251.015686275,43.25
476,179.231372549,43.41
477,234.576470588,43.62
478,224.074509804,43.83
479,230.137254902,44.03
480,207.219607843,44.22
481,198.984313725,44.40
482,202.262745098,44.58
483,240.192156863,44.80
484,203.619607843,44.98
485,221.984313725,45.18
486,221.470588235,45.38
487,215.262745098,45.57
488,228.792156863,45.78
489,225.968627451,45.98
490,211.607843137,46.17
491,222.670588235,46.37
492,239.498039216,46.59
493,178.203921569,46.75
494,222.498039216,46.95
495,219.152941176,47.15
496,188.768627451,47.32
497,223.250980392,47.52
498,216.937254902,47.71
499,201.109803922,47.89
500,223.403921569,48.10
501,184.211764706,48.26
502,219.0,48.46
503,208.0,48.65
504,186.121568627,48.81
505,195.701960784,48.99
506,238.047058824,49.20
507,191.529411765,49.38
508,227.090196078,49.58
509,227.0,49.78
510,177.419607843,49.94
511,194.0,50.12
512,204.388235294,50.30
513,181.450980392,50.47
514,201.780392157,50.65
515,193.2,50.82
516,193.937254902,51.00
517,212.623529412,51.19
518,169.639215686,51.34
519,181.933333333,51.50
520,191.215686275,51.68
521,219.498039216,51.87
522,161.780392157,52.02
523,184.639215686,52.18
524,177.964705882,52.35
525,208.141176471,52.53
526,199.654901961,52.71
527,177.309803922,52.87
528,196.717647059,53.05
529,176.905882353,53.21
530,205.592156863,53.39
531,194.545098039,53.57
532,182.309803922,53.73
533,185.921568627,53.90
534,181.858823529,54.06
535,167.325490196,54.21
536,192.905882353,54.39
537,177.984313725,54.55
538,191.274509804,54.72
539,178.937254902,54.88
540,179.011764706,55.04
541,191.623529412,55.21
542,180.435294118,55.38
543,190.0,55.55
544,183.078431373,55.71
545,210.231372549,55.90
546,153.031372549,56.04
547,173.984313725,56.20
548,171.294117647,56.35
549,176.37254902,56.51
550,159.0,56.65
551,162.309803922,56.80
552,178.0,56.96
553,149.0,57.09
554,195.498039216,57.27
555,178.184313725,57.43
556,182.482352941,57.59
557,149.623529412,57.73
558,173.152941176,57.88
559,182.0,58.05
560,186.37254902,58.21
561,150.0,58.35
562,131.015686275,58.47
563,161.156862745,58.61
564,169.576470588,58.77
565,151.874509804,58.90
566,186.529411765,59.07
567,154.0,59.21
568,159.733333333,59.35
569,156.419607843,59.49
570,151.0,59.63
571,187.0,59.80
572,183.0,59.96
573,197.0,60.14
574,219.235294118,60.34
575,238.0,60.55
576,294.2,60.82
577,261.403921569,61.05
578,260.980392157,61.29
579,281.91372549,61.54
580,301.635294118,61.81
581,301.309803922,62.08
582,279.215686275,62.33
583,316.121568627,62.62
584,333.57254902,62.92
585,313.682352941,63.20
586,334.043137255,63.50
587,311.541176471,63.78
588,367.482352941,64.11
589,375.560784314,64.45
590,372.070588235,64.79
591,341.776470588,65.09
592,339.960784314,65.40
593,331.603921569,65.70
594,362.662745098,66.02
595,346.458823529,66.34
596,343.933333333,66.64
597,324.917647059,66.94
598,378.788235294,67.28
599,363.91372549,67.61
600,348.239215686,67.92
601,348.858823529,68.23
602,351.831372549,68.55
603,355.650980392,68.87
604,342.474509804,69.18
605,348.435294118,69.49
606,328.294117647,69.79
607,290.694117647,70.05
608,325.054901961,70.34
609,325.803921569,70.63
610,299.498039216,70.90
611,290.466666667,71.17
612,328.71372549,71.46
613,288.968627451,71.72
614,309.121568627,72.00
615,311.137254902,72.28
616,310.403921569,72.56
617,297.341176471,72.83
618,312.352941176,73.11
619,312.635294118,73.39
620,284.588235294,73.65
621,317.823529412,73.93
622,313.670588235,74.21
623,345.71372549,74.52
624,306.2,74.80
625,301.964705882,75.07
626,302.760784314,75.34
627,346.282352941,75.66
628,308.368627451,75.93
629,338.215686275,76.24
630,334.968627451,76.54
631,325.839215686,76.83
632,328.996078431,77.13
633,321.980392157,77.42
634,357.666666667,77.74
635,341.211764706,78.05
636,365.776470588,78.38
637,354.043137255,78.70
638,404.309803922,79.06
639,470.854901961,79.48
640,587.68627451,80.01
641,777.682352941,80.71
642,102424.498039,172.89
643,4241.98431373,176.71
644,2429.48235294,178.90
645,2684.43529412,181.31
646,3021.49803922,184.03
647,3091.77647059,186.82
648,3212.81176471,189.71
649,3361.82745098,192.73
650,3407.95294118,195.80
651,3573.40392157,199.02
652,3779.74901961,202.42
653,3771.60392157,205.81
654,3972.34117647,209.39
655,4012.70196078,213.00
656,4176.82352941,216.76
657,4080.03137255,220.43
658,3937.48235294,223.97
659,4229.69019608,227.78
660,4004.50980392,231.39
661,4064.29019608,235.04
662,4055.45882353,238.69
663,3861.27843137,242.17
664,3913.61568627,245.69
665,3831.10980392,249.14
666,3866.51764706,252.62
667,3766.46666667,256.01
668,3670.49411765,259.31
669,3705.67058824,262.65
670,3618.61568627,265.90
671,3741.4627451,269.27
672,3677.83529412,272.58
673,3617.40392157,275.84
674,3541.46666667,279.02
675,3559.63529412,282.23
676,3537.10196078,285.41
677,3579.83137255,288.63
678,3471.8,291.76
679,3558.15294118,294.96
680,3468.47843137,298.08
681,3370.55686275,301.11
682,3477.54117647,304.24
683,3483.30980392,307.38
684,3402.91372549,310.44
685,3446.69411765,313.54
686,3433.46666667,316.63
687,3400.71764706,319.70
688,3324.09019608,322.69
689,3295.0,325.65
690,3337.82745098,328.66
691,3370.59607843,331.69
692,3289.2627451,334.65
693,3315.11372549,337.63
694,3132.27843137,340.45
695,3184.01176471,343.32
696,3090.41568627,346.10
697,3191.29411765,348.97
698,3169.69411765,351.82
699,3032.68627451,354.55
700,2960.97647059,357.22
701,3014.0745098,359.93
702,3037.70196078,362.67
703,2966.49411765,365.34
704,3024.12156863,368.06
705,2906.54509804,370.67
706,2846.62352941,373.23
707,2802.62352941,375.76
708,2810.04705882,378.29
709,2819.52941176,380.82
710,2720.89019608,383.27
711,2587.76078431,385.60
712,2722.57647059,388.05
713,2666.65490196,390.45
714,2554.96862745,392.75
715,2570.37254902,395.06
716,2585.57254902,397.39
717,2561.29411765,399.70
718,2545.59607843,401.99
719,2453.88627451,404.20
720,2447.16862745,406.40
721,2392.82352941,408.55
722,2419.48235294,410.73
723,2341.07058824,412.84
724,2296.59215686,414.90
725,2280.21568627,416.96
726,2240.66666667,418.97
727,2253.23137255,421.00
728,2275.78823529,423.05
729,2198.68235294,425.03
730,2234.0745098,427.04
731,2138.74117647,428.96
732,2146.65490196,430.90
733,2101.63529412,432.79
734,2169.24313725,434.74
735,2054.52156863,436.59
736,2119.34117647,438.50
737,2163.04705882,440.44
738,1996.85490196,442.24
739,1948.44705882,443.99
740,2036.98039216,445.83
741,1954.81176471,447.59
742,2002.54117647,449.39
743,1992.49803922,451.18
744,1894.8745098,452.89
745,1967.34117647,454.66
746,1904.39215686,456.37
747,1919.51372549,458.10
748,1906.8745098,459.81
749,1882.03921569,461.51
750,1828.98039216,463.15
751,1839.8745098,464.81
752,1746.42745098,466.38
753,1819.67058824,468.02
754,1732.71764706,469.58
755,1635.83921569,471.05
756,1816.21568627,472.69
757,1741.80784314,474.25
758,1636.4627451,475.73
759,1705.51372549,477.26
760,1684.60784314,478.78
761,1703.45098039,480.31
762,1698.62352941,481.84
763,1664.46666667,483.34
764,1642.12156863,484.82
765,1605.23137255,486.26
766,1493.68235294,487.60
767,1660.04705882,489.10
768,1577.63921569,490.52
769,1621.97254902,491.98
770,1564.41960784,493.39
771,1620.22745098,494.84
772,1538.76078431,496.23
773,1526.96862745,497.60
774,1516.96470588,498.97
775,1494.85098039,500.31
776,1450.41960784,501.62
777,1396.30980392,502.88
778,1480.15294118,504.21
779,1443.79607843,505.51
780,1470.49803922,506.83
781,1375.24313725,508.07
782,1401.23529412,509.33
783,1362.80784314,510.56
784,1381.61568627,511.80
785,1390.47843137,513.05
786,1427.51372549,514.34
787,1400.02745098,515.60
788,1382.1372549,516.84
789,1352.3254902,518.06
790,1269.8745098,519.20
791,1399.29411765,520.46
792,1397.30980392,521.72
793,1373.63529412,522.95
794,1289.90196078,524.11
795,1331.92941176,525.31
796,1358.60784314,526.54
797,1265.98431373,527.68
798,1306.77647059,528.85
799,1339.46666667,530.06
800,1302.15294118,531.23
801,1259.2,532.36
802,1235.20392157,533.47
803,1304.72941176,534.65
804,1324.40392157,535.84
805,1267.47843137,536.98
806,1276.02745098,538.13
807,1281.54117647,539.28
808,1325.65098039,540.48
809,1345.14509804,541.69
810,1273.38823529,542.83
811,1269.74509804,543.98
812,1331.82352941,545.17
813,1294.29019608,546.34
814,1203.19607843,547.42
815,1240.54509804,548.54
816,1280.49411765,549.69
817,1219.1372549,550.79
818,1234.04313725,551.90
819,1238.76470588,553.01
820,1237.46666667,554.13
821,1224.79215686,555.23
822,1241.41960784,556.35
823,1208.02745098,557.43
824,1284.69803922,558.59
825,1275.6627451,559.74
826,1201.07843137,560.82
827,1201.28627451,561.90
828,1272.81176471,563.05
829,1225.52941176,564.15
830,1229.49803922,565.26
831,1187.94901961,566.32
832,1247.10588235,567.45
833,1252.01176471,568.57
834,1223.0,569.67
835,1229.98431373,570.78
836,1284.71764706,571.94
837,1275.75686275,573.09
838,1259.96078431,574.22
839,1257.30980392,575.35
840,1204.86666667,576.44
841,1266.12156863,577.58
842,1263.0,578.71
843,1256.82352941,579.84
844,1219.34117647,580.94
845,1231.35294118,582.05
846,1300.6,583.22
847,1181.59215686,584.28
848,1282.44705882,585.44
849,1185.0627451,586.50
850,1245.62352941,587.62
851,1276.29411765,588.77
852,1285.47843137,589.93
853,1279.72941176,591.08
854,1227.38431373,592.19
855,1262.88627451,593.32
856,1285.88627451,594.48
857,1216.52941176,595.58
858,1196.58823529,596.65
859,1217.79607843,597.75
860,1190.34117647,598.82
861,1246.24705882,599.94
862,1225.5254902,601.04
863,1224.1372549,602.15
864,1196.65490196,603.22
865,1128.15686275,604.24
866,1184.61960784,605.30
867,1157.94901961,606.35
868,1146.48235294,607.38
869,1275.12156863,608.53
870,1166.56078431,609.58
871,1176.2745098,610.63
872,1128.05882353,611.65
873,1085.68235294,612.63
874,1164.4627451,613.67
875,1141.21568627,614.70
876,1153.43529412,615.74
877,1145.83921569,616.77
878,1122.49411765,617.78
879,1151.99607843,618.82
880,1094.31372549,619.80
881,1121.24705882,620.81
882,1102.37647059,621.80
883,1081.38823529,622.78
884,1140.74509804,623.80
885,1094.54509804,624.79
886,1093.10588235,625.77
887,1088.45098039,626.75
888,1115.35686275,627.76
889,1092.18431373,628.74
890,1135.93333333,629.76
891,1105.05882353,630.76
892,1118.41960784,631.76
893,1136.5254902,632.79
894,1065.01568627,633.74
895,1059.99215686,634.70
896,1085.89019608,635.68
897,1145.93333333,636.71
898,1081.43529412,637.68
899,1147.33333333,638.71
900,1208.58039216,639.80
901,1086.30980392,640.78
902,1090.34117647,641.76
903,1166.65490196,642.81
904,1125.76470588,643.82
905,1134.9372549,644.84
906,1144.09019608,645.87
907,1233.65098039,646.98
908,1194.82745098,648.06
909,1193.35686275,649.13
910,1184.3254902,650.20
911,1221.82352941,651.30
912,1215.40784314,652.39
913,1235.15686275,653.50
914,1215.81176471,654.60
915,1280.94509804,655.75
916,1245.01568627,656.87
917,1270.57254902,658.02
918,1191.03137255,659.09
919,1296.60784314,660.25
920,1285.85490196,661.41
921,1296.41960784,662.58
922,1241.69803922,663.70
923,1279.04313725,664.85
924,1267.02745098,665.99
925,1465.1254902,667.31
926,1274.46666667,668.45
927,1385.31372549,669.70
928,1373.05882353,670.94
929,1412.62352941,672.21
930,1326.89019608,673.40
931,1323.60784314,674.59
932,1389.6627451,675.84
933,1424.81176471,677.13
934,1384.90196078,678.37
935,1365.43529412,679.60
936,1326.70196078,680.80
937,1321.3254902,681.98
938,1436.74901961,683.28
939,1401.68235294,684.54
940,1469.01568627,685.86
941,1459.09019608,687.17
942,1457.73333333,688.49
943,1384.34901961,689.73
944,1434.24313725,691.02
945,1373.92156863,692.26
946,1381.5254902,693.50
947,1387.41568627,694.75
948,1402.51372549,696.01
949,1470.0745098,697.34
950,1345.71764706,698.55
951,1418.46666667,699.82
952,1452.55294118,701.13
953,1483.55686275,702.47
954,1470.02745098,703.79
955,1454.88627451,705.10
956,1474.53333333,706.43
957,1407.30588235,707.69
958,1477.5254902,709.02
959,1450.74509804,710.33
960,1426.51372549,711.61
961,1534.87058824,712.99
962,1491.37254902,714.34
963,1500.1372549,715.69
964,1460.30980392,717.00
965,1453.71372549,718.31
966,1536.30588235,719.69
967,1484.02352941,721.03
968,1489.98823529,722.37
969,1497.39607843,723.72
970,1500.15294118,725.07
971,1491.85882353,726.41
972,1471.99607843,727.73
973,1461.6,729.05
974,1517.91372549,730.41
975,1471.38823529,731.74
976,1530.59215686,733.12
977,1426.25882353,734.40
978,1458.55686275,735.71
979,1450.74901961,737.02
980,1497.18039216,738.37
981,1370.6627451,739.60
982,1458.92941176,740.91
983,1520.36862745,742.28
984,1404.75686275,743.55
985,1385.65098039,744.79
986,1526.25882353,746.17
987,1513.03137255,747.53
988,1485.6,748.86
989,1480.61568627,750.20
990,1439.27058824,751.49
991,1443.59215686,752.79
992,1438.5372549,754.09
993,1454.77647059,755.40
994,1501.83137255,756.75
995,1474.56078431,758.07
996,1530.74509804,759.45
997,1538.1254902,760.84
998,1441.18039216,762.13
999,1459.19607843,763.45
1000,1410.36862745,764.72
1001,1393.42352941,765.97
1002,1447.69411765,767.27
1003,1422.31372549,768.55
1004,1418.18431373,769.83
1005,1457.05490196,771.14
1006,1500.74117647,772.49
1007,1390.66666667,773.74
1008,1438.91764706,775.04
1009,1408.16862745,776.31
1010,1481.33333333,777.64
1011,1490.30196078,778.98
1012,1427.90980392,780.27
1013,1444.85882353,781.57
1014,1430.0627451,782.85
1015,1402.47058824,784.12
1016,1454.09803922,785.42
1017,1468.31764706,786.75
1018,1428.63529412,788.03
1019,1543.55686275,789.42
1020,1535.89411765,790.80
1021,1467.1372549,792.12
1022,1498.34901961,793.47
1023,1468.48627451,794.79
1024,1481.68627451,796.13
1025,1492.81960784,797.47
1026,1452.94117647,798.78
1027,1479.08235294,800.11
1028,1458.18039216,801.42
1029,1415.56862745,802.70
1030,1368.51372549,803.93
1031,1400.08627451,805.19
1032,1366.02352941,806.42
1033,1407.7254902,807.68
1034,1317.41568627,808.87
1035,1317.30588235,810.05
1036,1256.15294118,811.19
1037,1221.80784314,812.28
1038,1200.22745098,813.37
1039,1191.50196078,814.44
1040,1154.68627451,815.48
1041,1177.00784314,816.54
1042,1135.12156863,817.56
1043,1086.96862745,818.54
1044,1057.51372549,819.49
1045,1136.35686275,820.51
1046,1097.43137255,821.50
1047,1003.09411765,822.40
1048,1121.90196078,823.41
1049,1173.56862745,824.47
1050,1080.0745098,825.44
1051,1125.80784314,826.45
1052,1065.09411765,827.41
1053,1074.21176471,828.38
1054,1053.45098039,829.33
1055,1172.05490196,830.38
1056,1116.50980392,831.39
1057,1139.40392157,832.41
1058,1040.1372549,833.35
1059,1090.64313725,834.33
1060,1089.63921569,835.31
1061,985.584313725,836.20
1062,1087.74117647,837.18
1063,1039.20392157,838.11
1064,1005.11372549,839.02
1065,1070.02352941,839.98
1066,1016.10980392,840.89
1067,1064.17647059,841.85
1068,952.415686275,842.71
1069,1007.02745098,843.61
1070,982.505882353,844.50
1071,961.741176471,845.36
1072,970.082352941,846.24
1073,930.470588235,847.07
1074,935.356862745,847.92
1075,901.058823529,848.73
1076,937.866666667,849.57
1077,857.960784314,850.34
1078,881.258823529,851.14
1079,943.709803922,851.99
1080,866.08627451,852.77
1081,911.929411765,853.59
1082,908.180392157,854.40
1083,846.258823529,855.16
1084,886.980392157,855.96
1085,874.235294118,856.75
1086,870.576470588,857.53
1087,832.274509804,858.28
1088,819.654901961,859.02
1089,792.525490196,859.73
1090,850.478431373,860.50
1091,821.960784314,861.24
1092,890.82745098,862.04
1093,837.043137255,862.79
1094,873.68627451,863.58
1095,909.717647059,864.40
1096,909.592156863,865.22
1097,909.698039216,866.04
1098,1029.63529412,866.96
1099,994.352941176,867.86
1100,982.364705882,868.74
1101,945.333333333,869.59
1102,1029.62352941,870.52
1103,998.352941176,871.42
1104,960.011764706,872.28
1105,960.470588235,873.15
1106,1042.36470588,874.08
1107,896.321568627,874.89
1108,966.82745098,875.76
1109,897.188235294,876.57
1110,936.917647059,877.41
1111,977.964705882,878.29
1112,924.08627451,879.12
1113,905.419607843,879.94
1114,827.250980392,880.68
1115,761.509803922,881.37
1116,721.901960784,882.02
1117,805.701960784,882.74
1118,705.866666667,883.38
1119,720.4,884.03
1120,719.866666667,884.67
1121,638.419607843,885.25
1122,684.898039216,885.87
1123,689.980392157,886.49
1124,671.062745098,887.09
1125,650.152941176,887.68
1126,677.776470588,888.29
1127,689.760784314,888.91
1128,677.8,889.52
1129,705.760784314,890.15
1130,741.11372549,890.82
1131,724.329411765,891.47
1132,783.490196078,892.18
1133,786.023529412,892.88
1134,796.725490196,893.60
1135,788.066666667,894.31
1136,820.462745098,895.05
1137,888.168627451,895.85
1138,839.988235294,896.60
1139,850.658823529,897.37
1140,856.239215686,898.14
1141,852.478431373,898.91
1142,878.57254902,899.70
1143,858.317647059,900.47
1144,865.925490196,901.25
1145,808.580392157,901.98
1146,827.862745098,902.72
1147,789.317647059,903.43
1148,810.57254902,904.16
1149,805.133333333,904.89
1150,825.501960784,905.63
1151,835.91372549,906.38
1152,866.835294118,907.16
1153,755.529411765,907.84
1154,799.996078431,908.56
1155,699.905882353,909.19
1156,692.839215686,909.82
1157,706.337254902,910.45
1158,674.560784314,911.06
1159,723.670588235,911.71
1160,657.294117647,912.30
1161,696.760784314,912.93
1162,700.529411765,913.56
1163,616.450980392,914.11
1164,601.858823529,914.66
1165,605.0,915.20
1166,581.0,915.72
1167,517.431372549,916.19
1168,457.015686275,916.60
1169,492.68627451,917.04
1170,454.054901961,917.45
1171,467.164705882,917.87
1172,459.168627451,918.29
1173,420.498039216,918.66
1174,402.074509804,919.03
1175,409.545098039,919.39
1176,381.811764706,919.74
1177,347.388235294,920.05
1178,349.168627451,920.36
1179,372.937254902,920.70
1180,384.556862745,921.05
1181,374.074509804,921.38
1182,351.435294118,921.70
1183,334.309803922,922.00
1184,340.607843137,922.31
1185,352.984313725,922.62
1186,381.560784314,922.97
1187,381.419607843,923.31
1188,457.054901961,923.72
1189,476.631372549,924.15
1190,485.568627451,924.59
1191,475.168627451,925.02
1192,455.137254902,925.43
1193,424.325490196,925.81
1194,417.854901961,926.18
1195,384.278431373,926.53
1196,363.51372549,926.86
1197,374.764705882,927.19
1198,334.494117647,927.50
1199,295.839215686,927.76
1200,310.278431373,928.04
1201,291.392156863,928.30
1202,266.137254902,928.54
1203,248.478431373,928.77
1204,283.450980392,929.02
1205,232.623529412,929.23
1206,255.466666667,929.46
1207,214.494117647,929.65
1208,248.239215686,929.88
1209,171.670588235,930.03
1210,211.607843137,930.22
1211,199.235294118,930.40
1212,176.843137255,930.56
1213,157.678431373,930.70
1214,177.545098039,930.86
1215,169.843137255,931.02
1216,152.450980392,931.15
1217,150.0,931.29
1218,155.031372549,931.43
1219,143.403921569,931.56
1220,155.525490196,931.70
1221,134.0,931.82
1222,142.278431373,931.94
1223,141.0,932.07
1224,119.235294118,932.18
1225,138.635294118,932.30
1226,129.031372549,932.42
1227,132.733333333,932.54
1228,122.388235294,932.65
1229,122.0,932.76
1230,123.0,932.87
1231,120.498039216,932.98
1232,107.51372549,933.07
1233,94.0,933.16
1234,83.0,933.23
1235,114.388235294,933.34
1236,105.043137255,933.43
1237,94.2784313725,933.52
1238,93.1568627451,933.60
1239,94.4470588235,933.69
1240,83.0,933.76
1241,106.68627451,933.86
1242,92.0,933.94
1243,93.6352941176,934.02
1244,110.701960784,934.12
1245,95.062745098,934.21
1246,96.0,934.29
1247,93.0,934.38
1248,103.0,934.47
1249,66.0,934.53
1250,77.0,934.60
1251,62.0,934.66
1252,61.0,934.71
1253,69.0,934.77
1254,45.0,934.81
1255,44.6549019608,934.85
1256,47.8117647059,934.90
1257,50.0,934.94
1258,44.968627451,934.98
1259,49.9215686275,935.03
1260,51.8705882353,935.07
1261,38.5921568627,935.11
1262,46.6549019608,935.15
1263,39.6666666667,935.19
1264,18.0,935.20
1265,12.0,935.21
1266,5.0,935.22
1267,7.0,935.22
1268,12.0,935.23
1269,7.0,935.24
1270,13.0,935.25
1271,14.0,935.27
1272,18.0,935.28
1273,8.0,935.29
1274,10.0,935.30
1275,9.0,935.31
1276,9.0,935.31
1277,14.0,935.33
1278,13.0,935.34
1279,13.0,935.35
1280,11.0,935.36
1281,9.0,935.37
1282,13.0,935.38
1283,4.0,935.38
1284,11.0,935.39
1285,11.0,935.40
1286,13.0,935.41
1287,9.0,935.42
1288,8.0,935.43
1289,6.0,935.44
1290,8.0,935.44
1291,5.0,935.45
1292,6.0,935.45
1293,8.0,935.46
1294,2.0,935.46
1295,5.0,935.47
1296,2.0,935.47
1297,3.0,935.47
1298,3.0,935.47
1299,4.0,935.48
1300,1.0,935.48
1301,2.0,935.48
1302,5.0,935.48
1303,4.0,935.49
1304,2.0,935.49