Elevation,Area,CumArea
389,0.078431372549,0.00
393,0.764705882353,0.00
394,0.901960784314,0.00
395,0.811764705882,0.00
396,0.125490196078,0.00
400,0.156862745098,0.00
402,2.52941176471,0.00
403,1.98431372549,0.01
404,0.764705882353,0.01
405,1.0,0.01
407,1.85882352941,0.01
408,1.0,0.01
409,1.0,0.01
410,1.0,0.01
411,1.0,0.01
412,2.12549019608,0.02
413,4.09019607843,0.02
414,2.0,0.02
415,1.0,0.02
416,1.0,0.02
417,3.0,0.03
418,1.0,0.03
419,1.43529411765,0.03
420,1.0,0.03
421,1.25098039216,0.03
422,1.0,0.03
423,1.01568627451,0.03
424,3.0,0.03
426,3.37254901961,0.04
427,1.0,0.04
428,2.0,0.04
430,3.0,0.04
432,1.0,0.04
433,2.0,0.05
434,1.20392156863,0.05
435,2.0,0.05
436,3.65490196078,0.05
437,1.0,0.05
439,2.0,0.05
440,1.0,0.06
441,1.0,0.06
442,2.0,0.06
443,1.0,0.06
444,3.0,0.06
445,1.0,0.06
446,1.12549019608,0.06
447,1.0,0.06
448,1.0,0.07
449,4.0,0.07
450,3.93725490196,0.07
451,1.38823529412,0.07
453,2.0,0.08
454,1.0,0.08
455,3.0,0.08
458,5.0,0.08
459,1.0,0.08
460,2.0,0.09
461,2.12549019608,0.09
463,3.0,0.09
464,3.0,0.09
465,1.0,0.09
466,1.04705882353,0.10
467,2.0,0.10
468,2.0,0.10
469,1.0,0.10
470,4.73333333333,0.10
471,1.0,0.10
472,2.52941176471,0.11
473,2.0,0.11
474,1.07843137255,0.11
475,1.0,0.11
476,2.96862745098,0.11
477,1.0,0.11
478,2.0,0.12
479,1.0,0.12
480,1.0,0.12
481,0.403921568627,0.12
482,3.0,0.12
483,1.0,0.12
485,3.89019607843,0.13
486,2.0,0.13
487,1.0,0.13
488,2.91764705882,0.13
490,4.25098039216,0.13
491,3.0,0.14
492,0.156862745098,0.14
493,4.38823529412,0.14
494,2.0,0.14
495,1.96862745098,0.14
496,3.89019607843,0.15
497,6.0,0.15
498,1.45098039216,0.16
499,4.0,0.16
500,1.0,0.16
501,4.0,0.16
502,3.0,0.17
503,4.0,0.17
504,2.0,0.17
505,5.0,0.18
506,2.0,0.18
507,4.81176470588,0.18
508,3.96862745098,0.19
509,4.0,0.19
510,9.0,0.20
511,2.0,0.20
513,3.0,0.20
514,1.63921568627,0.20
515,2.0,0.21
516,1.0,0.21
517,2.0,0.21
518,7.98431372549,0.21
519,5.0,0.22
520,5.0,0.22
521,1.21960784314,0.22
522,1.01568627451,0.23
523,3.0,0.23
524,2.30980392157,0.23
525,2.0,0.23
526,4.0,0.24
527,3.0,0.24
528,3.0,0.24
529,2.0,0.24
530,2.1568627451,0.25
531,2.17254901961,0.25
532,1.0,0.25
533,4.0,0.25
534,2.0,0.25
535,3.65490196078,0.26
536,4.34117647059,0.26
537,3.0,0.26
538,4.0,0.27
539,3.98431372549,0.27
540,1.0,0.27
541,4.0,0.28
542,1.29411764706,0.28
543,7.95294117647,0.28
544,5.0,0.29
545,3.0,0.29
546,5.0,0.30
547,1.0,0.30
548,3.0,0.30
549,4.0,0.30
550,3.0,0.30
551,6.0,0.31
552,1.0,0.31
553,9.0,0.32
554,4.0,0.32
555,1.0,0.32
556,4.0,0.33
557,4.98431372549,0.33
558,2.0,0.33
559,6.46666666667,0.34
560,7.0,0.35
561,1.0,0.35
562,4.0,0.35
563,3.0,0.35
564,3.0,0.36
565,4.0,0.36
566,2.0,0.36
567,2.0,0.36
568,6.0,0.37
569,6.74901960784,0.37
570,3.0,0.38
571,2.0,0.38
572,3.0,0.38
573,6.0,0.39
574,4.0,0.39
575,3.0,0.39
576,4.52941176471,0.40
577,4.0,0.40
578,3.0,0.40
579,1.0,0.40
580,1.0,0.41
581,3.0,0.41
582,3.0,0.41
583,2.0,0.41
584,1.0,0.41
585,10.0,0.42
586,3.0,0.43
587,3.0,0.43
588,3.0,0.43
589,1.12549019608,0.43
590,3.0,0.43
591,3.0,0.44
592,3.0,0.44
593,3.0,0.44
594,5.0,0.45
595,2.0,0.45
596,3.0,0.45
597,6.0,0.46
598,3.0,0.46
599,13.9176470588,0.47
600,40.137254902,0.51
601,62.0,0.56
602,66.0,0.62
603,71.0,0.69
604,52.5764705882,0.73
605,42.0,0.77
606,40.5607843137,0.81
607,30.8117647059,0.84
608,51.0,0.88
609,43.7294117647,0.92
610,57.0470588235,0.97
611,70.3137254902,1.04
612,71.4039215686,1.10
613,1468.30588235,2.42
614,307.105882353,2.70
615,214.0,2.89
616,265.231372549,3.13
617,278.2,3.38
618,301.447058824,3.65
619,276.047058824,3.90
620,271.090196078,4.14
621,262.403921569,4.38
622,293.733333333,4.64
623,276.074509804,4.89
624,259.576470588,5.13
625,249.031372549,5.35
626,253.2,5.58
627,237.870588235,5.79
628,248.980392157,6.02
629,234.431372549,6.23
630,231.949019608,6.44
631,258.458823529,6.67
632,223.270588235,6.87
633,226.874509804,7.07
634,222.396078431,7.27
635,208.760784314,7.46
636,222.694117647,7.66
637,180.576470588,7.83
638,196.729411765,8.00
639,184.262745098,8.17
640,194.243137255,8.34
641,177.682352941,8.50
642,183.007843137,8.67
643,157.211764706,8.81
644,171.415686275,8.96
645,156.552941176,9.10
646,142.529411765,9.23
647,132.082352941,9.35
648,134.509803922,9.47
649,117.690196078,9.58
650,122.729411765,9.69
651,127.823529412,9.80
652,107.615686275,9.90
653,104.576470588,10.00
654,111.729411765,10.10
655,87.0392156863,10.17
656,102.011764706,10.27
657,108.482352941,10.36
658,94.5450980392,10.45
659,114.0,10.55
660,78.9450980392,10.62
661,100.0,10.71
662,100.419607843,10.80
663,86.0039215686,10.88
664,111.007843137,10.98
665,87.2274509804,11.06
666,88.7607843137,11.14
667,83.3725490196,11.21
668,88.031372549,11.29
669,72.5921568627,11.36
670,80.5411764706,11.43
671,67.0784313725,11.49
672,59.8117647059,11.54
673,61.7019607843,11.60
674,67.9529411765,11.66
675,53.6549019608,11.71
676,54.2823529412,11.76
677,48.0,11.80
678,48.5764705882,11.85
679,28.4352941176,11.87
680,22.0,11.89
681,23.1411764706,11.91
682,17.0,11.93
683,17.0,11.94
684,19.0,11.96
685,13.0,11.97
686,15.0,11.98
687,19.0,12.00
688,20.0,12.02
689,13.0,12.03
690,18.0,12.05
691,19.0,12.06
692,13.0,12.08
693,15.0,12.09
694,15.0,12.10
695,14.0,12.12
696,23.0,12.14
697,22.0,12.16
698,20.0,12.17
699,16.0,12.19
700,17.0,12.20
701,16.0,12.22
702,24.0,12.24
703,12.0,12.25
704,14.0,12.26
705,3.0,12.27
706,2.0,12.27
707,2.0,12.27
709,1.0,12.27