Elevation,Area,CumArea
319,2.0,0.00
320,1.0,0.00
321,2.0,0.00
322,5.0,0.01
323,7.62352941176,0.02
324,24.2509803922,0.04
325,49.2666666667,0.08
326,101.57254902,0.17
327,2717.71372549,2.62
328,399.258823529,2.98
329,632.760784314,3.55
330,820.631372549,4.29
331,1002.85490196,5.19
332,833.17254902,5.94
333,633.109803922,6.51
334,537.403921569,6.99
335,421.37254902,7.37
336,295.650980392,7.64
337,194.498039216,7.81
338,208.952941176,8.00
339,218.803921569,8.20
340,194.866666667,8.37
341,169.007843137,8.53
342,161.556862745,8.67
343,172.654901961,8.83
344,168.094117647,8.98
345,173.792156863,9.13
346,247.968627451,9.36
347,228.219607843,9.56
348,251.952941176,9.79
349,238.890196078,10.00
350,238.031372549,10.22
351,207.309803922,10.41
352,181.796078431,10.57
353,205.262745098,10.75
354,142.062745098,10.88
355,139.0,11.01
356,128.0,11.12
357,137.933333333,11.25
358,156.0,11.39
359,153.047058824,11.52
360,163.529411765,11.67
361,145.921568627,11.80
362,146.125490196,11.93
363,139.011764706,12.06
364,145.0,12.19
365,128.247058824,12.30
366,147.968627451,12.44
367,141.0,12.57
368,139.0,12.69
369,155.0,12.83
370,151.121568627,12.97
371,175.0,13.12
372,183.0,13.29
373,174.952941176,13.45
374,181.811764706,13.61
375,184.074509804,13.77
376,212.08627451,13.97
377,187.560784314,14.13
378,192.603921569,14.31
379,210.074509804,14.50
380,209.184313725,14.68
381,192.71372549,14.86
382,167.560784314,15.01
383,193.078431373,15.18
384,190.835294118,15.35
385,180.901960784,15.52
386,208.525490196,15.71
387,215.48627451,15.90
388,191.309803922,16.07
389,205.807843137,16.26
390,238.949019608,16.47
391,212.952941176,16.66
392,245.250980392,16.88
393,282.047058824,17.14
394,288.356862745,17.40
395,285.650980392,17.65
396,290.870588235,17.92
397,317.203921569,18.20
398,312.584313725,18.48
399,304.843137255,18.76
400,392.780392157,19.11
401,323.341176471,19.40
402,367.466666667,19.73
403,365.121568627,20.06
404,476.309803922,20.49
405,604.949019608,21.03
406,908.070588235,21.85
407,250186.309804,247.02
408,4872.34117647,251.40
409,4329.59607843,255.30
410,4737.22352941,259.56
411,5269.63529412,264.31
412,5513.16078431,269.27
413,5778.71372549,274.47
414,5730.41960784,279.63
415,6039.25490196,285.06
416,5863.09411765,290.34
417,5855.74509804,295.61
418,6238.6,301.22
419,5905.61960784,306.54
420,6044.5254902,311.98
421,5919.01960784,317.31
422,5773.51372549,322.50
423,5504.21568627,327.46
424,5347.56078431,332.27
425,5155.41960784,336.91
426,5290.40392157,341.67
427,5223.4745098,346.37
428,5215.44313725,351.07
429,4947.96078431,355.52
430,4999.81176471,360.02
431,4970.76078431,364.49
432,5029.89803922,369.02
433,4893.16470588,373.42
434,4732.67058824,377.68
435,5108.36078431,382.28
436,4924.36470588,386.71
437,4880.49411765,391.10
438,5117.4745098,395.71
439,5128.49411765,400.33
440,4973.99607843,404.80
441,4935.42745098,409.24
442,4834.72941176,413.60
443,4700.17647059,417.83
444,4737.98039216,422.09
445,4763.13333333,426.38
446,4895.47058824,430.78
447,4847.82745098,435.15
448,4912.04705882,439.57
449,4841.07843137,443.92
450,4768.79607843,448.22
451,4696.39215686,452.44
452,4650.41568627,456.63
453,4585.99607843,460.75
454,4368.24313725,464.69
455,4383.0,468.63
456,4283.03529412,472.49
457,4297.1372549,476.35
458,4134.44313725,480.07
459,4193.19215686,483.85
460,3988.50588235,487.44
461,3978.0745098,491.02
462,3907.05098039,494.53
463,4011.29411765,498.14
464,3972.17254902,501.72
465,4062.41960784,505.38
466,4129.37254902,509.09
467,4057.28235294,512.74
468,4172.65882353,516.50
469,3987.11372549,520.09
470,3982.80392157,523.67
471,3978.50980392,527.25
472,3962.0627451,530.82
473,3962.95294118,534.39
474,3913.78431373,537.91
475,3918.1372549,541.43
476,3765.18039216,544.82
477,3888.35294118,548.32
478,3814.09411765,551.75
479,3786.05490196,555.16
480,3697.5254902,558.49
481,3679.66666667,561.80
482,3541.2745098,564.99
483,3531.2745098,568.17
484,3537.97647059,571.35
485,3502.42352941,574.50
486,3428.79607843,577.59
487,3297.49411765,580.56
488,3245.43529412,583.48
489,3306.63921569,586.45
490,3250.56470588,589.38
491,3276.6627451,592.33
492,3216.64313725,595.22
493,3342.08235294,598.23
494,3274.61960784,601.18
495,3255.76862745,604.11
496,3220.12156863,607.01
497,3154.97647059,609.85
498,3240.23529412,612.76
499,3181.4,615.63
500,3079.74509804,618.40
501,3002.63529412,621.10
502,2968.16470588,623.77
503,2982.38823529,626.46
504,2967.22745098,629.13
505,3036.02745098,631.86
506,2883.67058824,634.45
507,2962.95294118,637.12
508,2776.3254902,639.62
509,2721.41960784,642.07
510,2827.2745098,644.61
511,2822.23529412,647.15
512,2717.23529412,649.60
513,2665.01960784,652.00
514,2552.54117647,654.29
515,2556.49411765,656.59
516,2505.85098039,658.85
517,2504.91764706,661.10
518,2352.58039216,663.22
519,2360.43529412,665.35
520,2258.49411765,667.38
521,2280.50196078,669.43
522,2281.9372549,671.48
523,2201.57647059,673.47
524,2046.30980392,675.31
525,2108.66666667,677.21
526,1993.81568627,679.00
527,2076.82352941,680.87
528,1988.24313725,682.66
529,1906.17647059,684.37
530,1904.15294118,686.09
531,1919.0,687.82
532,1780.93333333,689.42
533,1795.85098039,691.03
534,1707.11764706,692.57
535,1656.95294118,694.06
536,1625.38431373,695.52
537,1637.09411765,697.00
538,1536.83921569,698.38
539,1576.31764706,699.80
540,1581.62352941,701.22
541,1480.55294118,702.56
542,1576.3372549,703.97
543,1548.09803922,705.37
544,1483.66666667,706.70
545,1550.75294118,708.10
546,1512.86666667,709.46
547,1445.22745098,710.76
548,1463.81960784,712.08
549,1417.66666667,713.35
550,1363.76862745,714.58
551,1305.49019608,715.76
552,1214.63137255,716.85
553,1216.44705882,717.94
554,1294.3372549,719.11
555,1322.15686275,720.30
556,1209.80784314,721.39
557,1297.91764706,722.56
558,1211.92941176,723.65
559,1112.15686275,724.65
560,1144.30588235,725.68
561,1094.15686275,726.66
562,1028.9372549,727.59
563,1044.76078431,728.53
564,1014.48235294,729.44
565,1046.56078431,730.38
566,973.607843137,731.26
567,964.050980392,732.13
568,1012.08627451,733.04
569,924.0,733.87
570,917.811764706,734.70
571,885.243137255,735.49
572,870.88627451,736.28
573,869.698039216,737.06
574,925.337254902,737.89
575,920.682352941,738.72
576,889.294117647,739.52
577,844.576470588,740.28
578,866.580392157,741.06
579,814.619607843,741.79
580,780.329411765,742.50
581,778.007843137,743.20
582,754.149019608,743.88
583,703.039215686,744.51
584,695.078431373,745.13
585,712.184313725,745.78
586,611.654901961,746.33
587,678.733333333,746.94
588,649.776470588,747.52
589,648.294117647,748.11
590,648.584313725,748.69
591,639.121568627,749.26
592,619.996078431,749.82
593,599.729411765,750.36
594,581.08627451,750.88
595,586.823529412,751.41
596,586.835294118,751.94
597,538.584313725,752.43
598,531.368627451,752.90
599,533.215686275,753.38
600,549.6,753.88
601,541.964705882,754.37
602,520.729411765,754.83
603,519.917647059,755.30
604,430.560784314,755.69
605,483.274509804,756.13
606,436.937254902,756.52
607,447.792156863,756.92
608,384.807843137,757.27
609,450.866666667,757.67
610,381.290196078,758.02
611,411.984313725,758.39
612,354.070588235,758.71
613,353.733333333,759.02
614,318.011764706,759.31
615,365.2,759.64
616,300.949019608,759.91
617,304.552941176,760.18
618,256.149019608,760.42
619,296.364705882,760.68
620,280.631372549,760.93
621,274.525490196,761.18
622,270.4,761.42
623,278.788235294,761.68
624,250.48627451,761.90
625,230.258823529,762.11
626,239.764705882,762.32
627,248.105882353,762.55
628,232.670588235,762.76
629,217.450980392,762.95
630,217.309803922,763.15
631,213.733333333,763.34
632,209.498039216,763.53
633,204.419607843,763.71
634,186.88627451,763.88
635,200.529411765,764.06
636,184.450980392,764.23
637,200.109803922,764.41
638,181.345098039,764.57
639,185.764705882,764.74
640,168.792156863,764.89
641,177.215686275,765.05
642,177.776470588,765.21
643,174.215686275,765.37
644,176.68627451,765.53
645,181.717647059,765.69
646,126.498039216,765.80
647,169.094117647,765.95
648,198.141176471,766.13
649,150.592156863,766.27
650,145.776470588,766.40
651,138.376470588,766.52
652,159.91372549,766.67
653,138.898039216,766.79
654,124.623529412,766.91
655,135.917647059,767.03
656,139.352941176,767.15
657,103.133333333,767.25
658,125.62745098,767.36
659,109.031372549,767.46
660,113.823529412,767.56
661,125.807843137,767.67
662,131.403921569,767.79
663,98.6509803922,767.88
664,116.749019608,767.99
665,101.745098039,768.08
666,101.407843137,768.17
667,97.3764705882,768.26
668,106.694117647,768.35
669,95.4980392157,768.44
670,104.639215686,768.53
671,85.5294117647,768.61
672,86.3843137255,768.69
673,85.5294117647,768.76
674,94.9647058824,768.85
675,83.7960784314,768.92
676,76.3411764706,768.99
677,75.062745098,769.06
678,75.5294117647,769.13
679,94.4,769.21
680,71.4941176471,769.28
681,71.2784313725,769.34
682,69.8431372549,769.40
683,67.0745098039,769.47
684,76.6392156863,769.53
685,58.9019607843,769.59
686,54.7176470588,769.64
687,56.2,769.69
688,59.168627451,769.74
689,66.9921568627,769.80
690,71.0745098039,769.86
691,62.9176470588,769.92
692,53.9333333333,769.97
693,52.0,770.02
694,55.4588235294,770.07
695,40.4196078431,770.10
696,65.2470588235,770.16
697,57.3411764706,770.21
698,40.1882352941,770.25
699,51.5921568627,770.30
700,52.9647058824,770.34
701,36.8117647059,770.38
702,48.0,770.42
703,47.9529411765,770.46
704,51.1215686275,770.51
705,44.7490196078,770.55
706,46.6352941176,770.59
707,50.6196078431,770.64
708,33.5098039216,770.67
709,37.0,770.70
710,36.5294117647,770.73
711,28.1882352941,770.76
712,34.1725490196,770.79
713,44.0156862745,770.83
714,31.6862745098,770.86
715,33.0,770.89
716,35.9843137255,770.92
717,38.0,770.95
718,30.0,770.98
719,27.0,771.00
720,32.8705882353,771.03
721,28.0,771.06
722,38.0,771.09
723,40.031372549,771.13
724,37.0,771.16
725,36.9019607843,771.20
726,36.0,771.23
727,37.0,771.26
728,44.1098039216,771.30
729,22.9843137255,771.32
730,37.9215686275,771.36
731,32.0,771.39
732,28.6549019608,771.41
733,22.0,771.43
734,37.3882352941,771.46
735,16.7960784314,771.48
736,34.062745098,771.51
737,31.7803921569,771.54
738,32.0,771.57
739,32.5098039216,771.60
740,21.1568627451,771.62
741,17.9843137255,771.63
742,14.0,771.65
743,15.8549019608,771.66
744,22.5294117647,771.68
745,30.8901960784,771.71
746,20.8274509804,771.73
747,25.6705882353,771.75
748,15.2784313725,771.76
749,13.0,771.77
750,21.9333333333,771.79
751,15.0,771.81
752,27.2,771.83
753,11.0,771.84
754,23.0,771.86
755,29.0,771.89
756,15.7176470588,771.90
757,17.3254901961,771.92
758,22.0,771.94
759,20.5607843137,771.96
760,11.8431372549,771.97
761,17.0,771.98
762,20.0,772.00
763,17.031372549,772.02
764,21.7490196078,772.04
765,21.1882352941,772.06
766,15.0,772.07
767,25.137254902,772.09
768,10.262745098,772.10
769,15.3254901961,772.11
770,14.0,772.13
771,15.0,772.14
772,25.0,772.16
773,8.0,772.17
774,12.968627451,772.18
775,13.0,772.19
776,16.4980392157,772.21
777,10.0,772.22
778,23.5764705882,772.24
779,11.0,772.25
780,7.07450980392,772.25
781,12.2470588235,772.27
782,16.0784313725,772.28
783,7.8431372549,772.29
784,16.4039215686,772.30
785,11.8745098039,772.31
786,5.54509803922,772.32
787,10.0,772.33
788,9.92156862745,772.34
789,4.73333333333,772.34
790,10.2039215686,772.35
791,15.968627451,772.36
792,7.70196078431,772.37
793,17.262745098,772.39
794,12.4823529412,772.40
795,7.0,772.40
796,12.1254901961,772.41
797,3.69803921569,772.42
798,8.01568627451,772.42
799,2.98431372549,772.43
800,8.23137254902,772.43
801,2.0,772.44
802,2.0,772.44
803,1.0,772.44
804,1.54509803922,772.44
805,1.0,772.44
806,1.0,772.44
807,1.0,772.44
808,1.10588235294,772.44
809,0.141176470588,772.44
810,0.827450980392,772.45
811,1.0,772.45
816,0.235294117647,772.45
818,0.811764705882,772.45
819,0.0313725490196,772.45
823,0.388235294118,772.45