Elevation,Area,CumArea
152,0.623529411765,0.00
153,10.0274509804,0.01
154,28.4196078431,0.04
155,48.9529411765,0.08
156,49.8078431373,0.12
157,64.0784313725,0.18
158,105.949019608,0.28
159,173.654901961,0.43
160,251.694117647,0.66
161,332.956862745,0.96
162,456.039215686,1.37
163,524.215686275,1.84
164,602.388235294,2.38
165,704.345098039,3.02
166,735.023529412,3.68
167,668.42745098,4.28
168,590.039215686,4.81
169,566.02745098,5.32
170,443.439215686,5.72
171,340.4,6.03
172,268.258823529,6.27
173,243.498039216,6.49
174,210.356862745,6.68
175,172.478431373,6.83
176,116.450980392,6.94
177,165.0,7.09
178,7908.09019608,14.20
179,423.0,14.58
180,474.141176471,15.01
181,646.0,15.59
182,778.0,16.29
183,751.0,16.97
184,789.749019608,17.68
185,808.0,18.41
186,806.654901961,19.13
187,765.580392157,19.82
188,735.745098039,20.48
189,751.494117647,21.16
190,719.2,21.81
191,663.047058824,22.40
192,698.949019608,23.03
193,667.996078431,23.63
194,695.08627451,24.26
195,599.337254902,24.80
196,598.447058824,25.34
197,557.556862745,25.84
198,519.231372549,26.31
199,448.450980392,26.71
200,387.556862745,27.06
201,350.917647059,27.37
202,316.662745098,27.66
203,330.839215686,27.96
204,311.917647059,28.24
205,242.949019608,28.46
206,263.545098039,28.69
207,244.57254902,28.91
208,222.0,29.11
209,211.619607843,29.30
210,188.905882353,29.47
211,205.984313725,29.66
212,195.360784314,29.84
213,217.88627451,30.03
214,193.545098039,30.21
215,189.125490196,30.38
216,208.874509804,30.56
217,197.68627451,30.74
218,204.560784314,30.93
219,212.639215686,31.12
220,194.709803922,31.29
221,219.654901961,31.49
222,218.156862745,31.69
223,202.4,31.87
224,203.717647059,32.05
225,205.262745098,32.24
226,206.403921569,32.42
227,168.2,32.57
228,234.247058824,32.78
229,214.180392157,32.98
230,170.588235294,33.13
231,170.152941176,33.28
232,184.796078431,33.45
233,161.654901961,33.60
234,177.525490196,33.76
235,181.282352941,33.92
236,194.835294118,34.09
237,158.749019608,34.24
238,179.203921569,34.40
239,205.780392157,34.58
240,164.074509804,34.73
241,176.341176471,34.89
242,161.294117647,35.03
243,185.796078431,35.20
244,172.764705882,35.36
245,197.639215686,35.54
246,180.258823529,35.70
247,190.749019608,35.87
248,213.0,36.06
249,202.88627451,36.24
250,200.141176471,36.42
251,182.576470588,36.59
252,191.71372549,36.76
253,215.607843137,36.95
254,208.88627451,37.14
255,209.619607843,37.33
256,215.0,37.52
257,208.592156863,37.71
258,211.356862745,37.90
259,190.796078431,38.07
260,197.870588235,38.25
261,189.203921569,38.42
262,187.764705882,38.59
263,177.717647059,38.75
264,201.109803922,38.93
265,198.015686275,39.11
266,184.639215686,39.28
267,193.219607843,39.45
268,189.078431373,39.62
269,197.607843137,39.80
270,180.82745098,39.96
271,165.745098039,40.11
272,175.82745098,40.27
273,162.321568627,40.42
274,182.0,40.58
275,173.0,40.73
276,152.0,40.87
277,164.529411765,41.02
278,166.811764706,41.17
279,146.341176471,41.30
280,142.917647059,41.43
281,144.88627451,41.56
282,158.419607843,41.70
283,171.874509804,41.86
284,182.294117647,42.02
285,141.560784314,42.15
286,150.431372549,42.28
287,148.37254902,42.42
288,144.101960784,42.55
289,143.858823529,42.68
290,131.184313725,42.80
291,123.650980392,42.91
292,122.917647059,43.02
293,130.568627451,43.13
294,123.51372549,43.25
295,106.274509804,43.34
296,109.247058824,43.44
297,111.760784314,43.54
298,101.890196078,43.63
299,106.984313725,43.73
300,122.933333333,43.84
301,110.764705882,43.94
302,99.0274509804,44.03
303,96.7960784314,44.12
304,98.1843137255,44.20
305,83.3411764706,44.28
306,102.560784314,44.37
307,98.1098039216,44.46
308,80.137254902,44.53
309,85.1058823529,44.61
310,106.635294118,44.70
311,110.266666667,44.80
312,104.231372549,44.90
313,93.3215686275,44.98
314,88.7647058824,45.06
315,93.1803921569,45.14
316,121.247058824,45.25
317,106.560784314,45.35
318,105.141176471,45.44
319,94.7960784314,45.53
320,89.3568627451,45.61
321,97.0745098039,45.70
322,97.1843137255,45.78
323,115.654901961,45.89
324,107.639215686,45.99
325,117.325490196,46.09
326,80.2274509804,46.16
327,118.384313725,46.27
328,100.733333333,46.36
329,76.8078431373,46.43
330,91.062745098,46.51
331,83.3725490196,46.59
332,76.0156862745,46.66
333,96.4431372549,46.74
334,94.4196078431,46.83
335,64.5921568627,46.89
336,78.2941176471,46.96
337,70.9960784314,47.02
338,64.0,47.08
339,63.4980392157,47.13
340,65.5294117647,47.19
341,52.3098039216,47.24
342,69.6862745098,47.30
343,66.9019607843,47.36
344,50.1058823529,47.41
345,56.8862745098,47.46
346,47.6235294118,47.50
347,41.6235294118,47.54
348,41.9803921569,47.58
349,43.1882352941,47.62
350,29.1803921569,47.64
351,42.0156862745,47.68
352,34.4509803922,47.71
353,30.2,47.74
354,32.2470588235,47.77
355,41.6980392157,47.81
356,35.6862745098,47.84
357,44.937254902,47.88
358,36.1803921569,47.91
359,31.0,47.94
360,39.3647058824,47.97
361,37.7019607843,48.01
362,30.6862745098,48.04
363,41.9803921569,48.07
364,37.0,48.11
365,38.8274509804,48.14
366,42.6784313725,48.18
367,28.4980392157,48.21
368,28.0,48.23
369,30.0,48.26
370,41.3098039216,48.29
371,23.0588235294,48.32
372,36.0,48.35
373,36.0,48.38
374,24.3882352941,48.40
375,28.0,48.43
376,28.0,48.45
377,30.4980392157,48.48
378,37.0,48.51
379,29.968627451,48.54
380,33.0784313725,48.57
381,22.0,48.59
382,17.7490196078,48.61
383,26.0,48.63
384,24.0,48.65
385,30.0,48.68
386,17.0,48.69
387,27.2509803922,48.72
388,31.4352941176,48.75
389,19.0,48.76
390,12.0,48.77
391,20.0,48.79
392,16.0,48.81
393,22.0,48.83
394,17.0,48.84
395,14.0,48.85
396,22.0,48.87
397,17.0,48.89
398,14.7803921569,48.90
399,28.0,48.93
400,10.0,48.94
401,21.0470588235,48.96
402,19.0,48.97
403,7.0,48.98
404,9.5137254902,48.99
405,11.0,49.00
406,16.5450980392,49.01
407,13.1568627451,49.02
408,19.3568627451,49.04
409,9.0,49.05
410,12.0,49.06
411,14.7176470588,49.07
412,14.5764705882,49.09
413,10.0,49.10
414,17.0,49.11
415,15.0,49.12
416,16.7803921569,49.14
417,12.9529411765,49.15
418,10.0,49.16
419,18.1568627451,49.18
420,19.0,49.19
421,12.2196078431,49.21
422,17.0,49.22
423,16.3254901961,49.24
424,17.0,49.25
425,13.0,49.26
426,21.0,49.28
427,18.0,49.30
428,9.0,49.31
429,17.0,49.32
430,15.0,49.33
431,17.5137254902,49.35
432,15.0,49.36
433,12.3098039216,49.37
434,19.0,49.39
435,20.0,49.41
436,12.0,49.42
437,17.7019607843,49.44
438,19.0,49.45
439,19.0,49.47
440,22.0,49.49
441,23.9058823529,49.51
442,21.0,49.53
443,33.1568627451,49.56
444,25.0,49.58
445,27.3882352941,49.61
446,36.3725490196,49.64
447,38.0,49.67
448,24.4980392157,49.70
449,39.0,49.73
450,40.0,49.77
451,41.0,49.80
452,33.0,49.83
453,33.0941176471,49.86
454,28.0,49.89
455,32.0,49.92
456,34.0,49.95
457,34.0,49.98
458,36.3411764706,50.01
459,33.0,50.04
460,25.0,50.06
461,31.0,50.09
462,34.4823529412,50.12
463,25.0,50.15
464,22.0,50.17
465,24.0,50.19
466,28.5764705882,50.21
467,24.0,50.23
468,22.0,50.25
469,23.0,50.27
470,18.0,50.29
471,24.0,50.31
472,20.0,50.33
473,24.6235294118,50.35
474,15.0,50.37
475,32.2196078431,50.40
476,16.4823529412,50.41
477,14.5294117647,50.42
478,18.0,50.44
479,18.5764705882,50.46
480,14.3725490196,50.47
481,11.0,50.48
482,15.0,50.49
483,13.0,50.50
484,13.0,50.52
485,12.6235294118,50.53
486,11.4980392157,50.54
487,7.0,50.54
488,9.37254901961,50.55
489,6.0,50.56
490,9.0,50.57
491,4.0,50.57
492,4.70196078431,50.57
493,7.0,50.58
494,2.0,50.58
495,3.0,50.58
496,7.0,50.59
497,5.0,50.60
498,4.0,50.60
499,4.0,50.60
500,1.0,50.60
501,8.0,50.61
502,6.0,50.62
503,2.0,50.62
504,2.0,50.62
505,1.0,50.62
506,5.0,50.62
508,4.0,50.63
509,2.0,50.63
510,5.0,50.63
511,5.0,50.64
512,1.0,50.64
513,4.0,50.64
514,3.0,50.65
515,2.0,50.65
516,6.0,50.65
517,1.0,50.65
518,2.0,50.66
519,1.0,50.66
520,2.0,50.66
521,5.0,50.66
522,2.0,50.67
523,1.0,50.67
524,3.0,50.67
525,3.0,50.67
526,4.0,50.68
527,2.0,50.68
528,2.0,50.68
530,2.0,50.68
532,1.0,50.68
533,2.0,50.68
534,1.0,50.68
535,2.0,50.69
536,2.0,50.69
539,1.0,50.69
540,3.0,50.69
543,2.0,50.69
544,3.0,50.70
548,3.0,50.70
551,1.0,50.70
552,1.0,50.70
553,1.0,50.70
554,1.0,50.70
555,4.0,50.71