Elevation,Area,CumArea
404,1.0,0.00
405,1.0,0.00
406,2.0,0.00
407,1.0,0.00
408,3.0,0.01
410,5.03137254902,0.01
411,3.3568627451,0.01
412,4.92156862745,0.02
413,4.52941176471,0.02
414,3.0,0.03
415,10.0941176471,0.04
416,10.0,0.04
417,5.46666666667,0.05
418,6.0,0.05
419,12.6235294118,0.07
420,13.0,0.08
421,10.0,0.09
422,12.9843137255,0.10
423,17.0274509804,0.11
424,15.0,0.13
425,10.9215686275,0.14
426,17.0,0.15
427,20.7803921569,0.17
428,10.0,0.18
429,26.6862745098,0.20
430,24.2509803922,0.23
431,21.0,0.24
432,27.3254901961,0.27
433,15.0,0.28
434,22.0,0.30
435,21.2784313725,0.32
436,20.1725490196,0.34
437,14.8745098039,0.35
438,21.0,0.37
439,23.8901960784,0.39
440,25.0941176471,0.42
441,27.6078431373,0.44
442,30.3411764706,0.47
443,36.231372549,0.50
444,29.0941176471,0.53
445,25.1882352941,0.55
446,17.7803921569,0.57
447,26.0,0.59
448,30.031372549,0.62
449,33.0,0.65
450,29.6705882353,0.67
451,31.0,0.70
452,28.0,0.73
453,28.0,0.75
454,36.0,0.78
455,30.7647058824,0.81
456,25.1215686275,0.83
457,26.5607843137,0.86
458,35.2156862745,0.89
459,40.0,0.93
460,29.7960784314,0.95
461,26.0,0.98
462,29.2470588235,1.00
463,33.0,1.03
464,33.6235294118,1.06
465,31.0,1.09
466,28.0,1.11
467,36.0,1.15
468,36.4352941176,1.18
469,37.3568627451,1.21
470,25.0,1.24
471,27.0470588235,1.26
472,43.6392156863,1.30
473,27.6862745098,1.32
474,37.2941176471,1.36
475,46.2196078431,1.40
476,25.7960784314,1.42
477,35.8588235294,1.46
478,37.8235294118,1.49
479,40.1882352941,1.53
480,34.7176470588,1.56
481,32.0,1.59
482,41.937254902,1.62
483,30.4196078431,1.65
484,37.3098039216,1.68
485,43.4352941176,1.72
486,32.4823529412,1.75
487,41.8078431373,1.79
488,36.968627451,1.82
489,43.1568627451,1.86
490,41.0,1.90
491,35.0,1.93
492,35.6235294118,1.96
493,53.0,2.01
494,43.9803921569,2.05
495,45.3098039216,2.09
496,41.8745098039,2.13
497,39.0,2.16
498,41.7490196078,2.20
499,43.4039215686,2.24
500,46.0784313725,2.28
501,49.0,2.33
502,50.8431372549,2.37
503,43.0470588235,2.41
504,64.3882352941,2.47
505,44.8745098039,2.51
506,45.4509803922,2.55
507,48.2039215686,2.59
508,50.0,2.64
509,59.0,2.69
510,53.0156862745,2.74
511,60.6705882353,2.79
512,49.7019607843,2.84
513,61.9960784314,2.89
514,55.6705882353,2.94
515,49.0,2.99
516,65.262745098,3.05
517,65.6039215686,3.11
518,71.9215686275,3.17
519,78.0784313725,3.24
520,75.8549019608,3.31
521,72.0588235294,3.37
522,78.2509803922,3.44
523,77.5137254902,3.51
524,86.1960784314,3.59
525,107.247058824,3.69
526,85.8117647059,3.77
527,75.2470588235,3.83
528,89.6666666667,3.91
529,101.839215686,4.01
530,107.494117647,4.10
531,97.4980392157,4.19
532,98.8901960784,4.28
533,105.466666667,4.37
534,76.8431372549,4.44
535,96.2196078431,4.53
536,109.937254902,4.63
537,113.760784314,4.73
538,107.945098039,4.83
539,104.831372549,4.92
540,105.976470588,5.02
541,110.403921569,5.12
542,119.921568627,5.23
543,123.121568627,5.34
544,120.678431373,5.44
545,130.058823529,5.56
546,150.521568627,5.70
547,152.91372549,5.83
548,129.443137255,5.95
549,147.450980392,6.08
550,150.294117647,6.22
551,126.968627451,6.33
552,130.607843137,6.45
553,117.137254902,6.56
554,115.309803922,6.66
555,136.701960784,6.78
556,124.745098039,6.90
557,150.760784314,7.03
558,118.717647059,7.14
559,108.623529412,7.24
560,143.262745098,7.36
561,150.078431373,7.50
562,109.498039216,7.60
563,155.156862745,7.74
564,116.529411765,7.84
565,134.921568627,7.96
566,139.450980392,8.09
567,131.874509804,8.21
568,146.901960784,8.34
569,124.294117647,8.45
570,139.062745098,8.58
571,142.82745098,8.71
572,138.356862745,8.83
573,137.356862745,8.95
574,125.545098039,9.07
575,115.0,9.17
576,117.937254902,9.28
577,108.607843137,9.37
578,128.466666667,9.49
579,156.937254902,9.63
580,145.0,9.76
581,149.403921569,9.90
582,136.0,10.02
583,163.858823529,10.17
584,147.670588235,10.30
585,141.701960784,10.43
586,153.0,10.56
587,165.984313725,10.71
588,162.121568627,10.86
589,143.403921569,10.99
590,180.074509804,11.15
591,179.462745098,11.31
592,185.482352941,11.48
593,209.494117647,11.67
594,222.168627451,11.87
595,225.262745098,12.07
596,236.952941176,12.28
597,214.0,12.48
598,221.0,12.68
599,292.0,12.94
600,329.37254902,13.23
601,14463.7176471,26.25
602,614.062745098,26.80
603,621.529411765,27.36
604,735.0,28.03
605,810.250980392,28.75
606,896.278431373,29.56
607,940.0,30.41
608,1058.60784314,31.36
609,1099.14117647,32.35
610,1246.0,33.47
611,1342.0,34.68
612,1386.2627451,35.93
613,1265.0,37.06
614,1296.0,38.23
615,1282.43529412,39.39
616,1181.72941176,40.45
617,1242.16470588,41.57
618,1151.4,42.60
619,1119.95686275,43.61
620,1001.56078431,44.51
621,1084.80392157,45.49
622,1002.49411765,46.39
623,995.501960784,47.29
624,965.741176471,48.16
625,939.545098039,49.00
626,957.619607843,49.86
627,903.090196078,50.68
628,856.231372549,51.45
629,829.631372549,52.19
630,764.88627451,52.88
631,873.917647059,53.67
632,844.341176471,54.43
633,821.031372549,55.17
634,784.666666667,55.87
635,803.447058824,56.60
636,843.160784314,57.36
637,752.933333333,58.03
638,704.725490196,58.67
639,784.023529412,59.37
640,736.560784314,60.04
641,739.078431373,60.70
642,682.619607843,61.32
643,676.870588235,61.92
644,722.811764706,62.58
645,649.090196078,63.16
646,703.654901961,63.79
647,624.250980392,64.35
648,622.435294118,64.91
649,613.262745098,65.47
650,638.560784314,66.04
651,577.231372549,66.56
652,606.898039216,67.11
653,585.949019608,67.63
654,524.603921569,68.11
655,546.215686275,68.60
656,504.709803922,69.05
657,558.011764706,69.55
658,529.984313725,70.03
659,497.043137255,70.48
660,476.062745098,70.91
661,491.560784314,71.35
662,505.325490196,71.80
663,481.854901961,72.24
664,497.576470588,72.69
665,472.047058824,73.11
666,487.901960784,73.55
667,477.0,73.98
668,508.654901961,74.44
669,462.937254902,74.85
670,447.792156863,75.26
671,411.309803922,75.63
672,434.450980392,76.02
673,438.482352941,76.41
674,391.545098039,76.77
675,413.780392157,77.14
676,392.2,77.49
677,414.0,77.86
678,427.247058824,78.25
679,429.211764706,78.63
680,457.760784314,79.05
681,430.560784314,79.43
682,427.090196078,79.82
683,416.91372549,80.19
684,406.180392157,80.56
685,371.964705882,80.89
686,415.647058824,81.27
687,423.82745098,81.65
688,377.682352941,81.99
689,405.760784314,82.35
690,397.101960784,82.71
691,398.403921569,83.07
692,384.607843137,83.42
693,408.2,83.78
694,443.71372549,84.18
695,407.466666667,84.55
696,420.752941176,84.93
697,419.117647059,85.31
698,416.450980392,85.68
699,377.698039216,86.02
700,405.149019608,86.38
701,369.294117647,86.72
702,368.478431373,87.05
703,358.403921569,87.37
704,329.992156863,87.67
705,276.388235294,87.92
706,319.874509804,88.20
707,294.37254902,88.47
708,269.984313725,88.71
709,298.419607843,88.98
710,317.0,89.27
711,280.874509804,89.52
712,248.0,89.74
713,296.51372549,90.01
714,259.219607843,90.24
715,266.807843137,90.48
716,252.874509804,90.71
717,239.82745098,90.93
718,234.921568627,91.14
719,255.058823529,91.37
720,266.807843137,91.61
721,281.57254902,91.86
722,292.2,92.12
723,320.082352941,92.41
724,319.058823529,92.70
725,354.431372549,93.02
726,326.329411765,93.31
727,323.490196078,93.60
728,302.760784314,93.88
729,287.17254902,94.13
730,311.729411765,94.41
731,297.878431373,94.68
732,286.71372549,94.94
733,228.835294118,95.15
734,240.039215686,95.36
735,218.901960784,95.56
736,196.537254902,95.74
737,168.807843137,95.89
738,160.062745098,96.03
739,165.17254902,96.18
740,151.105882353,96.32
741,127.749019608,96.43
742,128.952941176,96.55
743,127.015686275,96.66
744,108.854901961,96.76
745,109.968627451,96.86
746,107.666666667,96.96
747,108.462745098,97.05
748,92.8588235294,97.14
749,96.4901960784,97.22
750,108.180392157,97.32
751,113.352941176,97.42
752,138.701960784,97.55
753,116.643137255,97.65
754,127.631372549,97.77
755,117.780392157,97.87
756,99.3882352941,97.96
757,109.121568627,98.06
758,88.5725490196,98.14
759,107.505882353,98.24
760,100.623529412,98.33
761,79.2431372549,98.40
762,103.945098039,98.49
763,76.0470588235,98.56
764,89.5411764706,98.64
765,79.0,98.71
766,77.5764705882,98.78
767,82.2,98.86
768,80.7647058824,98.93
769,86.2745098039,99.01
770,73.8862745098,99.07
771,68.0,99.14
772,65.7647058824,99.20
773,49.0,99.24
774,55.0,99.29
775,47.4196078431,99.33
776,44.8078431373,99.37
777,43.0156862745,99.41
778,43.0,99.45
779,41.0,99.49
780,33.5607843137,99.52
781,29.0156862745,99.54
782,21.262745098,99.56
783,33.0,99.59
784,20.2941176471,99.61
785,21.2823529412,99.63
786,16.937254902,99.64
787,16.6862745098,99.66
788,6.70196078431,99.66
789,12.6078431373,99.68
790,11.7490196078,99.69
791,12.3607843137,99.70
792,7.02745098039,99.70
793,9.8431372549,99.71
794,15.8745098039,99.73
795,6.45098039216,99.73
796,7.32549019608,99.74
797,2.12549019608,99.74
798,1.0,99.74