Elevation,Area,CumArea
831,2.0,0.00
832,7.77647058824,0.01
833,10.7019607843,0.02
834,15.5764705882,0.03
835,31.3215686275,0.06
836,61.6078431373,0.12
837,84.0784313725,0.19
838,92.1843137255,0.27
839,122.654901961,0.39
840,136.0,0.51
841,99.0,0.60
842,109.874509804,0.70
843,120.0,0.80
844,155.717647059,0.94
845,139.094117647,1.07
846,148.047058824,1.20
847,153.266666667,1.34
848,168.156862745,1.49
849,177.247058824,1.65
850,192.854901961,1.82
851,190.0,2.00
852,165.419607843,2.14
853,134.0,2.26
854,140.0,2.39
855,140.294117647,2.52
856,117.02745098,2.62
857,108.607843137,2.72
858,103.968627451,2.81
859,118.450980392,2.92
860,103.984313725,3.01
861,89.0,3.09
862,93.9843137255,3.18
863,132.278431373,3.30
864,149.0,3.43
865,143.250980392,3.56
866,152.0,3.70
867,180.403921569,3.86
868,172.0,4.01
869,188.17254902,4.18
870,171.0,4.34
871,178.011764706,4.50
872,195.0,4.67
873,200.68627451,4.85
874,194.0,5.03
875,190.811764706,5.20
876,158.419607843,5.34
877,192.0,5.52
878,190.141176471,5.69
879,195.0,5.86
880,198.984313725,6.04
881,203.0,6.22
882,197.325490196,6.40
883,224.576470588,6.60
884,260.952941176,6.84
885,256.015686275,7.07
886,233.0,7.28
887,297.780392157,7.55
888,270.17254902,7.79
889,277.984313725,8.04
890,247.309803922,8.26
891,244.0,8.48
892,245.733333333,8.70
893,277.450980392,8.95
894,242.0,9.17
895,238.654901961,9.39
896,261.188235294,9.62
897,292.0,9.88
898,298.156862745,10.15
899,290.031372549,10.41
900,319.37254902,10.70
901,332.094117647,11.00
902,307.576470588,11.28
903,290.325490196,11.54
904,287.0,11.80
905,307.015686275,12.07
906,323.68627451,12.36
907,351.0,12.68
908,343.0,12.99
909,303.796078431,13.26
910,295.937254902,13.53
911,294.125490196,13.79
912,292.015686275,14.06
913,306.047058824,14.33
914,341.964705882,14.64
915,329.015686275,14.93
916,317.0,15.22
917,311.0,15.50
918,278.203921569,15.75
919,262.0,15.99
920,274.68627451,16.23
921,298.0,16.50
922,276.984313725,16.75
923,299.184313725,17.02
924,277.905882353,17.27
925,295.282352941,17.54
926,275.968627451,17.78
927,256.047058824,18.01
928,270.031372549,18.26
929,270.0,18.50
930,231.466666667,18.71
931,253.031372549,18.94
932,256.952941176,19.17
933,273.482352941,19.41
934,286.764705882,19.67
935,269.0,19.91
936,275.0,20.16
937,242.203921569,20.38
938,265.0,20.62
939,250.278431373,20.84
940,261.0,21.08
941,256.858823529,21.31
942,226.031372549,21.51
943,220.51372549,21.71
944,247.109803922,21.93
945,222.0,22.13
946,213.670588235,22.33
947,221.984313725,22.53
948,235.51372549,22.74
949,220.560784314,22.94
950,237.078431373,23.15
951,224.047058824,23.35
952,262.670588235,23.59
953,239.607843137,23.80
954,236.921568627,24.02
955,237.874509804,24.23
956,236.623529412,24.44
957,250.623529412,24.67
958,271.0,24.91
959,245.576470588,25.13
960,278.450980392,25.39
961,260.0,25.62
962,258.043137255,25.85
963,312.968627451,26.13
964,260.125490196,26.37
965,286.341176471,26.62
966,260.905882353,26.86
967,232.0,27.07
968,252.498039216,27.30
969,238.0,27.51
970,236.0,27.72
971,238.184313725,27.94
972,240.376470588,28.15
973,210.0,28.34
974,242.0,28.56
975,244.403921569,28.78
976,211.780392157,28.97
977,250.294117647,29.20
978,227.141176471,29.40
979,227.952941176,29.61
980,243.188235294,29.82
981,226.356862745,30.03
982,240.0,30.24
983,261.309803922,30.48
984,231.82745098,30.69
985,240.796078431,30.90
986,253.0,31.13
987,246.482352941,31.35
988,262.82745098,31.59
989,232.498039216,31.80
990,266.0,32.04
991,253.858823529,32.27
992,258.0,32.50
993,269.952941176,32.74
994,259.0,32.98
995,257.0,33.21
996,246.156862745,33.43
997,235.682352941,33.64
998,248.952941176,33.86
999,281.031372549,34.12
1000,283.309803922,34.37
1001,291.0,34.63
1002,238.388235294,34.85
1003,271.937254902,35.09
1004,300.780392157,35.36
1005,280.0,35.62
1006,267.325490196,35.86
1007,284.109803922,36.11
1008,252.68627451,36.34
1009,270.125490196,36.58
1010,278.0,36.83
1011,282.0,37.09
1012,303.0,37.36
1013,290.0,37.62
1014,294.88627451,37.89
1015,266.37254902,38.13
1016,299.015686275,38.40
1017,286.231372549,38.65
1018,295.0,38.92
1019,284.560784314,39.17
1020,312.0,39.46
1021,301.278431373,39.73
1022,308.0,40.00
1023,318.309803922,40.29
1024,294.231372549,40.55
1025,289.0,40.82
1026,276.0,41.06
1027,297.0,41.33
1028,261.968627451,41.57
1029,295.156862745,41.83
1030,299.701960784,42.10
1031,285.0,42.36
1032,282.0,42.61
1033,258.529411765,42.84
1034,336.435294118,43.15
1035,283.0,43.40
1036,304.968627451,43.68
1037,290.419607843,43.94
1038,279.0,44.19
1039,298.701960784,44.46
1040,298.807843137,44.73
1041,267.984313725,44.97
1042,290.0,45.23
1043,313.0,45.51
1044,249.0,45.74
1045,313.047058824,46.02
1046,321.82745098,46.31
1047,291.17254902,46.57
1048,295.0,46.83
1049,328.062745098,47.13
1050,253.37254902,47.36
1051,320.0,47.65
1052,291.125490196,47.91
1053,301.0,48.18
1054,269.0,48.42
1055,295.796078431,48.69
1056,292.0,48.95
1057,308.419607843,49.23
1058,286.0,49.48
1059,279.729411765,49.74
1060,295.0,50.00
1061,290.811764706,50.26
1062,292.0,50.53
1063,268.858823529,50.77
1064,278.37254902,51.02
1065,305.078431373,51.29
1066,296.262745098,51.56
1067,263.266666667,51.80
1068,300.670588235,52.07
1069,316.0,52.35
1070,318.0,52.64
1071,281.062745098,52.89
1072,307.0,53.17
1073,302.984313725,53.44
1074,350.607843137,53.76
1075,298.0,54.02
1076,342.764705882,54.33
1077,316.0,54.62
1078,294.309803922,54.88
1079,329.17254902,55.18
1080,270.874509804,55.42
1081,298.733333333,55.69
1082,290.0,55.95
1083,354.0,56.27
1084,306.0,56.55
1085,307.0,56.82
1086,313.37254902,57.10
1087,314.0,57.39
1088,321.749019608,57.68
1089,275.592156863,57.92
1090,279.68627451,58.18
1091,300.341176471,58.45
1092,278.4,58.70
1093,297.121568627,58.96
1094,280.592156863,59.22
1095,291.152941176,59.48
1096,310.992156863,59.76
1097,263.058823529,60.00
1098,282.82745098,60.25
1099,288.360784314,60.51
1100,290.921568627,60.77
1101,286.545098039,61.03
1102,291.0,61.29
1103,265.356862745,61.53
1104,305.125490196,61.80
1105,268.403921569,62.05
1106,272.105882353,62.29
1107,272.984313725,62.54
1108,275.450980392,62.78
1109,269.0,63.03
1110,270.984313725,63.27
1111,302.870588235,63.54
1112,267.509803922,63.78
1113,296.309803922,64.05
1114,271.780392157,64.29
1115,234.262745098,64.51
1116,299.015686275,64.77
1117,271.82745098,65.02
1118,283.156862745,65.27
1119,280.0,65.53
1120,289.356862745,65.79
1121,284.403921569,66.04
1122,262.125490196,66.28
1123,281.184313725,66.53
1124,278.0,66.78
1125,291.701960784,67.04
1126,280.498039216,67.30
1127,297.235294118,67.56
1128,272.125490196,67.81
1129,279.0,68.06
1130,273.0,68.31
1131,256.047058824,68.54
1132,269.0,68.78
1133,265.341176471,69.02
1134,275.623529412,69.27
1135,264.0,69.50
1136,257.0,69.73
1137,290.890196078,70.00
1138,249.560784314,70.22
1139,267.701960784,70.46
1140,248.717647059,70.69
1141,278.843137255,70.94
1142,277.666666667,71.19
1143,280.498039216,71.44
1144,285.219607843,71.70
1145,285.541176471,71.95
1146,233.215686275,72.16
1147,293.309803922,72.43
1148,258.247058824,72.66
1149,237.698039216,72.87
1150,273.466666667,73.12
1151,236.858823529,73.33
1152,271.917647059,73.58
1153,262.525490196,73.81
1154,257.196078431,74.04
1155,247.117647059,74.27
1156,224.309803922,74.47
1157,251.529411765,74.70
1158,240.858823529,74.91
1159,243.219607843,75.13
1160,266.0,75.37
1161,250.0,75.60
1162,235.51372549,75.81
1163,240.235294118,76.02
1164,223.792156863,76.22
1165,216.0,76.42
1166,260.639215686,76.65
1167,222.419607843,76.85
1168,233.560784314,77.06
1169,211.749019608,77.25
1170,235.215686275,77.47
1171,259.450980392,77.70
1172,227.37254902,77.90
1173,223.215686275,78.11
1174,232.858823529,78.32
1175,222.803921569,78.52
1176,234.294117647,78.73
1177,241.576470588,78.94
1178,238.996078431,79.16
1179,231.0,79.37
1180,229.0,79.57
1181,215.592156863,79.77
1182,246.17254902,79.99
1183,267.482352941,80.23
1184,233.498039216,80.44
1185,231.105882353,80.65
1186,229.929411765,80.85
1187,205.211764706,81.04
1188,232.623529412,81.25
1189,237.403921569,81.46
1190,268.494117647,81.70
1191,241.105882353,81.92
1192,221.82745098,82.12
1193,220.0,82.32
1194,249.011764706,82.54
1195,215.57254902,82.74
1196,250.215686275,82.96
1197,215.780392157,83.16
1198,193.341176471,83.33
1199,224.17254902,83.53
1200,225.623529412,83.73
1201,238.560784314,83.95
1202,256.71372549,84.18
1203,194.188235294,84.36
1204,217.043137255,84.55
1205,226.964705882,84.75
1206,243.717647059,84.97
1207,244.603921569,85.19
1208,199.760784314,85.37
1209,217.952941176,85.57
1210,229.545098039,85.78
1211,233.556862745,85.99
1212,227.701960784,86.19
1213,217.121568627,86.39
1214,228.68627451,86.59
1215,227.133333333,86.80
1216,219.0,86.99
1217,218.870588235,87.19
1218,201.874509804,87.37
1219,206.71372549,87.56
1220,239.988235294,87.78
1221,198.333333333,87.95
1222,201.11372549,88.13
1223,233.639215686,88.35
1224,193.168627451,88.52
1225,209.807843137,88.71
1226,239.482352941,88.92
1227,206.078431373,89.11
1228,192.854901961,89.28
1229,217.419607843,89.48
1230,195.921568627,89.65
1231,217.666666667,89.85
1232,209.807843137,90.04
1233,219.82745098,90.24
1234,203.058823529,90.42
1235,175.980392157,90.58
1236,205.619607843,90.76
1237,203.729411765,90.95
1238,220.980392157,91.15
1239,214.607843137,91.34
1240,237.964705882,91.55
1241,204.4,91.74
1242,164.262745098,91.88
1243,192.682352941,92.06
1244,194.231372549,92.23
1245,204.949019608,92.42
1246,175.996078431,92.58
1247,176.094117647,92.73
1248,217.403921569,92.93
1249,218.835294118,93.13
1250,184.121568627,93.29
1251,194.996078431,93.47
1252,188.450980392,93.64
1253,186.094117647,93.81
1254,181.31372549,93.97
1255,214.623529412,94.16
1256,193.0,94.34
1257,174.729411765,94.49
1258,188.576470588,94.66
1259,213.403921569,94.85
1260,186.733333333,95.02
1261,211.592156863,95.21
1262,169.854901961,95.37
1263,182.537254902,95.53
1264,192.756862745,95.70
1265,193.717647059,95.88
1266,187.51372549,96.05
1267,172.047058824,96.20
1268,165.764705882,96.35
1269,187.0,96.52
1270,208.2,96.71
1271,195.180392157,96.88
1272,185.0,97.05
1273,210.639215686,97.24
1274,159.152941176,97.38
1275,195.71372549,97.56
1276,180.0,97.72
1277,196.529411765,97.90
1278,194.576470588,98.07
1279,208.294117647,98.26
1280,177.623529412,98.42
1281,203.360784314,98.60
1282,165.850980392,98.75
1283,168.0,98.90
1284,204.560784314,99.09
1285,183.607843137,99.25
1286,151.592156863,99.39
1287,184.607843137,99.55
1288,201.968627451,99.74
1289,183.435294118,99.90
1290,200.105882353,100.08
1291,214.603921569,100.27
1292,185.733333333,100.44
1293,155.156862745,100.58
1294,164.231372549,100.73
1295,207.870588235,100.92
1296,178.0,101.08
1297,190.733333333,101.25
1298,183.101960784,101.41
1299,184.576470588,101.58
1300,169.341176471,101.73
1301,190.607843137,101.90
1302,191.619607843,102.07
1303,153.450980392,102.21
1304,196.011764706,102.39
1305,156.984313725,102.53
1306,157.682352941,102.67
1307,180.545098039,102.84
1308,187.525490196,103.00
1309,173.854901961,103.16
1310,182.749019608,103.32
1311,164.764705882,103.47
1312,183.0,103.64
1313,149.701960784,103.77
1314,182.88627451,103.94
1315,171.858823529,104.09
1316,210.729411765,104.28
1317,200.0,104.46
1318,170.717647059,104.62
1319,175.031372549,104.77
1320,172.17254902,104.93
1321,181.917647059,105.09
1322,196.023529412,105.27
1323,182.82745098,105.43
1324,176.0,105.59
1325,170.109803922,105.74
1326,164.498039216,105.89
1327,189.450980392,106.06
1328,191.0,106.23
1329,188.450980392,106.40
1330,196.047058824,106.58
1331,184.854901961,106.75
1332,212.921568627,106.94
1333,180.607843137,107.10
1334,167.749019608,107.25
1335,161.470588235,107.40
1336,176.917647059,107.56
1337,183.0,107.72
1338,191.356862745,107.89
1339,178.701960784,108.05
1340,164.478431373,108.20
1341,199.074509804,108.38
1342,178.905882353,108.54
1343,171.921568627,108.70
1344,190.203921569,108.87
1345,155.368627451,109.01
1346,161.839215686,109.15
1347,177.698039216,109.31
1348,175.125490196,109.47
1349,177.545098039,109.63
1350,164.203921569,109.78
1351,176.82745098,109.94
1352,200.219607843,110.12
1353,168.294117647,110.27
1354,173.17254902,110.43
1355,178.498039216,110.59
1356,163.498039216,110.73
1357,157.529411765,110.88
1358,196.964705882,111.05
1359,184.88627451,111.22
1360,169.607843137,111.37
1361,167.047058824,111.52
1362,170.031372549,111.67
1363,173.764705882,111.83
1364,169.078431373,111.98
1365,179.764705882,112.15
1366,160.380392157,112.29
1367,169.615686275,112.44
1368,183.231372549,112.61
1369,165.952941176,112.76
1370,176.494117647,112.92
1371,159.858823529,113.06
1372,157.619607843,113.20
1373,193.352941176,113.37
1374,180.337254902,113.54
1375,166.811764706,113.69
1376,158.105882353,113.83
1377,149.874509804,113.96
1378,166.509803922,114.11
1379,169.890196078,114.27
1380,146.623529412,114.40
1381,166.764705882,114.55
1382,186.2,114.72
1383,145.090196078,114.85
1384,170.796078431,115.00
1385,160.839215686,115.15
1386,170.529411765,115.30
1387,166.168627451,115.45
1388,168.309803922,115.60
1389,164.51372549,115.75
1390,134.458823529,115.87
1391,134.243137255,115.99
1392,163.447058824,116.14
1393,140.921568627,116.26
1394,175.090196078,116.42
1395,154.988235294,116.56
1396,156.325490196,116.70
1397,155.698039216,116.84
1398,141.22745098,116.97
1399,173.635294118,117.13
1400,144.266666667,117.26
1401,143.074509804,117.38
1402,149.529411765,117.52
1403,142.282352941,117.65
1404,143.780392157,117.78
1405,151.968627451,117.91
1406,122.623529412,118.02
1407,149.796078431,118.16
1408,155.870588235,118.30
1409,127.588235294,118.41
1410,130.82745098,118.53
1411,106.031372549,118.63
1412,129.807843137,118.74
1413,121.843137255,118.85
1414,138.760784314,118.98
1415,128.094117647,119.09
1416,119.733333333,119.20
1417,127.105882353,119.32
1418,109.545098039,119.41
1419,103.670588235,119.51
1420,110.733333333,119.61
1421,116.623529412,119.71
1422,148.231372549,119.85
1423,94.9490196078,119.93
1424,131.043137255,120.05
1425,105.215686275,120.14
1426,126.854901961,120.26
1427,103.509803922,120.35
1428,112.262745098,120.45
1429,109.82745098,120.55
1430,129.949019608,120.67
1431,103.623529412,120.76
1432,87.5764705882,120.84
1433,117.482352941,120.95
1434,103.058823529,121.04
1435,110.68627451,121.14
1436,106.607843137,121.23
1437,103.639215686,121.33
1438,113.949019608,121.43
1439,109.843137255,121.53
1440,103.717647059,121.62
1441,112.149019608,121.72
1442,89.337254902,121.80
1443,90.9529411765,121.88
1444,99.2941176471,121.97
1445,78.5921568627,122.04
1446,93.3294117647,122.13
1447,104.0,122.22
1448,110.0,122.32
1449,119.435294118,122.43
1450,92.0,122.51
1451,103.0,122.60
1452,84.8745098039,122.68
1453,80.7490196078,122.75
1454,83.0,122.83
1455,90.0431372549,122.91
1456,103.325490196,123.00
1457,89.4,123.08
1458,80.0,123.15
1459,84.0784313725,123.23
1460,98.0,123.32
1461,100.062745098,123.41
1462,85.0,123.49
1463,89.0,123.57
1464,82.1411764706,123.64
1465,59.3411764706,123.69
1466,73.0,123.76
1467,94.3725490196,123.84
1468,82.0,123.92
1469,73.9058823529,123.98
1470,70.0,124.05
1471,83.4352941176,124.12
1472,68.2509803922,124.18
1473,72.7137254902,124.25
1474,69.0,124.31
1475,85.9529411765,124.39
1476,73.1058823529,124.45
1477,60.7019607843,124.51
1478,60.0,124.56
1479,63.8588235294,124.62
1480,77.0,124.69
1481,85.1568627451,124.77
1482,65.9529411765,124.83
1483,66.0,124.88
1484,70.6196078431,124.95
1485,76.0,125.02
1486,59.0,125.07
1487,58.262745098,125.12
1488,65.0,125.18
1489,52.4509803922,125.23
1490,81.9960784314,125.30
1491,69.0,125.36
1492,62.1843137255,125.42
1493,50.1529411765,125.46
1494,67.6862745098,125.53
1495,75.031372549,125.59
1496,59.0,125.65
1497,56.6235294118,125.70
1498,68.1411764706,125.76
1499,58.0,125.81
1500,65.6705882353,125.87
1501,64.7647058824,125.93
1502,66.0,125.99
1503,62.0,126.04
1504,58.5294117647,126.10
1505,56.3725490196,126.15
1506,64.2470588235,126.20
1507,55.0,126.25
1508,51.0,126.30
1509,50.7333333333,126.35
1510,58.3882352941,126.40
1511,43.0,126.44
1512,48.3725490196,126.48
1513,60.5137254902,126.54
1514,58.0784313725,126.59
1515,48.031372549,126.63
1516,60.7490196078,126.69
1517,50.0,126.73
1518,47.4039215686,126.77
1519,59.4784313725,126.83
1520,57.0,126.88
1521,71.6980392157,126.94
1522,41.0,126.98
1523,56.4823529412,127.03
1524,63.1882352941,127.09
1525,49.3098039216,127.13
1526,44.1411764706,127.17
1527,44.062745098,127.21
1528,57.0,127.26
1529,43.1411764706,127.30
1530,56.3058823529,127.35
1531,56.1882352941,127.40
1532,61.4352941176,127.46
1533,45.5764705882,127.50
1534,40.8901960784,127.54
1535,50.0,127.58
1536,47.8588235294,127.62
1537,39.6862745098,127.66
1538,39.6392156863,127.69
1539,37.0,127.73
1540,39.7647058824,127.76
1541,38.2039215686,127.80
1542,49.2509803922,127.84
1543,32.3568627451,127.87
1544,38.0,127.91
1545,40.5764705882,127.94
1546,52.0,127.99
1547,57.0,128.04
1548,45.8117647059,128.08
1549,42.0,128.12
1550,36.4352941176,128.15
1551,42.0941176471,128.19
1552,35.9647058824,128.22
1553,36.0,128.25
1554,32.2941176471,128.28
1555,36.0,128.32
1556,36.1568627451,128.35
1557,48.0,128.39
1558,41.4823529412,128.43
1559,30.3137254902,128.46
1560,33.6235294118,128.49
1561,38.0,128.52
1562,39.0,128.56
1563,44.5294117647,128.60
1564,42.0156862745,128.63
1565,35.031372549,128.67
1566,39.0,128.70
1567,37.1098039216,128.73
1568,31.0,128.76
1569,38.3254901961,128.80
1570,24.262745098,128.82
1571,47.137254902,128.86
1572,38.8901960784,128.90
1573,34.5450980392,128.93
1574,44.4980392157,128.97
1575,37.4352941176,129.00
1576,39.0,129.04
1577,30.0,129.06
1578,33.5450980392,129.09
1579,32.0,129.12
1580,43.7490196078,129.16
1581,28.9058823529,129.19
1582,27.9058823529,129.21
1583,22.062745098,129.23
1584,26.0,129.26
1585,44.9215686275,129.30
1586,28.3725490196,129.32
1587,33.0,129.35
1588,34.0470588235,129.38
1589,26.4980392157,129.41
1590,35.0,129.44
1591,26.6235294118,129.46
1592,51.0,129.51
1593,32.0,129.54
1594,33.6862745098,129.57
1595,34.0901960784,129.60
1596,23.0,129.62
1597,27.5294117647,129.64
1598,32.3882352941,129.67
1599,34.0,129.70
1600,48.6392156863,129.75
1601,37.0,129.78
1602,22.0,129.80
1603,32.8901960784,129.83
1604,24.0,129.85
1605,27.6235294118,129.87
1606,25.6352941176,129.90
1607,16.7176470588,129.91
1608,25.0,129.94
1609,29.0,129.96
1610,32.0,129.99
1611,15.0,130.00
1612,38.9058823529,130.04
1613,33.0,130.07
1614,23.0,130.09
1615,29.3882352941,130.12
1616,31.0,130.14
1617,25.7960784314,130.17
1618,21.0,130.19
1619,16.0,130.20
1620,31.4980392157,130.23
1621,21.0588235294,130.25
1622,26.262745098,130.27
1623,16.0,130.29
1624,26.0,130.31
1625,26.062745098,130.33
1626,15.0,130.35
1627,18.0,130.36
1628,16.4352941176,130.38
1629,11.1882352941,130.39
1630,16.3725490196,130.40
1631,13.0,130.41
1632,13.4352941176,130.43
1633,19.0,130.44
1634,15.5450980392,130.46
1635,8.0,130.46
1636,15.0,130.48
1637,22.0,130.50
1638,11.0156862745,130.51
1639,16.0,130.52
1640,16.0,130.54
1641,10.0,130.54
1642,14.0,130.56
1643,13.0,130.57
1644,15.6235294118,130.58
1645,15.8705882353,130.60
1646,6.43529411765,130.60
1647,14.0,130.62
1648,11.0,130.63
1649,10.0,130.63
1650,18.0,130.65
1651,9.0,130.66
1652,13.0,130.67
1653,12.0,130.68
1654,18.0,130.70
1655,17.0,130.71
1656,19.0,130.73
1657,10.0,130.74
1658,14.0,130.75
1659,11.8117647059,130.76
1660,10.0,130.77
1661,15.2509803922,130.79
1662,9.81176470588,130.79
1663,9.0,130.80
1664,11.0,130.81
1665,12.0,130.82
1666,9.03137254902,130.83
1667,12.0,130.84
1668,16.968627451,130.86
1669,10.0,130.87
1670,6.0,130.87
1671,11.0,130.88
1672,18.0,130.90
1673,6.30980392157,130.90
1674,15.0,130.92
1675,7.98431372549,130.92
1676,7.0,130.93
1677,12.0,130.94
1678,14.8901960784,130.95
1679,12.0,130.97
1680,13.0,130.98
1681,13.4666666667,130.99
1682,11.0,131.00
1683,12.0,131.01
1684,8.0,131.02
1685,4.0,131.02
1686,10.6549019608,131.03
1687,16.8117647059,131.05
1688,16.0,131.06
1689,6.0,131.06
1690,10.0,131.07
1691,11.3882352941,131.08
1692,9.0,131.09
1693,10.0,131.10
1694,16.0,131.12
1695,5.0,131.12
1696,10.0,131.13
1697,8.0,131.14
1698,7.74901960784,131.14
1699,13.0,131.15
1700,9.0,131.16
1701,15.0,131.18
1702,8.57647058824,131.18
1703,11.0,131.19
1704,8.0,131.20
1705,16.0,131.22
1706,8.79607843137,131.22
1707,11.9529411765,131.23
1708,6.0,131.24
1709,7.0,131.25
1710,12.0,131.26
1711,10.2039215686,131.27
1712,13.0,131.28
1713,5.0,131.28
1714,9.81176470588,131.29
1715,9.0,131.30
1716,9.0,131.31
1717,11.0,131.32
1718,13.0,131.33
1719,10.0,131.34
1720,9.0,131.35
1721,10.0,131.36
1722,8.0,131.36
1723,11.4823529412,131.37
1724,9.0,131.38
1725,11.0,131.39
1726,8.0,131.40
1727,8.79607843137,131.41
1728,17.0,131.42
1729,12.0,131.43
1730,11.0,131.44
1731,6.0,131.45
1732,7.0,131.45
1733,5.0,131.46
1734,8.0,131.47
1735,7.0,131.47
1736,15.0,131.48
1737,11.0,131.49
1738,15.0,131.51
1739,19.0,131.53
1740,9.0,131.53
1741,4.76470588235,131.54
1742,11.0,131.55
1743,9.0,131.56
1744,18.0,131.57
1745,10.0,131.58
1746,12.0,131.59
1747,6.0,131.60
1748,9.06274509804,131.61
1749,12.0,131.62
1750,14.0,131.63
1751,10.0,131.64
1752,9.0,131.65
1753,13.0,131.66
1754,11.0,131.67
1755,12.0,131.68
1756,7.0,131.68
1757,13.0,131.70
1758,13.0,131.71
1759,11.0156862745,131.72
1760,11.0,131.73
1761,9.0,131.74
1762,6.34117647059,131.74
1763,6.0,131.75
1764,18.0,131.76
1765,7.0,131.77
1766,9.0,131.78
1767,13.0,131.79
1768,8.62352941176,131.80
1769,15.0,131.81
1770,7.0,131.82
1771,11.0,131.83
1772,4.0,131.83
1773,11.0,131.84
1774,8.0,131.85
1775,10.0,131.86
1776,9.0,131.86
1777,7.92156862745,131.87
1778,8.0,131.88
1779,11.1411764706,131.89
1780,10.0,131.90
1781,7.0,131.90
1782,7.0,131.91
1783,7.0,131.92
1784,11.0,131.93
1785,9.0,131.93
1786,5.0,131.94
1787,7.0,131.95
1788,7.0,131.95
1789,13.3882352941,131.96
1790,11.0,131.97
1791,9.0,131.98
1792,4.0,131.99
1793,10.0,131.99
1794,5.0,132.00
1795,12.0,132.01
1796,11.0,132.02
1797,5.0,132.02
1798,9.0,132.03
1799,4.0,132.04
1800,10.1254901961,132.05
1801,12.0,132.06
1802,6.60784313725,132.06
1803,6.0,132.07
1804,12.0,132.08
1805,2.0,132.08
1806,8.0,132.09
1807,6.0,132.09
1808,7.0,132.10
1809,7.0,132.11
1810,8.0,132.11
1811,9.0,132.12
1812,6.0,132.13
1813,7.0,132.13
1814,4.92156862745,132.14
1815,6.0,132.14
1816,9.0,132.15
1817,1.0,132.15
1818,6.0,132.16
1819,7.0,132.16
1820,11.0,132.17
1821,5.0,132.18
1822,10.0,132.19
1823,6.0,132.19
1824,5.0,132.20
1825,7.0,132.20
1826,11.0,132.21
1827,6.01568627451,132.22
1828,2.07843137255,132.22
1829,14.0,132.23
1830,12.0,132.24
1831,9.30980392157,132.25
1832,6.0,132.26
1833,6.0,132.26
1834,9.63921568627,132.27
1835,8.0,132.28
1836,4.0,132.28
1837,6.95294117647,132.29
1838,7.0,132.29
1839,3.0,132.30
1840,9.0,132.30
1841,11.0,132.31
1842,7.0,132.32
1843,5.0,132.33
1844,5.0,132.33
1845,6.03137254902,132.34
1846,5.0,132.34
1847,4.0,132.34
1848,9.0,132.35
1849,8.0,132.36
1850,5.0,132.36
1851,8.0,132.37
1852,4.0,132.37
1853,12.0,132.38
1854,4.30980392157,132.39
1855,9.0,132.40
1856,3.0,132.40
1857,5.0,132.40
1858,5.0,132.41
1859,6.0,132.41
1860,4.0,132.42
1861,9.0,132.43
1862,7.0,132.43
1863,10.0,132.44
1864,3.0,132.44
1865,11.0,132.45
1866,3.0,132.46
1867,8.49803921569,132.46
1868,7.0,132.47
1869,4.0,132.47
1870,4.0,132.48
1871,6.0,132.48
1872,6.89019607843,132.49
1873,7.0,132.50
1874,8.0,132.50
1875,6.0,132.51
1876,4.0,132.51
1877,10.0,132.52
1878,12.0,132.53
1879,8.0,132.54
1880,3.59215686275,132.54
1881,6.0,132.55
1882,7.0,132.55
1883,1.0,132.55
1884,5.0,132.56
1885,5.0,132.56
1886,7.0,132.57
1887,12.0,132.58
1888,4.0,132.58
1889,6.0,132.59
1890,8.0,132.60
1891,7.0,132.60
1892,7.89019607843,132.61
1893,3.0,132.61
1894,4.0,132.62
1895,9.0,132.62
1896,4.82745098039,132.63
1897,8.0,132.64
1898,4.0,132.64
1899,9.0,132.65
1900,5.0,132.65
1901,1.0,132.65
1902,4.0,132.66
1903,11.0,132.67
1904,12.0,132.68
1905,12.0,132.69
1906,1.0,132.69
1907,4.0,132.69
1909,8.0,132.70
1910,7.0,132.71
1911,5.0,132.71
1912,4.0,132.71
1913,5.74901960784,132.72
1914,10.2352941176,132.73
1915,13.0,132.74
1916,3.0,132.74
1917,9.0,132.75
1918,6.0,132.76
1919,4.0,132.76
1920,2.0,132.76
1921,8.0,132.77
1922,5.0,132.77
1923,5.21960784314,132.78
1924,5.0,132.78
1925,6.0,132.79
1926,5.63921568627,132.79
1927,10.0,132.80
1928,8.0,132.81
1929,10.2509803922,132.82
1931,8.0,132.83
1932,6.0,132.83
1933,4.0,132.83
1934,1.0,132.84
1935,9.32549019608,132.84
1936,5.0,132.85
1937,10.0,132.86
1938,3.37254901961,132.86
1939,4.0,132.86
1940,8.0,132.87
1941,5.43529411765,132.88
1942,3.0,132.88
1943,2.0,132.88
1944,6.0,132.89
1945,3.0,132.89
1946,6.0,132.89
1947,8.57647058824,132.90
1948,4.0,132.91
1949,5.49803921569,132.91
1950,5.0,132.92
1951,5.0,132.92
1952,5.0,132.92
1953,8.0,132.93
1954,2.0,132.93
1955,3.0,132.94
1956,6.0,132.94
1957,7.54509803922,132.95
1958,4.0,132.95
1959,3.0,132.95
1960,5.0,132.96
1961,6.0,132.96
1962,4.0,132.97
1963,3.0,132.97
1964,6.0,132.98
1965,5.21960784314,132.98
1966,6.0,132.99
1967,5.12156862745,132.99
1968,7.0,133.00
1969,2.0,133.00
1970,3.0,133.00
1971,3.0,133.00
1972,2.25098039216,133.01
1973,2.0,133.01
1974,3.7137254902,133.01
1975,2.0,133.01
1976,4.65490196078,133.02
1977,1.0,133.02
1978,7.0,133.02
1979,5.0,133.03
1980,1.74901960784,133.03
1981,6.0,133.04
1982,3.0,133.04
1983,3.0,133.04
1984,4.78039215686,133.05
1985,4.0,133.05
1986,4.0,133.05
1987,3.0,133.06
1988,2.87450980392,133.06
1989,6.0,133.06
1990,4.89019607843,133.07
1991,6.0,133.07
1992,2.0,133.08
1993,7.0,133.08
1994,5.0,133.09
1995,3.0,133.09
1997,1.0,133.09
1998,10.0,133.10
1999,2.0,133.10
2000,5.0,133.10
2001,5.0,133.11
2002,4.0,133.11
2003,7.0,133.12
2004,4.0,133.12
2005,3.0,133.13
2006,5.0,133.13
2007,8.0,133.14
2008,3.0,133.14
2009,1.0,133.14
2010,3.0,133.14
2011,2.0,133.15
2012,3.0,133.15
2013,4.0,133.15
2014,2.0,133.15
2015,1.0,133.15
2016,1.0,133.16
2017,3.0,133.16
2019,3.0,133.16
2020,1.0,133.16
2021,2.0,133.16
2023,3.0,133.17
2024,1.0,133.17
2025,1.0,133.17
2026,1.0,133.17
2027,1.0,133.17
2028,2.0,133.17
2029,1.0,133.17
2033,1.0,133.17
2034,1.0,133.17