Elevation,Area,CumArea
32,2.0,0.00
33,4.0,0.01
34,17.0,0.02
35,21.0,0.04
36,38.8588235294,0.07
37,54.0,0.12
38,59.0,0.18
39,140.0,0.30
40,138.047058824,0.43
41,154.984313725,0.57
42,181.235294118,0.73
43,263.294117647,0.97
44,233.0,1.18
45,229.0,1.38
46,214.749019608,1.58
47,161.0,1.72
48,145.0,1.85
49,152.0,1.99
50,162.952941176,2.13
51,142.0,2.26
52,159.0,2.40
53,163.0,2.55
54,141.0,2.68
55,149.37254902,2.81
56,161.0,2.96
57,185.325490196,3.12
58,170.0,3.28
59,184.0,3.44
60,191.968627451,3.62
61,150.0,3.75
62,165.0,3.90
63,174.0,4.06
64,208.952941176,4.24
65,213.203921569,4.44
66,227.0,4.64
67,206.0,4.83
68,220.0,5.02
69,223.0,5.22
70,241.0,5.44
71,249.188235294,5.67
72,285.0,5.92
73,294.890196078,6.19
74,265.0,6.43
75,258.0,6.66
76,285.905882353,6.92
77,275.094117647,7.16
78,293.0,7.43
79,288.0,7.69
80,332.0,7.98
81,290.0,8.25
82,340.188235294,8.55
83,329.749019608,8.85
84,339.0,9.15
85,335.0,9.46
86,374.952941176,9.79
87,354.0,10.11
88,373.0,10.45
89,374.015686275,10.78
90,336.0,11.09
91,381.0,11.43
92,371.2,11.76
93,410.996078431,12.13
94,426.921568627,12.52
95,434.701960784,12.91
96,388.105882353,13.26
97,403.309803922,13.62
98,417.654901961,14.00
99,427.576470588,14.38
100,400.682352941,14.74
101,448.466666667,15.15
102,449.666666667,15.55
103,422.015686275,15.93
104,491.607843137,16.37
105,504.0,16.83
106,452.462745098,17.23
107,502.831372549,17.69
108,574.0,18.20
109,543.494117647,18.69
110,549.117647059,19.19
111,551.745098039,19.68
112,572.262745098,20.20
113,591.501960784,20.73
114,577.37254902,21.25
115,490.501960784,21.69
116,551.654901961,22.19
117,553.247058824,22.69
118,587.403921569,23.21
119,622.792156863,23.77
120,567.180392157,24.29
121,587.901960784,24.81
122,591.419607843,25.35
123,584.823529412,25.87
124,603.894117647,26.42
125,615.541176471,26.97
126,603.211764706,27.51
127,605.678431373,28.06
128,677.929411765,28.67
129,618.090196078,29.22
130,663.431372549,29.82
131,656.670588235,30.41
132,677.007843137,31.02
133,676.678431373,31.63
134,644.352941176,32.21
135,671.4,32.82
136,711.42745098,33.46
137,682.521568627,34.07
138,671.149019608,34.67
139,692.796078431,35.30
140,690.901960784,35.92
141,713.6,36.56
142,701.623529412,37.19
143,737.937254902,37.86
144,662.862745098,38.45
145,754.850980392,39.13
146,703.929411765,39.77
147,745.749019608,40.44
148,782.615686275,41.14
149,820.129411765,41.88
150,819.701960784,42.62
151,915.08627451,43.44
152,908.925490196,44.26
153,903.223529412,45.07
154,900.917647059,45.88
155,898.882352941,46.69
156,948.392156863,47.55
157,972.898039216,48.42
158,1058.55686275,49.37
159,1017.25882353,50.29
160,1009.5254902,51.20
161,1066.13333333,52.16
162,1039.01960784,53.09
163,1191.02745098,54.16
164,1367.58823529,55.40
165,1542.65098039,56.78
166,1563.27843137,58.19
167,1530.42745098,59.57
168,1334.5254902,60.77
169,1212.94901961,61.86
170,1209.43921569,62.95
171,1176.95686275,64.01
172,1121.14901961,65.02
173,1202.3372549,66.10
174,1207.10980392,67.19
175,1178.89411765,68.25
176,1006.34509804,69.15
177,897.223529412,69.96
178,895.607843137,70.77
179,866.97254902,71.55
180,816.584313725,72.28
181,867.952941176,73.06
182,814.258823529,73.80
183,860.376470588,74.57
184,885.094117647,75.37
185,937.721568627,76.21
186,913.878431373,77.03
187,911.156862745,77.85
188,968.090196078,78.72
189,1070.36862745,79.69
190,1063.94509804,80.65
191,1101.03137255,81.64
192,996.478431373,82.53
193,951.078431373,83.39
194,946.454901961,84.24
195,919.160784314,85.07
196,842.6,85.83
197,740.839215686,86.49
198,782.82745098,87.20
199,730.592156863,87.86
200,638.807843137,88.43
201,585.309803922,88.96
202,568.074509804,89.47
203,436.639215686,89.86
204,396.584313725,90.22
205,359.960784314,90.54
206,345.211764706,90.85
207,303.423529412,91.13
208,240.682352941,91.34
209,268.152941176,91.58
210,248.411764706,91.81
211,213.352941176,92.00
212,245.847058824,92.22
213,272.545098039,92.47
214,250.88627451,92.69
215,191.22745098,92.86
216,177.317647059,93.02
217,147.576470588,93.16
218,137.180392157,93.28
219,112.470588235,93.38
220,116.337254902,93.49
221,117.356862745,93.59
222,114.968627451,93.69
223,86.7450980392,93.77
224,117.121568627,93.88
225,100.917647059,93.97
226,124.0,94.08
227,122.717647059,94.19
228,98.0901960784,94.28
229,98.3882352941,94.37
230,86.1490196078,94.45
231,92.7333333333,94.53
232,94.6196078431,94.61
233,82.4509803922,94.69
234,84.2470588235,94.76
235,76.8274509804,94.83
236,96.8862745098,94.92
237,67.0,94.98
238,81.1529411765,95.05
239,64.3098039216,95.11
240,74.8745098039,95.18
241,78.1411764706,95.25
242,62.1058823529,95.31
243,72.5450980392,95.37
244,53.7960784314,95.42
245,55.0,95.47
246,72.2470588235,95.53
247,53.0,95.58
248,51.2352941176,95.63
249,49.6352941176,95.67
250,55.8117647059,95.72
251,52.062745098,95.77
252,59.968627451,95.82
253,39.0,95.86
254,40.3725490196,95.89
255,46.4039215686,95.94
256,39.0,95.97
257,37.8705882353,96.01
258,40.0,96.04
259,37.8117647059,96.08
260,28.7803921569,96.10
261,34.6549019608,96.13
262,35.6078431373,96.16
263,26.3882352941,96.19
264,21.6235294118,96.21
265,18.6235294118,96.22
266,31.368627451,96.25
267,15.0,96.27
268,18.6078431373,96.28
269,22.3254901961,96.30
270,22.0,96.32
271,14.8588235294,96.34
272,17.0156862745,96.35
273,23.0941176471,96.37
274,25.0431372549,96.40
275,20.1058823529,96.41
276,17.7490196078,96.43
277,22.0,96.45
278,14.9843137255,96.46
279,20.2509803922,96.48
280,21.0,96.50
281,16.0,96.51
282,21.0,96.53
283,21.2941176471,96.55
284,18.7490196078,96.57
285,15.0,96.58
286,16.2156862745,96.60
287,18.8117647059,96.61
288,6.30980392157,96.62
289,18.7490196078,96.64
290,8.0,96.64
291,8.21960784314,96.65
292,4.0,96.65
293,9.8431372549,96.66
294,4.04705882353,96.67
295,11.0,96.68
296,10.0,96.69
297,9.0,96.69
298,11.6862745098,96.70
299,11.3450980392,96.71
300,14.031372549,96.73
301,12.8274509804,96.74
302,11.6392156863,96.75
303,7.5137254902,96.76
304,6.0,96.76
305,1.79607843137,96.76
306,2.04705882353,96.77
307,0.0470588235294,96.77
309,1.52941176471,96.77
312,0.0470588235294,96.77