Elevation,Area,CumArea
0,2.0,0.00
1,2.0,0.00
2,2.0,0.01
3,2.0,0.01
4,4.0,0.01
5,14.0,0.02
6,22.0,0.04
7,20.3254901961,0.06
8,46.6705882353,0.10
9,50.0,0.15
10,65.0,0.21
11,90.0784313725,0.29
12,103.0,0.38
13,106.0,0.48
14,133.921568627,0.60
15,139.0,0.72
16,175.0,0.88
17,178.325490196,1.04
18,205.68627451,1.22
19,212.0,1.42
20,211.015686275,1.61
21,196.450980392,1.78
22,162.070588235,1.93
23,158.905882353,2.07
24,171.031372549,2.23
25,184.654901961,2.39
26,201.556862745,2.57
27,189.109803922,2.74
28,189.88627451,2.91
29,185.125490196,3.08
30,211.37254902,3.27
31,201.219607843,3.45
32,227.764705882,3.66
33,207.811764706,3.84
34,203.670588235,4.03
35,197.152941176,4.20
36,172.0,4.36
37,191.588235294,4.53
38,194.0,4.71
39,195.466666667,4.88
40,197.937254902,5.06
41,197.901960784,5.24
42,203.858823529,5.42
43,214.796078431,5.62
44,201.243137255,5.80
45,225.858823529,6.00
46,266.141176471,6.24
47,224.235294118,6.44
48,242.905882353,6.66
49,250.937254902,6.89
50,260.141176471,7.12
51,207.984313725,7.31
52,249.647058824,7.53
53,261.917647059,7.77
54,237.22745098,7.98
55,226.247058824,8.18
56,278.28627451,8.43
57,239.137254902,8.65
58,247.811764706,8.87
59,288.011764706,9.13
60,246.823529412,9.35
61,283.623529412,9.61
62,284.058823529,9.87
63,264.88627451,10.10
64,271.968627451,10.35
65,219.964705882,10.55
66,266.356862745,10.79
67,278.854901961,11.04
68,304.478431373,11.31
69,271.490196078,11.56
70,277.705882353,11.81
71,266.529411765,12.05
72,271.447058824,12.29
73,289.0,12.55
74,292.054901961,12.81
75,298.294117647,13.08
76,292.121568627,13.34
77,291.2,13.61
78,298.211764706,13.87
79,287.0,14.13
80,304.419607843,14.41
81,280.450980392,14.66
82,305.466666667,14.93
83,306.298039216,15.21
84,295.125490196,15.48
85,288.274509804,15.73
86,338.043137255,16.04
87,301.623529412,16.31
88,328.17254902,16.61
89,356.17254902,16.93
90,355.149019608,17.25
91,317.607843137,17.53
92,323.141176471,17.82
93,316.545098039,18.11
94,336.0,18.41
95,338.203921569,18.71
96,307.858823529,18.99
97,333.074509804,19.29
98,300.0,19.56
99,284.450980392,19.82
100,301.419607843,20.09
101,296.843137255,20.36
102,305.439215686,20.63
103,277.937254902,20.88
104,262.937254902,21.12
105,273.278431373,21.36
106,247.780392157,21.59
107,288.074509804,21.85
108,262.0,22.08
109,261.141176471,22.32
110,296.701960784,22.58
111,242.811764706,22.80
112,278.874509804,23.05
113,254.0,23.28
114,261.047058824,23.52
115,257.498039216,23.75
116,252.796078431,23.98
117,287.854901961,24.23
118,244.792156863,24.46
119,251.670588235,24.68
120,264.654901961,24.92
121,257.015686275,25.15
122,241.51372549,25.37
123,260.917647059,25.60
124,227.168627451,25.81
125,210.639215686,26.00
126,257.796078431,26.23
127,224.68627451,26.43
128,240.031372549,26.65
129,217.905882353,26.84
130,212.152941176,27.03
131,243.654901961,27.25
132,222.952941176,27.45
133,220.654901961,27.65
134,216.498039216,27.85
135,231.419607843,28.06
136,237.015686275,28.27
137,193.388235294,28.44
138,245.498039216,28.66
139,167.188235294,28.82
140,219.776470588,29.01
141,206.278431373,29.20
142,187.250980392,29.37
143,208.0,29.55
144,179.325490196,29.72
145,192.137254902,29.89
146,182.0,30.05
147,191.109803922,30.22
148,195.0,30.40
149,173.0,30.56
150,168.654901961,30.71
151,169.062745098,30.86
152,185.0,31.03
153,174.419607843,31.18
154,189.407843137,31.35
155,204.121568627,31.54
156,176.450980392,31.70
157,175.0,31.85
158,164.82745098,32.00
159,180.403921569,32.16
160,166.482352941,32.31
161,155.874509804,32.45
162,167.952941176,32.61
163,162.0,32.75
164,149.262745098,32.89
165,170.51372549,33.04
166,156.937254902,33.18
167,160.0,33.32
168,142.937254902,33.45
169,148.0,33.59
170,152.498039216,33.72
171,158.0,33.87
172,137.094117647,33.99
173,156.0,34.13
174,134.807843137,34.25
175,133.0,34.37
176,137.0,34.49
177,143.0,34.62
178,141.0,34.75
179,152.0,34.89
180,137.0,35.01
181,150.0,35.14
182,127.0,35.26
183,123.0,35.37
184,142.0,35.50
185,124.0,35.61
186,138.968627451,35.73
187,146.623529412,35.87
188,132.0,35.98
189,142.717647059,36.11
190,139.0,36.24
191,126.0,36.35
192,144.0,36.48
193,140.0,36.61
194,121.0,36.72
195,137.666666667,36.84
196,128.0,36.96
197,148.141176471,37.09
198,127.0,37.20
199,131.325490196,37.32
200,125.015686275,37.43
201,123.0,37.54
202,124.043137255,37.66
203,98.0,37.74
204,142.0,37.87
205,121.749019608,37.98
206,131.0,38.10
207,151.498039216,38.24
208,112.419607843,38.34
209,114.0,38.44
210,123.0,38.55
211,148.325490196,38.68
212,122.858823529,38.79
213,128.0,38.91
214,130.984313725,39.03
215,115.325490196,39.13
216,100.71372549,39.22
217,133.0,39.34
218,98.0,39.43
219,117.188235294,39.54
220,132.0,39.65
221,138.356862745,39.78
222,118.309803922,39.89
223,111.17254902,39.99
224,119.105882353,40.09
225,146.576470588,40.22
226,111.0,40.32
227,112.0,40.42
228,120.933333333,40.53
229,128.607843137,40.65
230,109.764705882,40.75
231,112.0,40.85
232,127.874509804,40.96
233,118.0,41.07
234,97.6078431373,41.16
235,114.623529412,41.26
236,97.8235294118,41.35
237,103.184313725,41.44
238,128.623529412,41.56
239,110.0,41.66
240,129.545098039,41.77
241,108.152941176,41.87
242,94.0470588235,41.96
243,96.2705882353,42.04
244,125.733333333,42.16
245,105.545098039,42.25
246,91.9960784314,42.33
247,98.062745098,42.42
248,92.4666666667,42.50
249,96.2039215686,42.59
250,98.3411764706,42.68
251,72.9960784314,42.75
252,83.1098039216,42.82
253,89.5764705882,42.90
254,96.2901960784,42.99
255,83.0,43.06
256,88.0,43.14
257,106.466666667,43.24
258,86.8117647059,43.32
259,96.0,43.40
260,89.0,43.48
261,95.231372549,43.57
262,85.3098039216,43.64
263,80.9058823529,43.72
264,105.0,43.81
265,64.6078431373,43.87
266,77.0,43.94
267,94.3568627451,44.02
268,94.9490196078,44.11
269,67.8705882353,44.17
270,95.5137254902,44.26
271,84.4980392157,44.33
272,69.0,44.39
273,83.1215686275,44.47
274,79.4352941176,44.54
275,85.0,44.62
276,74.0,44.68
277,81.7803921569,44.76
278,85.0588235294,44.83
279,70.0,44.90
280,90.0,44.98
281,82.031372549,45.05
282,73.0,45.12
283,81.9529411765,45.19
284,85.2039215686,45.27
285,75.9647058824,45.34
286,88.0,45.42
287,77.9843137255,45.49
288,70.7803921569,45.55
289,82.8117647059,45.62
290,82.2,45.70
291,74.0,45.76
292,78.2509803922,45.84
293,60.0,45.89
294,81.0156862745,45.96
295,81.0,46.04
296,76.031372549,46.10
297,90.0,46.18
298,75.0,46.25
299,69.0,46.31
300,57.0,46.37
301,60.0,46.42
302,73.0,46.49
303,83.0784313725,46.56
304,92.0,46.64
305,74.0,46.71
306,77.9215686275,46.78
307,87.0,46.86
308,65.0,46.92
309,57.8745098039,46.97
310,73.031372549,47.03
311,76.6078431373,47.10
312,75.0,47.17
313,79.968627451,47.24
314,72.0,47.31
315,63.7137254902,47.36
316,71.2196078431,47.43
317,65.0,47.49
318,61.3254901961,47.54
319,86.3882352941,47.62
320,62.9960784314,47.68
321,76.7019607843,47.75
322,71.5607843137,47.81
323,84.1882352941,47.89
324,73.0431372549,47.95
325,78.9333333333,48.02
326,69.8901960784,48.09
327,75.6705882353,48.15
328,65.9058823529,48.21
329,64.262745098,48.27
330,75.6235294118,48.34
331,92.6078431373,48.42
332,77.0,48.49
333,85.5764705882,48.57
334,68.7176470588,48.63
335,85.0,48.71
336,74.2039215686,48.77
337,94.6705882353,48.86
338,84.0,48.93
339,68.0,49.00
340,60.7960784314,49.05
341,83.0,49.13
342,78.968627451,49.20
343,69.0156862745,49.26
344,62.7490196078,49.31
345,88.9176470588,49.39
346,58.0,49.45
347,92.0431372549,49.53
348,77.0156862745,49.60
349,70.0,49.66
350,63.0,49.72
351,70.5764705882,49.78
352,84.1882352941,49.86
353,71.9529411765,49.92
354,73.062745098,49.99
355,73.8901960784,50.06
356,80.6862745098,50.13
357,78.0,50.20
358,71.0588235294,50.26
359,94.0,50.35
360,74.2784313725,50.41
361,76.0,50.48
362,66.0,50.54
363,82.0,50.62
364,71.7490196078,50.68
365,68.2509803922,50.74
366,69.9529411765,50.80
367,70.0,50.87
368,80.9647058824,50.94
369,71.0,51.00
370,78.0,51.07
371,60.3568627451,51.13
372,57.3882352941,51.18
373,80.968627451,51.25
374,69.8431372549,51.32
375,86.1882352941,51.39
376,54.8745098039,51.44
377,65.1568627451,51.50
378,63.0,51.56
379,67.4980392157,51.62
380,75.8588235294,51.69
381,78.5450980392,51.76
382,58.0,51.81
383,64.0941176471,51.87
384,69.7490196078,51.93
385,64.0,51.99
386,61.7019607843,52.04
387,73.7176470588,52.11
388,65.0,52.17
389,78.8431372549,52.24
390,63.0,52.30
391,66.0784313725,52.36
392,67.7333333333,52.42
393,59.0,52.47
394,80.0941176471,52.54
395,55.0,52.59
396,66.6078431373,52.65
397,71.0,52.71
398,76.6392156863,52.78
399,79.2784313725,52.86
400,66.9333333333,52.92
401,64.1725490196,52.97
402,74.3254901961,53.04
403,84.0,53.12
404,50.0,53.16
405,78.0,53.23
406,62.0,53.29
407,77.3725490196,53.36
408,68.7803921569,53.42
409,61.0941176471,53.47
410,71.0,53.54
411,70.0,53.60
412,63.0,53.66
413,75.0,53.72
414,85.0156862745,53.80
415,66.4039215686,53.86
416,92.4039215686,53.94
417,55.1058823529,53.99
418,81.5921568627,54.07
419,78.9019607843,54.14
420,63.0156862745,54.19
421,73.0,54.26
422,97.9529411765,54.35
423,78.0,54.42
424,88.3098039216,54.50
425,97.2941176471,54.59
426,77.4509803922,54.66
427,79.3411764706,54.73
428,93.2,54.81
429,92.9215686275,54.89
430,86.0,54.97
431,92.0,55.05
432,97.8588235294,55.14
433,82.9490196078,55.22
434,80.0156862745,55.29
435,81.8745098039,55.36
436,85.8274509804,55.44
437,94.5137254902,55.53
438,77.2,55.59
439,81.0,55.67
440,77.9215686275,55.74
441,81.6862745098,55.81
442,87.0,55.89
443,75.3411764706,55.96
444,85.5137254902,56.03
445,86.7490196078,56.11
446,87.0,56.19
447,105.0,56.29
448,92.6705882353,56.37
449,115.219607843,56.47
450,95.0588235294,56.56
451,105.0,56.65
452,102.968627451,56.75
453,115.0,56.85
454,128.0,56.96
455,96.968627451,57.05
456,111.388235294,57.15
457,106.047058824,57.25
458,120.015686275,57.35
459,123.796078431,57.47
460,132.984313725,57.59
461,137.0,57.71
462,131.0,57.83
463,143.0,57.96
464,151.325490196,58.09
465,146.078431373,58.22
466,160.231372549,58.37
467,154.37254902,58.51
468,150.498039216,58.64
469,153.51372549,58.78
470,149.0,58.91
471,160.309803922,59.06
472,157.141176471,59.20
473,172.623529412,59.36
474,176.545098039,59.51
475,157.592156863,59.66
476,182.654901961,59.82
477,157.71372549,59.96
478,191.964705882,60.14
479,157.952941176,60.28
480,166.450980392,60.43
481,202.109803922,60.61
482,167.109803922,60.76
483,157.247058824,60.90
484,152.921568627,61.04
485,171.592156863,61.19
486,163.592156863,61.34
487,168.623529412,61.49
488,145.921568627,61.62
489,151.607843137,61.76
490,147.219607843,61.89
491,145.341176471,62.02
492,181.141176471,62.19
493,143.325490196,62.32
494,156.733333333,62.46
495,170.015686275,62.61
496,147.937254902,62.74
497,151.592156863,62.88
498,162.125490196,63.02
499,159.37254902,63.17
500,166.996078431,63.32
501,163.854901961,63.47
502,191.168627451,63.64
503,192.635294118,63.81
504,213.058823529,64.00
505,151.37254902,64.14
506,165.031372549,64.29
507,204.666666667,64.47
508,208.462745098,64.66
509,202.760784314,64.84
510,179.007843137,65.00
511,188.760784314,65.17
512,187.184313725,65.34
513,194.117647059,65.52
514,180.431372549,65.68
515,198.823529412,65.86
516,192.419607843,66.03
517,192.992156863,66.20
518,198.231372549,66.38
519,178.898039216,66.54
520,198.729411765,66.72
521,174.498039216,66.88
522,176.588235294,67.04
523,184.117647059,67.20
524,167.325490196,67.36
525,158.839215686,67.50
526,140.933333333,67.62
527,125.709803922,67.74
528,164.576470588,67.89
529,150.474509804,68.02
530,147.980392157,68.15
531,141.533333333,68.28
532,146.729411765,68.41
533,143.070588235,68.54
534,153.494117647,68.68
535,126.945098039,68.80
536,129.231372549,68.91
537,150.007843137,69.05
538,102.529411765,69.14
539,120.537254902,69.25
540,101.305882353,69.34
541,100.662745098,69.43
542,123.666666667,69.54
543,127.631372549,69.66
544,89.7607843137,69.74
545,103.137254902,69.83
546,111.341176471,69.93
547,109.396078431,70.03
548,119.874509804,70.14
549,85.9529411765,70.21
550,112.325490196,70.31
551,125.262745098,70.43
552,118.278431373,70.53
553,126.247058824,70.65
554,99.4509803922,70.74
555,114.403921569,70.84
556,118.294117647,70.95
557,115.901960784,71.05
558,113.309803922,71.15
559,120.298039216,71.26
560,99.6941176471,71.35
561,99.5764705882,71.44
562,114.866666667,71.54
563,100.0,71.63
564,88.8274509804,71.71
565,81.0470588235,71.79
566,101.309803922,71.88
567,102.0,71.97
568,107.666666667,72.07
569,82.0,72.14
570,78.8274509804,72.21
571,95.0156862745,72.30
572,114.639215686,72.40
573,98.9019607843,72.49
574,74.1215686275,72.55
575,86.3254901961,72.63
576,76.8588235294,72.70
577,89.7176470588,72.78
578,95.8745098039,72.87
579,76.7176470588,72.94
580,99.7294117647,73.03
581,100.37254902,73.12
582,70.7490196078,73.18
583,79.0,73.25
584,87.5294117647,73.33
585,83.7764705882,73.41
586,80.4980392157,73.48
587,91.9843137255,73.56
588,70.6078431373,73.63
589,87.4352941176,73.70
590,90.4039215686,73.79
591,76.1843137255,73.85
592,73.4352941176,73.92
593,69.3882352941,73.98
594,66.4901960784,74.04
595,80.0705882353,74.11
596,79.6196078431,74.19
597,71.8705882353,74.25
598,89.0,74.33
599,74.9960784314,74.40
600,66.062745098,74.46
601,68.9647058824,74.52
602,46.9843137255,74.56
603,81.1843137255,74.64
604,74.7921568627,74.70
605,58.0431372549,74.76
606,56.8431372549,74.81
607,54.2039215686,74.85
608,60.6235294118,74.91
609,55.3882352941,74.96
610,69.7176470588,75.02
611,66.6666666667,75.08
612,52.9529411765,75.13
613,49.9647058824,75.17
614,44.0,75.21
615,40.0,75.25
616,50.5921568627,75.30
617,35.3098039216,75.33
618,38.431372549,75.36
619,43.6235294118,75.40
620,34.1411764706,75.43
621,39.368627451,75.47
622,30.7176470588,75.50
623,37.3843137255,75.53
624,33.7490196078,75.56
625,42.0784313725,75.60
626,47.4509803922,75.64
627,41.0745098039,75.68
628,33.5725490196,75.71
629,37.937254902,75.74
630,36.0941176471,75.77
631,38.968627451,75.81
632,37.462745098,75.84
633,29.968627451,75.87
634,32.8588235294,75.90
635,22.8431372549,75.92
636,34.0,75.95
637,26.5764705882,75.97
638,19.0,75.99
639,19.0,76.01
640,34.1725490196,76.04
641,30.4666666667,76.07
642,32.0941176471,76.10
643,22.3882352941,76.12
644,18.0,76.13
645,22.8078431373,76.15
646,31.0,76.18
647,31.0784313725,76.21
648,22.0,76.23
649,22.8431372549,76.25
650,26.7176470588,76.27
651,29.2156862745,76.30
652,22.0470588235,76.32
653,14.8705882353,76.33
654,14.0,76.34
655,24.6705882353,76.37
656,17.2509803922,76.38
657,19.9058823529,76.40
658,14.7490196078,76.41
659,14.0,76.43
660,17.0,76.44
661,9.0,76.45
662,15.168627451,76.46
663,10.0,76.47
664,9.09411764706,76.48
665,15.0,76.49
666,12.1568627451,76.50
667,9.1568627451,76.51
668,11.0,76.52
669,7.0,76.53
670,4.0,76.53
671,9.0,76.54
672,6.07843137255,76.55
673,4.0,76.55
674,11.8901960784,76.56
675,6.0,76.57
676,6.26274509804,76.57
677,2.76470588235,76.57
678,8.17254901961,76.58
679,7.90196078431,76.59
680,6.98431372549,76.60
681,8.60784313725,76.60
682,9.0,76.61
683,8.0,76.62
684,6.0,76.62
685,5.0,76.63
686,6.15294117647,76.63
687,3.01568627451,76.64
688,2.67058823529,76.64
689,5.07843137255,76.64
690,4.43529411765,76.65
691,1.0,76.65
692,1.3568627451,76.65
693,11.0156862745,76.66
694,4.98431372549,76.66
695,3.23529411765,76.67
696,0.686274509804,76.67
697,2.63921568627,76.67
698,2.0,76.67
699,3.25098039216,76.67
700,2.74901960784,76.68
701,1.95294117647,76.68
703,4.0,76.68
704,4.49803921569,76.69
705,4.0,76.69
706,4.99607843137,76.69
707,2.0,76.70
708,1.0,76.70
709,1.0,76.70
710,2.41960784314,76.70
711,1.87450980392,76.70
712,4.01568627451,76.71
713,1.57647058824,76.71
714,2.0,76.71
715,1.0,76.71
716,2.01568627451,76.71
717,4.0,76.71
718,1.0,76.72
719,2.23529411765,76.72
720,1.89019607843,76.72
721,1.29411764706,76.72
722,1.90588235294,76.72
724,0.670588235294,76.72
725,4.29411764706,76.73
726,1.0,76.73
727,1.0,76.73
728,1.0,76.73
729,1.45098039216,76.73
730,0.96862745098,76.73
731,2.62352941176,76.73
733,0.188235294118,76.73
734,0.937254901961,76.74
735,0.0941176470588,76.74
736,0.309803921569,76.74
737,0.764705882353,76.74
738,0.513725490196,76.74
739,0.952941176471,76.74
741,0.403921568627,76.74
744,0.0313725490196,76.74