Elevation,Area,CumArea
70,9.82352941176,0.01
71,52.2156862745,0.06
72,113.650980392,0.16
73,160.670588235,0.30
74,298.733333333,0.57
75,376.537254902,0.91
76,554.964705882,1.41
77,585.921568627,1.94
78,657.298039216,2.53
79,754.968627451,3.21
80,808.474509804,3.94
81,694.635294118,4.56
82,578.909803922,5.08
83,601.498039216,5.62
84,559.043137255,6.13
85,1285.48235294,7.28
86,365.984313725,7.61
87,414.647058824,7.99
88,462.725490196,8.40
89,734.431372549,9.06
90,8645.61960784,16.84
91,2276.70980392,18.89
92,2337.45098039,21.00
93,1834.21568627,22.65
94,1596.71372549,24.09
95,1214.72156863,25.18
96,1130.84313725,26.20
97,1043.59607843,27.14
98,1021.74901961,28.06
99,1015.92156863,28.97
100,1002.76470588,29.87
101,1070.60784314,30.84
102,1172.37254902,31.89
103,1264.15294118,33.03
104,1207.60392157,34.12
105,1326.38823529,35.31
106,1352.37254902,36.53
107,1475.67058824,37.85
108,1373.74901961,39.09
109,1280.18823529,40.24
110,1155.38823529,41.28
111,1122.80784314,42.29
112,1044.44705882,43.23
113,989.352941176,44.12
114,1036.34117647,45.06
115,982.435294118,45.94
116,935.105882353,46.78
117,907.682352941,47.60
118,867.188235294,48.38
119,806.588235294,49.11
120,830.403921569,49.85
121,840.341176471,50.61
122,795.678431373,51.33
123,756.070588235,52.01
124,735.77254902,52.67
125,727.043137255,53.32
126,667.325490196,53.92
127,726.37254902,54.58
128,698.88627451,55.21
129,629.623529412,55.77
130,673.556862745,56.38
131,639.462745098,56.95
132,595.011764706,57.49
133,566.545098039,58.00
134,560.031372549,58.50
135,506.341176471,58.96
136,469.37254902,59.38
137,414.121568627,59.75
138,441.874509804,60.15
139,426.047058824,60.54
140,382.309803922,60.88
141,380.843137255,61.22
142,431.168627451,61.61
143,332.780392157,61.91
144,339.588235294,62.22
145,330.482352941,62.51
146,301.811764706,62.78
147,334.149019608,63.08
148,315.529411765,63.37
149,310.062745098,63.65
150,287.384313725,63.91
151,267.949019608,64.15
152,270.435294118,64.39
153,255.435294118,64.62
154,265.305882353,64.86
155,278.015686275,65.11
156,308.403921569,65.39
157,294.729411765,65.65
158,305.749019608,65.93
159,277.756862745,66.18
160,290.960784314,66.44
161,284.152941176,66.70
162,276.047058824,66.94
163,260.68627451,67.18
164,238.090196078,67.39
165,238.937254902,67.61
166,253.921568627,67.84
167,253.282352941,68.06
168,261.0,68.30
169,254.235294118,68.53
170,260.968627451,68.76
171,241.0,68.98
172,264.376470588,69.22
173,258.105882353,69.45
174,229.125490196,69.66
175,252.262745098,69.88
176,250.0,70.11
177,250.0,70.33
178,252.047058824,70.56
179,245.0,70.78
180,243.0,71.00
181,221.749019608,71.20
182,237.0,71.41
183,233.0,71.62
184,224.015686275,71.82
185,216.701960784,72.02
186,206.670588235,72.20
187,246.843137255,72.43
188,261.811764706,72.66
189,228.654901961,72.87
190,221.156862745,73.07
191,243.0,73.29
192,249.392156863,73.51
193,257.325490196,73.74
194,262.996078431,73.98
195,269.054901961,74.22
196,284.070588235,74.48
197,284.854901961,74.73
198,322.321568627,75.02
199,314.737254902,75.31
200,336.325490196,75.61
201,300.235294118,75.88
202,320.196078431,76.17
203,327.447058824,76.46
204,352.105882353,76.78
205,378.525490196,77.12
206,380.168627451,77.46
207,339.011764706,77.77
208,302.058823529,78.04
209,294.650980392,78.30
210,267.0,78.54
211,231.356862745,78.75
212,195.592156863,78.93
213,205.819607843,79.11
214,212.949019608,79.31
215,215.231372549,79.50
216,237.450980392,79.71
217,199.450980392,79.89
218,244.796078431,80.11
219,210.952941176,80.30
220,177.482352941,80.46
221,196.968627451,80.64
222,190.964705882,80.81
223,195.290196078,80.99
224,190.356862745,81.16
225,179.435294118,81.32
226,176.184313725,81.48
227,177.749019608,81.64
228,186.466666667,81.81
229,204.17254902,81.99
230,169.592156863,82.14
231,188.0,82.31
232,177.811764706,82.47
233,190.68627451,82.64
234,154.780392157,82.78
235,169.639215686,82.94
236,169.0,83.09
237,164.905882353,83.24
238,199.0,83.42
239,166.0,83.56
240,170.890196078,83.72
241,150.309803922,83.85
242,170.68627451,84.01
243,176.235294118,84.17
244,149.0,84.30
245,159.82745098,84.44
246,161.717647059,84.59
247,159.952941176,84.73
248,176.764705882,84.89
249,178.0,85.05
250,174.917647059,85.21
251,163.635294118,85.36
252,146.701960784,85.49
253,164.439215686,85.64
254,172.435294118,85.79
255,154.733333333,85.93
256,140.419607843,86.06
257,163.764705882,86.21
258,152.980392157,86.34
259,139.968627451,86.47
260,142.450980392,86.60
261,158.560784314,86.74
262,139.921568627,86.87
263,152.450980392,87.00
264,145.17254902,87.13
265,146.807843137,87.27
266,133.058823529,87.39
267,132.0,87.50
268,133.933333333,87.63
269,152.462745098,87.76
270,134.435294118,87.88
271,138.196078431,88.01
272,132.68627451,88.13
273,118.545098039,88.23
274,135.074509804,88.36
275,138.529411765,88.48
276,148.117647059,88.61
277,101.015686275,88.70
278,128.0,88.82
279,123.0,88.93
280,131.309803922,89.05
281,140.152941176,89.17
282,152.262745098,89.31
283,121.51372549,89.42
284,139.51372549,89.55
285,109.0,89.64
286,127.168627451,89.76
287,161.623529412,89.90
288,138.0,90.03
289,108.188235294,90.13
290,127.71372549,90.24
291,145.047058824,90.37
292,168.0,90.52
293,127.0,90.64
294,120.031372549,90.75
295,111.074509804,90.85
296,117.0,90.95
297,135.82745098,91.07
298,115.0,91.18
299,132.262745098,91.30
300,138.0,91.42
301,115.0,91.52
302,153.0,91.66
303,123.0,91.77
304,123.231372549,91.88
305,126.341176471,92.00
306,117.0,92.10
307,112.0,92.20
308,120.764705882,92.31
309,107.0,92.41
310,131.749019608,92.53
311,122.0,92.64
312,124.874509804,92.75
313,119.0,92.85
314,112.82745098,92.96
315,117.964705882,93.06
316,132.592156863,93.18
317,107.341176471,93.28
318,110.545098039,93.38
319,110.729411765,93.48
320,117.435294118,93.58
321,122.0,93.69
322,108.874509804,93.79
323,141.325490196,93.92
324,106.937254902,94.01
325,101.874509804,94.11
326,101.031372549,94.20
327,120.807843137,94.31
328,142.164705882,94.43
329,138.623529412,94.56
330,127.639215686,94.67
331,168.964705882,94.83
332,160.556862745,94.97
333,159.776470588,95.11
334,154.058823529,95.25
335,150.921568627,95.39
336,156.090196078,95.53
337,160.733333333,95.67
338,158.792156863,95.82
339,124.792156863,95.93
340,151.431372549,96.06
341,163.152941176,96.21
342,134.698039216,96.33
343,157.921568627,96.48
344,132.890196078,96.59
345,176.556862745,96.75
346,114.823529412,96.86
347,122.560784314,96.97
348,117.411764706,97.07
349,119.839215686,97.18
350,127.51372549,97.30
351,98.7176470588,97.38
352,105.850980392,97.48
353,129.133333333,97.60
354,97.6705882353,97.68
355,101.011764706,97.77
356,70.0470588235,97.84
357,92.1058823529,97.92
358,68.9843137255,97.98
359,75.0431372549,98.05
360,78.7215686275,98.12
361,86.2509803922,98.20
362,77.5450980392,98.27
363,69.968627451,98.33
364,82.3725490196,98.41
365,66.3098039216,98.47
366,75.0,98.53
367,70.7450980392,98.60
368,77.8901960784,98.67
369,74.8901960784,98.73
370,72.4509803922,98.80
371,79.9843137255,98.87
372,67.5764705882,98.93
373,67.1529411765,98.99
374,62.0,99.05
375,61.2509803922,99.10
376,63.0,99.16
377,64.3725490196,99.22
378,60.0,99.27
379,79.2352941176,99.34
380,60.8274509804,99.40
381,64.2039215686,99.46
382,63.7607843137,99.51
383,42.8588235294,99.55
384,63.8901960784,99.61
385,51.1529411765,99.66
386,41.8588235294,99.69
387,55.9058823529,99.74
388,47.968627451,99.79
389,46.0,99.83
390,43.0,99.87
391,47.9843137255,99.91
392,46.6392156863,99.95
393,45.8588235294,99.99
394,39.0156862745,100.03
395,49.1529411765,100.07
396,35.5921568627,100.10
397,47.0,100.15
398,42.7176470588,100.19
399,40.1843137255,100.22
400,50.2941176471,100.27
401,40.1254901961,100.30
402,52.8588235294,100.35
403,49.0,100.39
404,46.3568627451,100.44
405,38.8745098039,100.47
406,57.7294117647,100.52
407,48.5921568627,100.57
408,47.3254901961,100.61
409,36.4196078431,100.64
410,47.9529411765,100.69
411,55.6078431373,100.74
412,43.0784313725,100.77
413,46.7490196078,100.82
414,42.0,100.85
415,37.0,100.89
416,40.9529411765,100.92
417,37.4823529412,100.96
418,44.0,101.00
419,58.7960784314,101.05
420,25.0,101.07
421,42.0,101.11
422,50.262745098,101.16
423,41.5450980392,101.19
424,47.0,101.24
425,44.0,101.28
426,40.4509803922,101.31
427,52.0901960784,101.36
428,40.4823529412,101.39
429,33.5921568627,101.43
430,33.8705882353,101.46
431,43.7607843137,101.50
432,32.0,101.52
433,32.062745098,101.55
434,36.0,101.59
435,26.8901960784,101.61
436,47.2156862745,101.65
437,35.0784313725,101.68
438,23.7803921569,101.70
439,32.7176470588,101.73
440,40.9294117647,101.77
441,30.5882352941,101.80
442,19.0,101.82
443,25.3882352941,101.84
444,20.4980392157,101.86
445,27.0,101.88
446,28.6705882353,101.91
447,24.0,101.93
448,24.7647058824,101.95
449,29.0,101.98
450,24.031372549,102.00
451,18.9490196078,102.02
452,25.0,102.04
453,24.0,102.06
454,21.3882352941,102.08
455,23.5450980392,102.10
456,22.1254901961,102.12
457,23.0,102.14
458,26.0,102.16
459,20.0,102.18
460,31.3254901961,102.21
461,23.0,102.23
462,21.0,102.25
463,23.0,102.27
464,23.6078431373,102.29
465,20.2823529412,102.31
466,23.0,102.33
467,24.0,102.35
468,10.0,102.36
469,31.0,102.39
470,17.7764705882,102.41
471,21.0,102.42
472,20.0,102.44
473,34.0,102.47
474,22.0,102.49
475,14.0117647059,102.51
476,25.8745098039,102.53
477,18.6549019608,102.55
478,27.0470588235,102.57
479,20.0941176471,102.59
480,23.0,102.61
481,25.6235294118,102.63
482,19.0,102.65
483,23.6549019608,102.67
484,23.9058823529,102.69
485,15.0,102.71
486,26.9843137255,102.73
487,19.0,102.75
488,25.7294117647,102.77
489,10.0,102.78
490,13.062745098,102.79
491,24.3098039216,102.81
492,11.8745098039,102.82
493,13.0,102.83
494,12.0,102.85
495,22.0470588235,102.87
496,9.56078431373,102.87
497,10.0,102.88
498,13.0,102.89
499,19.937254902,102.91
500,14.0,102.93
501,14.0,102.94
502,9.81176470588,102.95
503,10.0,102.96
504,10.0,102.96
505,12.9215686275,102.98
506,8.56078431373,102.98
507,11.0941176471,102.99
508,10.0,103.00
509,9.0,103.01
510,12.0,103.02
511,12.0,103.03
512,13.0,103.04
513,6.07843137255,103.05
514,8.0,103.06
515,11.0,103.07
516,7.34117647059,103.07
517,6.0,103.08
518,10.0,103.09
519,7.0,103.09
520,8.25098039216,103.10
521,10.0,103.11
522,9.0,103.12
523,6.0,103.12
524,9.0,103.13
525,13.0,103.14
526,5.0,103.15
527,9.0,103.16
528,5.0,103.16
529,6.0,103.17
530,3.0,103.17
531,12.0,103.18
532,12.3568627451,103.19
533,8.74901960784,103.20
534,7.0,103.21
535,11.0,103.22
537,13.0,103.23
538,5.0,103.23
539,8.0,103.24
540,7.0,103.24
541,4.0,103.25
542,6.0,103.25
543,3.0,103.26
544,9.0,103.26
545,10.8274509804,103.27
546,10.0,103.28
547,7.0,103.29
548,12.0,103.30
549,6.0,103.31
550,4.6862745098,103.31
551,7.0,103.32
552,8.89019607843,103.32
553,8.25098039216,103.33
554,3.0,103.33
555,4.0,103.34
556,9.0,103.35
557,9.0,103.35
558,11.0,103.36
559,10.0,103.37
560,8.0,103.38
561,7.0,103.39
562,4.0,103.39
563,7.0,103.40
564,4.0,103.40
565,10.2509803922,103.41
566,2.0,103.41
567,5.56078431373,103.42
568,6.0,103.42
569,7.0,103.43
570,3.0,103.43
571,5.0,103.44
572,7.0,103.44
573,8.0,103.45
574,8.0,103.46
575,10.7490196078,103.47
576,2.0,103.47
577,2.0,103.47
578,4.0,103.47
579,10.0,103.48
580,6.0,103.49
581,4.0,103.49
582,5.0,103.50
583,4.0,103.50
584,5.0,103.50
585,5.12549019608,103.51
586,3.0,103.51
587,12.2784313725,103.52
588,4.0,103.53
589,8.0,103.53
590,10.0,103.54
591,4.0,103.55
592,7.0,103.55
593,5.0,103.56
594,5.0,103.56
595,4.01568627451,103.56
596,6.38823529412,103.57
597,6.0,103.58
598,8.0,103.58
599,3.23529411765,103.59
600,7.01568627451,103.59
601,13.0196078431,103.60
602,7.2,103.61
603,6.03137254902,103.62
604,10.1098039216,103.62
605,8.0,103.63
606,9.12156862745,103.64
607,13.0,103.65
608,11.937254902,103.66
609,7.32549019608,103.67
610,11.8588235294,103.68
611,11.3725490196,103.69
612,14.4352941176,103.70
613,10.0,103.71
614,19.7019607843,103.73
615,12.8901960784,103.74
616,11.0,103.75
617,15.0,103.76
618,10.0,103.77
619,9.87450980392,103.78
620,12.0,103.79
621,6.0,103.80
622,6.0,103.80
623,9.25098039216,103.81
624,7.0,103.82
625,4.0,103.82
626,8.0,103.83
627,6.0,103.83
628,9.0,103.84
629,5.0,103.85
630,6.0,103.85
631,10.0,103.86
632,11.0,103.87
633,8.0,103.88
634,8.82745098039,103.89
635,4.0,103.89
636,4.0,103.89
637,0.325490196078,103.89
638,3.0,103.90
639,1.0,103.90
641,2.0,103.90
642,3.0,103.90
643,2.0,103.90
644,1.0,103.90
646,1.0,103.91
647,4.0,103.91
648,2.0,103.91
650,2.0,103.91
651,2.37254901961,103.92
652,2.74901960784,103.92
653,4.0,103.92
654,3.0,103.92
655,1.0,103.92
656,2.0,103.93
657,2.0,103.93
658,1.0,103.93
659,4.0,103.93
660,3.38823529412,103.94
661,1.49803921569,103.94
662,2.21568627451,103.94
663,3.0,103.94
664,3.62352941176,103.95
665,6.0,103.95
666,3.62352941176,103.95
667,4.0,103.96
668,2.0,103.96
669,3.0,103.96
670,5.0,103.97
671,6.0,103.97
672,2.0,103.97
673,1.0,103.97
674,3.0,103.98
675,1.0,103.98