Elevation,Area,CumArea
75,1.0,0.00
79,2.0,0.00
80,3.0,0.01
81,5.0,0.01
82,15.0,0.02
83,15.4823529412,0.04
84,38.031372549,0.07
85,63.8823529412,0.13
86,89.3450980392,0.21
87,89.8274509804,0.29
88,108.57254902,0.39
89,135.498039216,0.51
90,152.105882353,0.65
91,131.184313725,0.76
92,144.57254902,0.90
93,132.031372549,1.01
94,125.545098039,1.13
95,120.968627451,1.24
96,132.466666667,1.35
97,135.0,1.48
98,115.858823529,1.58
99,149.498039216,1.72
100,142.968627451,1.84
101,130.215686275,1.96
102,197.847058824,2.14
103,194.533333333,2.31
104,183.121568627,2.48
105,214.023529412,2.67
106,228.909803922,2.88
107,206.835294118,3.06
108,224.08627451,3.27
109,219.529411765,3.46
110,223.262745098,3.66
111,239.619607843,3.88
112,233.466666667,4.09
113,241.498039216,4.31
114,214.749019608,4.50
115,219.388235294,4.70
116,225.0,4.90
117,221.780392157,5.10
118,192.0,5.27
119,211.0,5.46
120,206.031372549,5.65
121,225.0,5.85
122,231.0,6.06
123,222.0,6.26
124,216.592156863,6.45
125,189.0,6.62
126,226.0,6.83
127,217.48627451,7.02
128,202.0,7.20
129,243.294117647,7.42
130,227.823529412,7.63
131,192.215686275,7.80
132,225.08627451,8.00
133,204.062745098,8.19
134,252.0,8.41
135,220.231372549,8.61
136,250.952941176,8.84
137,234.0,9.05
138,233.607843137,9.26
139,245.278431373,9.48
140,262.823529412,9.72
141,249.0,9.94
142,230.0,10.15
143,272.749019608,10.39
144,279.031372549,10.64
145,256.968627451,10.88
146,255.141176471,11.11
147,273.0,11.35
148,247.156862745,11.57
149,323.109803922,11.86
150,292.811764706,12.13
151,288.760784314,12.39
152,326.219607843,12.68
153,319.415686275,12.97
154,350.650980392,13.28
155,300.37254902,13.55
156,310.137254902,13.83
157,294.341176471,14.10
158,302.0,14.37
159,342.137254902,14.68
160,339.68627451,14.98
161,287.294117647,15.24
162,361.82745098,15.57
163,334.639215686,15.87
164,344.717647059,16.18
165,343.619607843,16.49
166,296.466666667,16.76
167,344.745098039,17.07
168,295.078431373,17.33
169,296.717647059,17.60
170,310.760784314,17.88
171,347.0,18.19
172,329.462745098,18.49
173,330.91372549,18.78
174,353.321568627,19.10
175,302.745098039,19.38
176,274.062745098,19.62
177,348.419607843,19.94
178,337.823529412,20.24
179,335.807843137,20.54
180,303.231372549,20.81
181,335.403921569,21.12
182,311.341176471,21.40
183,345.937254902,21.71
184,319.0,22.00
185,333.670588235,22.30
186,337.623529412,22.60
187,360.266666667,22.92
188,389.0,23.27
189,355.937254902,23.59
190,375.466666667,23.93
191,370.078431373,24.27
192,378.576470588,24.61
193,345.156862745,24.92
194,386.796078431,25.26
195,420.094117647,25.64
196,456.917647059,26.05
197,421.0,26.43
198,421.215686275,26.81
199,435.168627451,27.20
200,431.337254902,27.59
201,411.717647059,27.96
202,404.0,28.33
203,440.043137255,28.72
204,394.282352941,29.08
205,445.498039216,29.48
206,433.325490196,29.87
207,424.015686275,30.25
208,445.82745098,30.65
209,445.250980392,31.05
210,449.450980392,31.46
211,437.074509804,31.85
212,465.078431373,32.27
213,426.937254902,32.65
214,427.874509804,33.04
215,414.498039216,33.41
216,461.666666667,33.83
217,422.905882353,34.21
218,456.905882353,34.62
219,476.0,35.05
220,472.545098039,35.47
221,511.0,35.93
222,456.68627451,36.34
223,486.0,36.78
224,472.0,37.20
225,486.51372549,37.64
226,466.203921569,38.06
227,482.0,38.50
228,448.0,38.90
229,470.749019608,39.32
230,510.015686275,39.78
231,534.937254902,40.26
232,509.545098039,40.72
233,526.0,41.19
234,457.17254902,41.61
235,545.937254902,42.10
236,540.0,42.58
237,499.356862745,43.03
238,547.0,43.53
239,510.219607843,43.98
240,557.0,44.49
241,490.388235294,44.93
242,533.0,45.41
243,513.043137255,45.87
244,552.0,46.37
245,513.0,46.83
246,560.0,47.33
247,577.843137255,47.85
248,490.0,48.29
249,499.388235294,48.74
250,603.325490196,49.28
251,503.0,49.74
252,579.498039216,50.26
253,516.203921569,50.72
254,549.0,51.22
255,535.780392157,51.70
256,529.02745098,52.18
257,591.062745098,52.71
258,595.0,53.24
259,542.843137255,53.73
260,549.078431373,54.23
261,544.811764706,54.72
262,562.843137255,55.22
263,561.0,55.73
264,521.952941176,56.20
265,493.905882353,56.64
266,521.0,57.11
267,567.921568627,57.62
268,505.0,58.08
269,503.37254902,58.53
270,525.141176471,59.00
271,560.0,59.51
272,585.031372549,60.03
273,555.047058824,60.53
274,491.0,60.97
275,510.890196078,61.43
276,569.545098039,61.95
277,575.341176471,62.46
278,566.17254902,62.97
279,590.341176471,63.51
280,524.062745098,63.98
281,584.560784314,64.50
282,548.325490196,65.00
283,573.529411765,65.51
284,595.749019608,66.05
285,550.921568627,66.54
286,559.0,67.05
287,561.843137255,67.55
288,558.0,68.06
289,596.921568627,68.59
290,640.0,69.17
291,558.807843137,69.67
292,610.952941176,70.22
293,610.858823529,70.77
294,586.0,71.30
295,613.047058824,71.85
296,606.047058824,72.40
297,595.811764706,72.93
298,620.729411765,73.49
299,638.08627451,74.07
300,581.419607843,74.59
301,632.764705882,75.16
302,606.839215686,75.70
303,629.0,76.27
304,671.560784314,76.87
305,637.290196078,77.45
306,612.729411765,78.00
307,629.48627451,78.57
308,622.301960784,79.13
309,628.917647059,79.69
310,657.807843137,80.28
311,609.309803922,80.83
312,705.37254902,81.47
313,652.4,82.05
314,658.694117647,82.65
315,687.164705882,83.27
316,617.980392157,83.82
317,616.196078431,84.38
318,657.070588235,84.97
319,661.419607843,85.56
320,670.917647059,86.17
321,629.91372549,86.73
322,695.294117647,87.36
323,614.015686275,87.91
324,672.498039216,88.52
325,672.933333333,89.12
326,641.670588235,89.70
327,649.266666667,90.29
328,627.756862745,90.85
329,671.666666667,91.45
330,659.043137255,92.05
331,658.443137255,92.64
332,627.125490196,93.20
333,625.078431373,93.77
334,662.607843137,94.36
335,643.725490196,94.94
336,643.494117647,95.52
337,684.474509804,96.14
338,692.039215686,96.76
339,682.654901961,97.38
340,665.984313725,97.98
341,723.047058824,98.63
342,646.545098039,99.21
343,653.592156863,99.80
344,619.733333333,100.35
345,674.517647059,100.96
346,660.105882353,101.55
347,698.819607843,102.18
348,623.749019608,102.75
349,619.125490196,103.30
350,621.937254902,103.86
351,672.729411765,104.47
352,632.184313725,105.04
353,696.82745098,105.66
354,670.388235294,106.27
355,636.184313725,106.84
356,661.0,107.43
357,656.874509804,108.03
358,645.866666667,108.61
359,618.466666667,109.16
360,661.760784314,109.76
361,677.745098039,110.37
362,642.047058824,110.95
363,618.541176471,111.50
364,676.749019608,112.11
365,637.466666667,112.69
366,634.078431373,113.26
367,677.047058824,113.87
368,667.576470588,114.47
369,666.094117647,115.07
370,602.235294118,115.61
371,595.047058824,116.14
372,637.776470588,116.72
373,653.670588235,117.31
374,610.02745098,117.86
375,616.811764706,118.41
376,613.980392157,118.96
377,644.278431373,119.54
378,639.639215686,120.12
379,652.215686275,120.71
380,664.011764706,121.30
381,628.639215686,121.87
382,647.419607843,122.45
383,591.37254902,122.98
384,629.184313725,123.55
385,602.0,124.09
386,647.043137255,124.67
387,571.588235294,125.19
388,617.654901961,125.74
389,582.078431373,126.27
390,560.419607843,126.77
391,559.843137255,127.28
392,567.074509804,127.79
393,585.007843137,128.31
394,601.156862745,128.85
395,550.870588235,129.35
396,570.811764706,129.86
397,601.0,130.41
398,584.062745098,130.93
399,552.71372549,131.43
400,566.88627451,131.94
401,571.749019608,132.45
402,552.509803922,132.95
403,579.51372549,133.47
404,565.141176471,133.98
405,546.101960784,134.47
406,602.952941176,135.01
407,579.996078431,135.54
408,521.905882353,136.01
409,578.905882353,136.53
410,533.0,137.01
411,505.870588235,137.46
412,546.062745098,137.95
413,540.466666667,138.44
414,572.807843137,138.96
415,524.874509804,139.43
416,526.529411765,139.90
417,546.141176471,140.39
418,549.047058824,140.89
419,584.976470588,141.41
420,528.184313725,141.89
421,554.0,142.39
422,507.560784314,142.85
423,572.309803922,143.36
424,515.811764706,143.82
425,574.125490196,144.34
426,556.094117647,144.84
427,538.247058824,145.33
428,503.294117647,145.78
429,538.82745098,146.26
430,519.105882353,146.73
431,492.607843137,147.17
432,504.949019608,147.63
433,527.0,148.10
434,502.698039216,148.56
435,543.823529412,149.05
436,519.152941176,149.51
437,531.058823529,149.99
438,536.984313725,150.47
439,527.211764706,150.95
440,526.482352941,151.42
441,534.780392157,151.90
442,490.105882353,152.34
443,495.462745098,152.79
444,492.388235294,153.23
445,473.105882353,153.66
446,502.435294118,154.11
447,514.843137255,154.57
448,525.905882353,155.05
449,514.08627451,155.51
450,525.68627451,155.98
451,467.839215686,156.40
452,482.984313725,156.84
453,481.105882353,157.27
454,523.796078431,157.74
455,472.219607843,158.17
456,480.682352941,158.60
457,489.968627451,159.04
458,491.352941176,159.48
459,475.901960784,159.91
460,509.023529412,160.37
461,483.407843137,160.81
462,415.745098039,161.18
463,472.258823529,161.61
464,478.360784314,162.04
465,430.603921569,162.42
466,477.733333333,162.85
467,436.482352941,163.25
468,441.607843137,163.64
469,417.952941176,164.02
470,437.415686275,164.41
471,446.529411765,164.82
472,474.623529412,165.24
473,438.576470588,165.64
474,447.0,166.04
475,443.368627451,166.44
476,418.521568627,166.82
477,421.498039216,167.19
478,424.070588235,167.58
479,457.858823529,167.99
480,445.654901961,168.39
481,407.22745098,168.76
482,462.0,169.17
483,428.764705882,169.56
484,458.968627451,169.97
485,450.305882353,170.38
486,394.901960784,170.73
487,393.02745098,171.09
488,438.37254902,171.48
489,476.545098039,171.91
490,438.588235294,172.30
491,446.137254902,172.70
492,417.701960784,173.08
493,437.341176471,173.47
494,413.498039216,173.85
495,444.301960784,174.25
496,476.152941176,174.67
497,482.070588235,175.11
498,443.560784314,175.51
499,419.576470588,175.89
500,489.839215686,176.33
501,403.419607843,176.69
502,448.925490196,177.09
503,459.137254902,177.51
504,431.780392157,177.90
505,416.082352941,178.27
506,428.654901961,178.66
507,401.078431373,179.02
508,430.156862745,179.40
509,404.133333333,179.77
510,423.807843137,180.15
511,412.121568627,180.52
512,434.239215686,180.91
513,384.505882353,181.26
514,414.694117647,181.63
515,391.898039216,181.98
516,400.054901961,182.34
517,423.88627451,182.72
518,412.403921569,183.10
519,414.341176471,183.47
520,413.309803922,183.84
521,458.294117647,184.25
522,385.254901961,184.60
523,368.88627451,184.93
524,398.760784314,185.29
525,409.450980392,185.66
526,375.88627451,186.00
527,409.137254902,186.37
528,357.701960784,186.69
529,396.309803922,187.04
530,380.403921569,187.39
531,405.37254902,187.75
532,374.666666667,188.09
533,414.811764706,188.46
534,365.121568627,188.79
535,362.011764706,189.12
536,378.71372549,189.46
537,375.854901961,189.80
538,355.701960784,190.12
539,352.556862745,190.43
540,322.325490196,190.72
541,388.431372549,191.07
542,362.141176471,191.40
543,329.247058824,191.69
544,342.352941176,192.00
545,321.741176471,192.29
546,327.760784314,192.59
547,346.196078431,192.90
548,306.231372549,193.17
549,378.133333333,193.51
550,293.823529412,193.78
551,361.290196078,194.10
552,297.529411765,194.37
553,332.870588235,194.67
554,306.215686275,194.95
555,283.415686275,195.20
556,303.074509804,195.48
557,326.603921569,195.77
558,297.450980392,196.04
559,301.964705882,196.31
560,305.960784314,196.58
561,298.862745098,196.85
562,287.352941176,197.11
563,307.48627451,197.39
564,279.101960784,197.64
565,286.211764706,197.90
566,291.274509804,198.16
567,294.51372549,198.42
568,252.494117647,198.65
569,263.356862745,198.89
570,252.043137255,199.12
571,307.517647059,199.39
572,264.933333333,199.63
573,232.545098039,199.84
574,249.933333333,200.06
575,261.419607843,200.30
576,245.933333333,200.52
577,246.117647059,200.74
578,260.901960784,200.98
579,219.494117647,201.18
580,238.345098039,201.39
581,209.807843137,201.58
582,231.37254902,201.79
583,234.478431373,202.00
584,186.243137255,202.17
585,225.901960784,202.37
586,250.556862745,202.59
587,209.039215686,202.78
588,211.317647059,202.97
589,194.580392157,203.15
590,217.721568627,203.34
591,192.901960784,203.52
592,213.360784314,203.71
593,184.831372549,203.88
594,204.078431373,204.06
595,184.211764706,204.23
596,172.078431373,204.38
597,189.058823529,204.55
598,172.850980392,204.71
599,169.031372549,204.86
600,147.22745098,204.99
601,172.015686275,205.15
602,184.4,205.31
603,173.450980392,205.47
604,184.309803922,205.63
605,142.749019608,205.76
606,162.82745098,205.91
607,154.874509804,206.05
608,160.941176471,206.19
609,162.007843137,206.34
610,164.670588235,206.49
611,167.309803922,206.64
612,146.937254902,206.77
613,144.309803922,206.90
614,136.764705882,207.02
615,145.337254902,207.15
616,163.48627451,207.30
617,143.945098039,207.43
618,153.08627451,207.57
619,168.294117647,207.72
620,134.729411765,207.84
621,122.949019608,207.95
622,129.278431373,208.07
623,119.870588235,208.18
624,117.760784314,208.28
625,148.733333333,208.41
626,108.949019608,208.51
627,121.964705882,208.62
628,138.137254902,208.75
629,122.011764706,208.86
630,120.682352941,208.97
631,117.231372549,209.07
632,132.650980392,209.19
633,125.117647059,209.30
634,111.356862745,209.40
635,112.078431373,209.50
636,116.823529412,209.61
637,103.870588235,209.70
638,105.141176471,209.80
639,106.090196078,209.89
640,101.168627451,209.98
641,99.8235294118,210.07
642,87.6862745098,210.15
643,102.776470588,210.25
644,98.0784313725,210.33
645,98.6705882353,210.42
646,93.3254901961,210.51
647,94.4352941176,210.59
648,84.8705882353,210.67
649,69.4235294118,210.73
650,79.8078431373,210.80
651,83.7176470588,210.88
652,97.1529411765,210.96
653,75.262745098,211.03
654,75.4823529412,211.10
655,62.8352941176,211.16
656,63.4196078431,211.21
657,79.3568627451,211.29
658,71.1843137255,211.35
659,74.5568627451,211.42
660,81.5137254902,211.49
661,71.4196078431,211.55
662,64.8745098039,211.61
663,63.1725490196,211.67
664,64.7333333333,211.73
665,73.3725490196,211.79
666,57.7764705882,211.85
667,66.1568627451,211.91
668,79.6352941176,211.98
669,62.0941176471,212.03
670,69.4823529412,212.10
671,75.5294117647,212.16
672,56.8980392157,212.21
673,51.7490196078,212.26
674,51.968627451,212.31
675,54.4823529412,212.36
676,67.1254901961,212.42
677,51.1254901961,212.46
678,46.0588235294,212.50
679,50.9803921569,212.55
680,56.9803921569,212.60
681,39.9176470588,212.64
682,49.4509803922,212.68
683,42.2196078431,212.72
684,38.6862745098,212.76
685,58.9529411765,212.81
686,43.5607843137,212.85
687,35.6823529412,212.88
688,32.7607843137,212.91
689,39.0,212.94
690,36.0156862745,212.98
691,34.3725490196,213.01
692,32.031372549,213.04
693,43.0941176471,213.08
694,34.3254901961,213.11
695,48.4039215686,213.15
696,38.6549019608,213.18
697,28.6235294118,213.21
698,36.1568627451,213.24
699,34.5607843137,213.27
700,32.0,213.30
701,31.8274509804,213.33
702,30.0,213.36
703,30.0,213.39
704,31.0,213.41
705,32.9058823529,213.44
706,44.7294117647,213.48
707,24.968627451,213.51
708,22.0901960784,213.53
709,22.0,213.55
710,25.2509803922,213.57
711,33.0,213.60
712,29.1058823529,213.62
713,30.1882352941,213.65
714,23.5921568627,213.67
715,17.0941176471,213.69
716,15.0,213.70
717,23.0,213.72
718,16.0,213.74
719,27.0,213.76
720,25.8117647059,213.78
721,22.262745098,213.80
722,13.0,213.82
723,23.0,213.84
724,26.0,213.86
725,15.0,213.87
726,21.7960784314,213.89
727,21.0156862745,213.91
728,19.0,213.93
729,22.0,213.95
730,23.937254902,213.97
731,18.0,213.99
732,16.4039215686,214.00
733,15.0,214.01
734,21.0,214.03
735,23.0470588235,214.05
736,12.7019607843,214.07
737,20.2039215686,214.08
738,20.0,214.10
739,24.6705882353,214.12
740,14.0,214.14
741,17.0470588235,214.15
742,14.0,214.16
743,21.0,214.18
744,16.9960784314,214.20
745,16.6862745098,214.21
746,14.3254901961,214.23
747,16.0,214.24
748,21.0,214.26
749,15.0,214.27
750,13.0,214.29
751,14.8117647059,214.30
752,16.0,214.31
753,16.7450980392,214.33
754,18.1882352941,214.34
755,16.0,214.36
756,14.2039215686,214.37
757,15.7176470588,214.39
758,13.262745098,214.40
759,21.9019607843,214.42
760,12.0,214.43
761,9.96862745098,214.44
762,11.0,214.45
763,9.0,214.46
764,9.89019607843,214.46
765,15.1098039216,214.48
766,14.6705882353,214.49
767,18.5294117647,214.51
768,8.91764705882,214.52
769,10.9921568627,214.53
770,10.8901960784,214.54
771,5.6862745098,214.54
772,12.0,214.55
773,10.0,214.56
774,3.40392156863,214.56
775,7.0,214.57
776,10.4509803922,214.58
777,5.34117647059,214.58
778,9.98431372549,214.59
779,11.4666666667,214.60
780,5.0,214.61
781,5.87450980392,214.61
782,10.4039215686,214.62
783,5.0,214.63
784,10.0,214.64
785,4.0,214.64
786,4.37254901961,214.64
787,4.0,214.65
788,8.37254901961,214.65
789,4.0,214.66
790,7.0,214.66
791,8.98431372549,214.67
792,4.09411764706,214.68
793,8.0,214.68
794,5.09411764706,214.69
795,5.78039215686,214.69
796,8.13333333333,214.70
797,10.0,214.71
798,5.67058823529,214.71
799,5.2,214.72
800,8.0,214.73
801,5.03137254902,214.73
802,7.49803921569,214.74
803,11.0,214.75
804,3.0,214.75
805,5.0,214.75
806,3.03137254902,214.76
807,7.89019607843,214.76
808,5.0,214.77
809,7.0,214.78
810,6.21960784314,214.78
811,5.0,214.79
812,5.0,214.79
813,5.87450980392,214.80
814,5.0,214.80
815,2.36078431373,214.80
816,10.0,214.81
817,2.0,214.81
818,3.5137254902,214.82
819,1.0,214.82
820,3.94901960784,214.82
821,0.250980392157,214.82
822,1.0,214.82
826,0.419607843137,214.82