Elevation,Area,CumArea
188,1.0,0.00
189,1.0,0.00
192,2.0,0.00
193,13.0,0.02
194,8.0,0.02
195,9.98431372549,0.03
196,38.031372549,0.07
197,44.1254901961,0.11
198,42.0,0.14
199,65.0,0.20
200,67.8745098039,0.26
201,79.0,0.33
202,76.0,0.40
203,50.1254901961,0.45
204,57.0,0.50
205,68.0,0.56
206,74.1254901961,0.63
207,79.0,0.70
208,92.0,0.78
209,106.874509804,0.88
210,90.1254901961,0.96
211,103.0,1.05
212,92.0,1.13
213,108.0,1.23
214,89.0,1.31
215,109.0,1.41
216,105.0,1.50
217,147.82745098,1.64
218,143.984313725,1.77
219,122.0,1.88
220,141.0,2.00
221,162.0,2.15
222,207.0,2.33
223,200.0,2.51
224,222.858823529,2.72
225,247.0,2.94
226,281.0,3.19
227,314.0,3.47
228,272.0,3.72
229,325.749019608,4.01
230,337.0,4.31
231,351.0,4.63
232,370.717647059,4.96
233,360.0,5.29
234,336.0,5.59
235,344.874509804,5.90
236,388.592156863,6.25
237,370.0,6.58
238,427.968627451,6.97
239,386.592156863,7.32
240,409.0,7.68
241,399.0,8.04
242,411.141176471,8.41
243,398.560784314,8.77
244,404.921568627,9.14
245,386.0,9.48
246,380.0,9.83
247,428.0,10.21
248,412.0,10.58
249,453.0,10.99
250,490.466666667,11.43
251,495.062745098,11.88
252,501.0,12.33
253,489.450980392,12.77
254,487.0,13.21
255,507.37254902,13.66
256,561.168627451,14.17
257,561.0,14.67
258,523.0,15.14
259,546.329411765,15.64
260,543.51372549,16.12
261,558.094117647,16.63
262,573.0,17.14
263,601.623529412,17.68
264,530.541176471,18.16
265,594.250980392,18.70
266,549.949019608,19.19
267,620.996078431,19.75
268,595.57254902,20.29
269,587.854901961,20.82
270,607.0,21.36
271,627.384313725,21.93
272,619.0,22.48
273,591.545098039,23.02
274,639.592156863,23.59
275,628.215686275,24.16
276,617.545098039,24.71
277,578.749019608,25.23
278,616.968627451,25.79
279,676.980392157,26.40
280,643.0,26.98
281,649.37254902,27.56
282,652.670588235,28.15
283,628.188235294,28.71
284,654.811764706,29.30
285,740.419607843,29.97
286,727.0,30.62
287,789.623529412,31.33
288,779.047058824,32.04
289,870.325490196,32.82
290,882.733333333,33.61
291,919.0,34.44
292,853.937254902,35.21
293,859.047058824,35.98
294,823.509803922,36.72
295,809.952941176,37.45
296,828.278431373,38.20
297,780.0,38.90
298,822.305882353,39.64
299,821.82745098,40.38
300,753.764705882,41.06
301,834.980392157,41.81
302,817.0,42.54
303,845.529411765,43.31
304,806.466666667,44.03
305,784.321568627,44.74
306,784.745098039,45.44
307,838.905882353,46.20
308,819.51372549,46.94
309,791.968627451,47.65
310,813.701960784,48.38
311,821.749019608,49.12
312,733.37254902,49.78
313,780.764705882,50.48
314,737.905882353,51.15
315,745.701960784,51.82
316,769.960784314,52.51
317,797.760784314,53.23
318,845.592156863,53.99
319,777.607843137,54.69
320,751.062745098,55.37
321,772.843137255,56.06
322,815.435294118,56.80
323,818.592156863,57.53
324,807.466666667,58.26
325,839.341176471,59.02
326,762.498039216,59.70
327,739.450980392,60.37
328,819.921568627,61.10
329,795.823529412,61.82
330,835.109803922,62.57
331,825.639215686,63.32
332,765.654901961,64.00
333,795.090196078,64.72
334,795.545098039,65.44
335,769.749019608,66.13
336,797.529411765,66.85
337,868.733333333,67.63
338,832.078431373,68.38
339,933.309803922,69.22
340,836.57254902,69.97
341,842.68627451,70.73
342,820.603921569,71.47
343,842.905882353,72.23
344,884.88627451,73.02
345,863.505882353,73.80
346,873.02745098,74.59
347,841.376470588,75.34
348,841.466666667,76.10
349,897.294117647,76.91
350,918.88627451,77.73
351,888.415686275,78.53
352,856.22745098,79.30
353,773.141176471,80.00
354,890.780392157,80.80
355,860.203921569,81.58
356,845.57254902,82.34
357,862.964705882,83.11
358,865.235294118,83.89
359,874.529411765,84.68
360,874.0,85.47
361,877.309803922,86.26
362,930.654901961,87.09
363,870.321568627,87.88
364,920.466666667,88.71
365,899.654901961,89.52
366,920.403921569,90.34
367,864.325490196,91.12
368,894.149019608,91.93
369,883.498039216,92.72
370,930.341176471,93.56
371,903.749019608,94.37
372,851.247058824,95.14
373,954.68627451,96.00
374,941.843137255,96.84
375,907.294117647,97.66
376,954.701960784,98.52
377,922.654901961,99.35
378,923.498039216,100.18
379,871.435294118,100.97
380,978.368627451,101.85
381,916.949019608,102.67
382,945.968627451,103.52
383,953.043137255,104.38
384,904.545098039,105.20
385,863.047058824,105.97
386,965.733333333,106.84
387,920.541176471,107.67
388,937.258823529,108.51
389,957.717647059,109.38
390,963.266666667,110.24
391,919.717647059,111.07
392,939.639215686,111.92
393,953.047058824,112.77
394,961.917647059,113.64
395,896.215686275,114.45
396,917.780392157,115.27
397,968.152941176,116.14
398,944.301960784,116.99
399,965.619607843,117.86
400,978.921568627,118.74
401,968.0,119.61
402,1005.31372549,120.52
403,988.011764706,121.41
404,1000.24705882,122.31
405,951.882352941,123.17
406,932.780392157,124.00
407,942.654901961,124.85
408,991.137254902,125.75
409,968.450980392,126.62
410,986.984313725,127.51
411,978.749019608,128.39
412,954.584313725,129.25
413,949.509803922,130.10
414,962.290196078,130.97
415,1005.04705882,131.87
416,949.08627451,132.72
417,1003.65490196,133.63
418,965.2,134.50
419,981.356862745,135.38
420,967.698039216,136.25
421,949.380392157,137.10
422,997.094117647,138.00
423,946.588235294,138.85
424,971.184313725,139.73
425,960.792156863,140.59
426,917.874509804,141.42
427,979.729411765,142.30
428,982.054901961,143.18
429,980.403921569,144.07
430,961.858823529,144.93
431,1000.99607843,145.83
432,1030.1254902,146.76
433,958.88627451,147.62
434,990.011764706,148.51
435,954.37254902,149.37
436,968.996078431,150.25
437,980.117647059,151.13
438,919.356862745,151.96
439,993.854901961,152.85
440,1013.85490196,153.76
441,960.839215686,154.63
442,980.419607843,155.51
443,953.576470588,156.37
444,986.858823529,157.26
445,1000.0627451,158.16
446,1019.9372549,159.07
447,969.949019608,159.95
448,937.294117647,160.79
449,1027.21568627,161.71
450,1031.61960784,162.64
451,969.043137255,163.52
452,1007.5372549,164.42
453,970.070588235,165.30
454,922.690196078,166.13
455,989.498039216,167.02
456,1005.38431373,167.92
457,1004.15294118,168.82
458,989.184313725,169.72
459,996.309803922,170.61
460,975.556862745,171.49
461,1008.81176471,172.40
462,975.22745098,173.28
463,990.156862745,174.17
464,1020.64313725,175.09
465,957.921568627,175.95
466,1012.0745098,176.86
467,1000.21176471,177.76
468,1016.49411765,178.67
469,1011.6,179.58
470,1007.29411765,180.49
471,964.074509804,181.36
472,941.784313725,182.21
473,979.31372549,183.09
474,1001.77647059,183.99
475,969.164705882,184.86
476,996.996078431,185.76
477,986.478431373,186.65
478,968.647058824,187.52
479,980.588235294,188.40
480,997.22745098,189.30
481,949.278431373,190.15
482,986.576470588,191.04
483,982.619607843,191.92
484,911.901960784,192.74
485,984.341176471,193.63
486,933.82745098,194.47
487,1015.08627451,195.38
488,1011.41960784,196.30
489,1019.25882353,197.21
490,913.078431373,198.03
491,947.874509804,198.89
492,956.184313725,199.75
493,968.215686275,200.62
494,981.22745098,201.50
495,969.666666667,202.38
496,989.792156863,203.27
497,1006.36862745,204.17
498,946.756862745,205.02
499,922.098039216,205.85
500,990.674509804,206.75
501,971.435294118,207.62
502,913.733333333,208.44
503,946.2,209.29
504,981.615686275,210.18
505,988.235294118,211.07
506,976.349019608,211.95
507,970.992156863,212.82
508,992.796078431,213.71
509,962.941176471,214.58
510,999.470588235,215.48
511,971.819607843,216.35
512,928.247058824,217.19
513,974.247058824,218.07
514,1010.99607843,218.98
515,959.933333333,219.84
516,1016.4627451,220.75
517,932.02745098,221.59
518,933.560784314,222.43
519,951.980392157,223.29
520,1038.72941176,224.22
521,974.403921569,225.10
522,1008.32156863,226.01
523,1014.78823529,226.92
524,973.952941176,227.80
525,1013.52941176,228.71
526,960.360784314,229.58
527,953.584313725,230.43
528,931.305882353,231.27
529,909.074509804,232.09
530,957.71372549,232.95
531,953.454901961,233.81
532,951.811764706,234.67
533,927.615686275,235.50
534,928.062745098,236.34
535,920.858823529,237.17
536,955.556862745,238.03
537,924.121568627,238.86
538,939.741176471,239.70
539,946.301960784,240.55
540,988.725490196,241.44
541,942.854901961,242.29
542,919.22745098,243.12
543,946.666666667,243.97
544,932.6,244.81
545,931.247058824,245.65
546,910.282352941,246.47
547,939.847058824,247.32
548,953.0,248.17
549,890.48627451,248.97
550,911.176470588,249.79
551,940.231372549,250.64
552,890.203921569,251.44
553,938.168627451,252.29
554,844.815686275,253.05
555,995.882352941,253.94
556,873.090196078,254.73
557,902.356862745,255.54
558,953.156862745,256.40
559,942.968627451,257.25
560,938.498039216,258.09
561,882.650980392,258.89
562,916.678431373,259.71
563,862.450980392,260.49
564,959.549019608,261.35
565,880.356862745,262.14
566,903.11372549,262.96
567,962.321568627,263.82
568,919.305882353,264.65
569,863.666666667,265.43
570,918.411764706,266.25
571,885.698039216,267.05
572,810.745098039,267.78
573,904.050980392,268.59
574,890.003921569,269.39
575,916.698039216,270.22
576,902.101960784,271.03
577,920.180392157,271.86
578,874.709803922,272.65
579,840.023529412,273.40
580,887.815686275,274.20
581,831.02745098,274.95
582,942.643137255,275.80
583,835.592156863,276.55
584,849.819607843,277.32
585,891.105882353,278.12
586,886.57254902,278.92
587,857.964705882,279.69
588,865.184313725,280.47
589,777.160784314,281.17
590,890.325490196,281.97
591,850.160784314,282.73
592,869.964705882,283.52
593,815.384313725,284.25
594,817.647058824,284.98
595,838.168627451,285.74
596,802.850980392,286.46
597,824.819607843,287.20
598,879.003921569,288.00
599,817.992156863,288.73
600,835.505882353,289.48
601,818.2,290.22
602,829.290196078,290.97
603,801.592156863,291.69
604,789.133333333,292.40
605,812.949019608,293.13
606,799.278431373,293.85
607,855.784313725,294.62
608,801.22745098,295.34
609,828.88627451,296.09
610,878.654901961,296.88
611,815.976470588,297.61
612,797.51372549,298.33
613,794.956862745,299.04
614,824.603921569,299.79
615,838.192156863,300.54
616,792.854901961,301.25
617,767.356862745,301.95
618,819.494117647,302.68
619,765.447058824,303.37
620,839.505882353,304.13
621,828.635294118,304.87
622,825.023529412,305.62
623,801.117647059,306.34
624,759.058823529,307.02
625,805.549019608,307.74
626,823.603921569,308.49
627,758.894117647,309.17
628,796.509803922,309.89
629,788.898039216,310.60
630,800.968627451,311.32
631,813.509803922,312.05
632,811.152941176,312.78
633,828.874509804,313.52
634,750.509803922,314.20
635,771.066666667,314.89
636,807.839215686,315.62
637,721.22745098,316.27
638,729.71372549,316.93
639,790.337254902,317.64
640,725.215686275,318.29
641,781.823529412,318.99
642,751.992156863,319.67
643,752.380392157,320.35
644,791.101960784,321.06
645,786.058823529,321.77
646,739.117647059,322.43
647,777.11372549,323.13
648,791.537254902,323.85
649,757.321568627,324.53
650,692.666666667,325.15
651,684.803921569,325.77
652,778.258823529,326.47
653,760.843137255,327.15
654,743.850980392,327.82
655,767.058823529,328.51
656,769.949019608,329.20
657,674.815686275,329.81
658,713.243137255,330.45
659,729.368627451,331.11
660,704.180392157,331.74
661,665.62745098,332.34
662,730.494117647,333.00
663,766.682352941,333.69
664,762.682352941,334.38
665,676.066666667,334.99
666,700.262745098,335.62
667,733.345098039,336.28
668,716.164705882,336.92
669,708.505882353,337.56
670,719.364705882,338.21
671,648.388235294,338.79
672,684.996078431,339.41
673,648.098039216,339.99
674,686.101960784,340.61
675,641.258823529,341.18
676,665.996078431,341.78
677,671.258823529,342.39
678,671.321568627,342.99
679,695.411764706,343.62
680,664.203921569,344.21
681,635.529411765,344.79
682,709.305882353,345.42
683,667.996078431,346.03
684,665.717647059,346.63
685,624.811764706,347.19
686,634.152941176,347.76
687,649.850980392,348.34
688,663.854901961,348.94
689,612.4,349.49
690,681.584313725,350.11
691,678.164705882,350.72
692,605.964705882,351.26
693,637.054901961,351.83
694,623.564705882,352.40
695,633.807843137,352.97
696,682.368627451,353.58
697,618.192156863,354.14
698,615.494117647,354.69
699,625.862745098,355.25
700,608.039215686,355.80
701,638.180392157,356.38
702,575.294117647,356.89
703,631.525490196,357.46
704,621.725490196,358.02
705,642.262745098,358.60
706,571.247058824,359.11
707,647.776470588,359.70
708,594.729411765,360.23
709,598.070588235,360.77
710,614.741176471,361.32
711,607.42745098,361.87
712,633.42745098,362.44
713,614.164705882,362.99
714,568.71372549,363.50
715,602.101960784,364.05
716,576.450980392,364.56
717,569.701960784,365.08
718,544.384313725,365.57
719,569.764705882,366.08
720,581.525490196,366.60
721,607.262745098,367.15
722,562.741176471,367.66
723,581.278431373,368.18
724,591.011764706,368.71
725,561.792156863,369.22
726,559.88627451,369.72
727,569.105882353,370.23
728,559.152941176,370.74
729,586.043137255,371.26
730,525.854901961,371.74
731,551.02745098,372.23
732,596.878431373,372.77
733,627.254901961,373.34
734,559.462745098,373.84
735,549.650980392,374.33
736,520.603921569,374.80
737,574.905882353,375.32
738,548.709803922,375.81
739,559.309803922,376.32
740,545.082352941,376.81
741,537.980392157,377.29
742,497.890196078,377.74
743,531.643137255,378.22
744,570.419607843,378.73
745,531.635294118,379.21
746,545.062745098,379.70
747,519.105882353,380.17
748,523.709803922,380.64
749,510.807843137,381.10
750,572.133333333,381.61
751,508.368627451,382.07
752,467.270588235,382.49
753,530.258823529,382.97
754,546.776470588,383.46
755,506.133333333,383.92
756,544.631372549,384.41
757,504.023529412,384.86
758,541.368627451,385.35
759,547.105882353,385.84
760,509.784313725,386.30
761,515.074509804,386.76
762,497.701960784,387.21
763,455.729411765,387.62
764,480.023529412,388.05
765,482.074509804,388.49
766,486.984313725,388.92
767,510.458823529,389.38
768,514.760784314,389.85
769,503.007843137,390.30
770,536.411764706,390.78
771,498.725490196,391.23
772,501.807843137,391.68
773,465.698039216,392.10
774,462.231372549,392.52
775,476.858823529,392.95
776,440.478431373,393.34
777,496.380392157,393.79
778,501.211764706,394.24
779,538.870588235,394.73
780,482.149019608,395.16
781,476.152941176,395.59
782,514.650980392,396.05
783,469.866666667,396.48
784,524.992156863,396.95
785,489.403921569,397.39
786,472.77254902,397.81
787,445.498039216,398.21
788,459.090196078,398.63
789,481.250980392,399.06
790,499.498039216,399.51
791,483.933333333,399.95
792,460.380392157,400.36
793,507.37254902,400.82
794,484.729411765,401.25
795,429.639215686,401.64
796,476.098039216,402.07
797,476.611764706,402.50
798,487.02745098,402.94
799,428.058823529,403.32
800,487.02745098,403.76
801,496.62745098,404.21
802,498.243137255,404.65
803,478.725490196,405.09
804,421.352941176,405.46
805,474.450980392,405.89
806,436.682352941,406.28
807,481.105882353,406.72
808,439.274509804,407.11
809,462.905882353,407.53
810,444.450980392,407.93
811,442.074509804,408.33
812,420.325490196,408.71
813,449.309803922,409.11
814,445.850980392,409.51
815,482.411764706,409.95
816,446.192156863,410.35
817,498.462745098,410.80
818,441.658823529,411.19
819,414.37254902,411.57
820,428.788235294,411.95
821,415.639215686,412.33
822,452.796078431,412.73
823,480.588235294,413.17
824,473.007843137,413.59
825,474.478431373,414.02
826,456.976470588,414.43
827,440.133333333,414.83
828,413.509803922,415.20
829,412.745098039,415.57
830,472.384313725,416.00
831,446.278431373,416.40
832,421.521568627,416.78
833,450.607843137,417.18
834,467.141176471,417.60
835,391.184313725,417.95
836,464.823529412,418.37
837,431.647058824,418.76
838,450.011764706,419.17
839,437.08627451,419.56
840,456.462745098,419.97
841,416.435294118,420.34
842,477.623529412,420.77
843,424.525490196,421.16
844,450.066666667,421.56
845,430.933333333,421.95
846,401.529411765,422.31
847,432.188235294,422.70
848,456.933333333,423.11
849,400.662745098,423.47
850,414.007843137,423.84
851,410.796078431,424.21
852,419.854901961,424.59
853,412.478431373,424.96
854,437.996078431,425.36
855,420.68627451,425.74
856,388.607843137,426.09
857,433.71372549,426.48
858,430.905882353,426.86
859,425.91372549,427.25
860,433.270588235,427.64
861,418.356862745,428.01
862,434.603921569,428.41
863,424.682352941,428.79
864,391.180392157,429.14
865,409.749019608,429.51
866,443.070588235,429.91
867,416.525490196,430.28
868,407.870588235,430.65
869,394.109803922,431.00
870,422.431372549,431.38
871,427.88627451,431.77
872,427.341176471,432.15
873,398.2,432.51
874,409.854901961,432.88
875,438.043137255,433.27
876,385.121568627,433.62
877,383.352941176,433.97
878,381.556862745,434.31
879,408.176470588,434.68
880,396.305882353,435.03
881,393.247058824,435.39
882,409.22745098,435.76
883,368.078431373,436.09
884,388.91372549,436.44
885,398.682352941,436.80
886,435.588235294,437.19
887,370.603921569,437.52
888,411.984313725,437.89
889,380.305882353,438.23
890,403.384313725,438.60
891,387.82745098,438.95
892,436.090196078,439.34
893,384.078431373,439.69
894,391.011764706,440.04
895,370.156862745,440.37
896,416.898039216,440.75
897,403.282352941,441.11
898,388.698039216,441.46
899,385.776470588,441.81
900,384.231372549,442.15
901,349.243137255,442.47
902,371.698039216,442.80
903,377.866666667,443.14
904,393.278431373,443.49
905,377.68627451,443.83
906,370.839215686,444.17
907,365.592156863,444.50
908,371.278431373,444.83
909,377.482352941,445.17
910,407.070588235,445.54
911,398.325490196,445.90
912,395.968627451,446.25
913,333.8,446.55
914,376.729411765,446.89
915,349.356862745,447.21
916,375.88627451,447.54
917,361.203921569,447.87
918,398.670588235,448.23
919,330.541176471,448.53
920,364.850980392,448.85
921,380.88627451,449.20
922,363.105882353,449.52
923,335.364705882,449.83
924,318.419607843,450.11
925,369.701960784,450.44
926,387.760784314,450.79
927,399.949019608,451.15
928,347.309803922,451.47
929,362.22745098,451.79
930,354.521568627,452.11
931,347.039215686,452.42
932,358.203921569,452.75
933,353.82745098,453.06
934,372.164705882,453.40
935,325.964705882,453.69
936,320.231372549,453.98
937,341.843137255,454.29
938,359.588235294,454.61
939,351.050980392,454.93
940,356.505882353,455.25
941,342.623529412,455.56
942,340.854901961,455.86
943,356.509803922,456.18
944,318.51372549,456.47
945,356.850980392,456.79
946,344.996078431,457.10
947,326.666666667,457.40
948,326.670588235,457.69
949,320.058823529,457.98
950,342.047058824,458.29
951,336.356862745,458.59
952,338.329411765,458.89
953,342.666666667,459.20
954,305.980392157,459.48
955,354.77254902,459.80
956,332.57254902,460.10
957,328.984313725,460.39
958,334.792156863,460.69
959,278.294117647,460.94
960,296.560784314,461.21
961,302.4,461.48
962,335.117647059,461.79
963,335.015686275,462.09
964,273.694117647,462.33
965,298.764705882,462.60
966,312.431372549,462.88
967,340.952941176,463.19
968,277.203921569,463.44
969,280.105882353,463.69
970,325.921568627,463.98
971,295.545098039,464.25
972,315.188235294,464.53
973,277.325490196,464.78
974,326.82745098,465.08
975,281.0,465.33
976,318.384313725,465.62
977,282.341176471,465.87
978,259.541176471,466.11
979,268.91372549,466.35
980,308.278431373,466.62
981,291.039215686,466.89
982,297.760784314,467.15
983,278.525490196,467.41
984,287.709803922,467.66
985,258.811764706,467.90
986,282.870588235,468.15
987,281.823529412,468.41
988,261.168627451,468.64
989,265.870588235,468.88
990,263.792156863,469.12
991,282.71372549,469.37
992,271.262745098,469.62
993,258.498039216,469.85
994,265.949019608,470.09
995,266.796078431,470.33
996,236.623529412,470.54
997,287.556862745,470.80
998,275.419607843,471.05
999,246.6,471.27
1000,267.592156863,471.51
1001,282.345098039,471.76
1002,267.152941176,472.01
1003,247.156862745,472.23
1004,237.588235294,472.44
1005,235.760784314,472.65
1006,236.807843137,472.87
1007,251.262745098,473.09
1008,286.749019608,473.35
1009,241.949019608,473.57
1010,227.149019608,473.77
1011,223.870588235,473.97
1012,213.482352941,474.17
1013,221.074509804,474.37
1014,233.850980392,474.58
1015,236.466666667,474.79
1016,206.819607843,474.98
1017,211.294117647,475.17
1018,239.278431373,475.38
1019,225.388235294,475.58
1020,226.839215686,475.79
1021,226.588235294,475.99
1022,236.023529412,476.20
1023,229.211764706,476.41
1024,220.91372549,476.61
1025,216.02745098,476.80
1026,232.419607843,477.01
1027,236.541176471,477.23
1028,228.341176471,477.43
1029,214.4,477.62
1030,210.733333333,477.81
1031,220.952941176,478.01
1032,221.011764706,478.21
1033,184.247058824,478.38
1034,207.243137255,478.56
1035,208.431372549,478.75
1036,203.588235294,478.93
1037,244.08627451,479.15
1038,199.388235294,479.33
1039,219.262745098,479.53
1040,243.870588235,479.75
1041,216.403921569,479.95
1042,198.717647059,480.12
1043,195.278431373,480.30
1044,205.666666667,480.49
1045,216.764705882,480.68
1046,202.698039216,480.86
1047,214.560784314,481.06
1048,219.431372549,481.25
1049,190.074509804,481.42
1050,173.309803922,481.58
1051,210.4,481.77
1052,215.023529412,481.96
1053,189.745098039,482.13
1054,211.078431373,482.32
1055,207.51372549,482.51
1056,211.619607843,482.70
1057,191.494117647,482.87
1058,219.121568627,483.07
1059,160.717647059,483.22
1060,190.02745098,483.39
1061,199.733333333,483.57
1062,180.937254902,483.73
1063,171.854901961,483.88
1064,199.874509804,484.06
1065,178.08627451,484.22
1066,184.109803922,484.39
1067,193.011764706,484.56
1068,201.745098039,484.74
1069,194.0,484.92
1070,170.890196078,485.07
1071,195.776470588,485.25
1072,165.811764706,485.40
1073,171.529411765,485.55
1074,183.043137255,485.72
1075,166.356862745,485.87
1076,168.247058824,486.02
1077,169.576470588,486.17
1078,188.121568627,486.34
1079,154.811764706,486.48
1080,154.541176471,486.62
1081,168.619607843,486.77
1082,163.717647059,486.92
1083,163.17254902,487.07
1084,141.745098039,487.19
1085,156.811764706,487.33
1086,176.933333333,487.49
1087,150.074509804,487.63
1088,139.121568627,487.75
1089,148.811764706,487.89
1090,140.164705882,488.01
1091,145.905882353,488.14
1092,121.250980392,488.25
1093,144.388235294,488.38
1094,150.447058824,488.52
1095,159.576470588,488.66
1096,135.403921569,488.78
1097,142.188235294,488.91
1098,133.933333333,489.03
1099,151.466666667,489.17
1100,132.258823529,489.29
1101,140.211764706,489.41
1102,129.921568627,489.53
1103,145.717647059,489.66
1104,152.090196078,489.80
1105,122.498039216,489.91
1106,123.937254902,490.02
1107,99.1254901961,490.11
1108,126.247058824,490.22
1109,133.309803922,490.34
1110,121.031372549,490.45
1111,116.0,490.56
1112,111.890196078,490.66
1113,117.576470588,490.76
1114,133.760784314,490.88
1115,118.0,490.99
1116,117.729411765,491.10
1117,137.388235294,491.22
1118,121.623529412,491.33
1119,112.125490196,491.43
1120,120.921568627,491.54
1121,122.545098039,491.65
1122,118.188235294,491.76
1123,121.701960784,491.87
1124,136.011764706,491.99
1125,110.498039216,492.09
1126,116.968627451,492.19
1127,110.184313725,492.29
1128,109.811764706,492.39
1129,112.325490196,492.49
1130,127.733333333,492.61
1131,104.325490196,492.70
1132,121.203921569,492.81
1133,115.388235294,492.91
1134,117.733333333,493.02
1135,116.68627451,493.12
1136,116.231372549,493.23
1137,117.760784314,493.34
1138,105.678431373,493.43
1139,119.058823529,493.54
1140,113.949019608,493.64
1141,120.796078431,493.75
1142,112.074509804,493.85
1143,105.109803922,493.94
1144,99.1843137255,494.03
1145,95.8745098039,494.12
1146,107.078431373,494.22
1147,118.764705882,494.32
1148,104.701960784,494.42
1149,112.607843137,494.52
1150,112.949019608,494.62
1151,114.949019608,494.72
1152,87.9176470588,494.80
1153,109.250980392,494.90
1154,83.6705882353,494.98
1155,102.745098039,495.07
1156,96.3568627451,495.16
1157,113.188235294,495.26
1158,108.57254902,495.36
1159,124.0,495.47
1160,83.4196078431,495.54
1161,106.952941176,495.64
1162,99.9803921569,495.73
1163,88.0588235294,495.81
1164,93.2196078431,495.89
1165,93.168627451,495.98
1166,99.4666666667,496.06
1167,89.5607843137,496.15
1168,77.262745098,496.21
1169,83.2823529412,496.29
1170,83.4901960784,496.36
1171,114.164705882,496.47
1172,107.031372549,496.56
1173,95.1098039216,496.65
1174,111.388235294,496.75
1175,104.654901961,496.84
1176,87.0470588235,496.92
1177,93.9058823529,497.01
1178,93.9529411765,497.09
1179,84.0,497.17
1180,86.968627451,497.25
1181,87.8588235294,497.32
1182,100.701960784,497.42
1183,98.9843137255,497.50
1184,100.0,497.59
1185,101.905882353,497.69
1186,77.0,497.76
1187,84.1254901961,497.83
1188,83.3568627451,497.91
1189,95.4039215686,497.99
1190,84.6549019608,498.07
1191,86.0,498.15
1192,77.6705882353,498.22
1193,83.6705882353,498.29
1194,86.0156862745,498.37
1195,88.4196078431,498.45
1196,91.0,498.53
1197,85.7294117647,498.61
1198,87.7019607843,498.69
1199,92.631372549,498.77
1200,86.4196078431,498.85
1201,79.0,498.92
1202,81.1098039216,498.99
1203,82.0,499.06
1204,78.6509803922,499.14
1205,84.0,499.21
1206,69.8588235294,499.27
1207,81.8862745098,499.35
1208,60.3411764706,499.40
1209,65.9215686275,499.46
1210,74.0,499.53
1211,58.0156862745,499.58
1212,69.6666666667,499.64
1213,62.7294117647,499.70
1214,73.0588235294,499.76
1215,87.7294117647,499.84
1216,58.2509803922,499.90
1217,69.7176470588,499.96
1218,69.8117647059,500.02
1219,58.1725490196,500.07
1220,67.1725490196,500.13
1221,55.2196078431,500.18
1222,61.9058823529,500.24
1223,88.968627451,500.32
1224,83.8392156863,500.40
1225,63.2,500.45
1226,80.0,500.52
1227,43.1843137255,500.56
1228,69.2039215686,500.63
1229,64.3411764706,500.68
1230,75.0,500.75
1231,66.9843137255,500.81
1232,60.5568627451,500.87
1233,69.9921568627,500.93
1234,67.0,500.99
1235,68.9490196078,501.05
1236,50.5607843137,501.10
1237,53.6705882353,501.14
1238,58.1529411765,501.20
1239,42.0,501.24
1240,60.6666666667,501.29
1241,48.0,501.33
1242,39.7019607843,501.37
1243,56.9058823529,501.42
1244,49.7803921569,501.46
1245,55.0,501.51
1246,62.0470588235,501.57
1247,47.937254902,501.61
1248,55.0,501.66
1249,60.7803921569,501.72
1250,57.2941176471,501.77
1251,54.0,501.82
1252,42.9333333333,501.86
1253,60.0,501.91
1254,55.031372549,501.96
1255,49.5137254902,502.00
1256,48.9058823529,502.05
1257,48.7803921569,502.09
1258,52.4509803922,502.14
1259,59.5450980392,502.19
1260,46.7960784314,502.24
1261,43.0,502.27
1262,56.3098039216,502.32
1263,38.0,502.36
1264,49.0784313725,502.40
1265,46.937254902,502.45
1266,47.5607843137,502.49
1267,41.0,502.52
1268,40.3568627451,502.56
1269,52.7960784314,502.61
1270,53.0,502.66
1271,64.6078431373,502.71
1272,40.0,502.75
1273,52.0,502.80
1274,38.3098039216,502.83
1275,55.9843137255,502.88
1276,39.0,502.92
1277,43.0,502.96
1278,37.1098039216,502.99
1279,40.4039215686,503.03
1280,49.1411764706,503.07
1281,43.0,503.11
1282,46.0,503.15
1283,44.0,503.19
1284,47.0,503.23
1285,44.7333333333,503.27
1286,39.0,503.31
1287,54.168627451,503.36
1288,36.8588235294,503.39
1289,55.6078431373,503.44
1290,47.0,503.48
1291,40.9843137255,503.52
1292,37.2509803922,503.55
1293,37.9058823529,503.59
1294,39.5921568627,503.62
1295,47.0,503.66
1296,42.1843137255,503.70
1297,32.0,503.73
1298,37.0,503.76
1299,45.0,503.80
1300,40.137254902,503.84
1301,39.6705882353,503.88
1302,39.3725490196,503.91
1303,48.8549019608,503.96
1304,35.0,503.99
1305,34.2470588235,504.02
1306,36.1882352941,504.05
1307,29.2901960784,504.08
1308,32.4823529412,504.11
1309,48.4705882353,504.15
1310,34.0,504.18
1311,43.0470588235,504.22
1312,35.6549019608,504.25
1313,28.0,504.28
1314,33.6549019608,504.31
1315,43.3137254902,504.35
1316,42.0,504.38
1317,45.2509803922,504.42
1318,40.7490196078,504.46
1319,30.0,504.49
1320,49.8588235294,504.53
1321,31.5921568627,504.56
1322,37.0,504.59
1323,28.937254902,504.62
1324,30.0274509804,504.65
1325,29.9215686275,504.67
1326,35.5607843137,504.71
1327,40.0,504.74
1328,39.9843137255,504.78
1329,33.6235294118,504.81
1330,31.0,504.84
1331,27.2509803922,504.86
1332,45.1529411765,504.90
1333,37.3098039216,504.94
1334,42.0,504.97
1335,25.0,505.00
1336,45.0,505.04
1337,36.7490196078,505.07
1338,32.0,505.10
1339,37.0941176471,505.13
1340,29.6862745098,505.16
1341,27.0941176471,505.18
1342,31.1254901961,505.21
1343,36.0,505.24
1344,36.0117647059,505.28
1345,32.0,505.30
1346,29.0,505.33
1347,27.8078431373,505.36
1348,31.6392156863,505.38
1349,37.2784313725,505.42
1350,31.0,505.45
1351,43.0,505.48
1352,35.0,505.52
1353,14.0,505.53
1354,30.0,505.56
1355,26.937254902,505.58
1356,25.5921568627,505.60
1357,32.0,505.63
1358,25.4666666667,505.65
1359,32.5450980392,505.68
1360,38.2509803922,505.72
1361,35.937254902,505.75
1362,29.0,505.78
1363,43.5450980392,505.82
1364,27.0,505.84
1365,36.0,505.87
1366,46.8274509804,505.91
1367,43.937254902,505.95
1368,29.7647058824,505.98
1369,40.0274509804,506.02
1370,23.0,506.04
1371,34.0,506.07
1372,26.6392156863,506.09
1373,27.0,506.12
1374,38.937254902,506.15
1375,34.0470588235,506.18
1376,41.0274509804,506.22
1377,42.3568627451,506.26
1378,26.0470588235,506.28
1379,35.9647058824,506.31
1380,41.0,506.35
1381,33.7647058824,506.38
1382,25.1568627451,506.40
1383,34.7803921569,506.43
1384,30.2509803922,506.46
1385,20.6549019608,506.48
1386,26.4509803922,506.50
1387,26.9529411765,506.53
1388,34.8588235294,506.56
1389,42.0901960784,506.60
1390,34.0156862745,506.63
1391,25.8745098039,506.65
1392,28.0,506.68
1393,28.0,506.70
1394,29.2156862745,506.73
1395,26.0941176471,506.75
1396,28.3411764706,506.78
1397,25.5921568627,506.80
1398,30.8117647059,506.83
1399,32.0156862745,506.86
1400,33.0,506.89
1401,42.3254901961,506.92
1402,24.968627451,506.95
1403,23.0,506.97
1404,23.7490196078,506.99
1405,22.8274509804,507.01
1406,18.3882352941,507.03
1407,33.0156862745,507.06
1408,21.4352941176,507.07
1409,25.5294117647,507.10
1410,26.0,507.12
1411,21.0,507.14
1412,24.137254902,507.16
1413,30.4666666667,507.19
1414,32.968627451,507.22
1415,32.0,507.25
1416,19.8274509804,507.27
1417,29.2,507.29
1418,27.0,507.32
1419,14.0,507.33
1420,21.0,507.35
1421,37.7960784314,507.38
1422,20.031372549,507.40
1423,32.9019607843,507.43
1424,26.4352941176,507.45
1425,27.3882352941,507.48
1426,27.8117647059,507.50
1427,34.2352941176,507.53
1428,27.6549019608,507.56
1429,25.0784313725,507.58
1430,21.4823529412,507.60
1431,35.0,507.63
1432,26.5921568627,507.66
1433,29.1882352941,507.68
1434,28.5450980392,507.71
1435,23.0,507.73
1436,33.0941176471,507.76
1437,29.168627451,507.78
1438,17.2352941176,507.80
1439,30.1568627451,507.83
1440,23.0,507.85
1441,25.8901960784,507.87
1442,26.0,507.89
1443,23.6705882353,507.92
1444,24.0941176471,507.94
1445,20.1568627451,507.96
1446,32.0,507.98
1447,25.0,508.01
1448,31.1058823529,508.03
1449,15.8431372549,508.05
1450,20.0,508.07
1451,21.8901960784,508.09
1452,25.8274509804,508.11
1453,24.4196078431,508.13
1454,24.9058823529,508.15
1455,27.2196078431,508.18
1456,20.1411764706,508.20
1457,16.7333333333,508.21
1458,27.0,508.24
1459,18.5294117647,508.25
1460,16.4666666667,508.27
1461,21.4196078431,508.29
1462,27.0470588235,508.31
1463,30.2784313725,508.34
1464,24.031372549,508.36
1465,26.0,508.38
1466,21.7960784314,508.40
1467,24.7019607843,508.43
1468,29.0,508.45
1469,30.7921568627,508.48
1470,27.4980392157,508.50
1471,17.2823529412,508.52
1472,24.0745098039,508.54
1473,20.0,508.56
1474,26.0,508.58
1475,19.0,508.60
1476,30.0,508.63
1477,19.1098039216,508.64
1478,16.7333333333,508.66
1479,20.262745098,508.68
1480,31.5568627451,508.71
1481,13.0,508.72
1482,32.0470588235,508.75
1483,16.0,508.76
1484,21.0156862745,508.78
1485,18.5294117647,508.80
1486,22.5607843137,508.82
1487,17.4980392157,508.83
1488,16.3725490196,508.85
1489,16.0,508.86
1490,18.0,508.88
1491,15.4039215686,508.89
1492,13.0,508.90
1493,19.0,508.92
1494,14.6666666667,508.93
1495,17.0941176471,508.95
1496,34.2784313725,508.98
1497,17.0,509.00
1498,18.0,509.01
1499,13.0,509.02
1500,13.9843137255,509.04
1501,8.32549019608,509.04
1502,10.0,509.05
1503,13.0,509.06
1504,12.9843137255,509.08
1505,12.0,509.09
1506,9.0,509.09
1507,17.9843137255,509.11
1508,17.0,509.13
1509,13.0,509.14
1510,18.0,509.15
1511,16.0,509.17
1512,19.1529411765,509.19
1513,16.2784313725,509.20
1514,19.0,509.22
1515,7.17254901961,509.22
1516,9.37254901961,509.23
1517,6.0,509.24
1518,12.0,509.25
1519,6.49803921569,509.25
1520,4.04705882353,509.26
1521,8.0,509.27
1522,11.2352941176,509.28
1523,10.9529411765,509.29
1524,12.0,509.30
1525,7.0,509.30
1526,10.2196078431,509.31
1527,9.0,509.32
1528,9.15294117647,509.33
1529,9.0,509.34
1530,4.0,509.34
1531,6.0,509.34
1532,10.0156862745,509.35
1533,9.0,509.36
1534,7.21960784314,509.37
1535,8.10980392157,509.38
1536,7.0,509.38
1537,4.0,509.39
1538,12.0470588235,509.40
1539,7.90588235294,509.40
1540,8.23529411765,509.41
1541,0.796078431373,509.41
1542,3.0,509.41
1543,6.0,509.42
1544,7.0,509.43
1545,6.59215686275,509.43
1546,7.81176470588,509.44
1547,7.0,509.45
1548,7.0,509.45
1549,3.0,509.45
1550,4.0,509.46
1551,8.0,509.47
1552,3.0,509.47
1553,8.0,509.48
1554,4.0,509.48
1555,4.0,509.48
1556,6.0,509.49
1557,3.38823529412,509.49
1558,6.0,509.50
1559,2.0,509.50
1560,2.0,509.50
1561,6.63921568627,509.51
1562,6.0,509.51
1563,5.0,509.52
1564,3.0,509.52
1565,4.0,509.52
1566,3.0,509.52
1567,6.0,509.53
1568,1.0,509.53
1569,8.98431372549,509.54
1570,6.0,509.54
1571,4.0,509.55
1572,6.0,509.55
1573,4.0,509.56
1574,3.0,509.56
1575,2.0,509.56
1576,4.0,509.57
1577,3.12549019608,509.57
1578,6.0,509.57
1579,3.0,509.58
1580,3.18823529412,509.58
1581,2.0,509.58
1582,6.0,509.59
1583,2.0,509.59
1584,6.0,509.59
1585,6.0,509.60
1586,1.0,509.60
1587,3.0,509.60
1588,5.0,509.61
1589,1.0,509.61
1590,6.0,509.61
1591,5.03137254902,509.62
1592,4.0,509.62
1593,2.26274509804,509.62
1594,5.0,509.63
1595,3.0,509.63
1596,6.0,509.64
1597,3.0,509.64
1598,3.0,509.64
1599,2.0,509.64
1600,0.0156862745098,509.64
1601,3.0,509.65
1602,5.0,509.65
1603,5.1568627451,509.65
1604,3.0,509.66
1605,2.0,509.66
1606,3.0,509.66
1607,5.0,509.67
1608,4.0,509.67
1609,5.0,509.67
1610,2.21960784314,509.68
1611,2.0,509.68
1612,4.0,509.68
1613,1.0,509.68
1614,1.0,509.68
1615,5.3568627451,509.69
1616,1.0,509.69
1617,2.0,509.69
1618,1.0,509.69
1619,1.0,509.69
1620,2.0,509.69
1622,2.68235294118,509.70
1623,2.76470588235,509.70
1624,2.0,509.70
1625,4.0,509.71
1626,5.0,509.71
1628,2.0,509.71
1629,4.0,509.72
1630,2.0,509.72
1631,2.0,509.72
1632,1.0,509.72
1633,2.0,509.72
1634,1.0,509.72
1635,1.59215686275,509.72
1636,1.0,509.72
1638,3.0,509.73
1639,1.0,509.73
1640,2.37254901961,509.73
1642,2.0,509.73
1643,2.0,509.73
1645,2.0,509.74
1646,1.49803921569,509.74
1647,2.0,509.74
1648,1.0,509.74
1649,1.0,509.74
1652,1.0,509.74
1654,1.0,509.74
1655,2.0,509.74
1658,1.0,509.75
1662,1.0,509.75