Elevation,Area,CumArea
107,2.0,0.00
108,4.0,0.01
109,7.0,0.01
110,10.0,0.02
111,15.0,0.03
112,28.1254901961,0.06
113,40.0941176471,0.10
114,51.8431372549,0.14
115,82.8901960784,0.22
116,121.501960784,0.33
117,172.952941176,0.48
118,187.431372549,0.65
119,234.984313725,0.86
120,252.341176471,1.09
121,268.88627451,1.33
122,289.717647059,1.59
123,327.88627451,1.89
124,338.623529412,2.19
125,350.874509804,2.51
126,329.039215686,2.80
127,353.964705882,3.12
128,333.152941176,3.42
129,360.137254902,3.75
130,366.917647059,4.08
131,339.08627451,4.38
132,375.57254902,4.72
133,365.22745098,5.05
134,402.996078431,5.41
135,452.666666667,5.82
136,409.698039216,6.19
137,431.552941176,6.58
138,405.435294118,6.94
139,466.4,7.36
140,440.023529412,7.76
141,460.592156863,8.17
142,440.470588235,8.57
143,429.196078431,8.95
144,416.552941176,9.33
145,412.976470588,9.70
146,427.090196078,10.08
147,420.262745098,10.46
148,425.635294118,10.85
149,423.058823529,11.23
150,463.294117647,11.64
151,450.960784314,12.05
152,514.68627451,12.51
153,451.733333333,12.92
154,495.588235294,13.37
155,477.419607843,13.79
156,490.698039216,14.24
157,509.054901961,14.69
158,412.28627451,15.07
159,435.37254902,15.46
160,490.694117647,15.90
161,467.623529412,16.32
162,461.964705882,16.74
163,497.71372549,17.18
164,468.615686275,17.61
165,468.882352941,18.03
166,517.819607843,18.49
167,530.290196078,18.97
168,561.533333333,19.48
169,575.450980392,19.99
170,620.415686275,20.55
171,717.37254902,21.20
172,743.352941176,21.87
173,805.015686275,22.59
174,789.160784314,23.30
175,796.411764706,24.02
176,790.121568627,24.73
177,764.333333333,25.42
178,838.164705882,26.17
179,808.647058824,26.90
180,942.007843137,27.75
181,921.792156863,28.58
182,973.035294118,29.45
183,977.752941176,30.33
184,983.129411765,31.22
185,1057.45490196,32.17
186,1186.06666667,33.24
187,1089.48235294,34.22
188,1230.16862745,35.32
189,1303.0,36.50
190,1299.14901961,37.67
191,1380.4745098,38.91
192,1443.25490196,40.21
193,1448.99607843,41.51
194,1490.52156863,42.85
195,1526.41176471,44.23
196,1507.59607843,45.58
197,1591.46666667,47.02
198,1573.02352941,48.43
199,1760.17647059,50.02
200,1813.50980392,51.65
201,1984.43529412,53.43
202,1926.45882353,55.17
203,2109.81960784,57.07
204,2017.09411765,58.88
205,2064.39607843,60.74
206,2140.4,62.67
207,2310.89803922,64.75
208,2555.44705882,67.05
209,3167.24313725,69.90
210,5220.44705882,74.60
211,6630.18039216,80.56
212,3712.03921569,83.90
213,3004.36078431,86.61
214,3044.66666667,89.35
215,3096.57254902,92.13
216,107255.2,188.66
217,6968.43137255,194.94
218,5689.49803922,200.06
219,6739.06666667,206.12
220,7738.79215686,213.09
221,8910.54117647,221.11
222,9238.98823529,229.42
223,9517.65882353,237.99
224,9549.05490196,246.58
225,9942.44313725,255.53
226,9525.33333333,264.10
227,9672.1254902,272.81
228,9486.95294118,281.34
229,9277.72941176,289.69
230,9077.16078431,297.86
231,9162.32941176,306.11
232,9123.55294118,314.32
233,9288.37254902,322.68
234,9056.9372549,330.83
235,8850.61960784,338.80
236,8737.62352941,346.66
237,8908.36862745,354.68
238,8860.89803922,362.65
239,8899.67058824,370.66
240,8717.0745098,378.51
241,8752.67843137,386.39
242,8963.54117647,394.45
243,8610.89019608,402.20
244,8453.1254902,409.81
245,8529.6627451,417.49
246,8367.93333333,425.02
247,8335.88235294,432.52
248,8488.14117647,440.16
249,8522.21568627,447.83
250,8440.10196078,455.43
251,8663.85098039,463.22
252,8572.90588235,470.94
253,8357.45098039,478.46
254,8538.19607843,486.15
255,8404.24705882,493.71
256,8449.00784314,501.31
257,8229.81960784,508.72
258,7883.56470588,515.82
259,7852.37647059,522.88
260,7882.30980392,529.98
261,7715.45098039,536.92
262,7548.21960784,543.71
263,7378.90196078,550.36
264,7304.71372549,556.93
265,6997.35686275,563.23
266,6881.32941176,569.42
267,6712.54901961,575.46
268,6549.83529412,581.36
269,6357.55686275,587.08
270,6147.30980392,592.61
271,6041.27058824,598.05
272,5948.21568627,603.40
273,5823.96862745,608.64
274,5816.97254902,613.88
275,5667.34509804,618.98
276,5680.01960784,624.09
277,5585.05098039,629.12
278,5473.60392157,634.04
279,5448.17647059,638.95
280,5198.47058824,643.63
281,5219.36470588,648.32
282,5272.50588235,653.07
283,5151.22352941,657.70
284,4882.50196078,662.10
285,4793.43921569,666.41
286,4697.30980392,670.64
287,4639.36078431,674.82
288,4780.95294118,679.12
289,4584.78823529,683.25
290,4655.10588235,687.43
291,4529.39215686,691.51
292,4471.01960784,695.54
293,4350.41960784,699.45
294,4157.4627451,703.19
295,4075.7372549,706.86
296,4010.2,710.47
297,3787.88627451,713.88
298,3727.89411765,717.23
299,3603.08627451,720.48
300,3650.12941176,723.76
301,3496.56862745,726.91
302,3454.95686275,730.02
303,3316.83137255,733.00
304,3230.98431373,735.91
305,3293.65490196,738.88
306,3165.63529412,741.72
307,3155.23529412,744.56
308,3095.10196078,747.35
309,2948.71764706,750.00
310,2935.03529412,752.65
311,2864.58823529,755.22
312,2811.17647059,757.75
313,2756.84705882,760.23
314,2885.21568627,762.83
315,2722.43921569,765.28
316,2507.53333333,767.54
317,2492.67843137,769.78
318,2321.53333333,771.87
319,2346.78431373,773.98
320,2267.45882353,776.02
321,2384.00784314,778.17
322,2160.57254902,780.11
323,2185.03921569,782.08
324,2187.52156863,784.05
325,2133.62745098,785.97
326,2091.4,787.85
327,2094.13333333,789.74
328,2180.29019608,791.70
329,2152.02745098,793.64
330,2094.24313725,795.52
331,2144.65098039,797.45
332,2069.61960784,799.31
333,2145.78431373,801.24
334,2066.9254902,803.10
335,2032.1372549,804.93
336,2044.29019608,806.77
337,2032.16078431,808.60
338,1973.42745098,810.38
339,1862.59607843,812.05
340,1824.27058824,813.70
341,1804.96862745,815.32
342,1761.56078431,816.91
343,1603.56078431,818.35
344,1599.38431373,819.79
345,1575.18823529,821.21
346,1516.58431373,822.57
347,1483.32941176,823.91
348,1439.31372549,825.20
349,1405.7372549,826.47
350,1312.62745098,827.65
351,1289.03529412,828.81
352,1184.63529412,829.88
353,1225.56078431,830.98
354,1058.84705882,831.93
355,1051.72941176,832.88
356,1068.0745098,833.84
357,1028.24705882,834.76
358,909.552941176,835.58
359,937.792156863,836.43
360,887.831372549,837.23
361,812.768627451,837.96
362,790.725490196,838.67
363,758.933333333,839.35
364,705.658823529,839.99
365,684.11372549,840.60
366,633.023529412,841.17
367,584.478431373,841.70
368,612.635294118,842.25
369,535.937254902,842.73
370,548.780392157,843.23
371,475.960784314,843.65
372,511.925490196,844.12
373,445.97254902,844.52
374,387.682352941,844.87
375,360.341176471,845.19
376,331.152941176,845.49
377,331.482352941,845.79
378,296.749019608,846.05
379,236.466666667,846.27
380,242.949019608,846.49
381,254.278431373,846.71
382,248.247058824,846.94
383,227.184313725,847.14
384,211.419607843,847.33
385,199.121568627,847.51
386,196.639215686,847.69
387,204.698039216,847.87
388,169.749019608,848.03
389,142.874509804,848.15
390,129.0,848.27
391,129.545098039,848.39
392,115.17254902,848.49
393,119.294117647,848.60
394,102.729411765,848.69
395,110.0,848.79
396,121.0,848.90
397,94.3568627451,848.98
398,81.0470588235,849.06
399,76.3921568627,849.12
400,78.7607843137,849.20
401,75.0,849.26
402,70.0,849.33
403,74.0,849.39
404,39.8274509804,849.43
405,61.0,849.48
406,38.0,849.52
407,47.2156862745,849.56
408,49.0,849.60
409,39.6078431373,849.64
410,34.3725490196,849.67
411,32.0,849.70
412,25.0,849.72
413,28.0,849.75
414,27.0,849.77
415,29.0,849.80
416,26.0,849.82
417,28.0,849.85
418,21.9843137255,849.87
419,12.0,849.88
420,18.0,849.89
421,14.0,849.91
422,15.0,849.92
423,28.0,849.94
424,16.0,849.96
425,15.0,849.97
426,26.0,850.00
427,21.0,850.01
428,24.0,850.04
429,20.0,850.05
430,28.0,850.08
431,21.0,850.10
432,20.0,850.12
433,15.0,850.13
434,11.0,850.14
435,10.0,850.15
436,14.0,850.16
437,15.0,850.17
438,23.0,850.20
439,17.0,850.21
440,11.0,850.22
441,20.0,850.24
442,15.0,850.25
443,23.0,850.27
444,12.0,850.28
445,23.0,850.30
446,13.0,850.32
447,15.0,850.33
448,18.0,850.35
449,10.0,850.35
450,15.0,850.37
451,17.0,850.38
452,20.0,850.40
453,20.0,850.42
454,16.0,850.43
455,14.0,850.45
456,12.0,850.46
457,8.0,850.46
458,9.0,850.47
459,13.0,850.48
460,15.0,850.50
461,12.0,850.51
462,12.0,850.52
463,25.0,850.54
464,14.0,850.55
465,13.0,850.57
466,12.0,850.58
467,11.0,850.59
468,18.0,850.60
469,10.0,850.61
470,11.0,850.62
471,13.0,850.63
472,12.0,850.64
473,14.0,850.66
474,16.0,850.67
475,10.0,850.68
476,11.0,850.69
477,11.0,850.70
478,12.0,850.71
479,9.0,850.72
480,15.0,850.73
481,12.0,850.74
482,10.0,850.75
483,18.0,850.77
484,8.0,850.78
485,18.0,850.79
486,10.0,850.80
487,17.0,850.82
488,14.0,850.83
489,16.0,850.84
490,12.0,850.85
491,10.0,850.86
492,13.0,850.87
493,14.0,850.89
494,14.0,850.90
495,10.0,850.91
496,16.0,850.92
497,11.0,850.93
498,9.0,850.94
499,11.0,850.95
500,11.0,850.96
501,9.0,850.97
502,7.0,850.98
503,12.0,850.99
504,12.0,851.00
505,11.0,851.01
506,14.0,851.02
507,10.0,851.03
508,14.0,851.04
509,6.0,851.05
510,5.0,851.05
511,14.0,851.06
512,14.0,851.08
513,13.0,851.09
514,10.0,851.10
515,11.0,851.11
516,11.0,851.12
517,3.0,851.12
518,12.0,851.13
519,13.0,851.14
520,14.0,851.15
521,14.0,851.17
522,7.0,851.17
523,15.0,851.19
524,7.0,851.19
525,8.0,851.20
526,7.0,851.21
527,10.0,851.22
528,17.0,851.23
529,5.0,851.24
530,9.0,851.24
531,7.0,851.25
532,9.0,851.26
533,12.0,851.27
534,6.0,851.27
535,6.0,851.28
536,10.0,851.29
537,14.0,851.30
538,9.0,851.31
539,14.0,851.32
540,6.0,851.33
541,7.0,851.33
542,9.0,851.34
543,14.0,851.35
544,13.0,851.37
545,3.0,851.37
546,10.0,851.38
547,9.0,851.39
548,13.0,851.40
549,8.0,851.40
550,11.0,851.41
551,9.0,851.42
552,8.0,851.43
553,11.0,851.44
554,10.0,851.45
555,6.0,851.45
556,6.0,851.46
557,6.0,851.47
558,7.0,851.47
559,9.0,851.48
560,11.0,851.49
561,5.0,851.49
562,6.0,851.50
563,10.0,851.51
564,6.0,851.51
565,6.0,851.52
566,9.0,851.53
567,5.0,851.53
568,12.0,851.54
569,5.0,851.55
570,9.0,851.56
571,4.0,851.56
572,11.0,851.57
573,5.0,851.57
574,3.0,851.58
575,6.0,851.58
576,8.0,851.59
577,6.0,851.59
578,6.0,851.60
579,4.0,851.60
580,5.0,851.61
581,11.0,851.62
582,12.0,851.63
583,9.0,851.64
584,6.0,851.64
585,8.0,851.65
586,6.0,851.65
587,8.0,851.66
588,2.0,851.66
589,3.0,851.67
590,6.0,851.67
591,6.0,851.68
592,8.0,851.68
593,8.0,851.69
594,5.0,851.70
595,2.0,851.70
596,6.0,851.70
597,13.0,851.71
598,4.0,851.72
599,7.0,851.72
600,6.0,851.73
601,7.0,851.74
602,7.0,851.74
603,12.0,851.75
604,6.0,851.76
605,3.0,851.76
606,4.0,851.76
607,6.0,851.77
608,4.0,851.77
609,10.0,851.78
610,9.0,851.79
611,4.0,851.79
612,7.0,851.80
613,5.0,851.81
614,8.0,851.81
615,4.0,851.82
616,4.0,851.82
617,7.0,851.83
618,8.0,851.83
619,5.0,851.84
620,6.0,851.84
621,6.0,851.85
622,7.0,851.85
623,8.0,851.86
624,8.0,851.87
625,6.0,851.87
626,6.0,851.88
627,9.0,851.89
628,4.0,851.89
629,4.0,851.90
630,2.0,851.90
631,7.0,851.90
632,5.0,851.91
633,8.0,851.92
634,3.0,851.92
635,3.0,851.92
636,2.0,851.92
637,4.0,851.93
638,1.0,851.93
639,4.0,851.93
640,3.0,851.93
641,3.0,851.94
642,1.0,851.94
643,3.0,851.94
644,2.0,851.94
645,5.0,851.95
646,6.0,851.95
647,2.0,851.95
648,5.0,851.96
649,3.0,851.96
650,8.0,851.97
651,6.0,851.97
652,4.0,851.98
653,3.0,851.98
654,2.0,851.98
655,2.0,851.98
656,2.0,851.98
657,4.0,851.99
658,4.0,851.99
659,1.0,851.99
660,3.0,852.00
661,3.0,852.00
662,2.0,852.00
663,4.0,852.00
664,2.0,852.01
665,5.0,852.01
666,2.0,852.01
667,6.0,852.02
668,2.0,852.02
669,4.0,852.02
670,4.0,852.03
671,4.0,852.03
672,5.0,852.03
673,3.0,852.04
674,2.0,852.04
675,7.0,852.04
676,3.0,852.05
677,2.0,852.05
678,5.0,852.05
680,3.0,852.06
681,1.0,852.06
683,3.0,852.06
684,4.0,852.06
685,2.0,852.07
686,1.0,852.07
687,7.0,852.07
688,2.0,852.07
690,2.0,852.08
691,2.0,852.08
693,5.0,852.08
694,1.0,852.08
695,2.0,852.09
696,2.0,852.09
697,2.0,852.09
698,9.0,852.10
699,1.0,852.10
700,2.0,852.10
701,1.0,852.10
702,3.0,852.10
703,2.0,852.11
704,2.0,852.11
705,1.0,852.11
707,4.0,852.11
708,5.0,852.12
709,1.0,852.12
711,1.0,852.12
713,4.0,852.12
714,7.0,852.13
717,3.0,852.13
718,1.0,852.13
719,3.0,852.13
722,2.0,852.14
723,3.0,852.14