Elevation,Area,CumArea
371,0.450980392157,0.00
375,1.03137254902,0.00
381,0.890196078431,0.00
383,1.0,0.00
384,0.843137254902,0.00
385,1.0,0.00
386,1.0,0.01
387,1.0,0.01
391,4.0,0.01
392,2.0,0.01
393,3.0,0.01
394,8.0,0.02
395,7.3568627451,0.03
396,5.0,0.03
397,9.0,0.04
398,7.0,0.05
399,7.0,0.05
400,5.0,0.06
401,5.0,0.06
402,7.0,0.07
403,8.0,0.08
404,10.0,0.09
405,9.0,0.09
406,7.0,0.10
407,3.0,0.10
408,6.21960784314,0.11
409,9.0,0.12
410,7.0,0.12
411,7.0,0.13
412,15.0,0.14
413,8.0,0.15
414,8.0,0.16
415,11.0,0.17
416,8.0,0.17
417,12.0,0.18
418,7.0,0.19
419,3.0,0.19
420,12.0,0.20
421,11.0,0.21
422,10.0,0.22
423,15.0,0.24
424,13.7647058824,0.25
425,22.0,0.27
426,30.0,0.30
427,41.0,0.33
428,33.0,0.36
429,37.0,0.40
430,47.0,0.44
431,69.0,0.50
432,50.0,0.55
433,95.0,0.63
434,96.6078431373,0.72
435,99.0,0.81
436,92.0,0.89
437,93.0,0.97
438,106.094117647,1.07
439,102.0,1.16
440,103.015686275,1.25
441,107.0,1.35
442,101.047058824,1.44
443,92.0,1.52
444,109.0,1.62
445,123.0,1.73
446,127.341176471,1.85
447,155.905882353,1.99
448,135.952941176,2.11
449,125.639215686,2.22
450,154.341176471,2.36
451,142.0,2.49
452,166.0,2.64
453,187.0,2.81
454,163.639215686,2.95
455,171.0,3.11
456,191.0,3.28
457,196.952941176,3.46
458,175.0,3.61
459,200.0,3.79
460,200.968627451,3.98
461,207.592156863,4.16
462,241.0,4.38
463,242.262745098,4.60
464,277.0,4.85
465,250.0,5.07
466,252.0,5.30
467,297.062745098,5.57
468,284.074509804,5.82
469,276.0,6.07
470,338.0,6.37
471,311.250980392,6.65
472,341.0,6.96
473,318.0,7.25
474,371.874509804,7.58
475,344.0,7.89
476,389.0,8.24
477,422.0,8.62
478,409.839215686,8.99
479,467.305882353,9.41
480,401.235294118,9.77
481,465.250980392,10.19
482,498.607843137,10.64
483,493.0,11.08
484,534.937254902,11.56
485,582.0,12.09
486,612.219607843,12.64
487,714.0,13.28
488,759.188235294,13.97
489,795.219607843,14.68
490,885.901960784,15.48
491,811.921568627,16.21
492,805.874509804,16.93
493,877.043137255,17.72
494,872.541176471,18.51
495,871.258823529,19.29
496,882.482352941,20.09
497,899.0,20.90
498,867.709803922,21.68
499,901.545098039,22.49
500,853.729411765,23.26
501,806.756862745,23.98
502,784.0,24.69
503,755.921568627,25.37
504,822.164705882,26.11
505,732.133333333,26.77
506,748.992156863,27.44
507,766.745098039,28.13
508,697.325490196,28.76
509,687.901960784,29.38
510,618.666666667,29.94
511,648.556862745,30.52
512,625.941176471,31.08
513,589.235294118,31.61
514,584.984313725,32.14
515,565.623529412,32.65
516,569.792156863,33.16
517,499.717647059,33.61
518,524.560784314,34.08
519,489.37254902,34.52
520,485.952941176,34.96
521,490.352941176,35.40
522,437.039215686,35.80
523,436.639215686,36.19
524,407.792156863,36.56
525,408.22745098,36.92
526,401.37254902,37.28
527,391.22745098,37.64
528,390.968627451,37.99
529,400.184313725,38.35
530,414.117647059,38.72
531,335.756862745,39.02
532,378.882352941,39.36
533,356.184313725,39.68
534,334.552941176,39.99
535,297.356862745,40.25
536,294.839215686,40.52
537,345.356862745,40.83
538,281.447058824,41.08
539,295.062745098,41.35
540,284.823529412,41.60
541,306.741176471,41.88
542,290.635294118,42.14
543,322.525490196,42.43
544,311.325490196,42.71
545,290.654901961,42.97
546,301.247058824,43.25
547,315.654901961,43.53
548,328.043137255,43.82
549,282.466666667,44.08
550,284.529411765,44.34
551,259.874509804,44.57
552,342.498039216,44.88
553,300.094117647,45.15
554,277.062745098,45.40
555,268.623529412,45.64
556,293.529411765,45.90
557,286.607843137,46.16
558,273.0,46.41
559,269.717647059,46.65
560,282.341176471,46.90
561,288.82745098,47.16
562,279.090196078,47.41
563,233.023529412,47.62
564,264.764705882,47.86
565,290.780392157,48.12
566,257.450980392,48.36
567,255.57254902,48.59
568,241.435294118,48.80
569,264.450980392,49.04
570,247.235294118,49.26
571,241.749019608,49.48
572,214.156862745,49.67
573,221.294117647,49.87
574,245.247058824,50.09
575,204.152941176,50.28
576,221.109803922,50.48
577,205.231372549,50.66
578,211.996078431,50.85
579,191.858823529,51.02
580,197.341176471,51.20
581,186.858823529,51.37
582,206.105882353,51.56
583,215.247058824,51.75
584,190.635294118,51.92
585,159.968627451,52.07
586,202.0,52.25
587,200.51372549,52.43
588,198.533333333,52.61
589,189.137254902,52.78
590,177.403921569,52.94
591,197.576470588,53.11
592,217.776470588,53.31
593,202.215686275,53.49
594,187.917647059,53.66
595,188.133333333,53.83
596,178.639215686,53.99
597,178.666666667,54.15
598,194.0,54.33
599,194.905882353,54.50
600,199.698039216,54.68
601,180.984313725,54.84
602,193.764705882,55.02
603,193.184313725,55.19
604,194.125490196,55.37
605,173.741176471,55.52
606,195.431372549,55.70
607,182.682352941,55.86
608,174.0,56.02
609,187.168627451,56.19
610,176.274509804,56.35
611,154.356862745,56.49
612,156.294117647,56.63
613,127.482352941,56.74
614,144.133333333,56.87
615,162.243137255,57.02
616,157.247058824,57.16
617,139.325490196,57.28
618,151.68627451,57.42
619,159.482352941,57.56
620,141.88627451,57.69
621,144.949019608,57.82
622,150.074509804,57.96
623,136.619607843,58.08
624,175.188235294,58.24
625,121.02745098,58.35
626,112.341176471,58.45
627,141.37254902,58.58
628,114.125490196,58.68
629,126.780392157,58.79
630,147.392156863,58.93
631,115.294117647,59.03
632,121.905882353,59.14
633,125.2,59.25
634,139.619607843,59.38
635,129.345098039,59.49
636,105.854901961,59.59
637,123.278431373,59.70
638,136.901960784,59.82
639,120.215686275,59.93
640,140.901960784,60.06
641,130.2,60.18
642,121.592156863,60.28
643,116.423529412,60.39
644,99.6078431373,60.48
645,119.51372549,60.59
646,105.466666667,60.68
647,120.278431373,60.79
648,126.937254902,60.90
649,112.0,61.00
650,120.0,61.11
651,130.231372549,61.23
652,114.0,61.33
653,134.219607843,61.45
654,143.419607843,61.58
655,129.356862745,61.70
656,125.874509804,61.81
657,119.274509804,61.92
658,110.576470588,62.02
659,121.109803922,62.13
660,139.0,62.25
661,135.654901961,62.38
662,122.0,62.49
663,122.0,62.60
664,119.250980392,62.70
665,123.764705882,62.81
666,125.623529412,62.93
667,123.219607843,63.04
668,110.937254902,63.14
669,122.921568627,63.25
670,120.309803922,63.36
671,121.639215686,63.47
672,122.921568627,63.58
673,113.450980392,63.68
674,119.047058824,63.79
675,120.576470588,63.89
676,125.015686275,64.01
677,109.623529412,64.11
678,92.6392156863,64.19
679,104.764705882,64.28
680,117.509803922,64.39
681,103.435294118,64.48
682,124.17254902,64.59
683,87.7333333333,64.67
684,116.435294118,64.78
685,98.5764705882,64.87
686,103.560784314,64.96
687,90.8117647059,65.04
688,111.670588235,65.14
689,101.541176471,65.23
690,84.3254901961,65.31
691,105.811764706,65.40
692,104.0,65.50
693,121.325490196,65.61
694,92.0901960784,65.69
695,96.2352941176,65.78
696,87.8588235294,65.86
697,100.0,65.95
698,86.031372549,66.02
699,92.0,66.11
700,85.937254902,66.18
701,91.8392156863,66.27
702,93.0,66.35
703,91.6078431373,66.43
704,98.3568627451,66.52
705,91.5294117647,66.60
706,98.0156862745,66.69
707,91.1058823529,66.77
708,102.968627451,66.87
709,87.0,66.94
710,86.7921568627,67.02
711,89.7803921569,67.10
712,100.0,67.19
713,91.0,67.27
714,77.0,67.34
715,83.937254902,67.42
716,57.6705882353,67.47
717,78.5294117647,67.54
718,92.031372549,67.63
719,78.4823529412,67.70
720,96.2,67.78
721,75.5137254902,67.85
722,80.8392156863,67.92
723,82.6549019608,68.00
724,89.0,68.08
725,66.4980392157,68.14
726,86.0,68.21
727,69.0,68.28
728,84.5725490196,68.35
729,61.0,68.41
730,69.0156862745,68.47
731,67.8588235294,68.53
732,87.0,68.61
733,87.0,68.69
734,86.9843137255,68.77
735,98.0,68.85
736,62.262745098,68.91
737,50.8745098039,68.96
738,66.0,69.02
739,72.0,69.08
740,77.1568627451,69.15
741,77.4823529412,69.22
742,61.9843137255,69.28
743,92.3254901961,69.36
744,68.7764705882,69.42
745,76.0,69.49
746,61.6549019608,69.54
747,95.0,69.63
748,68.3725490196,69.69
749,66.5607843137,69.75
750,82.4823529412,69.83
751,81.0,69.90
752,78.4352941176,69.97
753,75.968627451,70.04
754,58.0,70.09
755,83.3254901961,70.16
756,80.3411764706,70.24
757,59.7960784314,70.29
758,86.4784313725,70.37
759,63.1411764706,70.42
760,55.9019607843,70.48
761,75.0470588235,70.54
762,70.3254901961,70.61
763,72.5725490196,70.67
764,85.4980392157,70.75
765,72.6352941176,70.81
766,78.4352941176,70.88
767,74.7019607843,70.95
768,95.8078431373,71.04
769,65.6509803922,71.10
770,75.6509803922,71.16
771,76.062745098,71.23
772,80.0901960784,71.31
773,70.8235294118,71.37
774,86.1529411765,71.45
775,74.1529411765,71.51
776,91.1803921569,71.60
777,94.5764705882,71.68
778,82.1568627451,71.75
779,98.9725490196,71.84
780,80.537254902,71.92
781,85.9843137255,71.99
782,93.7607843137,72.08
783,95.0784313725,72.16
784,99.968627451,72.25
785,88.8862745098,72.33
786,107.654901961,72.43
787,110.403921569,72.53
788,119.094117647,72.64
789,91.7921568627,72.72
790,112.305882353,72.82
791,97.7333333333,72.91
792,113.733333333,73.01
793,125.560784314,73.12
794,94.2941176471,73.21
795,108.639215686,73.31
796,81.5764705882,73.38
797,76.8431372549,73.45
798,79.0745098039,73.52
799,89.7647058824,73.60
800,63.6823529412,73.66
801,79.0,73.73
802,77.0,73.80
803,68.0901960784,73.86
804,78.4039215686,73.93
805,47.2588235294,73.97
806,71.0,74.04
807,57.0941176471,74.09
808,53.0,74.14
809,59.8117647059,74.19
810,50.0,74.24
811,54.4980392157,74.28
812,39.0,74.32
813,49.1411764706,74.36
814,37.1215686275,74.40
815,49.7490196078,74.44
816,39.4235294118,74.48
817,46.0901960784,74.52
818,40.7647058824,74.56
819,20.1411764706,74.57
820,42.137254902,74.61
821,31.4039215686,74.64
822,29.7921568627,74.67
823,33.568627451,74.70
824,36.3058823529,74.73
825,32.7333333333,74.76
826,32.8705882353,74.79
827,35.4823529412,74.82
828,35.6235294118,74.85
829,32.137254902,74.88
830,34.0,74.91
831,30.6509803922,74.94
832,41.0588235294,74.98
833,38.0274509804,75.01
834,35.1215686275,75.04
835,41.0,75.08
836,25.6862745098,75.10
837,26.0,75.13
838,42.4196078431,75.16
839,14.6078431373,75.18
840,24.7803921569,75.20
841,35.262745098,75.23
842,29.4666666667,75.26
843,27.6078431373,75.28
844,20.4039215686,75.30
845,43.7490196078,75.34
846,24.337254902,75.36
847,31.5921568627,75.39
848,29.3254901961,75.42
849,23.968627451,75.44
850,24.2039215686,75.46
851,24.8588235294,75.48
852,21.5137254902,75.50
853,20.4039215686,75.52
854,21.7333333333,75.54
855,23.2470588235,75.56
856,22.9490196078,75.58
857,21.2352941176,75.60
858,17.3411764706,75.62
859,24.9529411765,75.64
860,13.062745098,75.65
861,18.0,75.67
862,15.3254901961,75.68
863,31.0,75.71
864,7.0,75.71
865,21.0,75.73
866,8.0,75.74
867,14.0,75.75
868,10.9803921569,75.76
869,13.9529411765,75.78
870,8.92156862745,75.78
871,17.0156862745,75.80
872,12.968627451,75.81
873,10.4980392157,75.82
874,12.0,75.83
875,14.0,75.84
876,10.2039215686,75.85
877,13.0,75.86
878,13.168627451,75.88
879,11.0,75.89
880,12.0,75.90
881,12.0,75.91
882,8.10980392157,75.92
883,10.0,75.92
884,14.0,75.94
885,9.25098039216,75.95
886,10.3882352941,75.95
887,10.5137254902,75.96
888,7.1568627451,75.97
889,16.0156862745,75.98
890,7.73333333333,75.99
891,11.0,76.00
892,11.0,76.01
893,8.0,76.02
894,8.8431372549,76.03
895,7.87450980392,76.03
896,10.0,76.04
897,9.79607843137,76.05
898,6.0,76.06
899,9.0,76.07
900,8.0,76.07
901,9.0,76.08
902,8.1568627451,76.09
903,7.0,76.09
904,2.0,76.10
905,7.78039215686,76.10
906,6.0,76.11
907,8.93725490196,76.12
908,7.0,76.12
909,4.38823529412,76.13
910,9.0,76.13
911,5.0,76.14
912,8.0,76.15
913,4.0,76.15
914,5.09411764706,76.15
915,5.95294117647,76.16
916,6.0,76.17
917,4.0,76.17
918,11.0,76.18
919,10.0,76.19
920,9.29411764706,76.20
921,10.0,76.21
922,2.0,76.21
923,7.0,76.21
924,3.0,76.22
925,5.0,76.22
926,10.0,76.23
927,5.0,76.23
928,5.0,76.24
929,6.0,76.24
930,2.0,76.25
931,2.0,76.25
932,4.60784313725,76.25
933,10.0,76.26
934,5.0,76.27
935,5.0,76.27
936,7.0,76.28
937,9.0,76.28
938,4.0,76.29
939,4.0,76.29
940,2.0,76.29
941,5.0,76.30
942,4.0,76.30
943,6.0,76.31
944,4.0,76.31
945,5.0,76.31
946,8.0,76.32
947,2.01568627451,76.32
948,7.74901960784,76.33
949,9.0,76.34
950,3.0,76.34
951,6.0,76.35
952,6.0,76.35
953,3.0,76.35
954,4.0,76.36
955,4.0,76.36
956,2.49803921569,76.36
957,4.0,76.37
958,6.0,76.37
959,8.0,76.38
960,4.0,76.38
961,2.0,76.39
962,7.07843137255,76.39
963,1.0,76.39
964,7.0,76.40
965,6.0,76.40
966,3.0,76.41
967,7.0,76.41
968,1.0,76.41
969,3.8431372549,76.42
970,3.0,76.42
971,5.0,76.43
972,4.0,76.43
973,3.0,76.43
974,1.0,76.43
975,3.0,76.44
976,3.0,76.44
977,2.0,76.44
978,8.0,76.45
979,3.70196078431,76.45
980,5.0,76.45
981,8.1568627451,76.46
983,2.0,76.46
984,10.0,76.47
985,6.0,76.48
986,1.93725490196,76.48
987,2.0,76.48
988,5.0,76.49
989,3.0,76.49
990,2.0,76.49
991,4.0,76.49
992,6.0,76.50
993,8.0,76.51
994,2.0,76.51
995,2.04705882353,76.51
996,7.0,76.52
997,1.0,76.52
998,3.25098039216,76.52
999,3.0,76.52
1000,6.0,76.53
1001,2.0,76.53
1002,4.98431372549,76.54
1003,1.0,76.54
1004,6.0,76.54
1005,6.0,76.55
1006,6.0,76.55
1007,4.0,76.56
1008,3.0,76.56
1009,2.23137254902,76.56
1010,4.0,76.56
1011,5.0,76.57
1012,3.0,76.57
1013,1.0,76.57
1014,4.0,76.58
1015,4.0,76.58
1016,5.0,76.58
1017,5.0,76.59
1018,4.0,76.59
1020,8.0,76.60
1021,6.0,76.60
1022,5.0,76.61
1023,1.6862745098,76.61
1024,4.0,76.61
1025,5.0,76.62
1026,2.0,76.62
1027,4.0,76.62
1028,3.0,76.63
1029,7.0,76.63
1030,4.0,76.64
1031,3.0,76.64
1032,2.0,76.64
1034,1.0,76.64
1035,2.01568627451,76.64
1037,1.0,76.64
1038,2.6862745098,76.65
1039,6.0,76.65
1040,6.0,76.66
1041,3.0,76.66
1042,1.95294117647,76.66
1043,1.0,76.66
1044,3.0,76.67
1045,2.81176470588,76.67
1046,4.0,76.67
1047,3.0,76.68
1048,1.0,76.68
1049,3.0,76.68
1050,1.04705882353,76.68
1051,3.0,76.68
1052,2.0,76.68
1053,4.0,76.69
1054,2.90588235294,76.69
1055,5.0,76.69
1056,3.0,76.70
1057,4.0,76.70
1059,0.0941176470588,76.70
1060,3.0,76.70
1061,4.29411764706,76.71
1062,2.0,76.71
1063,6.0,76.71
1064,5.0,76.72
1065,3.0,76.72
1066,3.0,76.72
1067,1.0,76.73
1070,5.0,76.73
1071,7.87450980392,76.74
1072,2.1568627451,76.74
1074,3.0,76.74
1075,4.0,76.75
1076,1.0,76.75
1077,3.0,76.75
1078,2.0,76.75
1079,2.0,76.75
1080,4.0,76.76
1081,3.0,76.76
1083,2.0,76.76
1084,3.0,76.76
1085,2.0,76.77
1086,1.09411764706,76.77
1087,2.0,76.77
1088,4.0,76.77
1089,4.0,76.78
1090,3.0,76.78
1091,4.0,76.78
1092,4.0,76.79
1093,1.0,76.79
1094,2.0,76.79
1096,1.81176470588,76.79
1097,6.0,76.80
1098,4.0,76.80
1099,1.0,76.80
1100,2.0,76.80
1101,3.0,76.80
1102,8.0,76.81
1103,3.0,76.81
1104,4.52941176471,76.82
1105,2.0,76.82
1106,1.0,76.82
1107,1.0,76.82
1109,1.0,76.82
1110,3.0,76.83
1111,1.0,76.83
1112,3.04705882353,76.83
1113,2.0,76.83
1114,1.0,76.83
1115,4.0,76.84
1116,2.0,76.84
1117,1.0,76.84
1118,2.01568627451,76.84
1119,1.73333333333,76.84
1120,5.0,76.85
1121,3.0,76.85
1122,2.0,76.85
1123,3.0,76.85
1124,3.0,76.86
1125,3.73333333333,76.86
1126,2.0,76.86
1127,2.0,76.86
1128,3.0,76.87
1129,4.0,76.87
1131,1.03137254902,76.87
1133,1.0,76.87
1134,3.0,76.87
1135,3.0,76.88
1136,1.90588235294,76.88
1137,3.65490196078,76.88
1138,2.0,76.88
1139,5.52941176471,76.89
1140,1.0,76.89
1141,2.95294117647,76.89
1142,1.78039215686,76.89
1143,2.0,76.89
1144,1.0,76.90
1145,3.0,76.90
1146,3.0,76.90
1147,1.10980392157,76.90
1148,0.219607843137,76.90
1149,3.0,76.91
1150,3.0,76.91
1151,2.0,76.91
1152,2.21960784314,76.91
1153,1.0,76.91
1154,1.0,76.91
1155,3.04705882353,76.92
1156,4.71764705882,76.92
1157,2.89019607843,76.92
1158,0.0941176470588,76.92
1159,1.0,76.92
1160,1.0,76.92
1161,2.49803921569,76.93
1163,3.43529411765,76.93
1164,2.0,76.93
1165,1.0,76.93
1167,1.3568627451,76.93
1168,2.78039215686,76.94
1169,2.01568627451,76.94
1170,0.266666666667,76.94
1171,2.0,76.94
1172,1.95294117647,76.94
1173,1.0,76.94
1174,4.0,76.95
1177,1.0,76.95
1178,2.0,76.95
1179,1.0,76.95
1180,2.06274509804,76.95
1182,1.0,76.95
1183,2.0,76.95
1184,1.0,76.96
1185,1.0,76.96
1186,0.188235294118,76.96
1188,1.98431372549,76.96
1189,0.388235294118,76.96
1192,1.63921568627,76.96
1193,1.0,76.96
1194,2.01176470588,76.96
1197,0.952941176471,76.96
1200,0.780392156863,76.96
1201,0.717647058824,76.97
1202,0.250980392157,76.97
1205,0.294117647059,76.97
1206,0.0470588235294,76.97
1208,0.0470588235294,76.97