Elevation,Area,CumArea
4179,0.172549019608,0.00
4180,3.0,0.00
4181,8.30980392157,0.01
4182,14.4509803922,0.02
4183,2.59215686275,0.03
4184,4.0,0.03
4185,5.04705882353,0.03
4186,18.7176470588,0.05
4187,21.0,0.07
4188,13.0,0.08
4189,11.8588235294,0.09
4190,18.0,0.11
4191,23.0,0.13
4192,24.0,0.15
4193,25.9058823529,0.17
4194,27.7176470588,0.20
4195,27.0,0.22
4196,25.0156862745,0.25
4197,22.0,0.27
4198,31.0,0.29
4199,44.3529411765,0.33
4200,35.2509803922,0.36
4201,51.0,0.41
4202,47.0,0.45
4203,51.0,0.50
4204,61.0,0.55
4205,53.2509803922,0.60
4206,64.0,0.66
4207,53.0,0.71
4208,61.8901960784,0.76
4209,49.0784313725,0.81
4210,49.0,0.85
4211,45.8117647059,0.89
4212,40.0,0.93
4213,31.0,0.96
4214,38.5137254902,0.99
4215,21.0,1.01
4216,28.5921568627,1.04
4217,25.0,1.06
4218,27.2196078431,1.08
4219,24.0,1.10
4220,29.0,1.13
4221,26.3568627451,1.15
4222,17.7490196078,1.17
4223,15.0,1.18
4224,22.9058823529,1.20
4225,21.0,1.22
4226,23.0,1.24
4227,10.031372549,1.25
4228,20.0,1.27
4229,18.6196078431,1.29
4230,19.5137254902,1.30
4231,20.6392156863,1.32
4232,24.2941176471,1.35
4233,28.0,1.37
4234,17.0,1.39
4235,14.0,1.40
4236,22.3294117647,1.42
4237,17.0,1.43
4238,24.0,1.46
4239,23.6862745098,1.48
4240,26.0,1.50
4241,22.0,1.52
4242,36.0,1.55
4243,38.3568627451,1.59
4244,46.9215686275,1.63
4245,79.0,1.70
4246,106.0,1.80
4247,191.0,1.97
4248,317.0,2.25
4249,558.968627451,2.76
4250,753.0,3.43
4251,701.843137255,4.07
4252,546.0,4.56
4253,364.047058824,4.88
4254,336.0,5.19
4255,312.0,5.47
4256,247.0,5.69
4257,227.0,5.89
4258,226.0,6.10
4259,207.0,6.28
4260,208.639215686,6.47
4261,200.68627451,6.65
4262,208.0,6.84
4263,197.0,7.02
4264,184.0,7.18
4265,208.0,7.37
4266,194.0,7.54
4267,175.0,7.70
4268,167.0,7.85
4269,160.0,8.00
4270,173.0,8.15
4271,180.0,8.31
4272,182.219607843,8.48
4273,162.0,8.62
4274,190.0,8.79
4275,173.0,8.95
4276,177.356862745,9.11
4277,200.0,9.29
4278,178.0,9.45
4279,162.0,9.60
4280,191.0,9.77
4281,194.0,9.94
4282,176.0,10.10
4283,166.0,10.25
4284,172.0,10.40
4285,184.890196078,10.57
4286,174.0,10.73
4287,183.854901961,10.89
4288,176.462745098,11.05
4289,201.17254902,11.23
4290,159.0,11.38
4291,191.0,11.55
4292,166.890196078,11.70
4293,157.278431373,11.84
4294,186.0,12.01
4295,156.670588235,12.15
4296,173.047058824,12.30
4297,166.0,12.45
4298,182.356862745,12.62
4299,173.125490196,12.77
4300,167.921568627,12.92
4301,181.576470588,13.09
4302,156.278431373,13.23
4303,184.031372549,13.39
4304,156.949019608,13.54
4305,146.0,13.67
4306,160.294117647,13.81
4307,190.984313725,13.98
4308,176.109803922,14.14
4309,166.545098039,14.29
4310,155.125490196,14.43
4311,153.0,14.57
4312,176.450980392,14.73
4313,151.796078431,14.86
4314,169.184313725,15.02
4315,165.235294118,15.17
4316,148.905882353,15.30
4317,153.733333333,15.44
4318,190.235294118,15.61
4319,158.450980392,15.75
4320,160.0,15.90
4321,199.82745098,16.08
4322,156.435294118,16.22
4323,161.0,16.36
4324,166.576470588,16.51
4325,158.623529412,16.65
4326,165.0,16.80
4327,158.2,16.94
4328,165.031372549,17.09
4329,166.0,17.24
4330,164.890196078,17.39
4331,143.0,17.52
4332,175.0,17.68
4333,153.0,17.81
4334,169.764705882,17.97
4335,143.937254902,18.10
4336,154.0,18.24
4337,155.125490196,18.38
4338,165.0,18.52
4339,202.0,18.71
4340,160.592156863,18.85
4341,150.121568627,18.99
4342,183.0,19.15
4343,168.0,19.30
4344,192.341176471,19.47
4345,160.0,19.62
4346,175.623529412,19.78
4347,161.0,19.92
4348,166.0,20.07
4349,145.435294118,20.20
4350,150.0,20.34
4351,131.68627451,20.45
4352,168.403921569,20.61
4353,166.0,20.76
4354,148.0,20.89
4355,184.51372549,21.06
4356,182.639215686,21.22
4357,164.0,21.37
4358,124.733333333,21.48
4359,149.0,21.61
4360,179.0,21.77
4361,136.062745098,21.90
4362,173.0,22.05
4363,185.843137255,22.22
4364,176.952941176,22.38
4365,141.388235294,22.51
4366,169.0,22.66
4367,168.639215686,22.81
4368,172.156862745,22.97
4369,155.278431373,23.11
4370,145.811764706,23.24
4371,141.450980392,23.36
4372,176.858823529,23.52
4373,169.094117647,23.67
4374,147.654901961,23.81
4375,174.560784314,23.96
4376,169.043137255,24.12
4377,160.843137255,24.26
4378,156.0,24.40
4379,162.0,24.55
4380,179.17254902,24.71
4381,172.0,24.86
4382,159.874509804,25.01
4383,189.125490196,25.18
4384,163.0,25.32
4385,163.921568627,25.47
4386,176.094117647,25.63
4387,164.0,25.78
4388,139.729411765,25.90
4389,182.250980392,26.07
4390,207.0,26.25
4391,131.0,26.37
4392,179.121568627,26.53
4393,174.682352941,26.69
4394,193.0,26.86
4395,186.654901961,27.03
4396,187.576470588,27.20
4397,152.262745098,27.34
4398,188.529411765,27.51
4399,167.921568627,27.66
4400,198.0,27.84
4401,185.356862745,28.00
4402,177.937254902,28.16
4403,179.0,28.33
4404,132.0,28.44
4405,154.576470588,28.58
4406,175.0,28.74
4407,165.0,28.89
4408,176.764705882,29.05
4409,155.623529412,29.19
4410,200.403921569,29.37
4411,174.011764706,29.53
4412,174.905882353,29.68
4413,151.764705882,29.82
4414,166.125490196,29.97
4415,178.466666667,30.13
4416,176.560784314,30.29
4417,192.2,30.46
4418,168.435294118,30.61
4419,190.0,30.78
4420,194.0,30.96
4421,168.937254902,31.11
4422,181.015686275,31.27
4423,179.68627451,31.44
4424,155.917647059,31.58
4425,185.0,31.74
4426,160.560784314,31.89
4427,179.094117647,32.05
4428,168.388235294,32.20
4429,189.341176471,32.37
4430,191.764705882,32.54
4431,168.968627451,32.69
4432,200.560784314,32.88
4433,176.0,33.03
4434,184.811764706,33.20
4435,187.560784314,33.37
4436,183.156862745,33.53
4437,175.031372549,33.69
4438,150.623529412,33.83
4439,172.219607843,33.98
4440,187.435294118,34.15
4441,184.219607843,34.32
4442,171.0,34.47
4443,196.121568627,34.65
4444,184.235294118,34.81
4445,158.905882353,34.96
4446,204.952941176,35.14
4447,169.325490196,35.29
4448,202.839215686,35.47
4449,175.984313725,35.63
4450,183.4,35.80
4451,172.905882353,35.95
4452,182.670588235,36.12
4453,171.0,36.27
4454,179.890196078,36.43
4455,180.603921569,36.60
4456,166.2,36.75
4457,155.68627451,36.89
4458,196.796078431,37.06
4459,173.749019608,37.22
4460,183.717647059,37.39
4461,194.0,37.56
4462,174.921568627,37.72
4463,169.666666667,37.87
4464,194.341176471,38.04
4465,167.529411765,38.20
4466,191.82745098,38.37
4467,169.905882353,38.52
4468,188.901960784,38.69
4469,205.498039216,38.88
4470,190.203921569,39.05
4471,175.666666667,39.21
4472,174.807843137,39.36
4473,186.247058824,39.53
4474,182.811764706,39.69
4475,205.68627451,39.88
4476,192.466666667,40.05
4477,172.576470588,40.21
4478,179.403921569,40.37
4479,184.670588235,40.54
4480,182.874509804,40.70
4481,192.823529412,40.87
4482,198.309803922,41.05
4483,218.654901961,41.25
4484,177.235294118,41.41
4485,174.011764706,41.57
4486,180.545098039,41.73
4487,181.592156863,41.89
4488,190.843137255,42.06
4489,179.780392157,42.23
4490,196.121568627,42.40
4491,197.0,42.58
4492,184.031372549,42.74
4493,203.937254902,42.93
4494,185.823529412,43.10
4495,184.698039216,43.26
4496,175.125490196,43.42
4497,174.88627451,43.58
4498,181.450980392,43.74
4499,198.356862745,43.92
4500,187.968627451,44.09
4501,192.2,44.26
4502,199.02745098,44.44
4503,173.0,44.60
4504,177.0,44.75
4505,179.0,44.92
4506,210.137254902,45.10
4507,154.250980392,45.24
4508,201.666666667,45.43
4509,182.062745098,45.59
4510,166.047058824,45.74
4511,155.356862745,45.88
4512,166.325490196,46.03
4513,180.843137255,46.19
4514,179.545098039,46.35
4515,181.109803922,46.52
4516,178.078431373,46.68
4517,184.968627451,46.84
4518,175.701960784,47.00
4519,164.682352941,47.15
4520,170.37254902,47.30
4521,183.619607843,47.47
4522,200.196078431,47.65
4523,166.921568627,47.80
4524,179.635294118,47.96
4525,158.0,48.10
4526,191.02745098,48.27
4527,177.419607843,48.43
4528,190.639215686,48.60
4529,173.968627451,48.76
4530,146.388235294,48.89
4531,177.325490196,49.05
4532,166.57254902,49.20
4533,177.047058824,49.36
4534,194.576470588,49.54
4535,171.0,49.69
4536,179.37254902,49.85
4537,191.37254902,50.02
4538,186.219607843,50.19
4539,163.592156863,50.34
4540,173.074509804,50.49
4541,166.82745098,50.65
4542,168.82745098,50.80
4543,156.262745098,50.94
4544,165.0,51.09
4545,188.247058824,51.26
4546,169.356862745,51.41
4547,181.933333333,51.57
4548,181.094117647,51.73
4549,200.745098039,51.92
4550,149.858823529,52.05
4551,166.482352941,52.20
4552,164.733333333,52.35
4553,164.68627451,52.50
4554,161.188235294,52.64
4555,193.294117647,52.82
4556,144.764705882,52.95
4557,162.188235294,53.09
4558,177.890196078,53.25
4559,167.466666667,53.40
4560,163.890196078,53.55
4561,169.639215686,53.70
4562,182.058823529,53.87
4563,176.780392157,54.03
4564,161.780392157,54.17
4565,158.0,54.31
4566,162.717647059,54.46
4567,147.0,54.59
4568,140.094117647,54.72
4569,175.02745098,54.88
4570,148.576470588,55.01
4571,174.152941176,55.17
4572,174.654901961,55.32
4573,167.388235294,55.47
4574,177.780392157,55.63
4575,148.325490196,55.77
4576,161.968627451,55.91
4577,143.701960784,56.04
4578,143.592156863,56.17
4579,163.109803922,56.32
4580,163.933333333,56.47
4581,161.0,56.61
4582,167.949019608,56.76
4583,163.937254902,56.91
4584,160.968627451,57.05
4585,150.341176471,57.19
4586,157.062745098,57.33
4587,167.788235294,57.48
4588,146.635294118,57.61
4589,127.0,57.73
4590,161.482352941,57.87
4591,167.623529412,58.03
4592,160.0,58.17
4593,159.984313725,58.31
4594,150.294117647,58.45
4595,162.294117647,58.59
4596,152.870588235,58.73
4597,151.498039216,58.87
4598,128.388235294,58.98
4599,138.462745098,59.11
4600,165.780392157,59.26
4601,159.309803922,59.40
4602,158.074509804,59.54
4603,151.807843137,59.68
4604,167.188235294,59.83
4605,143.984313725,59.96
4606,159.949019608,60.10
4607,155.741176471,60.24
4608,157.745098039,60.39
4609,156.388235294,60.53
4610,179.294117647,60.69
4611,135.811764706,60.81
4612,158.890196078,60.95
4613,129.262745098,61.07
4614,150.141176471,61.20
4615,155.435294118,61.34
4616,130.749019608,61.46
4617,136.278431373,61.59
4618,127.670588235,61.70
4619,135.298039216,61.82
4620,145.866666667,61.95
4621,153.937254902,62.09
4622,132.670588235,62.21
4623,162.0,62.36
4624,129.02745098,62.47
4625,133.68627451,62.59
4626,119.188235294,62.70
4627,119.733333333,62.81
4628,137.031372549,62.93
4629,125.921568627,63.04
4630,144.905882353,63.18
4631,145.011764706,63.31
4632,126.545098039,63.42
4633,153.88627451,63.56
4634,137.858823529,63.68
4635,131.921568627,63.80
4636,120.670588235,63.91
4637,154.592156863,64.05
4638,142.388235294,64.18
4639,128.043137255,64.29
4640,154.701960784,64.43
4641,130.984313725,64.55
4642,138.0,64.67
4643,115.556862745,64.78
4644,152.121568627,64.91
4645,130.403921569,65.03
4646,138.725490196,65.16
4647,121.760784314,65.27
4648,135.250980392,65.39
4649,131.952941176,65.51
4650,144.325490196,65.64
4651,145.184313725,65.77
4652,126.619607843,65.88
4653,137.152941176,66.00
4654,129.588235294,66.12
4655,141.560784314,66.25
4656,138.360784314,66.37
4657,152.235294118,66.51
4658,115.839215686,66.61
4659,144.384313725,66.74
4660,149.996078431,66.88
4661,121.203921569,66.99
4662,128.058823529,67.10
4663,125.0,67.22
4664,122.368627451,67.33
4665,120.0,67.43
4666,141.298039216,67.56
4667,131.356862745,67.68
4668,136.901960784,67.80
4669,141.121568627,67.93
4670,122.149019608,68.04
4671,167.219607843,68.19
4672,145.498039216,68.32
4673,132.0,68.44
4674,136.858823529,68.56
4675,137.650980392,68.69
4676,156.054901961,68.83
4677,112.356862745,68.93
4678,124.435294118,69.04
4679,118.2,69.15
4680,155.388235294,69.29
4681,128.545098039,69.40
4682,132.890196078,69.52
4683,143.058823529,69.65
4684,130.890196078,69.77
4685,137.843137255,69.89
4686,137.109803922,70.02
4687,131.960784314,70.14
4688,101.607843137,70.23
4689,148.219607843,70.36
4690,126.984313725,70.47
4691,146.325490196,70.61
4692,140.792156863,70.73
4693,125.968627451,70.85
4694,140.482352941,70.97
4695,110.482352941,71.07
4696,128.058823529,71.19
4697,133.423529412,71.31
4698,145.984313725,71.44
4699,139.0,71.56
4700,142.015686275,71.69
4701,139.17254902,71.82
4702,108.623529412,71.91
4703,132.078431373,72.03
4704,134.996078431,72.15
4705,102.921568627,72.25
4706,142.02745098,72.38
4707,139.654901961,72.50
4708,133.701960784,72.62
4709,123.498039216,72.73
4710,129.247058824,72.85
4711,127.717647059,72.96
4712,136.215686275,73.09
4713,151.231372549,73.22
4714,128.105882353,73.34
4715,165.262745098,73.49
4716,146.121568627,73.62
4717,135.156862745,73.74
4718,123.388235294,73.85
4719,146.117647059,73.98
4720,126.654901961,74.10
4721,119.435294118,74.20
4722,136.870588235,74.33
4723,112.639215686,74.43
4724,128.184313725,74.54
4725,150.917647059,74.68
4726,120.698039216,74.79
4727,139.450980392,74.91
4728,135.031372549,75.04
4729,148.792156863,75.17
4730,119.419607843,75.28
4731,146.043137255,75.41
4732,138.890196078,75.53
4733,129.278431373,75.65
4734,129.674509804,75.77
4735,112.078431373,75.87
4736,110.654901961,75.97
4737,122.043137255,76.08
4738,145.078431373,76.21
4739,110.68627451,76.31
4740,143.188235294,76.44
4741,150.0,76.57
4742,157.729411765,76.71
4743,143.745098039,76.84
4744,147.090196078,76.97
4745,136.949019608,77.10
4746,132.654901961,77.22
4747,114.68627451,77.32
4748,134.015686275,77.44
4749,160.0,77.58
4750,141.02745098,77.71
4751,150.435294118,77.85
4752,119.439215686,77.95
4753,137.466666667,78.08
4754,151.854901961,78.21
4755,139.278431373,78.34
4756,130.149019608,78.46
4757,107.529411765,78.55
4758,138.984313725,78.68
4759,138.607843137,78.80
4760,133.729411765,78.92
4761,128.482352941,79.04
4762,133.905882353,79.16
4763,117.717647059,79.27
4764,126.247058824,79.38
4765,114.278431373,79.48
4766,104.576470588,79.58
4767,106.388235294,79.67
4768,112.670588235,79.77
4769,119.760784314,79.88
4770,116.796078431,79.99
4771,116.509803922,80.09
4772,120.0,80.20
4773,114.694117647,80.30
4774,104.858823529,80.40
4775,118.670588235,80.50
4776,111.117647059,80.60
4777,121.156862745,80.71
4778,128.325490196,80.83
4779,96.8588235294,80.92
4780,109.639215686,81.01
4781,116.011764706,81.12
4782,83.0,81.19
4783,86.5254901961,81.27
4784,101.043137255,81.36
4785,125.031372549,81.48
4786,112.066666667,81.58
4787,100.058823529,81.67
4788,94.1568627451,81.75
4789,99.7921568627,81.84
4790,104.717647059,81.93
4791,119.654901961,82.04
4792,103.356862745,82.14
4793,106.639215686,82.23
4794,113.278431373,82.33
4795,92.7490196078,82.42
4796,96.0,82.50
4797,94.3921568627,82.59
4798,96.5764705882,82.68
4799,85.7176470588,82.75
4800,88.0941176471,82.83
4801,108.0,82.93
4802,97.8823529412,83.02
4803,57.8274509804,83.07
4804,99.5882352941,83.16
4805,97.7450980392,83.25
4806,112.760784314,83.35
4807,77.5137254902,83.42
4808,83.1411764706,83.49
4809,84.9019607843,83.57
4810,110.231372549,83.67
4811,89.9294117647,83.75
4812,87.1411764706,83.83
4813,70.4352941176,83.89
4814,87.2941176471,83.97
4815,96.0392156863,84.06
4816,93.8705882353,84.14
4817,78.3725490196,84.21
4818,98.5176470588,84.30
4819,64.7490196078,84.36
4820,95.6235294118,84.44
4821,90.337254902,84.53
4822,85.0,84.60
4823,101.156862745,84.69
4824,94.1411764706,84.78
4825,80.8235294118,84.85
4826,91.3254901961,84.93
4827,83.9529411765,85.01
4828,78.9019607843,85.08
4829,93.5921568627,85.16
4830,66.1254901961,85.22
4831,102.125490196,85.31
4832,73.9529411765,85.38
4833,102.0,85.47
4834,93.4823529412,85.56
4835,83.9333333333,85.63
4836,65.5607843137,85.69
4837,80.968627451,85.76
4838,100.356862745,85.85
4839,92.9843137255,85.94
4840,72.2,86.00
4841,75.937254902,86.07
4842,85.7490196078,86.15
4843,82.0,86.22
4844,68.3254901961,86.28
4845,71.0274509804,86.35
4846,72.6352941176,86.41
4847,61.8588235294,86.47
4848,79.3254901961,86.54
4849,70.5921568627,86.60
4850,91.1568627451,86.69
4851,71.1098039216,86.75
4852,59.1058823529,86.80
4853,78.3882352941,86.87
4854,69.7176470588,86.94
4855,79.5764705882,87.01
4856,66.9843137255,87.07
4857,73.2,87.13
4858,61.5764705882,87.19
4859,71.9058823529,87.25
4860,79.2,87.33
4861,71.0,87.39
4862,71.4941176471,87.45
4863,85.6235294118,87.53
4864,56.6078431373,87.58
4865,57.1058823529,87.63
4866,54.3725490196,87.68
4867,56.5607843137,87.73
4868,77.168627451,87.80
4869,67.8588235294,87.86
4870,61.6862745098,87.92
4871,62.4470588235,87.98
4872,63.4980392157,88.03
4873,72.8431372549,88.10
4874,53.6235294118,88.15
4875,54.0,88.20
4876,71.6509803922,88.26
4877,56.3254901961,88.31
4878,53.1843137255,88.36
4879,54.0,88.41
4880,55.7803921569,88.46
4881,59.8745098039,88.51
4882,52.3725490196,88.56
4883,51.6078431373,88.60
4884,58.5882352941,88.66
4885,64.2039215686,88.72
4886,52.0,88.76
4887,44.0,88.80
4888,64.0,88.86
4889,48.7921568627,88.90
4890,43.0,88.94
4891,65.0,89.00
4892,44.9803921569,89.04
4893,68.262745098,89.10
4894,65.5764705882,89.16
4895,48.0470588235,89.20
4896,53.031372549,89.25
4897,50.5450980392,89.30
4898,64.1058823529,89.36
4899,46.3568627451,89.40
4900,41.0,89.43
4901,51.9529411765,89.48
4902,37.0,89.51
4903,39.968627451,89.55
4904,49.3254901961,89.59
4905,53.1882352941,89.64
4906,51.937254902,89.69
4907,32.5450980392,89.72
4908,40.0,89.75
4909,50.0,89.80
4910,34.0,89.83
4911,39.262745098,89.87
4912,38.4039215686,89.90
4913,47.3411764706,89.94
4914,55.0,89.99
4915,38.2784313725,90.03
4916,31.0,90.05
4917,29.0,90.08
4918,27.3254901961,90.10
4919,41.7647058824,90.14
4920,34.0,90.17
4921,35.0784313725,90.20
4922,34.0470588235,90.24
4923,37.9058823529,90.27
4924,34.0,90.30
4925,42.0,90.34
4926,45.6862745098,90.38
4927,35.0,90.41
4928,39.0,90.45
4929,42.7803921569,90.48
4930,28.3098039216,90.51
4931,38.9843137255,90.54
4932,37.0,90.58
4933,34.262745098,90.61
4934,36.0156862745,90.64
4935,25.0,90.66
4936,34.9529411765,90.70
4937,30.0,90.72
4938,26.5607843137,90.75
4939,38.7490196078,90.78
4940,23.0,90.80
4941,33.9803921569,90.83
4942,25.0156862745,90.85
4943,20.2352941176,90.87
4944,19.0,90.89
4945,21.7019607843,90.91
4946,25.4666666667,90.93
4947,21.9215686275,90.95
4948,21.0,90.97
4949,18.0470588235,90.99
4950,21.0,91.01
4951,18.0,91.02
4952,22.0156862745,91.04
4953,15.0470588235,91.06
4954,26.968627451,91.08
4955,18.4980392157,91.10
4956,19.1254901961,91.11
4957,29.0,91.14
4958,15.1098039216,91.15
4959,16.0,91.17
4960,22.0,91.19
4961,23.7019607843,91.21
4962,22.0,91.23
4963,18.937254902,91.25
4964,21.9058823529,91.27
4965,25.9529411765,91.29
4966,17.0,91.30
4967,15.7333333333,91.32
4968,13.262745098,91.33
4969,22.0,91.35
4970,15.9843137255,91.36
4971,20.0941176471,91.38
4972,27.8431372549,91.41
4973,15.0,91.42
4974,21.0,91.44
4975,20.0,91.46
4976,25.3725490196,91.48
4977,29.0156862745,91.51
4978,15.0,91.52
4979,22.2156862745,91.54
4980,15.1725490196,91.55
4981,21.1843137255,91.57
4982,16.2470588235,91.59
4983,23.4352941176,91.61
4984,22.0,91.63
4985,14.3450980392,91.64
4986,11.7490196078,91.65
4987,8.0,91.66
4988,23.5294117647,91.68
4989,11.0,91.69
4990,11.262745098,91.70
4991,17.4196078431,91.72
4992,13.2941176471,91.73
4993,18.2941176471,91.74
4994,9.8862745098,91.75
4995,16.0,91.77
4996,9.0,91.78
4997,9.21960784314,91.78
4998,5.0,91.79
4999,10.4196078431,91.80
5000,10.0,91.81
5001,17.9843137255,91.82
5002,7.0,91.83
5003,13.1254901961,91.84
5004,6.04705882353,91.85
5005,11.0,91.86
5006,17.0784313725,91.87
5007,10.8588235294,91.88
5008,10.0,91.89
5009,11.0,91.90
5010,10.0,91.91
5011,7.0,91.92
5012,8.0,91.92
5013,14.0,91.94
5014,7.70196078431,91.94
5015,12.0588235294,91.95
5016,10.5607843137,91.96
5017,9.0,91.97
5018,13.6235294118,91.98
5019,14.6705882353,92.00
5020,12.0,92.01
5021,12.6862745098,92.02
5022,8.0,92.03
5023,10.1098039216,92.04
5024,16.2784313725,92.05
5025,11.0,92.06
5026,13.0,92.07
5027,9.95294117647,92.08
5028,17.7490196078,92.10
5029,6.0,92.10
5030,11.1568627451,92.11
5031,10.7333333333,92.12
5032,4.0,92.13
5033,6.0,92.13
5034,14.0,92.14
5035,5.0,92.15
5036,13.6078431373,92.16
5037,10.3568627451,92.17
5038,8.73333333333,92.18
5039,8.0,92.18
5040,10.4196078431,92.19
5041,8.26274509804,92.20
5042,11.0,92.21
5043,10.0,92.22
5044,13.0,92.23
5045,13.4666666667,92.24
5046,12.8235294118,92.26
5047,4.63921568627,92.26
5048,11.8549019608,92.27
5049,7.29411764706,92.28
5050,5.0,92.28
5051,15.0,92.30
5052,6.0,92.30
5053,13.1882352941,92.31
5054,14.0,92.33
5055,5.62352941176,92.33
5056,3.0,92.33
5057,0.482352941176,92.33
5058,12.0,92.34
5059,9.25098039216,92.35
5060,11.3725490196,92.36
5061,10.0,92.37
5062,13.7803921569,92.38
5063,5.90588235294,92.39
5064,18.6666666667,92.41
5065,9.37254901961,92.41
5066,5.95294117647,92.42
5067,12.0,92.43
5068,12.7176470588,92.44
5069,6.0,92.45
5070,11.0,92.46
5071,9.12549019608,92.47
5072,5.0,92.47
5073,11.0,92.48
5074,10.0,92.49
5075,9.0,92.50
5076,16.0117647059,92.51
5077,6.0,92.52
5078,8.06274509804,92.52
5079,5.43529411765,92.53
5080,7.0,92.54
5081,8.09019607843,92.54
5082,5.41960784314,92.55
5083,12.0,92.56
5084,8.0,92.57
5085,7.92156862745,92.57
5086,7.14117647059,92.58
5087,2.18823529412,92.58
5088,10.0,92.59
5089,1.90588235294,92.59
5090,7.0,92.60
5091,1.32549019608,92.60
5092,5.20392156863,92.60
5093,4.13725490196,92.61
5094,5.4,92.61
5095,6.0,92.62
5096,5.10588235294,92.62
5098,2.0,92.62
5099,1.3568627451,92.63
5100,3.0,92.63
5102,6.0,92.63
5103,2.0,92.64
5104,5.0,92.64
5105,3.0,92.64
5106,1.0,92.64
5108,4.0,92.65
5110,3.98431372549,92.65
5111,1.0,92.65
5112,2.0,92.65
5113,4.0,92.66
5117,4.0,92.66
5118,1.0,92.66
5119,1.0,92.66
5120,3.0,92.67
5121,1.32549019608,92.67
5122,1.0,92.67
5123,3.18823529412,92.67
5124,2.0,92.67
5125,1.0,92.67
5126,1.0,92.67
5128,1.98431372549,92.68
5129,3.0,92.68
5130,1.0,92.68
5131,2.0,92.68
5132,1.98431372549,92.68
5134,3.0,92.69
5136,3.27843137255,92.69
5137,3.0,92.69
5138,2.0,92.69
5139,1.0,92.69
5141,2.0,92.70
5142,1.63921568627,92.70
5143,0.858823529412,92.70
5144,3.0,92.70
5146,0.717647058824,92.70
5148,3.0,92.70
5150,2.14117647059,92.71
5152,1.0,92.71
5153,1.0,92.71
5155,1.0,92.71
5156,1.01568627451,92.71
5157,1.0,92.71
5159,1.0,92.71
5160,1.0,92.71
5162,1.0,92.71
5163,1.0,92.71
5164,2.0,92.72
5165,1.37254901961,92.72
5166,2.0,92.72
5167,3.3568627451,92.72
5170,0.858823529412,92.72
5171,1.0,92.72
5172,1.0,92.72
5173,2.0,92.73
5174,1.96862745098,92.73
5175,1.71764705882,92.73
5176,1.0,92.73
5177,1.0,92.73
5181,1.0,92.73
5182,0.0313725490196,92.73
5184,0.294117647059,92.73
5185,1.45098039216,92.73
5187,0.96862745098,92.73
5191,1.65490196078,92.74
5193,0.858823529412,92.74
5195,0.188235294118,92.74
5196,0.0470588235294,92.74