Elevation,Area,CumArea
880,1.0,0.00
882,1.0,0.00
883,6.0,0.01
884,5.0,0.01
885,16.6549019608,0.03
886,6.27843137255,0.03
887,13.3098039216,0.04
888,13.0,0.06
889,13.9843137255,0.07
890,16.0,0.08
891,13.0,0.09
892,20.0,0.11
893,22.0784313725,0.13
894,26.5294117647,0.16
895,21.7647058824,0.18
896,32.0,0.20
897,26.0,0.23
898,20.0,0.25
899,22.0,0.27
900,31.0,0.29
901,36.0,0.33
902,24.0,0.35
903,34.0,0.38
904,49.0,0.42
905,64.0,0.48
906,57.0,0.53
907,50.4823529412,0.58
908,65.0,0.64
909,52.0,0.68
910,81.0,0.76
911,91.0,0.84
912,85.0,0.91
913,105.0,1.01
914,83.0,1.08
915,101.0,1.17
916,95.0,1.26
917,96.0,1.35
918,108.654901961,1.44
919,98.0,1.53
920,154.0,1.67
921,121.0,1.78
922,169.278431373,1.93
923,135.0,2.05
924,146.0,2.18
925,161.0,2.33
926,165.0,2.48
927,141.0,2.60
928,144.0,2.73
929,169.0,2.89
930,168.0,3.04
931,133.0,3.16
932,133.0,3.28
933,165.0,3.43
934,162.0,3.57
935,146.654901961,3.70
936,184.0,3.87
937,168.062745098,4.02
938,177.0,4.18
939,181.0,4.34
940,174.0,4.50
941,161.0,4.64
942,190.0,4.81
943,188.0,4.98
944,187.874509804,5.15
945,187.0,5.32
946,212.0,5.51
947,183.0,5.68
948,198.0,5.86
949,226.0,6.06
950,203.0,6.24
951,203.0,6.42
952,181.0,6.59
953,217.0,6.78
954,195.984313725,6.96
955,203.0,7.14
956,188.0,7.31
957,190.0,7.48
958,204.858823529,7.67
959,223.0,7.87
960,217.0,8.06
961,197.0,8.24
962,229.937254902,8.45
963,200.0,8.63
964,208.0,8.81
965,202.0,8.99
966,202.0,9.18
967,215.0,9.37
968,201.0,9.55
969,208.717647059,9.74
970,253.188235294,9.97
971,220.0,10.16
972,240.0,10.38
973,234.0,10.59
974,219.0,10.79
975,226.0,10.99
976,231.0,11.20
977,245.905882353,11.42
978,261.639215686,11.66
979,241.0,11.87
980,214.0,12.07
981,228.0,12.27
982,214.0,12.46
983,232.0,12.67
984,246.0,12.89
985,230.435294118,13.10
986,257.0,13.33
987,242.0,13.55
988,246.466666667,13.77
989,302.0,14.04
990,282.0,14.30
991,270.0,14.54
992,280.0,14.79
993,258.435294118,15.03
994,268.811764706,15.27
995,255.0,15.50
996,291.0,15.76
997,278.82745098,16.01
998,284.0,16.27
999,308.0,16.54
1000,254.780392157,16.77
1001,280.235294118,17.02
1002,291.498039216,17.29
1003,315.0,17.57
1004,305.262745098,17.84
1005,277.0,18.09
1006,297.015686275,18.36
1007,323.0,18.65
1008,293.984313725,18.92
1009,290.466666667,19.18
1010,308.0,19.46
1011,343.0,19.76
1012,298.0,20.03
1013,308.0,20.31
1014,346.0,20.62
1015,334.0,20.92
1016,348.0,21.23
1017,302.403921569,21.51
1018,339.764705882,21.81
1019,345.905882353,22.12
1020,331.078431373,22.42
1021,324.0,22.71
1022,292.0,22.98
1023,336.0,23.28
1024,312.68627451,23.56
1025,341.623529412,23.87
1026,384.156862745,24.21
1027,290.0,24.47
1028,357.0,24.80
1029,352.905882353,25.11
1030,363.0,25.44
1031,399.623529412,25.80
1032,370.0,26.13
1033,343.37254902,26.44
1034,397.015686275,26.80
1035,377.0,27.14
1036,318.749019608,27.43
1037,349.262745098,27.74
1038,354.062745098,28.06
1039,350.874509804,28.37
1040,371.0,28.71
1041,389.403921569,29.06
1042,353.0,29.38
1043,369.749019608,29.71
1044,379.560784314,30.05
1045,329.0,30.35
1046,401.623529412,30.71
1047,387.250980392,31.06
1048,398.0,31.41
1049,391.0,31.77
1050,382.403921569,32.11
1051,396.560784314,32.47
1052,410.984313725,32.84
1053,437.670588235,33.23
1054,356.749019608,33.55
1055,390.0,33.90
1056,388.0,34.25
1057,407.780392157,34.62
1058,356.094117647,34.94
1059,371.0,35.27
1060,382.576470588,35.62
1061,386.090196078,35.97
1062,401.529411765,36.33
1063,423.733333333,36.71
1064,404.670588235,37.07
1065,412.466666667,37.44
1066,377.949019608,37.78
1067,433.545098039,38.17
1068,364.545098039,38.50
1069,413.266666667,38.87
1070,390.984313725,39.23
1071,384.231372549,39.57
1072,410.745098039,39.94
1073,393.792156863,40.30
1074,398.356862745,40.65
1075,449.450980392,41.06
1076,356.294117647,41.38
1077,391.0,41.73
1078,413.670588235,42.10
1079,409.031372549,42.47
1080,417.854901961,42.85
1081,431.462745098,43.24
1082,379.478431373,43.58
1083,412.88627451,43.95
1084,409.984313725,44.32
1085,385.0,44.67
1086,367.701960784,45.00
1087,433.062745098,45.39
1088,409.796078431,45.75
1089,395.603921569,46.11
1090,397.874509804,46.47
1091,370.325490196,46.80
1092,373.854901961,47.14
1093,405.294117647,47.50
1094,386.294117647,47.85
1095,382.317647059,48.20
1096,410.623529412,48.56
1097,402.811764706,48.93
1098,364.917647059,49.26
1099,382.31372549,49.60
1100,393.560784314,49.95
1101,395.933333333,50.31
1102,385.462745098,50.66
1103,374.933333333,50.99
1104,393.870588235,51.35
1105,364.717647059,51.68
1106,377.37254902,52.02
1107,419.0,52.39
1108,396.156862745,52.75
1109,376.796078431,53.09
1110,386.0,53.44
1111,350.921568627,53.75
1112,389.435294118,54.10
1113,388.901960784,54.45
1114,398.117647059,54.81
1115,393.960784314,55.17
1116,422.352941176,55.55
1117,411.403921569,55.92
1118,408.588235294,56.28
1119,378.545098039,56.63
1120,392.498039216,56.98
1121,378.729411765,57.32
1122,375.090196078,57.66
1123,379.243137255,58.00
1124,374.57254902,58.34
1125,371.478431373,58.67
1126,365.882352941,59.00
1127,361.262745098,59.32
1128,382.525490196,59.67
1129,346.749019608,59.98
1130,331.141176471,60.28
1131,344.764705882,60.59
1132,339.698039216,60.89
1133,335.933333333,61.20
1134,386.870588235,61.54
1135,365.670588235,61.87
1136,367.2,62.20
1137,339.058823529,62.51
1138,345.560784314,62.82
1139,363.388235294,63.15
1140,335.156862745,63.45
1141,363.164705882,63.78
1142,376.207843137,64.11
1143,354.262745098,64.43
1144,338.168627451,64.74
1145,325.839215686,65.03
1146,348.545098039,65.34
1147,327.733333333,65.64
1148,355.074509804,65.96
1149,371.278431373,66.29
1150,328.207843137,66.59
1151,374.388235294,66.93
1152,349.011764706,67.24
1153,362.623529412,67.57
1154,344.22745098,67.88
1155,321.619607843,68.17
1156,316.725490196,68.45
1157,363.717647059,68.78
1158,345.368627451,69.09
1159,329.51372549,69.39
1160,354.51372549,69.70
1161,340.388235294,70.01
1162,349.733333333,70.33
1163,318.698039216,70.61
1164,284.937254902,70.87
1165,343.168627451,71.18
1166,317.278431373,71.46
1167,318.325490196,71.75
1168,305.37254902,72.02
1169,356.054901961,72.35
1170,330.839215686,72.64
1171,294.776470588,72.91
1172,308.603921569,73.19
1173,306.51372549,73.46
1174,311.043137255,73.74
1175,321.71372549,74.03
1176,320.509803922,74.32
1177,285.952941176,74.58
1178,285.635294118,74.83
1179,309.309803922,75.11
1180,282.156862745,75.37
1181,293.105882353,75.63
1182,296.415686275,75.90
1183,315.650980392,76.18
1184,315.882352941,76.47
1185,298.466666667,76.73
1186,307.450980392,77.01
1187,316.623529412,77.30
1188,295.776470588,77.56
1189,304.282352941,77.84
1190,295.211764706,78.10
1191,297.37254902,78.37
1192,303.811764706,78.64
1193,313.698039216,78.92
1194,280.874509804,79.18
1195,309.984313725,79.46
1196,314.588235294,79.74
1197,316.682352941,80.02
1198,302.435294118,80.30
1199,284.011764706,80.55
1200,336.152941176,80.86
1201,296.090196078,81.12
1202,305.811764706,81.40
1203,309.490196078,81.68
1204,286.91372549,81.93
1205,289.376470588,82.19
1206,297.42745098,82.46
1207,282.717647059,82.72
1208,289.850980392,82.98
1209,263.694117647,83.21
1210,255.607843137,83.44
1211,284.91372549,83.70
1212,300.262745098,83.97
1213,280.509803922,84.22
1214,285.694117647,84.48
1215,263.384313725,84.72
1216,274.709803922,84.96
1217,256.996078431,85.20
1218,284.760784314,85.45
1219,263.031372549,85.69
1220,269.188235294,85.93
1221,276.168627451,86.18
1222,257.576470588,86.41
1223,237.403921569,86.63
1224,249.360784314,86.85
1225,278.905882353,87.10
1226,243.007843137,87.32
1227,267.654901961,87.56
1228,255.68627451,87.79
1229,244.756862745,88.01
1230,250.078431373,88.24
1231,266.321568627,88.48
1232,269.109803922,88.72
1233,231.807843137,88.93
1234,215.729411765,89.12
1235,222.862745098,89.32
1236,236.623529412,89.53
1237,237.619607843,89.75
1238,215.37254902,89.94
1239,230.760784314,90.15
1240,237.37254902,90.36
1241,210.623529412,90.55
1242,223.462745098,90.75
1243,202.431372549,90.94
1244,235.709803922,91.15
1245,217.498039216,91.34
1246,237.356862745,91.56
1247,206.615686275,91.74
1248,246.905882353,91.97
1249,205.184313725,92.15
1250,221.960784314,92.35
1251,225.317647059,92.55
1252,237.498039216,92.77
1253,220.811764706,92.97
1254,211.294117647,93.16
1255,233.380392157,93.37
1256,230.776470588,93.57
1257,196.882352941,93.75
1258,206.474509804,93.94
1259,215.325490196,94.13
1260,197.0,94.31
1261,196.529411765,94.48
1262,200.996078431,94.67
1263,212.760784314,94.86
1264,204.462745098,95.04
1265,194.08627451,95.22
1266,192.917647059,95.39
1267,184.901960784,95.56
1268,197.447058824,95.73
1269,178.780392157,95.89
1270,196.168627451,96.07
1271,164.654901961,96.22
1272,220.639215686,96.42
1273,212.71372549,96.61
1274,181.682352941,96.77
1275,169.498039216,96.92
1276,188.623529412,97.09
1277,210.105882353,97.28
1278,169.058823529,97.44
1279,189.988235294,97.61
1280,164.498039216,97.75
1281,185.890196078,97.92
1282,227.51372549,98.13
1283,193.2,98.30
1284,182.619607843,98.47
1285,158.980392157,98.61
1286,188.662745098,98.78
1287,186.309803922,98.95
1288,167.184313725,99.10
1289,181.698039216,99.26
1290,183.215686275,99.42
1291,183.870588235,99.59
1292,184.650980392,99.76
1293,174.541176471,99.91
1294,205.525490196,100.10
1295,163.654901961,100.25
1296,176.607843137,100.40
1297,172.388235294,100.56
1298,173.576470588,100.72
1299,176.945098039,100.88
1300,194.137254902,101.05
1301,169.529411765,101.20
1302,179.231372549,101.36
1303,167.125490196,101.51
1304,164.415686275,101.66
1305,175.949019608,101.82
1306,163.094117647,101.97
1307,197.662745098,102.15
1308,152.560784314,102.28
1309,171.592156863,102.44
1310,162.419607843,102.58
1311,164.639215686,102.73
1312,171.51372549,102.89
1313,158.619607843,103.03
1314,165.22745098,103.18
1315,170.058823529,103.33
1316,184.058823529,103.50
1317,175.68627451,103.65
1318,152.952941176,103.79
1319,143.152941176,103.92
1320,137.854901961,104.04
1321,157.964705882,104.19
1322,137.996078431,104.31
1323,152.901960784,104.45
1324,133.952941176,104.57
1325,151.211764706,104.71
1326,130.71372549,104.82
1327,150.819607843,104.96
1328,155.88627451,105.10
1329,144.258823529,105.23
1330,124.505882353,105.34
1331,131.88627451,105.46
1332,125.196078431,105.57
1333,148.749019608,105.71
1334,146.541176471,105.84
1335,144.521568627,105.97
1336,154.356862745,106.11
1337,126.043137255,106.22
1338,128.607843137,106.34
1339,157.2,106.48
1340,137.670588235,106.60
1341,135.741176471,106.72
1342,143.82745098,106.85
1343,139.117647059,106.98
1344,129.164705882,107.09
1345,127.749019608,107.21
1346,141.133333333,107.34
1347,146.588235294,107.47
1348,139.341176471,107.59
1349,126.294117647,107.71
1350,117.952941176,107.81
1351,145.811764706,107.94
1352,150.509803922,108.08
1353,126.137254902,108.19
1354,129.560784314,108.31
1355,125.654901961,108.42
1356,130.466666667,108.54
1357,138.949019608,108.67
1358,139.31372549,108.79
1359,117.043137255,108.90
1360,123.356862745,109.01
1361,137.694117647,109.13
1362,135.015686275,109.25
1363,117.482352941,109.36
1364,112.592156863,109.46
1365,120.270588235,109.57
1366,101.756862745,109.66
1367,107.874509804,109.76
1368,109.819607843,109.86
1369,113.0,109.96
1370,119.905882353,110.07
1371,94.8274509804,110.15
1372,107.858823529,110.25
1373,115.184313725,110.35
1374,120.701960784,110.46
1375,110.262745098,110.56
1376,94.1215686275,110.64
1377,128.996078431,110.76
1378,106.435294118,110.86
1379,108.101960784,110.95
1380,98.0705882353,111.04
1381,94.7490196078,111.13
1382,103.811764706,111.22
1383,103.980392157,111.31
1384,112.309803922,111.42
1385,104.635294118,111.51
1386,110.650980392,111.61
1387,107.749019608,111.71
1388,97.5450980392,111.79
1389,82.9058823529,111.87
1390,109.149019608,111.97
1391,108.078431373,112.06
1392,110.0,112.16
1393,109.078431373,112.26
1394,89.8862745098,112.34
1395,104.325490196,112.44
1396,79.7176470588,112.51
1397,106.152941176,112.60
1398,110.309803922,112.70
1399,110.619607843,112.80
1400,82.8745098039,112.88
1401,85.8431372549,112.95
1402,102.811764706,113.05
1403,85.1058823529,113.12
1404,99.2274509804,113.21
1405,90.4235294118,113.29
1406,98.1843137255,113.38
1407,102.921568627,113.47
1408,97.4039215686,113.56
1409,108.901960784,113.66
1410,90.9058823529,113.74
1411,101.152941176,113.83
1412,104.588235294,113.93
1413,98.4156862745,114.02
1414,91.4156862745,114.10
1415,83.0705882353,114.17
1416,102.874509804,114.27
1417,92.8274509804,114.35
1418,101.02745098,114.44
1419,76.4352941176,114.51
1420,92.3725490196,114.59
1421,91.3098039216,114.67
1422,80.6039215686,114.75
1423,80.0156862745,114.82
1424,83.5568627451,114.89
1425,84.2941176471,114.97
1426,80.6235294118,115.04
1427,84.0784313725,115.12
1428,82.9058823529,115.19
1429,76.6549019608,115.26
1430,94.3882352941,115.35
1431,75.8274509804,115.41
1432,86.6078431373,115.49
1433,96.6078431373,115.58
1434,62.0235294118,115.64
1435,77.5921568627,115.71
1436,81.9647058824,115.78
1437,85.0,115.86
1438,78.8431372549,115.93
1439,97.1254901961,116.01
1440,67.9176470588,116.07
1441,93.031372549,116.16
1442,54.8588235294,116.21
1443,75.8431372549,116.28
1444,79.8745098039,116.35
1445,81.7333333333,116.42
1446,81.0588235294,116.49
1447,70.8862745098,116.56
1448,76.7647058824,116.63
1449,65.937254902,116.69
1450,73.8078431373,116.75
1451,66.6862745098,116.81
1452,74.4666666667,116.88
1453,62.6235294118,116.94
1454,68.2,117.00
1455,64.6078431373,117.06
1456,80.5294117647,117.13
1457,48.062745098,117.17
1458,51.4980392157,117.22
1459,51.3294117647,117.26
1460,58.2901960784,117.32
1461,54.4039215686,117.37
1462,59.9921568627,117.42
1463,53.0862745098,117.47
1464,62.0274509804,117.52
1465,45.0156862745,117.56
1466,43.1568627451,117.60
1467,62.1098039216,117.66
1468,60.1568627451,117.71
1469,55.6705882353,117.76
1470,39.2470588235,117.80
1471,46.4509803922,117.84
1472,66.1725490196,117.90
1473,65.3254901961,117.96
1474,51.0,118.00
1475,47.1176470588,118.05
1476,41.6078431373,118.08
1477,62.3882352941,118.14
1478,54.5294117647,118.19
1479,59.0,118.24
1480,66.8705882353,118.30
1481,43.3882352941,118.34
1482,43.062745098,118.38
1483,58.2352941176,118.43
1484,52.8745098039,118.48
1485,57.1843137255,118.53
1486,51.5921568627,118.58
1487,49.7333333333,118.62
1488,49.4823529412,118.67
1489,71.6235294118,118.73
1490,49.5450980392,118.78
1491,45.6392156863,118.82
1492,62.0941176471,118.87
1493,52.0,118.92
1494,53.4784313725,118.97
1495,42.3764705882,119.01
1496,58.0784313725,119.06
1497,37.1882352941,119.09
1498,46.0588235294,119.13
1499,36.1411764706,119.17
1500,48.0,119.21
1501,37.0941176471,119.24
1502,51.8901960784,119.29
1503,40.9529411765,119.33
1504,41.2156862745,119.36
1505,37.8274509804,119.40
1506,53.0588235294,119.45
1507,32.368627451,119.47
1508,30.6666666667,119.50
1509,49.1058823529,119.55
1510,46.0745098039,119.59
1511,25.9058823529,119.61
1512,48.9333333333,119.66
1513,40.8588235294,119.69
1514,41.6705882353,119.73
1515,42.5098039216,119.77
1516,36.7607843137,119.80
1517,28.1882352941,119.83
1518,44.3725490196,119.87
1519,29.3725490196,119.89
1520,32.0431372549,119.92
1521,35.4588235294,119.95
1522,40.2784313725,119.99
1523,27.6980392157,120.01
1524,34.0470588235,120.05
1525,26.062745098,120.07
1526,33.4823529412,120.10
1527,26.6235294118,120.12
1528,25.1568627451,120.15
1529,24.4196078431,120.17
1530,28.2039215686,120.19
1531,31.2,120.22
1532,20.4823529412,120.24
1533,25.062745098,120.26
1534,26.2784313725,120.29
1535,25.5411764706,120.31
1536,18.0,120.32
1537,21.031372549,120.34
1538,24.0,120.37
1539,17.0,120.38
1540,23.3411764706,120.40
1541,22.5254901961,120.42
1542,22.9843137255,120.44
1543,24.7294117647,120.46
1544,18.968627451,120.48
1545,22.0941176471,120.50
1546,17.0901960784,120.52
1547,20.7490196078,120.54
1548,12.3568627451,120.55
1549,19.0,120.56
1550,23.0,120.58
1551,14.0,120.60
1552,22.6392156863,120.62
1553,16.031372549,120.63
1554,23.0,120.65
1555,19.0,120.67
1556,11.0,120.68
1557,12.7490196078,120.69
1558,11.0,120.70
1559,17.1411764706,120.72
1560,20.0,120.73
1561,13.0,120.75
1562,16.7803921569,120.76
1563,20.8588235294,120.78
1564,20.9843137255,120.80
1565,19.262745098,120.82
1566,18.7176470588,120.83
1567,19.0588235294,120.85
1568,8.81176470588,120.86
1569,17.0,120.87
1570,19.7019607843,120.89
1571,19.0,120.91
1572,14.0,120.92
1573,12.3411764706,120.93
1574,22.4980392157,120.95
1575,17.4980392157,120.97
1576,4.37254901961,120.97
1577,19.1568627451,120.99
1578,21.0,121.01
1579,17.0,121.02
1580,4.5137254902,121.03
1581,18.0,121.04
1582,15.3725490196,121.06
1583,12.4235294118,121.07
1584,18.0,121.09
1585,8.0,121.09
1586,10.0,121.10
1587,17.2509803922,121.12
1588,9.07843137255,121.13
1589,9.37254901961,121.13
1590,14.8901960784,121.15
1591,20.0,121.16
1592,16.7019607843,121.18
1593,14.8588235294,121.19
1594,8.0,121.20
1595,13.0,121.21
1596,21.2941176471,121.23
1597,10.0,121.24
1598,14.0,121.25
1599,21.6705882353,121.27
1600,11.0,121.28
1601,5.0,121.29
1602,13.0,121.30
1603,13.0,121.31
1604,12.0,121.32
1605,5.0,121.33
1606,13.0,121.34
1607,4.98431372549,121.34
1608,11.0,121.35
1609,12.0,121.36
1610,12.0,121.37
1611,6.0,121.38
1612,9.0,121.39
1613,10.0,121.40
1614,13.3725490196,121.41
1615,6.25098039216,121.41
1616,6.0,121.42
1617,15.0,121.43
1618,8.6862745098,121.44
1619,9.87450980392,121.45
1620,6.79607843137,121.46
1621,12.4509803922,121.47
1622,7.81176470588,121.47
1623,10.0,121.48
1624,9.49803921569,121.49
1625,14.2941176471,121.50
1626,3.0,121.51
1627,10.5607843137,121.52
1628,7.95294117647,121.52
1629,10.2470588235,121.53
1630,15.062745098,121.55
1631,9.93725490196,121.55
1632,11.0,121.56
1633,13.0,121.58
1634,11.0156862745,121.59
1635,7.0,121.59
1636,8.03137254902,121.60
1637,9.12549019608,121.61
1638,9.6862745098,121.62
1639,4.3568627451,121.62
1640,8.0,121.63
1641,7.30980392157,121.63
1642,10.0,121.64
1643,8.65490196078,121.65
1644,10.0,121.66
1645,7.34117647059,121.67
1646,3.34117647059,121.67
1647,8.0,121.68
1648,5.0,121.68
1649,8.0,121.69
1650,7.14117647059,121.70
1651,11.0,121.71
1652,6.90588235294,121.71
1653,2.0,121.71
1654,4.85882352941,121.72
1655,8.52941176471,121.73
1656,4.0,121.73
1657,8.0,121.74
1658,10.0,121.74
1659,5.03137254902,121.75
1660,5.0,121.75
1661,7.0,121.76
1662,6.0,121.77
1663,7.0,121.77
1664,3.98431372549,121.78
1665,4.0,121.78
1666,3.0,121.78
1667,9.0,121.79
1668,6.0,121.80
1669,6.0,121.80
1670,5.0,121.81
1671,6.0,121.81
1672,3.1568627451,121.81
1673,5.0,121.82
1674,4.0,121.82
1675,7.0,121.83
1676,6.0,121.83
1677,7.85882352941,121.84
1678,7.52941176471,121.85
1679,2.0,121.85
1680,3.04705882353,121.85
1681,7.0,121.86
1682,6.48235294118,121.86
1683,5.0,121.87
1684,6.0,121.87
1685,6.0,121.88
1686,3.0,121.88
1687,6.54509803922,121.89
1688,2.0,121.89
1689,8.0,121.90
1690,7.98431372549,121.90
1691,5.40392156863,121.91
1692,4.8431372549,121.91
1693,7.0,121.92
1694,5.3568627451,121.92
1695,1.0,121.93
1696,6.45098039216,121.93
1697,9.38823529412,121.94
1698,3.0,121.94
1699,4.0,121.95
1700,4.0,121.95
1701,1.0,121.95
1702,5.07450980392,121.95
1703,3.0,121.96
1704,2.23529411765,121.96
1705,1.87450980392,121.96
1706,1.54509803922,121.96
1707,4.0,121.97
1708,3.0,121.97
1710,2.54509803922,121.97
1711,2.0,121.97
1713,3.0,121.98
1714,1.21960784314,121.98
1715,1.03137254902,121.98
1716,2.87058823529,121.98
1717,1.0,121.98
1718,2.0,121.98
1719,2.0,121.98
1720,2.0,121.99
1721,1.48235294118,121.99
1722,2.32549019608,121.99
1724,4.0,121.99
1725,3.0,122.00
1726,1.0,122.00
1727,2.0,122.00
1728,3.1568627451,122.00
1730,4.0,122.01
1731,3.0,122.01
1732,2.0,122.01
1733,5.49803921569,122.01
1734,1.0,122.02
1735,1.0,122.02
1736,1.0,122.02
1737,5.0,122.02
1738,1.0,122.02
1741,4.0,122.03
1742,1.0,122.03
1743,3.0,122.03
1744,2.0,122.03
1745,1.0,122.03
1746,5.0,122.04
1747,3.0,122.04
1751,4.0,122.04
1753,1.0,122.04
1755,3.96862745098,122.05
1756,6.27843137255,122.05
1757,1.0,122.05
1758,1.0,122.06
1759,1.62352941176,122.06
1760,3.45098039216,122.06
1761,1.0,122.06
1762,2.0,122.06
1764,4.0,122.07
1765,1.0,122.07
1766,3.0,122.07
1767,2.0,122.07
1769,1.0,122.07
1770,3.0,122.08
1772,1.0,122.08
1773,2.0,122.08
1775,1.0,122.08
1776,2.0,122.08
1778,1.0,122.08
1779,2.0,122.08
1780,2.0,122.09
1781,2.0,122.09
1782,1.0,122.09
1783,1.0,122.09
1784,2.0,122.09
1785,1.0,122.09
1786,1.0,122.09
1787,1.0,122.09
1792,1.0,122.09