Date,Rarea,NDWI,MNDWI
2013-04-01,68.5702497884,4.92641615479,5.8440484728
2013-07-16,74.688059954,5.09655139307,5.83330406663
2013-10-20,62.6258853128,3.89309492627,6.18661548186
2013-11-21,67.5213587617,5.16660706055,6.40773134965
2014-03-29,70.8587037448,4.46354902954,6.30120579444
2014-05-16,74.0481213367,5.87717268628,7.25449376213
2014-06-17,74.688059954,5.74706980542,7.58793572614
2014-07-03,66.4050228545,5.49937210474,7.64830772605
2014-07-19,74.688059954,5.2141458064,6.64144709227
2014-08-20,74.688059954,3.83805233423,6.81541893555
2014-10-23,71.7610063552,5.88718064307,7.0593483503
2014-11-08,61.0217063155,4.88138027466,6.99373668994
2014-12-10,73.1112098474,5.73455962915,7.90889706049
2014-12-26,73.8193816951,5.9372204895,7.12211398651
2015-01-11,73.7586942741,5.73706146704,7.84580773553
2015-02-28,73.3029493856,5.35425661743,7.14063816381
2015-09-24,67.4710175337,0.660525710205,3.70294485449
2015-12-29,74.688059954,5.76708497656,7.90522743971
2016-01-14,70.9977307775,4.92891921411,8.51047369879
2016-01-30,69.098204889,4.74126965845,7.67178574287
2016-03-02,67.9156942943,2.22176688867,6.83655333607
2016-05-21,73.2437089668,6.05231238013,7.49369418104
2016-06-22,74.688059954,4.97395370435,5.34424827148
2016-07-08,74.688059954,6.35004910474,7.47844664795
2016-08-09,71.1903240439,0.0,4.82133191333
2017-04-22,69.6541535284,6.0573167124,8.83970784621
2017-05-24,74.688059954,6.44262304492,7.88743886278
2017-07-27,74.5443179401,5.20413878052,7.84490468773
2017-10-15,74.0420578133,5.72705318066,8.04580027082
2017-12-02,67.6662904173,6.21744341333,7.86256564229
2017-12-18,74.688059954,5.69202508936,6.88737777497
2018-01-03,74.688059954,5.56692552075,6.54210305695
2018-01-19,73.0735292734,5.06152315088,7.54773712155
2018-02-20,71.2294347257,4.48606620874,6.47697231465
2018-04-09,74.482896267,5.6945271499,7.05329426392
2018-06-28,71.9753170328,4.56863126904,7.44732388845
2018-07-14,74.688059954,5.62697356958,7.32082123364
2018-08-31,74.6070050948,5.39929309473,7.46330759311
2019-01-22,70.3121429999,6.20993736475,8.31578032856
2019-04-28,70.1909457598,5.131581052,7.52331633756
2019-05-14,74.5904821654,0.0,8.02504857835
2019-07-17,74.688059954,6.4025909043,7.51787997834
2019-08-02,72.3147781089,1.72887481714,8.95309354692
2019-09-03,74.688059954,4.72125453027,7.04676974461