Date,Rarea,NDWI,MNDWI
2013-04-03,122.126034939,6.44515436646,7.98282500105
2013-08-05,138.566678858,19.8858995398,25.5693642201
2013-11-09,122.603984589,29.2308691396,35.0458394958
2014-01-12,133.833780193,29.8834493205,36.6164178798
2014-01-28,122.528220084,25.8946703991,31.3628924501
2014-03-17,143.188274137,29.9930174369,32.7421064563
2014-06-05,138.396325199,24.3569739038,26.0526235871
2014-10-27,132.259401765,29.4160175457,38.3271085548
2014-11-12,121.508498244,29.1357437154,35.3742961909
2015-02-16,116.328596224,21.5675002696,24.3158438151
2015-10-30,116.772723091,16.6007725354,19.7082559956
2016-01-18,144.526441791,28.3977039351,33.6545518203
2016-02-19,144.208687661,28.1074720464,31.8424864493
2016-03-06,129.351300742,22.7456855,25.1797385403
2016-03-22,121.609303216,24.3594757915,27.8642184374
2016-11-01,120.670287282,29.3386012361,36.4774231687
2016-12-19,144.528943792,32.6855027274,37.7491467982
2017-01-04,130.478024831,30.4368328552,37.0282377993
2017-01-20,120.831042266,28.1374966042,32.9235369141
2017-02-21,123.87554683,28.6954409529,31.304202794
2017-03-09,139.437022444,30.369279002,32.4410820633
2017-08-16,123.055255682,26.753889136,31.5914710192
2017-11-20,137.65910933,28.6169170827,34.539806253
2017-12-06,120.568698052,27.8679262109,33.8965669928
2017-12-22,142.192968622,31.1722251013,36.4364709939
2018-01-23,133.583161896,29.7492049866,34.7999673211
2018-02-08,144.528943792,30.8196394285,34.152518407
2018-02-24,144.523939797,30.5569293901,33.2785551831
2018-10-06,132.138592618,25.4778701191,30.9983996766
2018-11-23,144.528943792,26.9848202721,31.6470554934
2018-12-09,139.654596179,26.6513085427,32.5944890152
2019-02-11,138.453459848,25.7341928973,30.2897164788
2019-02-27,134.076596135,23.987149052,26.1077263365
2019-05-02,139.055215193,16.0041112486,18.1776036581