Date,Rarea,NDWI,MNDWI
2013-04-02,104.018328976,9.99672039282,10.233792324
2013-04-12,104.017285385,9.90421584692,10.098900771
2013-04-28,104.017285385,9.7457537585,9.85058535444
2013-05-14,104.017285385,9.60847680757,9.7391670097
2013-05-23,104.018328976,9.54662755937,9.73117827396
2013-05-30,104.017285385,9.56979670241,9.65772998382
2013-06-15,104.017285385,9.52321738202,9.65187680612
2013-07-01,104.017285385,9.35598811761,9.40349472658
2013-07-10,104.018328976,9.03909618316,9.1289391087
2013-07-17,104.017285385,8.7733041655,8.84283186853
2013-07-26,104.013338455,8.01095678814,8.12906963187
2013-08-02,104.017285385,7.5424367948,7.5876429428
2013-08-11,104.018328976,7.01619644926,7.13099500663
2013-08-18,104.017285385,6.61331302754,6.73682705957
2013-08-27,95.1768428556,5.1346130894,5.16545855884
2013-09-03,104.017285385,6.20396540278,6.28255377563
2013-09-12,104.01583367,6.13620276343,6.22105095532
2013-09-28,92.1451393954,5.73443369727,5.92908192529
2013-11-06,104.017285385,2.11170600073,2.40872388013
2013-11-15,104.018328976,2.00875283423,2.07862345874
2014-01-02,104.018328976,6.07134108521,7.06929223404
2014-02-03,103.82902807,17.6980480204,19.5721365876
2014-03-14,102.908119323,20.3063630908,21.4483192814
2014-03-23,84.3128965196,19.7168012426,21.75302988
2014-03-30,104.017285385,20.0418044187,20.7692696058
2014-04-08,104.013338039,19.9314213239,20.593400074
2014-04-15,104.008984627,19.8933301977,20.5960114939
2014-05-01,104.017285385,19.8259381835,20.341229056
2014-05-10,104.018328976,19.7907741955,20.309842216
2014-05-17,104.017285385,19.7319164909,20.2062206725
2014-05-26,103.886061605,19.708457276,20.1891158081
2014-06-02,104.017285385,19.4848167738,19.9038194146
2014-06-11,104.005851154,19.6151817042,20.0119749379
2014-06-27,104.018328976,19.1614007441,19.614533658
2014-07-04,104.017285385,19.1710281654,19.5628074911
2014-07-13,104.013338039,19.0846862737,19.3669624628
2014-07-20,104.017285385,18.896480286,19.2433699613
2014-07-29,104.008346859,18.6505849803,18.9299706951
2014-08-05,104.017285385,18.5002914775,18.7179824131
2014-08-14,104.018328976,18.1494708309,18.4904493279
2014-08-21,104.017285385,18.0949247047,18.4006192486
2014-09-15,103.765715591,17.8195271844,18.1612247241
2014-09-22,103.63281019,17.3612159665,17.7307655424
2014-10-08,101.947393245,17.0861511997,17.5446111091
2014-10-17,103.548645423,16.4351564736,16.8804937711
2014-11-09,104.017285385,13.5436141477,15.9286775316
2014-11-25,104.012293325,12.6223507102,15.1173246184
2014-12-04,104.01583367,12.514652634,14.5211364539
2014-12-20,104.018328976,12.0729479138,13.8448339651
2014-12-27,103.918847451,12.2229752439,13.7229830891
2015-01-28,104.017285385,14.1634202161,15.609266232
2015-03-01,87.1331995423,12.8694281708,15.6823151655
2015-03-26,99.9738346635,15.2184224783,16.7286683617
2015-04-02,101.636609819,15.0389603248,15.8980920193
2015-05-04,104.017285385,14.7379462266,15.2099398898
2015-05-20,104.017285385,14.6761000915,15.1237609294
2015-05-29,104.01583367,14.6141240345,15.065812306
2015-06-05,104.017285385,14.6174885979,15.0043178582
2015-06-14,104.013338041,14.6018724249,14.9460198423
2015-06-21,104.017285385,14.5803968625,14.8783136394
2015-06-30,104.018328976,14.4692828686,14.7164241045
2015-07-07,104.017285385,14.1570363088,14.4802214165
2015-07-16,104.018328976,13.5833556174,13.8804077991
2015-07-23,104.017285385,13.1711621677,13.4054215306
2015-08-01,104.018328976,12.8181250306,13.1376727623
2015-08-08,104.017285385,12.4756641242,12.6968969733
2015-08-24,104.017285385,12.0994392626,12.4189206196
2015-09-09,104.017285385,11.3793355068,11.6513936577
2015-09-18,104.01583367,11.2120241621,11.4881202185
2015-10-04,103.659016529,10.4259342207,10.7228941462
2015-10-11,93.7410887746,8.40159648218,8.84881100478
2015-10-20,104.018328976,8.76893580688,9.19566326343
2015-10-27,104.015141698,8.50148158911,8.82096892163
2015-11-21,104.018328976,7.11193238721,7.38643317969
2015-11-28,90.4392998764,6.08037652026,6.39737290479
2015-12-07,104.018328976,5.37009918677,5.60716435352
2015-12-14,104.017285385,4.79743196826,5.18182033789
2015-12-23,104.018328976,4.75122626123,5.05067778223
2015-12-30,91.1635755677,2.47613737476,5.23672881592
2016-01-15,95.2591932003,4.86017165524,6.23143521228
2016-01-24,104.018328976,4.77867800488,5.23035379565
2016-02-16,102.625098941,2.70078984741,7.7877537409
2016-03-12,84.7141856047,3.0568081875,8.2721564842
2016-03-28,104.018328976,5.01823707202,6.37327195972
2016-04-13,104.015833763,3.20155408569,5.27027812134
2016-04-29,104.018328976,4.57065415385,4.84764571757
2016-05-06,104.017285385,4.50290444507,4.79712229998
2016-05-15,104.018328976,4.38099855278,4.67296368535
2016-05-22,104.017285385,4.32166428479,4.62739145306
2016-05-31,104.018328976,4.27607159305,4.57392980785
2016-06-07,104.017285385,4.18153409637,4.49260540789
2016-06-16,104.015833347,4.19531812153,4.43745439214
2016-06-23,104.017285385,4.10192307171,4.30879045286
2016-07-02,104.013338041,4.05339164857,4.30519700616
2016-07-09,104.017285385,3.93477990261,4.20898771844
2016-07-18,104.01583367,3.8310633626,4.00324980962
2016-07-25,104.017285385,3.69231314153,3.87861507783
2016-08-03,104.01583367,3.61158270856,3.78376772736
2016-08-19,101.838235192,3.36785209233,3.55840619556
2016-08-26,104.017285385,3.2387030456,3.43838592329
2016-09-04,104.018328976,2.81227191626,3.04434710815
2016-09-11,104.017285385,2.28393549609,2.53353910669
2016-09-20,97.2309669577,2.57414890905,2.92431892809
2016-09-27,104.017285385,2.04181530103,2.08674505249
2016-10-06,104.018328976,2.12603016772,2.16345943677
2016-10-13,104.017285385,1.95694736133,2.00437374829
2016-10-22,104.018328976,1.93638760986,2.01374404834
2016-10-29,104.017285385,1.89704113794,1.95195521948
2016-11-07,97.9432635672,1.78916251538,1.87899490649
2016-11-14,104.017285385,1.84961497925,1.88206440552
2016-11-23,104.018328976,1.77918121069,1.81661148193
2016-11-30,101.480061058,1.99582081878,2.54673618822
2016-12-16,104.017285385,1.82465383838,2.16660510522
2017-01-01,104.017285385,2.19154808154,2.9004061189
2017-01-10,104.010460483,2.04619742358,3.75970341254
2017-02-18,103.246476054,2.65334693726,2.96784523926
2017-03-15,104.015833763,4.29209930859,6.36338771631
2017-03-31,100.729991651,5.60219509863,6.70546326751
2017-04-16,104.018328976,6.13780093901,6.59123976406
2017-04-23,104.017285385,5.69101033984,6.44978045044
2017-05-02,103.916009056,5.71855962675,6.18770848759
2017-05-09,103.218662936,5.60788032711,6.36248238749
2017-05-18,104.018328976,4.43679233716,5.36510648633
2017-06-03,104.003355937,5.2362359242,5.48067254328
2017-06-10,104.017285385,5.17271062274,5.36963407586
2017-06-19,104.018328976,5.83063660562,5.97775074302
2017-06-26,104.017285385,4.94678422386,5.09787880305
2017-07-05,103.911017568,4.1481513948,4.32516796832
2017-07-12,104.017285385,3.45294802093,3.67642722902
2017-07-21,104.018328976,2.80038244892,3.0601006485
2017-07-28,104.017285385,2.4109786113,2.53165028973
2017-08-06,104.01583367,2.25240610698,2.31229483305
2017-08-13,104.017285385,2.17160567578,2.23400846973
2017-08-22,104.018328976,2.07273492949,2.15348806763
2017-08-29,104.017285385,2.0356080959,2.12168719678
2017-09-07,104.018328976,1.9629365916,2.03031272416
2017-09-30,104.017285385,1.87956807642,1.91700968604
2017-10-09,104.018328976,1.81411638672,1.86402329224
2017-10-25,103.998366865,1.67936753857,1.73676017017
2017-11-01,104.017285385,1.69485596802,1.74727431421
2017-11-10,85.1138334278,1.60700288794,1.69184520703
2017-11-26,94.8664493955,0.0723635170898,0.184651271973
2017-12-03,94.3227065458,0.376909284912,0.796254694092
2018-01-04,104.017285385,1.70733739722,2.12916472314
2018-02-05,84.6130621945,4.89647094175,9.87888942591
2018-03-02,84.5461053176,16.0401709283,18.1382927188
2018-03-18,104.018054945,17.7728922443,18.7832216206
2018-04-03,90.2861050222,17.8651868188,20.0376929943
2018-04-10,104.002310371,17.571773382,18.649259333
2018-04-19,104.005851327,17.6855090055,18.4347025073
2018-05-05,104.018328976,17.5024738015,18.2534570164
2018-05-12,94.1522678847,17.4110337273,18.9582246773
2018-05-21,103.998364689,17.5066421935,18.1206456397
2018-05-28,104.017285385,17.4651687665,18.0743610806
2018-06-06,104.015833345,17.2512863383,17.9517428648
2018-06-22,104.003355851,17.5070271566,18.1345667533
2018-06-29,104.017285385,17.3018930205,17.7827021217
2018-07-08,104.018328976,17.421591107,17.8850123222
2018-07-15,104.017285385,17.0253924607,17.5095923836
2018-07-24,104.018328976,16.5886851521,17.062277153
2018-07-31,104.017285385,16.4349627692,16.8821942134
2018-08-09,104.018328976,16.3966828271,16.8984285625
2018-08-16,104.017285385,16.1784198044,16.6824385007
2018-08-25,89.6826400741,16.030419433,16.4557517032
2018-09-01,90.7410934245,15.776641906,17.7442312789
2018-09-10,104.01583367,15.3586187331,15.8364368263
2018-09-26,103.037559332,12.4347988733,14.1692254275
2018-10-19,104.017285385,12.1031779114,14.1597693406
2018-10-28,92.2718327621,9.49258095947,12.3476830631
2018-11-13,86.7249435106,4.26461074121,10.6980923052
2018-11-20,103.041948358,11.11228971,13.4769743171
2018-12-06,96.799017613,10.1463331851,13.0665702583
2019-01-07,99.6836777132,5.25662238086,12.0257669524
2019-01-16,93.5982452311,9.17830637231,11.2520745432
2019-01-23,103.900063093,10.9161932078,12.0848559496
2019-02-08,101.300450598,6.82154410327,12.2254252759
2019-03-12,103.235551756,10.8396822954,13.4669114636
2019-04-13,104.017285385,10.9624610088,12.0257782424
2019-04-22,104.018328976,10.971572657,11.792577179
2019-04-29,104.017285385,10.6776267189,11.4688750014
2019-05-08,104.018328976,10.2752094817,11.1537221224
2019-05-15,104.014789331,10.7013910883,11.1219374269
2019-05-24,104.018328976,10.7293752952,11.0579537535
2019-05-31,104.017285385,10.6976876291,10.9706127043
2019-06-09,103.965923877,10.5274433694,10.8917766128
2019-06-16,84.9872865471,4.77720061785,6.54439609808
2019-06-25,104.000860338,10.476746672,10.8757840494
2019-07-02,104.017285385,10.2345561318,10.7038947171
2019-07-11,104.01583367,10.1644957121,10.6186712412
2019-07-27,104.018328976,9.77527379693,10.0449046956
2019-08-03,104.017285385,9.20662589058,9.57068566211
2019-08-12,104.01583367,8.99761923588,9.26463701225
2019-08-19,104.017285385,8.85188554236,9.05687103657
2019-08-28,104.013338041,8.60583370952,8.9302395164
2019-09-04,88.069207339,9.92352102359,10.7665387275
2019-09-20,103.534332703,7.98479167993,8.58133587622
2019-09-29,104.018328976,7.55364202222,7.92296419214