Date,Rarea,NDWI,MNDWI
2013-05-25,669.190050952,162.00212889,168.269079717
2013-06-26,587.436208042,121.628885039,126.507971348
2013-07-28,665.176650395,168.461652329,170.181360922
2013-10-16,672.669347612,112.290818312,117.769839183
2013-11-17,673.136686406,100.026633477,105.70565807
2013-12-19,673.7430082,91.2749268129,97.6657612525
2014-01-04,673.7430082,85.7155275512,104.907726908
2014-01-20,673.736581789,88.8433019233,115.253239082
2014-02-05,673.736581789,116.343870406,123.048938949
2014-02-21,551.860940078,125.979226234,141.729263309
2014-03-09,583.837229792,210.287383527,224.081544741
2014-04-26,673.682308296,249.319800215,272.770524295
2014-05-28,673.343023462,248.566875672,270.602256371
2014-06-29,595.468249821,216.973702532,236.250126751
2014-08-16,665.375457657,239.368642137,249.947116631
2014-09-01,671.577108187,229.003776094,238.771109524
2014-12-06,673.736581789,125.822310547,132.527358242
2015-02-08,673.7430082,172.780745559,216.325444705
2015-03-12,673.736581789,186.838767183,271.969604924
2015-03-28,601.361110516,229.390000564,252.169174789
2015-06-16,670.378588937,246.528359504,264.627621317
2015-07-18,640.996998534,234.42863273,246.848489685
2015-08-19,672.296637262,242.174284174,254.591012743
2015-10-06,652.492919331,220.031761894,228.01823635
2016-02-11,654.797247336,199.115051906,219.484406168
2016-03-14,673.33663682,198.075661941,210.672408047
2016-03-30,673.736581789,224.150906828,237.776199102
2016-04-15,667.990305069,246.354106079,269.884339651
2016-05-01,673.056608473,246.226599597,267.746297392
2016-06-18,602.608002522,247.206258254,275.155427565
2016-07-20,672.656622308,247.746386929,264.702899207
2016-08-21,660.200598282,235.616865848,248.973619883
2016-09-06,672.703070684,241.375869336,250.814033359
2016-09-22,669.85733141,232.589250804,241.827442597
2016-10-24,673.7430082,208.974506254,215.980019199
2016-11-09,649.429163512,187.218212375,193.904524777
2016-12-11,673.7430082,201.143404594,212.780534688
2017-01-28,673.736581789,191.197089285,200.675273378
2017-02-13,673.736581789,195.396234894,209.073517933
2017-03-01,673.736581789,193.436623738,203.714692367
2017-05-20,574.995312871,166.921865949,184.957501737
2017-06-21,662.041909572,242.147633015,262.371504604
2017-07-23,660.875121055,243.02713882,256.984257777
2017-08-08,642.158611603,236.755567403,250.97346998
2017-09-25,672.896621941,210.033703238,218.512051109
2017-11-12,673.736581789,158.202948906,164.561692933
2017-11-28,647.186106414,118.289631277,126.608106898
2017-12-30,673.7430082,111.071846508,119.197233027
2018-01-15,664.135240829,124.149626887,133.435475481
2018-02-16,669.731493982,185.877839839,196.593389664
2018-03-04,673.7430082,189.058204422,201.022867957
2018-04-05,673.103030868,189.658109114,199.655624891
2018-04-21,673.736581789,188.717519414,197.513455316
2018-05-23,568.118373482,203.016269012,212.530524751
2018-06-08,667.055850628,223.151214492,241.267602171
2018-08-11,664.053624222,220.391641406,229.309830164
2018-08-27,637.273644722,211.814074579,216.49317393
2018-09-12,664.008227327,205.735051102,211.733930872
2018-09-28,621.768203157,177.212046336,186.055989088
2018-10-30,671.501795257,188.491427469,197.127297148
2018-11-15,673.736581789,198.515807863,209.19380732
2019-01-02,669.792399129,178.759179308,197.793188726
2019-02-19,673.736581789,190.357274046,199.633016867
2019-03-07,635.54655441,189.69814027,201.654667331
2019-03-23,622.673407075,196.915676674,220.65868877
2019-04-08,672.536622574,190.31752514,211.609816557
2019-06-27,668.315135901,237.968825477,259.363906211