Date,Rarea,NDWI,MNDWI
2013-04-07,166.643751693,46.9414635323,55.2642105889
2013-04-21,203.148186325,53.5433634516,68.4097070643
2013-05-23,172.836144581,58.7283111971,106.44273268
2013-06-08,193.896076425,148.875128767,192.163923228
2013-06-24,201.965794932,83.9065265854,201.698996762
2013-07-17,172.31803634,171.957908516,172.31803634
2013-08-27,199.817851534,198.19853859,199.807847644
2013-09-19,164.974610181,159.901783345,164.944599964
2013-09-28,191.320840085,184.224009838,190.900684971
2013-10-14,165.049901584,157.397256247,162.239489375
2013-10-21,177.169348531,165.474396085,177.169348531
2013-11-15,175.210440749,68.7418965572,120.012462784
2013-12-01,194.773646047,51.2040246103,86.1813171866
2013-12-17,199.986175837,47.6386166892,62.9664866406
2014-01-02,202.973330818,47.6066030078,55.6725340695
2014-01-09,178.923390647,47.3465059414,53.312962546
2014-01-18,203.759033199,47.2364725898,56.1423698111
2014-01-25,178.25265836,46.7262910977,53.3206197971
2014-02-03,203.638989583,46.3261535479,55.2780430335
2014-02-10,192.375874857,46.0960736221,54.8698128602
2014-02-19,203.799048662,46.0981181569,56.6253472781
2014-02-26,198.011919645,46.3338050205,57.6179919495
2014-03-07,203.658406958,46.3411557126,57.6269627788
2014-03-23,203.418909771,47.4479612515,58.8374631896
2014-03-30,175.933245399,70.2251263945,175.933245399
2014-04-15,181.096797437,50.245854085,74.7604797104
2014-04-24,202.11685624,56.7189782102,76.9422203713
2014-05-26,176.435595833,78.2812690409,167.259577142
2014-06-27,200.577922994,86.958385349,200.577922994
2014-07-20,166.017151543,106.688521535,166.007148098
2014-08-14,203.959109022,155.829416191,203.959109022
2014-09-15,197.068586481,196.708449737,197.068586481
2014-11-02,187.190069699,162.248673758,179.251582541
2014-11-18,173.727096309,102.119130706,141.448324754
2014-12-04,186.823815042,61.7960702186,108.608976105
2014-12-11,165.168460815,44.2124143087,76.1305377688
2014-12-27,195.513934882,47.8617514419,70.7849161214
2015-01-05,199.667976938,47.518570825,64.5223241839
2015-01-12,203.729020911,48.3268636563,61.6810876386
2015-01-21,203.709014323,48.4969228398,59.3066225658
2015-01-28,203.851421951,48.3268617861,57.2649791592
2015-02-06,203.899086814,47.9567340928,57.414580549
2015-02-13,203.68880875,47.4686052506,56.4841083746
2015-02-22,195.392496201,47.4411174377,57.6910980749
2015-03-01,186.415989318,46.4413410083,56.1631812083
2015-03-10,203.769037563,47.6946278699,59.1190644925
2015-03-17,187.637233301,47.3698004381,57.2803355436
2015-04-02,201.889822565,49.8437610929,61.6887692222
2015-04-11,203.949105216,52.5003268456,66.3485621824
2015-04-27,198.194926407,58.6234713079,81.4809317757
2015-06-30,184.632843361,120.952922252,179.568294914
2015-08-17,203.706659506,150.687975679,203.706659506
2015-09-02,200.089087959,199.728959254,200.059077589
2015-09-18,190.743767895,73.1291446121,190.743767895
2015-10-20,197.421549902,182.301215991,197.421549902
2015-11-05,182.53929963,173.534627186,179.963600114
2015-12-23,196.47625689,51.3619884159,77.8779084594
2015-12-30,166.092076254,48.489227684,64.8153166131
2016-01-08,202.221338831,49.1569769896,67.0119307062
2016-01-15,187.160819557,48.7269952695,58.8820561368
2016-01-31,175.702224838,46.1960775078,53.5631488616
2016-02-09,203.909090605,49.7394034186,59.684992073
2016-02-16,203.129704888,49.3416123305,59.1099965427
2016-02-25,203.836711263,50.0995372877,60.257260975
2016-03-03,187.180901746,46.6562980811,74.9985679862
2016-03-12,203.819056033,51.4046803672,62.25686947
2016-03-19,191.067408893,51.6073780005,61.340473866
2016-03-28,182.429909579,42.8400973811,57.5121156839
2016-04-04,199.067613586,54.1328002669,65.5825434465
2016-04-29,202.848713896,202.069693601,202.848713896
2016-06-16,184.462835342,107.792747413,147.841563123
2016-07-02,201.002274023,106.921714662,147.421466506
2016-08-10,179.87808802,178.519776623,179.87808802
2016-11-07,185.000824956,59.8051598654,85.1089734004
2016-11-23,164.895277862,48.2071990276,60.8793067365
2016-11-30,169.040316756,49.8673897939,57.8953068265
2016-12-16,181.897896193,49.3672152402,56.4323309174
2017-01-01,177.498180723,48.2468375244,54.4962066466
2017-01-10,203.173252593,47.74666996,56.8494019217
2017-01-17,182.558144062,47.1464695215,55.3433962925
2017-01-26,203.574765947,46.6262941611,56.8743640671
2017-02-02,198.888630933,46.1461299199,57.1299834085
2017-02-11,203.849067743,45.6079836432,56.0927429469
2017-03-06,197.851860361,44.7006122126,56.253736683
2017-03-15,202.958921346,46.0354494487,58.9850993246
2017-03-22,203.708395495,47.1518112429,59.6710790339
2017-03-31,203.949105216,49.204354403,62.7611620343
2017-04-16,180.638826845,52.9884186068,74.7123749811
2017-05-09,165.732914938,78.1896905459,165.602869779
2017-07-12,180.658444188,124.709707829,180.658444188
2017-07-21,202.96344342,178.714420177,202.96344342
2017-08-06,202.26742759,83.856994653,202.26742759
2017-09-07,196.011066853,187.318549781,196.011066853
2017-10-09,178.57823735,177.269068075,178.541989897
2017-10-25,166.907383708,151.847188521,162.03425283
2017-11-26,185.239307328,67.7116341983,124.661075308
2017-12-12,202.14625876,49.072727823,86.9596057462
2017-12-28,201.94104171,48.1668086182,62.9210330521
2018-01-20,167.25704268,46.3249225036,54.1997445105
2018-01-29,203.488347994,48.5469471104,57.0522907965
2018-02-05,189.214198477,41.0742405186,59.2055242508
2018-02-14,203.628988006,47.928767362,56.8431585375
2018-02-21,203.688116225,47.394985679,57.4575841434
2018-03-02,203.849067691,47.234001598,58.3838309524
2018-03-09,203.776732336,47.8113879776,59.4829330892
2018-03-18,203.959109022,107.881405905,203.959109022
2018-03-25,182.059525844,50.4628892898,73.6011836138
2018-04-03,200.706502859,52.0349476348,68.3458202908
2018-04-19,176.775223426,67.9548431805,94.3493359172
2018-04-26,184.73294691,58.5446325007,77.6623924806
2018-05-05,201.620899896,65.9694319386,95.1533534378
2018-05-12,181.295122889,57.663836211,70.9908098909
2018-05-21,187.605559274,93.4335268371,163.187129648
2018-06-06,203.949105101,88.6841988329,203.949105101
2018-06-22,201.643857132,171.306714231,201.643857132
2018-07-08,203.959109022,98.0110231379,203.959109022
2018-07-24,203.809051104,98.9307992901,203.809051104
2018-08-09,203.959109022,104.529054597,203.959109022
2018-08-16,172.14175275,147.235393821,172.14175275
2018-08-25,203.184104029,103.12682608,203.184104029
2018-09-10,189.789347799,187.300757612,189.060167966
2018-10-03,166.865501381,164.468655448,166.865501381
2018-10-12,195.130724567,147.238881592,195.130724567
2018-11-29,199.047369033,76.7432756761,127.08913903
2018-12-15,195.988462678,52.8815774977,83.2519964207
2018-12-22,192.660867916,49.2921850984,71.3759966935
2018-12-31,198.849322205,48.7963878509,63.9296556467
2019-01-16,198.633192442,47.8366752354,59.1554662483
2019-01-23,203.739926882,49.8273941172,59.7663767299
2019-02-01,203.759033303,49.807386876,58.6308541162
2019-02-17,201.911185349,50.0974950557,60.9821755748
2019-02-24,203.478306845,49.4616600337,58.7533309927
2019-03-05,203.949105638,49.545739515,60.450629193
2019-03-12,185.290133827,50.0572056879,61.5674318994
2019-03-21,180.868772484,40.2577543627,52.4844488065
2019-03-28,201.706198532,52.1123988868,63.866100242
2019-04-06,203.158816414,53.4295445941,66.0722905257
2019-04-22,203.458923183,57.3812813731,72.1063767991
2019-05-08,203.271671681,197.618398675,202.24128178
2019-06-09,203.133969038,111.62155164,203.133969038
2019-06-25,203.939101249,92.0598140149,203.939101249
2019-07-18,184.89401573,80.0677823791,184.89401573
2019-08-12,202.582234357,85.9823515243,202.582234357
2019-09-13,188.619156433,179.746854678,187.266658693