Date,Rarea,NDWI,MNDWI
2013-07-19,7048.52623883,1158.54376347,2108.76060065
2015-08-10,7305.77051315,1037.78448481,1762.63182492
2015-09-11,7507.56753797,913.07492025,1590.22360548
2015-09-27,6888.36478387,841.718621438,1351.24469069
2015-11-14,6642.29191003,687.574075828,1508.75024613
2016-03-05,7247.96383912,546.162399828,773.858851219
2016-10-15,7376.93451477,777.3463895,1136.02344279
2017-05-27,7207.36404592,1145.32122312,1992.50102323
2017-10-02,6794.49952242,946.514600203,1718.09490113
2017-12-05,7394.20675955,959.698891719,1586.72538109
2018-01-06,6746.75405541,723.674906563,1396.09686281
2018-02-07,7654.97161706,932.983486047,1415.82594148
2018-09-03,7232.32077145,931.541665594,2147.85392499
2019-06-18,6852.6640726,1141.83957219,2078.84346172
2019-08-21,6855.56936076,1151.54815233,2194.49283881