Date,Rarea,NDWI,MNDWI
2013-05-26,114.992208089,12.1845768918,12.9679218047
2013-06-11,119.200595539,10.7480830986,11.1871563852
2013-06-27,116.787918447,11.6212874724,12.0715487596
2013-07-13,121.251328945,12.0653449197,12.2973581345
2013-07-29,121.253823595,11.8405485959,12.0478863992
2013-08-14,102.72527501,0.459706602971,0.581947762151
2013-09-15,121.256318245,10.443785646,10.4911856621
2013-11-02,114.732693874,4.07731206566,4.37667810228
2013-11-18,121.007656855,9.61803437255,9.84019818887
2014-01-05,107.954630211,12.1698910822,13.0281341807
2014-04-27,103.145034939,10.5560772746,11.5184178375
2014-05-13,115.862745441,7.87648074164,8.28557835813
2014-05-29,121.253823595,12.2025549172,12.5243768208
2014-06-14,121.251328945,12.1701234409,12.4794711697
2014-06-30,121.253823595,12.1551545193,12.4220929341
2014-07-16,121.253823595,12.0645211793,12.2599364187
2014-08-01,118.965961544,11.7948980834,12.0362218858
2014-09-02,121.256318245,10.9350076616,11.1420699001
2014-09-18,121.256318245,10.538348145,10.6234057046
2014-10-04,121.246339237,9.92465129413,10.1067651069
2014-11-05,100.326906246,3.68556157469,4.18208116103
2015-03-29,104.616583449,9.77514918163,10.5542006685
2015-06-01,121.256318245,12.1305603678,12.4648551315
2015-07-03,121.256318245,12.4170921824,12.6042003042
2015-07-19,116.733636284,11.5564227344,12.1377140693
2015-08-04,121.256318245,11.6811542417,11.753508362
2015-09-05,121.256318245,10.6708015483,10.7905506843
2015-09-21,121.256318245,10.2414790507,10.3335099926
2015-10-07,120.949476,9.66792891722,9.80264607811
2015-12-10,121.256318245,8.64984761664,8.84190270969
2016-02-28,102.404229244,10.2415048698,11.0853914361
2016-04-16,121.253823365,12.015215465,12.3597228122
2016-05-02,121.248833603,11.9480928423,12.2449657026
2016-05-18,120.761433188,11.7859362568,13.1078730786
2016-06-03,121.251328485,11.4189800339,11.7185826025
2016-06-19,121.256318245,11.2221326514,11.3865516647
2016-07-05,121.119113241,10.7231123696,10.8700285688
2016-07-21,121.256318245,10.2666603845,10.3739348418
2016-08-06,121.256318245,9.71758824848,9.72756860297
2016-08-22,121.256318245,9.1165958391,9.19393295458
2016-09-07,121.256318245,9.2213460371,8.82442979026
2016-10-09,113.513272822,7.492532489,7.59204923948
2016-12-28,111.19786175,4.25166062665,5.26476916112
2017-02-14,115.506188927,7.47757001464,8.57261381496
2017-04-19,121.256318245,8.91927608075,9.26877522508
2017-05-05,121.253823447,8.9868676118,9.32401040128
2017-05-21,121.256318245,8.99411857123,9.9147964136
2017-06-06,121.256318245,8.80974317357,9.01181784276
2017-06-22,121.256318245,8.64735103901,8.82221898998
2017-07-08,121.256318245,8.47022657294,8.55504975191
2017-07-24,116.88406938,8.01798728239,8.50796793944
2017-08-09,100.845689274,5.9362507701,6.23645995324
2017-08-25,121.256318245,7.49253234349,7.42018562157
2017-09-10,121.256318245,6.97861766356,6.97861917748
2017-09-26,121.256318245,6.41207949921,6.43975779369
2017-10-12,121.256318245,5.91336805785,5.92085275023
2017-11-13,121.256318245,5.17968149872,5.24984833047
2018-03-05,121.256318245,8.89954985253,9.47718468957
2018-03-21,111.525722778,9.01157215937,10.1507510189
2018-04-06,121.256318245,10.1668642983,10.702959823
2018-04-22,114.549110123,10.2065551906,11.192494
2018-05-08,121.256318245,11.2321065071,11.7713230575
2018-05-24,119.641415193,11.3915326948,12.042900113
2018-06-09,121.256318245,11.3790590673,11.887948248
2018-06-25,121.253823317,11.244343958,11.675897636
2018-07-11,121.256318245,11.0025906492,11.4566376086
2018-07-27,121.256318245,10.7977907902,11.1719658896
2018-08-12,121.256318245,10.4911756958,10.8424284736
2018-08-28,121.256318245,10.1566490002,10.5585383772
2018-09-13,119.642292229,8.49045169896,8.93451589989
2018-09-29,121.256318245,9.59557268358,9.86999786595
2019-01-03,121.253823304,11.9004566645,12.3347777258
2019-01-19,110.139886123,10.1260671616,10.949672758
2019-02-04,120.984391236,11.4838389133,12.1751149817
2019-04-25,109.201090201,10.3505841306,11.6423000862
2019-05-11,120.375139411,11.9353823452,12.5084265567
2019-05-27,121.251328609,11.9428670988,12.3622194192
2019-06-12,121.243844212,11.8632693218,12.3123236636
2019-06-28,121.256318245,11.9630587978,12.312324553
2019-07-14,121.256318245,11.9480910181,12.2125346677
2019-07-30,121.256318245,11.8882173869,12.0902933711
2019-08-15,121.253823485,11.6534804523,11.9453670266
2019-08-31,121.256318245,11.349127256,11.5589199236
2019-09-16,121.256318245,11.0150682746,11.1323238835