Date,Rarea,NDWI,MNDWI
2013-05-26,205.957191612,24.0701310733,26.8892896651
2013-06-11,254.479647066,36.4355973966,38.0386188037
2013-06-27,254.462967505,36.4469936074,37.8103732196
2013-07-13,229.172442168,30.2362509355,32.0622214366
2013-07-29,254.120192699,36.3171952666,37.417512327
2013-08-14,238.120044994,25.7217495371,26.6303663008
2013-09-15,254.449692039,36.2359057363,37.0680458893
2013-11-02,227.388661986,26.2408074229,30.0006361044
2014-01-05,245.425686719,33.9892900801,35.7021428573
2014-05-13,254.228982643,36.0062554131,37.9581172565
2014-05-29,254.349845837,36.2373161474,37.8503123778
2014-06-14,206.195841521,25.2254609765,27.7713428403
2014-06-30,254.33986126,36.3771040566,38.0787299046
2014-07-16,254.10023038,36.4270262968,37.6593351634
2014-08-01,254.349845471,36.3970728144,37.4808690086
2014-08-17,237.771615845,35.9263695625,37.0691262102
2014-09-02,254.184993953,36.3257711904,37.7610519484
2014-09-18,254.459676595,36.1061051416,37.1379370817
2014-10-04,254.100225369,35.8564835703,36.9583634538
2014-10-20,236.066628576,19.0711069971,20.3725240163
2015-02-25,214.233736771,30.4546439785,32.7575380431
2015-04-30,226.689035387,27.9584258448,33.5476989099
2015-06-01,254.329873949,36.1360598096,37.9649669916
2015-06-17,213.720619489,20.3695798105,21.8075237633
2015-07-03,254.449692231,36.3571316914,37.7504647967
2015-08-04,254.180103913,36.2972240888,37.3775782596
2015-08-20,219.771129735,33.3103534502,35.38999161
2015-09-05,254.479647066,36.1660143018,37.3975491266
2015-09-21,254.489631835,36.2558769395,37.3076849391
2015-10-07,230.3317393,28.9866579248,31.1570059528
2015-11-24,234.522484266,21.657746832,31.5585214853
2016-02-28,254.299919279,36.0463475918,38.508124539
2016-04-16,254.309907043,36.0761502305,37.429542288
2016-05-02,254.289937102,36.1160910205,37.4694816356
2016-06-03,254.469662434,36.1973771191,37.5707410516
2016-06-19,254.409753433,36.4569860683,37.6705920135
2016-07-21,254.41973546,36.4669692255,37.4988123844
2016-08-06,254.409752501,36.3657094502,37.1693045221
2016-08-22,254.479647203,36.2958170029,37.4289148112
2016-09-07,254.349845636,36.156028626,37.0580647194
2016-10-09,206.535214664,24.0339303848,25.5978969941
2016-10-25,230.315653826,28.7872535684,29.7457976113
2017-01-29,254.03138423,35.6767543701,37.1200221503
2017-04-19,254.299909356,36.0062551348,37.6802780022
2017-05-05,243.864928222,33.3535298416,35.6515200749
2017-06-06,254.309904863,36.1774120419,37.5208181268
2017-06-22,229.845635161,35.2686989726,37.2091974166
2017-07-08,251.528530798,36.057581916,37.3989654
2017-08-09,254.269968612,36.2259273291,37.1593287203
2017-08-25,254.269965922,36.2059568486,36.9482319196
2017-09-10,254.379799246,36.1560308203,36.9182794206
2017-09-26,254.459677139,36.0561816963,36.9681969743
2017-10-12,254.489631835,36.0961225371,36.7984543229
2017-11-13,254.188103771,36.1160851035,37.2100207753
2018-03-05,254.479647203,35.0376643271,37.4694616806
2018-04-22,230.081946829,28.5372388691,30.5917612479
2018-05-08,254.309905674,36.0162411992,37.7484388112
2018-06-09,254.204748484,36.1574355712,37.668554024
2018-06-25,254.110209051,36.1973757832,37.3390486442
2018-07-11,254.329874687,36.2972299628,37.4089481412
2018-07-27,254.110208925,36.2359068857,37.1892767008
2018-08-12,254.060282381,36.1859847529,37.0295127526
2018-08-28,243.792164965,31.4829765889,32.5946973434
2018-09-29,254.489631835,36.3058073994,37.2377949811
2019-01-03,253.860608605,35.9163917568,37.2977025895
2019-01-19,239.414360215,32.9607948154,34.8973348378
2019-02-04,243.896651741,34.2289287891,35.7281915666
2019-03-08,214.428281187,22.0271475742,23.8338121735
2019-04-25,229.247070665,29.2463179698,32.0030729297
2019-05-11,254.399767154,36.0761502188,37.9567069822
2019-05-27,254.189499302,36.1660122412,37.7983570387
2019-06-12,254.226620236,36.1075138779,37.7584245319
2019-06-28,253.882003734,36.0875385019,37.5088016149
2019-07-14,254.03597141,36.2672682158,37.38896965
2019-07-30,254.312723504,36.3771031396,37.2891231813
2019-08-31,254.379799484,36.2359093662,37.0680481335
2019-09-16,254.489631835,36.3257729355,37.008136655