Date,Rarea,NDWI,MNDWI
2013-04-24,3205.80735817,395.073505734,482.66354705
2013-07-13,3231.58703305,415.334889402,496.970940117
2013-07-29,3261.1308309,424.087577543,497.972694086
2013-08-30,3256.0113918,421.172474679,475.554579128
2013-12-04,3252.37895668,390.831755777,460.645428587
2013-12-20,2722.69648795,283.739071004,365.329479921
2014-01-05,3239.00035443,382.979643136,474.812955689
2014-02-06,3020.77051895,387.332038371,464.146978556
2014-03-10,2921.61886065,383.915925429,457.373470889
2014-03-26,3232.67960735,384.35972249,472.968481355
2014-04-11,2616.8962119,298.571306391,390.121779267
2014-04-27,3260.96616637,399.356467732,480.204737205
2014-05-29,3241.27695357,405.260538235,468.468364579
2014-06-14,3117.40352215,356.580656886,424.094584137
2014-06-30,3259.8808754,399.454083604,465.425177602
2014-07-16,3260.92289305,422.609377912,468.820293712
2014-08-01,3261.26316487,430.42621871,464.918148642
2014-08-17,2833.48198817,385.234875308,424.381768337
2014-09-02,3261.17299431,424.572295539,473.707045891
2014-09-18,2979.67807806,384.195700964,420.379134771
2014-10-04,2931.07481933,293.822484771,323.031845805
2014-11-05,2971.92653777,338.244611989,404.506702898
2015-01-24,3247.24990686,388.354580623,472.689674168
2015-04-30,3255.33347119,408.485987933,518.248762679
2015-07-19,3260.92305253,427.446614065,510.048978331
2015-08-04,3261.19749543,420.513762767,499.824203088
2015-08-20,3261.17299431,422.695624284,487.27523371
2015-09-21,3261.19749543,414.751230864,483.321359854
2015-10-07,3261.26316487,413.410046439,484.056469456
2016-04-16,3261.19749543,421.62557601,510.989014234
2016-05-02,3261.26316487,421.082389332,511.661624305
2016-06-19,2810.58920648,310.553289067,400.421991835
2016-07-05,2846.57676134,346.731049917,428.86412091
2016-07-21,3261.01319894,438.821816389,508.296566294
2016-08-06,3261.08472863,433.558431829,494.812805487
2016-09-07,2931.91471483,411.943879159,500.157294923
2016-09-23,2801.02202726,376.298341457,430.070826984
2016-10-09,3261.17299431,420.355680537,469.015879971
2016-11-10,3258.04811601,409.819890014,470.700212788
2017-04-19,3039.01671545,357.599588349,453.799915675
2017-06-22,3261.19749543,425.564232692,514.069027877
2017-07-24,3261.17299431,423.362405467,491.769419784
2017-08-09,3261.08472863,424.619202302,490.391707079
2017-08-25,3261.26316487,434.823904186,480.597073293
2017-09-10,3261.08472863,421.106941517,471.889557861
2017-09-26,3146.10657194,382.72657187,444.049418659
2017-10-12,3213.69013499,409.070799593,467.169011436
2017-10-28,2909.43673199,332.732373218,394.873577548
2017-11-13,3261.19749543,401.012287673,466.323937185
2017-11-29,3231.48040947,395.856949123,482.239073766
2018-02-01,3206.75245176,391.573845856,484.858037858
2018-03-21,3250.83446935,398.169776304,501.704811556
2018-04-06,3261.1308309,412.584747433,507.188996339
2018-04-22,3261.17299431,412.108241592,507.992767422
2018-05-08,3261.19749543,418.763039657,504.482669222
2018-05-24,3260.69730999,425.763622564,502.720225523
2018-06-25,3244.76220726,428.399055719,492.347980981
2018-07-11,3260.33733777,433.35959538,483.382385713
2018-07-27,3099.73148318,396.079385594,445.013190584
2018-08-12,3261.17299431,439.110499443,476.017013612
2018-08-28,3251.4203482,437.109891912,477.98943075
2018-09-13,3260.94744779,431.565515879,487.741436673
2018-11-16,3140.72430405,327.776906576,411.324087985
2019-01-03,2714.10948602,289.897218609,382.55926459
2019-01-19,2978.88316505,364.807552676,489.412381077
2019-03-24,3257.94697663,400.620078666,519.002074401
2019-04-25,3261.19749543,412.379167838,529.442707838
2019-05-27,3261.08472863,419.738834308,516.068232753
2019-06-12,3260.83466733,416.737903589,517.318138315
2019-07-14,3091.90859121,382.824656355,452.214643919
2019-08-15,3247.12535577,436.550020092,508.596512157
2019-08-31,3195.0576366,423.061380876,485.667394039
2019-09-16,3261.1308309,440.050989873,503.688921527