Date,Rarea,NDWI,MNDWI
2013-03-31,68.3516550608,7.6752512839,8.74423469423
2013-04-17,68.9499510328,8.03850591217,9.10527235605
2013-05-12,68.9476195469,7.58763995978,8.86482557376
2013-05-19,68.9499510328,7.59925701144,8.92645405029
2013-06-04,68.9499510328,7.63925893154,9.15571606176
2013-06-29,68.4209838504,6.75316496714,9.23608161021
2013-07-06,68.9498337141,7.61797794624,9.22049165317
2013-07-15,68.9476195469,7.75190145606,9.72384670852
2013-07-31,68.9469238593,7.59194537719,9.05729718483
2013-08-07,68.9499510328,7.56003565507,8.98118692196
2013-08-16,68.9501181521,8.04084414478,9.02650289658
2013-08-23,68.9499510328,8.06110197587,8.92886989624
2013-09-01,68.9501181521,7.90841905737,8.90562873306
2013-09-08,68.9499510328,7.83634900238,8.91298781385
2013-10-10,57.7448919438,6.39669017179,7.34237786773
2013-10-19,68.9501181521,7.67104121948,9.03700738255
2013-10-26,68.8402700747,7.81864107809,8.91380692718
2013-11-11,68.8352788306,7.8673754082,8.943172584
2013-11-20,65.3595806078,5.04743532397,6.92551824518
2013-12-06,68.3508257016,0.0,8.78864775843
2013-12-13,68.7305877058,7.64842836292,8.96969826483
2013-12-22,62.773922609,6.86395742651,8.68522877347
2014-01-07,66.0418203221,4.24286475415,7.66649564686
2014-01-30,68.9499510328,7.95212534326,9.08397255629
2014-02-08,68.9501181521,8.05833296582,8.94998352752
2014-03-19,65.7036826328,6.73354003113,10.7809768942
2014-03-28,68.9501181521,7.7385112207,9.13371908792
2014-04-04,66.8333185065,8.1296796559,9.70332841472
2014-05-15,68.9501181521,5.63207618042,9.21113569694
2014-05-31,68.7910260942,7.53611313623,9.10528968929
2014-06-07,68.2320935036,1.78237356494,9.08045479452
2014-06-16,68.9501181521,4.635112823,9.32278896818
2014-07-02,68.9501181521,5.6995217644,9.09528451351
2014-08-03,68.9476195469,6.55409681592,9.06607581149
2014-08-19,68.9501181521,7.97418493057,9.02317748111
2014-09-11,68.9499510328,8.12413507422,8.9492744751
2014-10-06,68.9501181521,8.23815663514,8.95286253027
2014-10-13,68.7330732305,7.56823208423,9.04766117455
2014-10-22,68.9501181521,8.40064690454,8.93037274414
2014-10-29,68.9250229463,8.24379835229,8.9005836682
2014-12-16,68.9424727256,8.41331493774,9.16393291802
2014-12-25,68.9501181521,8.5080979375,9.53728653379
2015-01-01,68.3831416906,8.36886333631,9.81397783774
2015-01-10,68.9501181521,8.02335214404,9.27851382037
2015-01-17,68.9499510328,8.29438122129,9.45237940014
2015-02-27,58.3342449696,6.66654299902,8.81943792805
2015-04-16,68.2879436864,7.22129924417,10.8758269509
2015-04-23,68.9499510328,7.98277615635,9.73406557983
2015-05-02,68.9501181521,8.1516006503,9.29635924961
2015-05-09,68.9499510328,8.37813230779,9.32781633374
2015-05-25,56.1962201494,4.9483756394,6.26349274561
2015-06-03,68.9476195469,7.99872237442,9.66533764089
2015-06-10,68.9314932434,7.77264524146,9.49234214453
2015-06-26,68.9499510328,8.49218189471,9.50781198217
2015-07-12,68.9499510328,6.67872236729,9.53211624911
2015-07-28,68.9499510328,7.56159360326,9.58201314501
2015-08-06,68.9501181521,7.01387378931,9.41129389854
2015-08-13,68.9499510328,8.33603802295,9.28720631667
2015-08-22,68.9501181521,6.15431169263,9.2488784504
2015-08-29,68.9499510328,7.36105655901,9.28938432673
2015-09-23,68.9501181521,6.61660433179,9.24142274142
2015-10-09,68.9501181521,8.38815914282,9.29803105711
2015-10-25,68.9451205862,7.59357046191,9.10329705551
2015-12-12,63.437664782,7.55608252783,9.05041505047
2016-02-05,68.9499510328,8.38339251172,9.47925141015
2016-03-08,68.9499510328,8.56766845657,9.69109940707
2016-03-17,68.9501181521,8.6513411364,9.86336924612
2016-04-02,68.9501181521,8.36899102287,9.4660707803
2016-04-09,68.9499510328,8.18340315506,9.39752553076
2016-04-18,68.9501181521,8.15406645508,9.14491748775
2016-05-04,68.9501181521,7.93242149476,9.54872101992
2016-05-20,56.8130337703,7.92863269715,9.07949035052
2016-06-12,68.2644049502,8.71405308904,11.2250375215
2016-06-28,68.9499510328,8.55043284234,9.75147477328
2016-07-07,68.9501181521,8.37492792784,9.26636856435
2016-07-14,68.9499510328,7.93469409405,9.57950845678
2016-07-23,68.9501181521,7.99544062979,9.34894560635
2016-07-30,68.9499510328,8.13155191302,9.44410544132
2016-08-08,68.9501181521,7.98415549023,9.30114919411
2016-08-15,58.1307321851,2.10892456836,3.78249944194
2016-08-24,68.9501181521,8.09690991751,9.13050832118
2016-09-09,68.9501181521,7.7567564917,8.86801262073
2016-10-02,68.9499510328,8.07987580282,8.85004297456
2016-10-11,68.9501181521,7.80772771398,8.87555838208
2016-11-28,68.930128188,7.21629110889,8.79056680994
2016-12-30,64.5201443069,7.14555104454,8.37563618775
2017-01-15,56.8043165963,5.39400338707,6.82118670599
2017-02-07,68.9459818197,8.05459035117,9.31901938224
2017-02-16,66.6303564606,8.01012187193,9.01103975162
2017-02-23,68.9474582239,7.90502422348,8.94587925946
2017-03-11,68.9499510328,7.83049412761,9.03799037914
2017-03-20,68.9501181521,8.12372956169,9.24759811251
2017-04-05,68.9451206509,4.73685156969,8.46929507265
2017-04-28,68.7520537127,8.07959138103,9.46867584312
2017-05-30,65.0825557687,6.10661498652,7.26015353717
2017-06-15,68.9499510328,8.04165271422,9.14768173235
2017-06-24,68.9501181521,8.03935949829,9.0950563562
2017-07-01,68.9498337141,7.82702945271,9.44488476029
2017-07-17,68.9460599995,7.98470906288,9.04108687469
2017-07-26,68.9501181521,7.58109127783,8.99483597169
2017-08-11,68.9501181521,7.95339367969,8.89238859401
2017-08-27,68.9501181521,7.46790866979,8.99327616915
2017-09-03,68.9499510328,7.91393340054,8.8716110564
2017-09-12,68.9501181521,7.83095902515,8.77343188484
2017-09-19,68.9499510328,7.69075113609,9.06099015771
2017-09-28,68.9501181521,5.5096443689,8.75839876545
2017-10-05,68.9499510328,7.44017603888,8.83913341723
2017-10-14,61.5282042377,7.40542905211,8.78188043752
2017-11-15,68.9501181521,7.82521724107,8.73009691489
2018-02-03,66.1634988729,7.70387072795,8.69627451047
2018-03-14,68.9499510328,6.86657880871,8.42487505267
2018-03-23,68.9501181521,7.26801922887,8.49650185638
2018-03-30,68.9499510328,7.5744627366,8.65915557034
2018-04-08,68.9501181521,7.13808556603,8.43399457721
2018-04-24,68.9501181521,7.07136847461,8.38184380507
2018-05-01,68.9499510328,6.70913820069,8.46269965775
2018-05-10,66.8608815753,6.20948641836,8.86744324996
2018-05-17,68.9499510328,7.35314962565,8.57670299424
2018-05-26,68.9501181521,6.61585087242,8.4974768706
2018-06-02,58.7814846861,3.69478562171,5.62406365162
2018-06-18,61.4153345253,5.73838476732,8.07119239704
2018-06-27,68.9501181521,6.22430898218,7.90421109486
2018-07-04,68.9499510328,6.07802855677,8.15085384747
2018-07-13,68.947619576,6.12798893272,9.4447047162
2018-07-20,68.9499510328,5.47984201742,7.41310831414
2018-07-29,55.640041058,5.24981927783,7.3223833073
2018-08-14,68.9501181521,5.33151933898,6.94845172132
2018-08-21,68.9499510328,5.9025639488,7.19618058099
2018-08-30,68.9501181521,6.05866665636,6.99567772457
2018-09-06,68.9499510328,6.02103943075,6.97933208758
2018-09-22,68.9499510328,4.15763957406,5.80673117316
2018-12-04,68.5138027393,6.25106301647,7.96137534157
2018-12-11,68.8343441564,6.66023924986,8.02274326789
2018-12-20,68.9501181521,6.08439848975,7.27017923731
2019-01-12,68.9499510328,6.8621673917,8.08541487474
2019-01-21,68.9501181521,6.20858447081,7.64535986036
2019-01-28,68.9499510328,7.34651898702,8.33436714362
2019-03-10,68.5728045498,6.54088036925,8.09294513511
2019-03-26,68.9501181521,6.57339265929,8.36906844036
2019-04-02,68.9499510328,7.31721204253,8.35810740354
2019-04-11,68.9501181521,7.18556075841,8.22632906432
2019-04-18,68.9499510328,6.52034282197,8.1307190053
2019-04-27,68.9501181521,6.77078728649,8.47304269729
2019-05-13,68.9351265169,6.77578083873,8.11139239664
2019-05-29,66.6474471907,5.87746661606,8.26620810265
2019-06-05,59.7942845897,6.82513096841,10.4777092297
2019-06-21,68.9499510328,7.14736777386,8.21851605683
2019-06-30,68.9501181521,6.96067633678,8.23497322029
2019-07-07,68.9474580325,7.63034138479,8.77625164527
2019-07-23,64.0720998482,6.84512281057,7.96188347731
2019-08-01,68.9501181521,7.03313161485,8.35361700312
2019-08-08,68.9399790723,7.2922330614,8.51754655004
2019-08-17,68.927630804,7.39618963257,8.3883703351
2019-08-24,68.825305917,7.75962186802,8.6289197289
2019-09-02,68.9501181521,7.06892703762,11.7460274076
2019-09-09,68.9499510328,7.4829054066,8.67475430866
2019-09-18,68.9501181521,7.48863942139,8.48702636623