Date,Rarea,NDWI,MNDWI
2013-05-26,65.4321127708,8.03791179165,9.23730245585
2013-07-13,65.8125452007,8.28041803989,9.94551526035
2013-07-13,66.2553583443,8.29041926498,9.94051444028
2013-07-29,66.1333612195,8.31292289633,9.46460960018
2013-07-29,66.2636433918,8.3229241871,9.5021147474
2013-08-07,66.3519198325,8.18485522445,9.42143630989
2013-08-23,66.4036227771,8.1036773623,9.13580593785
2013-08-30,66.480750558,8.14289811435,8.79689430127
2013-08-30,66.5494456035,8.14039771957,8.80439531104
2013-09-08,66.4494334279,8.06288663046,8.65890377802
2013-09-15,65.3555222321,3.65054275635,6.58522123994
2013-09-15,66.4169280019,3.65054284863,6.60772461225
2013-11-11,66.6644609443,7.90536362778,8.56185989014
2013-12-04,64.2168025266,6.95350913696,7.73681907638
2013-12-04,65.4217814445,7.17604046631,8.03686053122
2014-01-21,66.4944379995,7.64611050513,8.57272522448
2014-01-21,66.4594333567,7.65361164282,8.57522540295
2014-01-30,65.8520681658,7.82863693213,8.62976191339
2014-02-06,66.499439426,7.89614684375,8.8251821984
2014-02-06,66.6094536154,7.87864408838,8.82768240884
2014-03-10,65.4716302706,7.84875757577,8.8353011712
2014-03-10,66.0868728816,7.85625861263,8.86967912336
2014-03-19,66.1618898723,7.8722701634,9.03432073993
2014-06-23,65.8619819336,8.30193989591,10.4013939726
2014-06-30,65.6348797435,7.9673225118,9.29831144571
2014-06-30,66.097294908,8.0048279515,9.35521110698
2014-08-01,64.8521189674,8.11617887061,9.2853185096
2014-08-01,65.7541143324,8.11367838379,9.31297928259
2014-08-26,66.0059339096,8.08867442505,8.94804267247
2014-09-11,54.720149907,6.5334469165,7.28448659482
2014-10-13,66.7769762551,7.94365390674,8.69618437503
2014-10-29,66.5294430478,7.94572262727,8.52521836218
2015-01-01,58.913092438,5.62331962671,7.20437295863
2015-01-17,64.1567042103,7.59781842734,8.57377357683
2015-02-09,66.5319429294,7.96365651538,8.91214560757
2015-02-09,66.6569599951,7.97865867041,8.90464462833
2015-02-25,66.7819769294,7.94115316797,8.84670493458
2015-02-25,66.7819769294,7.9361523689,8.84717551374
2015-03-13,64.494960431,7.61610660669,9.26690762795
2015-03-13,60.224306457,7.3510681709,8.77630774114
2015-05-09,65.6533275281,8.06678868342,9.4260061061
2015-07-19,64.3968303699,8.31249107463,10.2917410214
2015-07-19,64.567967878,8.30999064738,10.3132536313
2015-07-28,65.993029965,8.23576404597,9.98521548979
2015-08-04,66.1242928,8.09867580444,9.374586364
2015-08-04,66.3442616215,8.08367369482,9.35629952303
2015-08-13,66.2403855048,8.08824287629,9.06474652573
2015-08-29,66.2292961412,8.07824139543,8.82955524773
2015-09-14,66.3267596107,8.06519070319,8.70684168907
2015-09-21,66.1763256303,7.96365671313,8.72368810892
2015-09-21,66.6144543271,7.96615701123,8.71118593314
2015-10-07,66.4666599146,7.92615148022,8.62570332572
2015-10-07,66.7644745879,7.9281026245,8.62210473105
2016-01-20,66.5244418903,7.86809309252,8.64285200512
2016-03-08,54.8484311227,5.18164829819,6.91357094241
2016-03-31,57.4831576719,5.43329454565,6.63364634156
2016-04-09,66.1460474559,7.71612052612,8.82459433724
2016-04-16,66.4691603975,7.95365523291,9.04915578835
2016-04-16,66.561945238,7.80863366528,8.91163514138
2016-04-25,62.239867359,6.70347394434,7.57644258205
2016-05-02,66.1244786815,7.9781093994,8.98461755111
2016-05-02,66.3969250735,7.97810933959,8.97961688607
2016-06-12,64.7899637309,8.00616235059,9.65841235518
2016-08-22,66.1772955853,8.30589353654,9.52895256025
2016-08-22,66.2269005034,8.33066173022,9.55442689942
2016-09-07,65.2359155932,7.87809385546,8.52388290302
2016-09-07,65.806720496,7.87809420287,8.53658116091
2016-09-23,65.4242836296,7.87309334398,8.53236537517
2016-09-23,66.1893917319,7.8905958955,8.57237109246
2016-10-18,55.7281953353,4.90267145409,6.19093598987
2016-12-05,63.8916944492,7.20327368092,8.023734358
2016-12-28,64.0703452779,6.38092440527,7.87883828959
2016-12-28,56.3393184841,4.65567567871,5.60452812125
2017-01-13,66.6644607697,7.93365230933,8.74286701806
2017-01-13,66.6544594214,7.92615122021,8.74286687621
2017-02-14,62.6968626742,7.68111454614,9.32601707683
2017-02-23,62.4436434156,7.36356863159,8.51629573477
2017-05-14,64.0417505564,7.5905503955,8.90222249974
2017-07-17,66.0871962426,8.07062280126,9.68099478475
2017-07-24,65.7789710301,8.11562929442,9.64061710291
2017-07-24,66.176892768,7.92071836873,9.45058859387
2017-08-02,66.0940993918,8.09617569116,9.26559008572
2017-09-03,66.5894508886,8.0161640376,8.71112664227
2017-09-10,66.3719208393,8.00616266187,8.91448931453
2017-09-10,66.6019508061,7.90864834375,8.82447585286
2017-09-19,66.7769762683,7.98365878857,8.90202443237
2017-10-05,58.6135943101,0.217532416992,5.59081194775
2017-10-28,66.2753552294,7.71807191991,8.46793550087
2017-10-28,65.9905987942,7.66806455834,8.40961287016
2017-11-13,64.4014811908,6.09338969678,6.66237390634
2017-11-13,64.476491934,6.03838196436,6.62986938974
2017-11-29,66.4319272207,7.4960896189,8.26924068524
2017-11-29,66.3894209465,7.45358364722,8.2093105058
2018-02-26,66.641957862,7.82558707299,8.7950111942
2018-03-14,64.2066592902,7.15853825464,8.08155415595
2018-04-22,65.8918771334,7.97506025755,9.02243671087
2018-04-22,66.321755642,7.94255555052,9.02243666033
2018-05-24,66.0768796333,7.81808588695,9.58213708823
2018-05-24,66.1593903608,7.80058320727,9.56635027192
2018-06-25,64.5347807777,7.7830808247,9.78881595429
2018-06-25,65.9643682923,8.08312503734,10.1413674235
2018-07-11,62.6808853361,8.08312467284,9.87578222453
2018-07-11,64.4054299002,7.93310313134,9.88526529807
2018-07-20,65.798814759,7.99756308738,9.33001191145
2018-07-27,65.7812360902,8.04616871094,9.80834724413
2018-07-27,66.4644316523,7.89114607764,9.66610060599
2018-08-12,66.067948476,8.02561666576,8.82030020745
2018-08-12,66.3792631691,7.83808894408,8.6152698322
2018-09-06,66.4469317893,7.95642976252,8.48747674735
2018-09-22,66.5994521862,7.85559160253,8.30835310949
2018-11-16,62.4691706485,5.00268231298,5.5657343472
2018-11-16,63.4414930046,5.18270681493,5.76076077933
2018-12-11,63.0517461762,7.44294166473,8.39510596165
2019-01-12,59.1654495063,6.8905693533,8.10628311527
2019-03-08,66.3144198359,7.77558049828,8.70872519062
2019-03-08,66.7819769294,7.77558052978,8.71122559492
2019-03-24,56.9719426129,6.49344142188,7.56256539794
2019-03-24,60.4727552608,6.81215392798,8.41996772872
2019-04-02,66.5744490749,7.86614225781,8.73626761743
2019-04-18,66.1271894006,7.72557136986,8.71575359877
2019-06-28,62.2333015567,8.00506508323,11.5075230318
2019-06-28,65.3721573752,8.09757823362,11.816036441
2019-07-14,62.0037301857,7.886145104,10.9723062159
2019-07-14,63.8407049549,7.94865396729,11.11744425
2019-07-23,65.8771515766,8.06257288426,9.47715149954
2019-09-09,66.3944222568,7.8005839182,8.49623368164
2019-09-16,66.4644331875,7.90364812891,8.7512708269
2019-09-16,66.5894491023,7.77862967139,8.61375032837