Date,Rarea,NDWI,MNDWI
2013-04-15,49.4547353954,3.88332777602,4.44824369358
2013-05-01,49.4547353954,3.67265898897,4.42426867568
2013-07-04,49.4547353954,4.03747784814,5.86524033406
2013-08-05,49.4547353954,3.93195251991,4.65449196685
2013-08-21,49.4547353954,3.89886257293,4.4487638503
2013-09-06,49.4547353954,3.75568652068,4.1283685117
2013-10-08,49.4547353954,3.80715590381,4.30021813473
2014-01-28,49.4547353954,3.61611344115,4.21545945015
2014-02-13,49.4547353954,3.54946495799,4.19587565954
2014-03-01,49.4547353954,3.61881549157,4.11820971687
2014-03-17,49.4547353954,3.63123858467,4.15332782668
2014-04-02,49.0099067168,3.34597588323,4.42001603554
2014-06-21,49.4547353954,4.09980447107,6.45175813628
2014-08-08,49.4547353954,3.90606557745,5.48272781723
2014-08-24,49.4547353954,3.81199292818,4.37648813021
2014-09-09,49.4547353954,3.76213174072,4.20759604218
2014-10-11,40.0070915027,3.09651024232,4.71904891443
2014-12-14,49.0135123569,3.58535769396,4.02879562495
2015-05-07,49.4547353954,3.78906101904,4.93304700092
2015-05-23,45.6656592561,3.69203511348,7.0724967882
2015-07-26,49.4547353954,4.09002614125,5.75385237328
2015-08-11,49.4547353954,3.91402769222,4.70007577682
2015-09-12,49.4547353954,3.82133573296,4.32801783955
2015-09-28,49.1690808519,3.62768011016,4.24059884646
2015-10-14,43.8469441512,3.39479250129,6.36962155205
2015-10-30,47.6647813186,2.75362228302,3.99412878225
2016-04-07,49.4547353954,3.73977065348,4.27121745424
2016-05-25,46.5873941099,3.7563053846,10.6164873284
2016-06-10,42.1879609012,2.46947839897,3.53398811482
2016-06-26,46.6589226385,2.36820956256,5.05396068904
2016-07-28,49.4547353954,3.94237648808,5.98577137028
2016-08-13,49.4547353954,3.86886353685,4.52181183602
2016-09-14,49.4547353954,3.87772638478,4.30393106646
2016-10-16,49.0968431577,3.48893681076,4.17956906547
2016-11-17,49.4547353954,3.59011345692,4.05720384295
2017-01-04,41.8931688164,2.8124598547,3.93311585856
2017-01-20,49.2111337481,3.41394391004,4.50253276001
2017-02-21,49.4547353954,3.6096270392,4.1508521325
2017-03-09,48.1747466781,3.46631122005,4.62586910521
2017-03-25,49.4547353954,3.66185421053,4.19972772263
2017-06-13,49.4547353954,3.9510046202,8.13038084363
2017-07-15,49.4538349092,3.53414242967,4.65644029702
2017-07-31,48.6569352722,3.5860750862,8.39908352965
2017-09-01,49.4547353954,3.60618017524,5.55655114874
2017-10-03,40.2386192212,3.22256873885,3.94354489144
2018-01-07,49.4520339994,3.51123542525,4.34094665453
2018-01-23,48.964123545,3.49981444402,4.25502425862
2018-02-08,49.4547353954,3.63917227072,4.21838660625
2018-02-24,49.4530050452,3.5629156854,4.17867629942
2018-03-12,49.2377390652,3.53500119706,4.10312757683
2018-04-13,49.4547353954,3.67370146645,4.26724838123
2018-04-29,49.4547353954,3.66654009057,4.66479654813
2018-05-31,49.1232537727,3.65375021834,9.94973080363
2018-07-18,49.4547353954,3.73541015348,5.87954919939
2018-08-19,49.4547353954,3.66758203882,4.16975827859
2018-09-04,44.1572608574,2.89722045351,4.38328853785
2018-10-22,49.4547353954,3.59658496763,4.15265261755
2018-11-07,49.4547353954,3.65836456437,4.17066171429
2019-01-26,49.452033938,2.82697899764,3.82938490533
2019-05-18,44.8605132431,2.89822346622,6.32295207043
2019-07-05,49.4547353954,3.93697356092,5.54595182164
2019-08-06,46.5426376189,3.03057225822,4.55833815126
2019-08-22,49.4547353954,3.6726597123,4.2972461207
2019-09-23,49.4547353954,3.56429290878,3.87530943963