Date,Rarea,NDWI,MNDWI
2013-08-25,43.8745033645,3.90097699335,4.40402683268
2013-08-25,43.8546967281,3.90637868188,4.39052235514
2013-09-26,44.1021752361,3.64619282898,3.90637870074
2013-09-26,43.3432291793,2.92055750909,3.1753416629
2014-04-22,36.802465521,2.05267198102,2.62777755081
2014-04-22,39.3671112384,2.07247835406,2.75291822647
2014-05-24,37.0090109201,2.11659340216,2.60836377143
2014-05-24,37.0325280029,2.11029136481,2.59035787531
2014-07-11,44.1066767273,2.9392758942,3.27328573355
2014-07-11,44.1066767273,2.94377736814,3.27294674384
2014-07-27,44.1066767273,2.91406777078,3.23907459012
2014-07-27,44.1066767273,2.92036977548,3.23727394181
2014-08-12,44.1066767273,2.89696221134,3.17155240091
2014-08-12,44.1066767273,2.89786244907,3.17155236759
2014-08-28,43.5592946332,2.83754272592,3.09412706668
2014-08-28,43.5809017256,2.83394159696,3.0959276041
2014-09-29,43.8014773303,2.46031998612,2.69979862815
2014-09-29,43.7870726767,2.4414138635,2.68359336838
2014-10-15,43.8230853086,2.47472559604,2.64218058548
2014-10-15,43.8230853086,2.47922705887,2.63857935337
2015-05-11,40.5995291068,1.84001650211,2.53076820978
2015-05-11,40.3463117006,1.83731567404,2.47176169782
2015-07-14,44.1066767273,2.05338516452,2.30546779392
2015-07-14,44.1066767273,2.05338508756,2.29016271359
2015-08-15,43.9324737655,2.02295885242,2.24623180469
2015-08-15,43.9288724456,2.01485617139,2.23722891791
2015-08-31,41.0220109534,2.03556293005,2.19671585583
2015-08-31,40.99896667,2.02385906085,2.20031694769
2015-11-03,36.974438593,1.30992634607,1.39005255975
2015-11-03,36.9112465318,1.26761266956,1.34593830463
2015-11-19,38.8535155918,1.07405029224,1.09745801434
2015-11-19,38.8697212518,1.07585082568,1.10376005701
2016-04-27,40.1528459702,1.4321815369,1.83627286088
2016-04-27,39.8878854271,1.42677977475,1.80926415445
2016-06-14,42.9653324755,1.60869281394,1.85123585334
2016-06-14,43.179400248,1.70413591734,1.95388149513
2016-06-30,44.1066767273,1.53357578919,1.74154366205
2016-06-30,44.1066767273,1.53087486591,1.73794243488
2016-08-01,44.1066767273,1.5060055607,1.68876520676
2016-08-01,44.1066767273,1.5051052573,1.6860642562
2016-08-17,41.3717029768,1.42047834281,1.67256062174
2016-08-17,41.366459429,1.42317922513,1.67436120169
2016-09-02,44.1066767273,1.32684704276,1.56992638828
2016-09-02,44.1066767273,1.32504645059,1.57262728348
2016-10-04,41.4904305839,0.080125861145,0.397028799072
2016-10-04,41.255454724,0.0558180792236,0.300698257263
2016-11-05,44.1066767273,0.0153048088379,1.04883943451
2016-11-05,44.1066767273,0.0162050873413,1.0461385697
2017-08-04,43.8297685654,2.33141856093,3.21370858131
2017-08-04,43.8288682709,2.33592008198,3.21730969459
2017-08-20,36.9045848448,2.11156660602,2.74627508655
2017-08-20,37.0751332082,2.11966937628,2.76608181299
2017-09-05,44.1066767273,2.32763738642,3.10999436756
2017-09-05,44.1066767273,2.33574003455,3.11179497895
2017-09-21,44.1066767273,2.35194552527,3.04517328229
2017-09-21,44.1066767273,2.34924465113,3.04607356787
2017-10-07,44.0832690698,2.32223579376,2.97585061438
2017-10-07,43.7276540343,2.01973801306,2.64544378205
2017-10-23,43.8626974691,2.1034648064,2.65298397904
2017-10-23,43.8455919722,2.09806304621,2.64218048386
2018-11-11,42.0017956031,2.0398845408,2.2388499639
2018-11-11,41.2149400179,1.75629114731,1.93454975754
2019-02-15,35.8806250935,2.40990287857,2.93121669903
2019-06-07,37.5733222261,3.21623176349,4.1537351514
2019-06-07,37.9899080355,3.30930141788,4.2518674791
2019-08-10,44.1066767273,5.19148141876,5.81178603504
2019-08-10,44.1066767273,5.19238162482,5.80098235272
2019-08-26,38.7475587173,4.81838276886,5.34775818817
2019-08-26,38.9458174654,4.81748233667,5.33605418616
2019-09-11,43.4407247047,5.19001997293,5.84179366423
2019-09-11,43.4507378756,5.17381443155,5.82264717312
2019-09-27,43.1325554017,4.61472977402,5.14590504129
2019-09-27,42.7904427294,4.28432091764,4.80199168289