Date,Rarea,NDWI,MNDWI
2013-06-24,70.115884093,7.04501610522,7.36774772607
2013-07-10,70.115884093,6.89741054639,7.11698028609
2013-07-26,63.0904023007,6.70477374365,7.10697285884
2013-09-12,70.115884093,6.50713229663,6.61971387524
2013-10-14,70.115884093,6.21942687476,6.32950637402
2013-10-30,68.6723361437,6.0968394895,6.21442410742
2013-11-15,66.5794470597,4.88097699951,5.01357224609
2013-12-01,70.0376411314,5.93671536235,5.99746487502
2014-03-23,67.5088679835,4.49319617456,5.46869499079
2014-04-24,64.4900917057,5.33629634692,7.04804762749
2014-05-26,70.115884093,5.50891936865,6.24135369332
2014-08-14,69.2027324958,5.36882001001,5.819141573
2014-09-15,70.115884093,5.33879805811,5.67653955127
2015-02-06,69.5980114472,4.61828460742,5.14025522046
2015-04-27,69.1540663295,4.54323134912,5.32652422426
2015-05-13,70.115884093,4.63329515381,5.2562388728
2015-06-14,70.115884093,4.58325963794,5.11363757813
2015-08-01,67.6795178896,4.55302143441,5.0084634444
2015-10-04,70.115884093,4.10041508179,4.27804201563
2015-10-20,70.115884093,3.99534013794,4.24715710231
2015-11-05,70.115884093,3.8927670813,4.14544732104
2015-11-21,70.115884093,3.69512622876,3.86024415356
2015-12-07,70.115884093,3.77768531592,3.97532601807
2015-12-23,68.7093074722,3.3899100022,3.53001007422
2016-04-29,69.4307574728,3.5967327116,4.64273226706
2016-05-15,70.115884093,3.63425964495,4.52860270399
2016-06-16,69.430016741,3.77936280144,4.43758718877
2016-07-18,70.1083787778,3.67929180584,4.0795771884
2016-08-03,70.115884093,3.59954878192,3.94475574473
2016-08-19,70.0214946423,3.55701843304,3.97696371115
2016-09-04,70.115884093,3.48446656415,3.75465952972
2016-09-20,70.115884093,3.30484830908,3.59005163989
2016-10-06,70.115884093,3.19524073881,3.43791382352
2016-10-22,68.3921587903,3.13269612601,3.42790664262
2016-11-07,70.115884093,3.09970206152,3.27279594096
2016-11-23,69.9582711101,3.11518352274,3.44244668433
2017-05-02,66.4418440452,2.13698683842,3.18948116011
2017-06-03,68.6310928315,2.59731524247,3.3300626212
2017-08-06,70.115884093,2.67737137528,2.9625745264
2017-08-22,59.3685976,1.47522577002,1.6778704187
2017-09-07,70.115884093,2.55728613627,2.75993036356
2017-10-09,61.5136786572,1.72919796683,1.78126456055
2017-10-25,64.5371207132,1.94137770947,2.06396496899
2017-11-26,70.115884093,2.18905379956,2.27411445728
2017-12-12,65.6042579748,1.60613915015,1.68119262842
2017-12-28,66.5398729126,2.03405149252,2.13641883083
2018-06-06,70.115884093,8.43682449823,9.73625445634
2018-06-22,70.115884093,8.6097221886,9.58614672343
2018-07-08,69.9657784997,8.56382801601,9.34847789774
2018-08-09,70.115884093,8.5002708313,9.21741248681
2018-08-25,70.115884093,8.38046004437,8.99968863154
2018-09-10,68.7442084232,8.1978295285,8.71619091855
2018-09-26,70.115884093,8.18031759588,8.68696510859
2018-10-28,70.115884093,7.88358642924,8.22633202689
2018-11-29,70.115884093,7.52082716288,7.81854064139
2018-12-15,70.115884093,7.52786122437,8.08122748173
2018-12-31,68.3672851293,7.13758319482,7.86107110526
2019-04-22,61.6495470449,5.75178558067,6.71898569993
2019-06-09,64.9837564589,7.25535994981,8.47944874995
2019-06-25,64.1407182343,6.68745612047,7.50580512568
2019-08-12,68.9625700886,7.13555278861,7.50233517279
2019-08-28,70.115884093,7.41324874711,7.78601551762
2019-09-13,70.115884093,7.31317731962,7.6784388018
2019-09-29,70.115884093,7.27815234476,7.53583716068