Date,Rarea,NDWI,MNDWI
2013-03-25,6.32051973951,2.26931752316,2.30669071145
2015-06-16,5.88057053789,1.56439120553,2.02326724858
2015-06-16,5.79206775266,1.62284103854,1.92671159509
2016-02-27,5.76105403146,1.92078237486,2.19840604508
2016-07-04,6.90481029914,2.01380194253,2.49418795509
2016-07-04,6.99286399747,2.01846729962,2.52869345653
2016-08-21,5.72615286396,1.8141678878,1.91317568384
2016-12-11,5.9453433358,1.87437030857,1.88606046855
2016-12-11,5.92670292048,1.86817447566,1.88076377924
2017-09-09,6.62396989631,2.00103278217,2.24005265335
2018-04-05,5.79346234109,1.71451417308,1.98118467151
2018-04-05,6.15909207251,1.74951758327,2.07143319436
2018-05-23,7.0588209097,1.98024404567,2.25283144836
2018-05-23,7.04856626982,1.97687293048,2.25027488967
2018-07-26,6.71389702056,1.8914298427,2.07507782253
2018-07-26,6.74046114714,1.89095024059,2.08842520264
2018-08-27,6.92434334827,2.0012921644,2.1038856703
2018-08-27,6.97020441803,2.01419182318,2.12007193525
2019-04-24,5.76392331471,1.39598552002,1.72329889088
2019-04-24,6.08655041185,1.43144688159,1.79381270449