Date,Rarea,NDWI,MNDWI
2013-05-05,33.098829222,0.901119080444,1.06915109214
2013-05-21,33.098829222,0.941447935826,1.10692307895
2013-06-06,31.3857883301,0.790502185608,0.966811148448
2013-06-22,33.098829222,1.01699163749,1.16632076909
2013-07-24,33.0943327059,0.990011561497,1.12495170579
2013-08-25,31.9268621986,0.847160006836,0.908313714966
2013-09-26,33.098829222,0.767120414673,0.829173510315
2013-10-12,33.098829222,0.748234765808,0.785106885315
2013-10-28,32.8245495844,0.545887707703,0.612437351868
2013-11-13,33.098829222,0.683483731506,0.736543611694
2013-12-31,33.098829222,0.0602070993856,2.88891183396
2014-01-16,32.9163087904,0.13063619534,2.89322576913
2014-03-21,33.098829222,2.31619738283,2.79984307159
2014-04-22,33.098829222,2.39748817577,2.81697340825
2014-05-24,33.098829222,2.48633800133,2.87114563047
2014-06-09,33.098829222,2.54021313187,2.90446318169
2014-06-25,30.7792686405,2.60590508995,3.00688420393
2014-07-11,33.098829222,2.57079012309,2.8647949012
2014-07-27,30.963334446,2.40351735636,2.68393384005
2014-08-12,33.098829222,2.53136035904,2.68213448287
2014-08-28,33.098829222,2.40281373007,2.55839465554
2014-09-13,33.098829222,2.45692806458,2.5647325169
2014-09-29,33.098829222,2.42814991724,2.52437638538
2014-10-15,33.098829222,2.37778846912,2.49020255969
2015-01-03,33.098829222,3.16144575972,3.57956392032
2015-01-19,33.098829222,3.09072525148,3.55086032436
2015-02-20,27.2419088973,0.67632508469,1.97715382626
2015-03-08,33.098829222,3.14759345118,3.59234129695
2015-04-25,33.098829222,3.2374114895,3.63864144247
2015-05-11,33.098829222,3.3129537738,3.74190682115
2015-06-12,33.098829222,3.41263810068,3.77570592736
2015-09-16,33.0825390079,3.29226995239,3.43145078291
2015-10-02,33.098829222,3.24566114402,3.38759639721
2015-10-18,33.098829222,3.22043831073,3.34903928534
2015-11-03,33.098829222,3.20065385144,3.32925473596
2015-12-21,33.098829222,3.16018514691,3.29777931732
2016-02-23,33.0913175233,4.09224742182,4.60559560507
2016-04-11,33.098829222,4.26973467177,4.5906146658
2016-04-27,33.098829222,4.30192669123,4.60050817465
2016-05-13,33.0907354731,4.16212905628,4.55509522705
2016-06-14,27.7958804482,3.65825466422,4.479128819
2016-07-16,33.098829222,4.37296060945,4.61456424147
2016-08-01,33.098829222,4.31360586068,4.51490983932
2016-08-17,33.098829222,4.23811940083,4.43501185884
2016-10-04,33.098829222,4.15660711652,4.27171808685
2017-01-08,33.098829222,4.26726278464,4.49675140785
2017-01-24,33.0235053918,4.24567962943,4.48731061577
2017-02-25,33.098829222,4.26186715451,4.48877047216
2017-03-13,33.098829222,4.25827004538,4.45493575261
2017-05-16,33.098829222,4.23039131864,4.60706234669
2017-06-01,33.098829222,4.36330768345,4.6421788304
2017-06-17,30.7856493081,4.11330401297,4.44585071628
2017-07-19,33.0952320488,4.35791351871,4.54321327067
2017-08-04,33.098829222,4.2976587811,4.43615272123
2017-08-20,33.098829222,4.24459950711,4.34981841672
2017-09-05,33.098829222,4.1943789834,4.27171895142
2017-10-07,32.7876638015,3.85083977728,3.9155896814
2017-10-23,32.6455730397,3.63680389337,3.6988559245
2017-12-26,32.769682369,3.63770816321,3.78519400867
2018-01-11,30.5699648961,1.9416041424,2.08729102167
2018-02-12,33.098829222,4.11708028641,4.37159308562
2018-02-28,33.098829222,4.125132047,4.33790036121
2018-04-01,33.098829222,4.13142735059,4.34905957874
2018-05-19,33.098829222,4.18614564975,4.38399376914
2018-06-04,28.7323033129,4.0575507219,4.32558811082
2018-07-22,33.098829222,4.16456396268,4.25813443584
2018-08-07,27.0236845162,1.83458494818,1.93336853641
2018-08-23,33.098829222,4.0125795347,4.0998124921
2018-09-08,33.098829222,3.98214372083,4.05318889545
2018-09-24,32.002555577,3.05854142334,3.11429818903
2018-10-10,31.9500458575,3.07113289038,3.12059425739
2018-10-26,30.9683430702,2.00994140869,2.05760433148
2019-01-30,27.4705156107,3.26089459009,3.64276855903
2019-03-03,31.9606121333,3.64490207703,3.8731810902
2019-03-19,33.098829222,3.87602606763,3.99653296881
2019-04-04,33.098829222,3.88771706433,4.04225677756
2019-05-22,30.594102481,3.74189238388,4.05631538395
2019-06-07,33.098829222,3.85790296433,3.99913713713
2019-07-09,31.7540567676,3.60430323825,3.71765888945
2019-07-25,33.098829222,3.77426945993,3.83996104814
2019-08-10,30.4290851447,2.68699638804,2.68264007489
2019-09-11,32.9099708569,3.37241728552,3.42817391736
2019-09-27,33.0979299137,3.42278128778,3.47044429321