Date,Rarea,NDWI,MNDWI
2013-04-30,11.2719691609,1.2845986798,1.47103239749
2013-05-16,12.0659848098,1.24496724388,1.47103241141
2013-06-01,12.0659848098,1.2197331138,1.45121670621
2013-07-03,12.0659848098,1.19542794915,1.43770598276
2013-07-19,12.0596798069,1.19362652202,1.39447170163
2013-08-04,12.0659848098,1.22432144178,1.404379551
2013-08-20,12.0659848098,1.22695292742,1.4539188364
2013-09-05,12.0659848098,1.26118008165,1.45301811667
2013-10-07,11.5039391799,1.09453373746,1.40650229181
2013-11-08,11.8396616847,1.31554431512,1.45733442005
2013-11-24,12.0583446509,1.73081558429,2.06098200356
2013-12-10,12.0498425967,1.47878897371,1.70282306667
2014-02-12,11.8329015618,1.3963579405,1.54399034738
2014-02-28,12.0659848098,1.41728265701,1.50912724267
2014-03-16,12.0659848098,1.32331524686,1.47733736478
2014-04-17,12.0281689442,1.30711650853,1.4620393839
2014-05-03,12.056977671,1.21522951773,1.42329454953
2014-05-19,12.0650840965,1.25307365209,1.44130883811
2014-06-04,12.0650840951,1.2269529406,1.41879099307
2014-07-06,12.0659848098,1.28459864739,1.44491169534
2014-07-22,12.0659848098,1.28368381149,1.4485145557
2014-08-07,12.0659848098,1.32601737589,1.48274168332
2014-08-23,12.0659848098,1.21703096976,1.37105312814
2014-09-08,12.0659848098,1.26574018237,1.38006027384
2014-09-24,12.0659848098,1.3188822965,1.48094024741
2015-01-30,11.6055715468,0.942313264131,1.07020053102
2015-04-20,12.0470698232,1.31160596671,1.42779811673
2015-05-06,12.0579490245,1.26483946191,1.41976233612
2015-05-22,12.0515733875,1.19631453531,1.35754241532
2015-06-07,12.0513791003,1.06382817741,1.33036906838
2015-06-23,12.0659848098,1.2530595289,1.40167741721
2015-07-09,12.0659848098,1.14866143721,1.27737883499
2015-07-25,12.0659848098,1.28908809812,1.42599669699
2015-08-26,12.0659848098,1.19730001954,1.3260174064
2015-09-11,11.1404530277,0.719670638306,0.778217064636
2015-09-27,12.0659848098,1.30794655916,1.44220952274
2015-10-29,12.0659848098,1.40795050833,1.54592580892
2015-11-14,11.9203554305,1.36384739804,1.69971121443
2015-12-16,12.0182469726,1.39384286084,1.55459028338
2016-01-01,12.0470698115,1.49612507018,1.63863215509
2016-01-17,11.7682968878,1.3241946568,1.40715927065
2016-02-02,12.0659848098,1.48539425572,1.56481605564
2016-04-22,12.0650840963,1.29636443817,1.45211738992
2016-05-24,12.0641833811,1.15586715077,1.32151383377
2016-06-09,12.0659848098,1.20180358424,1.31340740164
2016-06-25,12.0614812382,1.23871874615,1.38816669724
2016-07-11,12.0659848098,0.885568031221,1.04958281526
2016-07-27,12.0659848098,1.23601660589,1.35484026895
2016-08-12,12.0650840965,1.21613025113,1.38816670236
2016-08-28,12.0659848098,1.23594596146,1.36474812576
2016-09-13,11.0064905646,0.990050971345,1.16749172751
2016-10-15,12.0659848098,1.15488167575,1.30890383493
2016-10-31,12.0659848098,1.34350883896,1.50742473403
2017-01-03,10.9738208707,1.10082815072,1.23141405037
2017-01-19,12.0605522622,1.39101700174,1.47721354472
2017-02-04,12.0659848098,1.43112887067,1.52747703098
2017-02-20,12.0659848098,0.0,0.736950227876
2017-03-08,12.0659848098,1.36919512282,1.45381987695
2017-04-09,12.0407648177,1.35934380148,1.51786954379
2017-05-27,12.0371619583,1.22153453519,1.36474813809
2017-06-12,12.0659848098,1.27836430317,1.48094028409
2017-06-28,12.0659848098,1.25134287556,1.40167741159
2017-07-14,12.0659848098,1.20620826698,1.3089744779
2017-07-30,12.0659848098,1.19451310544,1.29276161755
2017-09-16,12.0659848098,1.31077587609,1.46742954123
2017-10-02,12.0659848098,1.19451310452,1.32428660809
2017-11-19,12.0425662275,1.10306040103,1.17275448508
2017-12-05,12.0659848098,1.42046861153,1.54082520809
2018-01-22,12.0551762404,1.14689159582,1.24563459119
2018-02-07,12.0209491033,1.3187621309,1.38114099726
2018-02-23,12.0659848098,1.21328669729,1.2547195599
2018-03-11,11.3345968432,1.2728044703,1.43278179766
2018-03-27,12.0659848098,1.2755773837,1.37472659381
2018-04-28,10.7169177021,1.26205258022,1.44675201038
2018-05-14,12.0650840961,1.22243524674,1.33502454556
2018-05-30,10.6382251094,1.0179730336,1.20074732856
2018-06-15,12.0659848098,0.917827696045,1.09797062146
2018-07-01,12.0641833815,1.24585380789,1.39987597586
2018-07-17,9.76841550951,0.134372443086,0.213621150711
2018-08-02,12.0614812386,1.18550596842,1.33329376391
2018-08-18,12.0659848098,1.21522952268,1.3692375464
2018-09-03,12.0659848098,1.14677524857,1.25664827595
2018-09-19,12.0659848098,1.14947738004,1.28105231994
2018-10-05,12.0659848098,1.31596822397,1.43417373437
2018-10-21,12.0659848098,1.25872870941,1.36336699198
2018-11-06,12.0659848098,1.39902814715,1.55575242517
2018-11-22,12.0659848098,1.37475126504,1.49626291838
2018-12-08,12.0650840966,1.45077147037,1.58988410766
2019-01-09,12.0488712493,1.36110624414,1.52392355327
2019-01-25,12.0659848098,1.43374621774,1.53827143722
2019-02-10,12.0659848098,1.41351020312,1.4927447991
2019-02-26,12.0659848098,1.38211240428,1.44516241203
2019-03-14,12.0659848098,1.33037963864,1.42135178458
2019-03-30,12.0659848098,1.23683254256,1.34581897548
2019-04-15,10.0009823505,0.0801635612183,0.174738575378
2019-05-01,12.0551762448,1.21613024796,1.37022305926
2019-05-17,12.0659848098,1.18190311264,1.32960614296
2019-06-02,12.0659848098,1.20892454379,1.36293258449
2019-06-18,12.0641833816,1.17739953256,1.33419448181
2019-07-04,12.0587790964,1.15398096457,1.30528685963
2019-07-20,12.0659848098,1.13956951474,1.28186827827
2019-08-05,12.0659848098,0.954022308992,1.14317237637
2019-08-21,12.0659848098,1.1674916713,1.34221614278
2019-09-06,12.0659848098,1.19630039156,1.37554256502
2019-09-22,11.9046367434,1.11433535768,1.33165836473