Date,Rarea,NDWI,MNDWI
2013-04-30,100.031684739,26.4856609579,27.9337294443
2013-05-16,95.798513194,22.6123403512,24.3996700638
2013-06-01,107.117086664,27.6579876712,28.7156266176
2013-07-03,107.142106674,21.9545678227,24.4083414669
2013-07-19,107.089564661,18.6038024746,22.03943851
2013-08-04,107.187142669,15.9413808559,19.1273367332
2013-08-20,107.18964467,14.4558005241,16.448469943
2013-09-05,107.112082668,20.4133165281,21.5954760631
2013-10-07,94.1863494715,22.6184508608,23.8403290996
2013-11-08,104.26488507,24.0563248868,25.6738134025
2013-11-24,105.74701142,24.6379073,26.9495386253
2013-12-10,106.027863402,27.5025592355,28.0181181951
2014-02-28,107.18964467,29.6462431639,30.1260873229
2014-03-16,107.18964467,29.6444182409,30.7297754694
2014-04-17,107.044528695,28.0512823922,29.0396995624
2014-05-03,107.024512677,26.1001741876,26.923812653
2014-05-19,107.03952466,22.6216397414,24.2862832353
2014-06-04,107.177134668,20.4758475017,22.8491642558
2014-06-27,91.9587699919,11.8397595078,13.2740230865
2014-07-06,107.187142669,13.3778124324,16.2056193752
2014-07-22,107.18964467,10.8278031969,14.3365370179
2014-07-29,87.1188683183,7.41338795343,9.02612810976
2014-08-07,107.18964467,11.9481200792,14.1406945642
2014-08-23,107.184640668,13.8078723239,15.48954821
2014-08-30,86.4553308918,12.6100822471,13.0436641009
2014-09-08,107.182138669,12.9947226564,14.1294815844
2014-09-24,107.18464067,8.96716933545,11.4627910855
2014-12-20,103.453448477,20.1302083071,20.9694669264
2015-01-05,104.817241858,18.9943786904,19.7920746958
2015-04-04,95.7663133236,24.9116034225,26.9434615408
2015-04-20,107.174632668,30.4204694774,32.5896039874
2015-05-06,107.132098691,29.7023566301,31.2674205005
2015-05-22,106.971970662,26.7528533421,28.7914616893
2015-06-23,107.18964467,29.2151637927,30.8169334408
2015-07-09,107.18964467,25.3547269099,28.0117015414
2015-07-25,107.18964467,23.3239274295,25.6960176713
2015-08-01,87.1477330818,15.8730222318,16.7990956738
2015-08-17,91.541274505,19.0903102162,20.1882855466
2015-08-26,107.094568644,21.1791351363,23.9305774025
2015-09-02,93.8706931052,19.3924242241,20.8466252973
2015-09-11,106.706758549,20.2776397063,22.505458098
2015-09-27,107.182138667,20.0286360092,22.3540623595
2015-10-29,107.18964467,29.1869941162,30.5623671968
2015-11-14,105.094764684,28.6069520659,30.4583818923
2015-12-16,105.091124633,26.7155972294,27.3701201342
2016-01-01,106.979476656,26.1067183662,27.0829590709
2016-01-08,89.9109823481,21.8095516726,22.4335699274
2016-01-17,107.057038659,24.2112231584,25.0417985071
2016-02-02,107.112082649,22.0044594184,22.9380485396
2016-04-22,105.668820672,20.1057860927,21.0375991542
2016-05-24,106.376494399,20.4818136751,22.6873294584
2016-06-09,107.18964467,18.5553926385,21.2472281207
2016-06-25,107.177134668,15.6758756681,18.9445251253
2016-07-11,105.388203994,12.4899859377,15.3533901771
2016-07-27,107.18964467,11.4066202673,13.1774755329
2016-08-12,107.154616663,10.0298429855,11.3086881449
2016-08-19,97.6463638848,11.4116242844,11.7426240824
2016-08-28,107.18964467,12.0146063684,12.3631201449
2016-09-04,88.6629949604,12.870290156,13.2087959913
2016-09-13,91.9135345155,9.99872997007,11.5958101278
2016-09-20,92.8622311293,10.3890419498,11.0745900316
2016-09-29,104.925333981,6.22070892124,7.27905513535
2016-10-06,90.0353662217,7.67363553833,9.78105578501
2016-10-15,107.18964467,6.13990915918,9.61342154038
2016-10-31,107.184640669,10.7363879685,10.9272856415
2017-01-03,103.749394458,25.8652303137,26.7598961496
2017-01-19,85.906145128,20.7648712105,22.4292890643
2017-02-04,107.18714267,27.7106867877,28.2153154531
2017-02-11,87.1550564123,23.3527167896,23.6254641914
2017-02-20,107.18964467,17.4099345912,24.8877252413
2017-03-08,107.184640669,26.2917492418,26.8622638818
2017-04-09,106.974472637,20.1194050952,20.9986271474
2017-04-25,95.8125465493,12.8917353312,14.4379705861
2017-05-02,105.655302593,17.2037221815,18.6424991485
2017-05-18,92.4050972608,8.18654504785,9.48530847639
2017-05-27,106.899618615,8.31236078716,10.7475217926
2017-06-12,107.157118663,5.52763454863,7.45966848542
2017-06-19,87.5060607665,1.90652424341,5.57519270445
2017-06-28,107.18964467,10.6728570467,11.3135550419
2017-07-14,107.18964467,10.7736141736,11.0588421736
2017-07-21,96.6155394532,7.46847178247,7.79873582056
2017-07-30,107.18964467,6.98808740942,7.14321144922
2017-08-06,90.1427558905,2.85978634668,3.52531853833
2017-08-15,107.18964467,3.04243238965,4.41853273828
2017-08-22,90.1027239273,7.96136565454,8.43497949424
2017-09-07,92.7523787197,13.3056383267,13.6866781224
2017-09-16,107.18714267,11.5667482151,11.7844222332
2017-09-23,88.0441193214,10.2456920977,10.5659481123
2017-10-02,107.134600655,9.0072019126,10.0162437042
2017-11-03,100.407416377,3.82305664917,4.67373690625
2017-11-19,107.174632673,3.76468573705,4.74296805907
2017-12-05,107.162122671,7.62396756973,7.92875037435
2018-01-22,107.109580664,7.41010053417,7.65102838632
2018-02-07,107.14210667,6.55210086329,7.10987994922
2018-02-14,90.8481917088,7.75975303382,8.14951548056
2018-02-23,107.184640669,7.34587318579,7.56135908401
2018-03-27,107.184640669,20.1686236614,20.6941119775
2018-04-28,88.6767338935,23.4271671466,24.4508670546
2018-05-14,107.184640671,28.7925418409,30.5961686925
2018-06-15,107.184640668,27.4254495397,28.8940736693
2018-07-01,107.154616672,26.0433449229,27.1954122442
2018-07-17,100.379003192,17.7402969491,19.180319485
2018-07-24,99.8556426821,18.2243031895,19.4215046662
2018-08-02,107.142106659,19.1520243448,20.4182025316
2018-08-09,98.9920653005,16.0351816584,17.2499170206
2018-08-18,107.157118663,17.6829974802,18.8256846427
2018-08-25,97.4260802218,17.8845230223,18.7972718168
2018-09-03,107.17463267,16.2444963275,19.1294080915
2018-09-19,107.18714267,27.9638209868,29.849641224
2018-10-05,107.18964467,28.7227018381,30.3132175226
2018-10-21,107.18964467,28.2760999467,29.8435580155
2018-11-06,107.18964467,29.3938455731,31.4432474563
2018-11-22,107.18964467,29.343805632,31.2485722851
2018-12-08,107.179636671,29.7539666182,31.4049815756
2018-12-15,97.4035622179,27.6963244842,28.8818402607
2018-12-31,96.1598825318,26.6248799377,27.9151461484
2019-01-09,107.037022686,28.9508049538,30.0242115242
2019-01-25,107.152114677,28.2805145115,29.6200649752
2019-02-10,107.134600671,28.7270771943,29.5035307892
2019-02-17,95.2101348872,22.4648599489,25.0766527533
2019-02-26,107.152114667,27.1053695316,28.0956312385
2019-03-05,90.1996680515,19.9235136349,20.966915952
2019-03-14,107.142106663,24.7525972731,26.1787464763
2019-03-30,107.18964467,20.984733273,23.3764677897
2019-04-15,92.8750039435,5.29901743675,8.46190662959
2019-05-01,106.446550757,18.5613452649,21.0610974963
2019-05-17,107.18964467,15.70064693,17.3361594431
2019-06-02,107.184640668,11.0488394784,13.1254498528
2019-06-18,107.162122664,21.965439754,24.0753014198
2019-07-04,107.084560651,20.4565092116,22.7765577015
2019-07-20,107.187142669,15.0953323667,17.9526040673
2019-07-27,100.049565898,13.7493639634,14.7141543182
2019-08-05,107.18964467,9.96789990738,13.16437419
2019-08-12,98.3111788025,5.65003563576,8.21533135331
2019-08-21,107.18964467,9.20948727043,14.4765009736
2019-08-28,97.4185742309,11.1217929035,12.3733422326
2019-09-06,107.184640669,11.6548734588,14.8254566993
2019-09-22,101.914497782,14.780255403,16.0317355265
2019-09-29,88.2410707141,12.8440435078,13.5469876141