Date,Rarea,NDWI,MNDWI
2013-04-19,10.2764437547,1.17785162899,3.52853472371
2013-06-22,10.279144336,3.47064412224,3.48414682818
2013-07-08,10.279144336,3.47926471412,3.49129182615
2013-07-24,10.279144336,3.46661975015,3.47973063503
2013-08-09,10.279144336,3.41887461859,3.44175333065
2013-08-25,8.23123701717,2.08933333167,2.11003750452
2013-09-10,10.279144336,3.45057176557,3.47161485489
2013-09-26,10.279144336,3.46878719694,3.50029365372
2013-10-28,10.2782441421,3.51413182601,3.52999983365
2013-11-13,10.2755435613,3.62174495478,3.65561327121
2013-12-15,10.2764437555,3.81913259937,3.87003046327
2014-03-05,10.2773439489,3.51593221993,3.63599238537
2014-03-21,10.279144336,3.47064401739,3.56757802032
2014-04-06,10.2782441431,3.50603018062,3.57748013537
2014-06-09,10.279144336,3.4745236415,3.49432774782
2014-08-12,10.279144336,3.50119383146,3.50963089315
2014-08-28,10.279144336,2.05821927293,3.40340852907
2014-09-13,10.279144336,3.47382467686,3.47722416347
2014-09-29,8.58473558283,3.40482108017,3.48230366787
2014-10-15,10.2782441421,3.60505055715,3.58704685561
2014-10-31,10.2782441431,3.59964945522,3.58074558937
2014-12-18,10.277343948,3.57190261566,4.03357818168
2015-01-03,10.2782441421,3.64301058651,3.94716073118
2015-02-20,10.2782441431,3.52043312941,3.76730685418
2015-04-25,10.279144336,3.49646335815,3.570447979
2015-05-11,10.279144336,3.5072656676,3.55047453491
2015-05-27,10.279144336,3.48234640356,3.50816588256
2015-06-28,10.279144336,3.43415645801,3.4736233929
2015-07-14,10.279144336,3.45402072025,3.49522792012
2015-07-30,10.279144336,3.46469586454,3.50242942861
2015-08-15,10.279144336,3.44849247886,3.48172517586
2015-08-31,10.279144336,0.0,2.15782161351
2015-09-16,8.71985161209,2.37515363083,2.37537953019
2015-11-03,10.279144336,3.65372047717,3.7223288984
2015-11-19,10.2773439486,3.63777185798,3.69751624129
2015-12-05,10.2004052209,3.50010010032,3.62762354618
2016-01-06,10.279144336,3.75851683132,3.85855067596
2016-01-22,10.2782441429,3.63467596842,3.70990707259
2016-02-07,8.24995634996,2.811363335,2.89061914832
2016-02-23,10.279144336,3.55380006335,3.62761558636
2016-03-26,10.279144336,3.51599229425,3.53460316804
2016-04-27,10.279144336,3.44472583825,3.4769912953
2016-06-14,10.279144336,3.43438956269,3.43438954884
2016-07-16,10.279144336,3.33325460703,3.33561268683
2016-08-01,8.25937583914,1.98138422221,1.78650617245
2016-08-17,10.279144336,3.33381227027,3.36376904826
2016-09-02,10.279144336,3.33623409833,3.31885164023
2016-11-05,10.279144336,3.50641153119,3.50101059344
2016-12-23,10.279144336,3.73531307381,3.92292629502
2017-02-09,10.279144336,3.38276484763,3.61105596583
2017-03-29,10.279144336,3.39474620029,3.49535163382
2017-04-14,10.279144336,3.30534883872,3.43709010358
2017-05-16,10.279144336,3.29004578684,3.37044117236
2017-06-01,9.57970064376,2.07135673669,2.71932814554
2017-06-17,10.279144336,3.3359553068,3.36774066821
2017-07-03,10.279144336,3.3197519733,3.35595354278
2017-07-19,10.279144336,3.29309944833,3.33000702243
2017-08-04,10.279144336,3.09690093768,3.21659765346
2017-08-20,10.279144336,3.22739994179,3.26613626257
2017-09-05,10.279144336,3.31498287945,3.31588306213
2017-09-21,10.279144336,3.29399973221,3.32578515417
2017-10-07,10.279144336,3.29667205774,3.31197526593
2017-10-23,10.279144336,3.34557519489,3.36370600396
2017-11-24,9.52748787722,2.6970771669,2.72965332975
2017-12-10,10.0864457703,3.41503910569,3.43757218199
2017-12-26,10.2782441423,3.63598592361,3.67548145589
2018-01-11,10.279144336,3.58598867221,3.90070406543
2018-01-27,10.279144336,3.44460998266,4.00824321307
2018-02-12,10.279144336,3.38996662924,3.59071558886
2018-02-28,10.279144336,3.34515142773,3.46487624456
2018-04-01,10.279144336,3.31165035269,3.44965751428
2018-04-17,10.279144336,3.3569385321,3.47280462167
2018-06-20,10.2701424436,3.32273140558,3.40914921033
2018-07-06,10.279144336,3.14548284029,3.27869643576
2018-07-22,10.279144336,3.25627658903,3.3246059924
2018-08-07,10.279144336,3.33180754562,3.37044135632
2018-08-23,10.279144336,3.32848569738,3.36187723584
2018-09-24,10.279144336,3.32938587744,3.33750168645
2018-11-11,10.2782441421,3.44515676764,3.56104123034
2018-11-27,10.279144336,3.5166917285,3.7260471283
2018-12-29,9.48394815293,3.19611499908,3.68213018219
2019-01-14,10.2782441421,3.44785776874,3.7475775746
2019-02-15,10.279144336,3.33136967385,3.55649780969
2019-03-19,10.279144336,3.35567478744,3.41274995093
2019-05-06,10.279144336,3.26609394406,3.35971320834
2019-05-22,8.34490340044,1.49173050963,1.58908817948
2019-06-07,10.279144336,3.27509591592,3.33568717962
2019-06-23,10.279144336,3.27267421722,3.2996939193
2019-07-09,10.279144336,3.27240936562,3.28883504246
2019-07-25,10.279144336,3.22825789795,3.25896309736
2019-08-10,10.279144336,3.19329186648,3.21749800924
2019-09-11,10.279144336,3.27141050797,3.27430870743
2019-09-27,10.279144336,3.28241043295,3.27141054019