Date,Rarea,NDWI,MNDWI
2013-04-19,405.227166971,129.408405564,131.531797763
2013-04-19,403.372860188,129.428410521,131.579933468
2013-06-06,404.441098416,126.185362572,130.185519011
2013-06-22,405.201710023,122.706063147,129.322641015
2013-06-22,404.233696425,122.676051933,129.432680709
2013-07-08,405.227166971,117.617500033,127.959209237
2013-07-08,405.227166971,117.567478455,128.069249924
2013-07-24,405.227166971,117.297392734,128.237891794
2013-07-24,405.227166971,117.257376596,128.227891034
2013-08-09,405.227166971,114.873779491,126.533445064
2013-08-09,405.227166971,114.923797269,126.61346932
2013-08-25,360.18511287,95.8731488984,104.618943649
2013-08-25,351.710578034,87.630351335,96.6162070034
2013-09-10,405.227166971,117.509844564,126.533781125
2013-09-10,405.227166971,117.50984566,126.623814742
2013-10-28,385.557717179,110.073122242,115.503463042
2013-10-28,390.662527,111.973742982,117.454107406
2013-12-15,398.948487489,116.249980281,124.203061485
2013-12-15,405.117124224,117.620418542,125.537057717
2014-02-01,370.686885941,112.866927083,118.351492849
2014-02-01,378.188228609,121.580223672,126.634627892
2014-03-05,405.227166971,126.275572756,127.694166838
2014-03-05,405.227166971,126.385615636,127.6941639
2014-03-21,405.227166971,120.61129027,126.14366049
2014-03-21,405.227166971,120.58127659,126.243692637
2014-04-06,386.579555227,103.289451953,112.024638926
2014-04-06,387.901701231,103.259451014,111.844586275
2014-04-22,405.227166971,113.319456527,123.732864256
2014-04-22,405.217163876,113.429024364,123.702855509
2014-05-08,398.38484926,105.423811581,116.649714512
2014-05-08,399.422371709,105.603832251,116.999789082
2014-06-09,404.55694177,107.499344857,116.991631848
2014-06-25,400.388345706,106.497433951,115.135560405
2014-06-25,361.437497876,69.5591470518,77.5317502725
2014-07-27,405.107130143,110.130214809,116.372276205
2014-07-27,405.127135818,110.180229924,116.342263541
2014-08-12,405.227166971,109.412793449,115.622939427
2014-08-12,405.227166971,109.482818398,115.652953135
2014-09-13,405.217163807,107.942334164,113.512758295
2014-09-13,405.227166971,107.992349917,113.582777374
2014-10-15,405.060754376,108.149624695,112.838672592
2014-10-15,405.219045948,108.269668255,112.978718425
2014-10-31,405.157141627,106.349317489,109.991177705
2014-10-31,405.227166971,106.389333176,110.04119564
2014-12-18,405.217163031,118.698451973,124.186531607
2014-12-18,405.227166971,118.688449872,124.1665273
2015-01-03,405.127131694,120.826168671,123.691388426
2015-01-03,405.227166971,120.926203685,123.831438858
2015-02-20,324.861565011,92.3188405483,96.8889033226
2015-02-20,334.477246802,97.0605930463,101.140900527
2015-03-08,405.187154514,119.758303369,122.231269297
2015-03-08,405.227166971,119.74374873,122.160772833
2015-04-09,404.092906006,123.364905319,125.877958328
2015-04-09,404.163876234,123.39491628,125.903419258
2015-04-25,376.436815643,97.8213654382,99.4026836854
2015-04-25,369.644374806,91.7892114392,93.4305531815
2015-05-11,405.227166971,124.292425766,125.621922131
2015-05-11,405.227166971,124.312427357,125.621922473
2015-05-27,405.197157458,121.802167378,124.649253696
2015-05-27,405.217163793,121.832174964,124.639248278
2015-06-28,384.401158702,96.6562044337,103.938675003
2015-07-14,405.227166971,114.661356632,121.358673084
2015-07-14,404.269610893,114.311219414,120.938504134
2015-07-30,405.217163662,112.682196159,120.335239783
2015-08-15,405.227166971,112.608950958,120.03514092
2015-08-15,405.227166971,112.618954177,120.105166079
2015-08-31,369.045093358,78.3971937695,86.589873498
2015-09-16,405.227166971,110.883665983,117.408677063
2015-09-16,405.227166971,110.863658471,117.448689854
2015-10-18,405.227166971,108.892614191,113.502004958
2015-10-18,405.227166971,108.982644759,113.562019118
2015-11-03,395.18393332,102.634439199,106.552482331
2015-11-03,404.056824452,109.116628759,113.074688297
2015-11-19,405.197155371,108.597265153,112.181412849
2015-11-19,405.217163031,108.587260802,112.213937151
2015-12-05,404.927044976,107.17604638,109.923665873
2015-12-05,405.227166971,107.17604664,109.933676416
2015-12-21,379.928876797,99.5766730865,102.328234199
2016-01-06,405.207159035,105.486037084,108.063117318
2016-01-06,405.227166971,105.516048348,108.043111858
2016-01-22,405.127130716,104.648396223,105.956935596
2016-01-22,405.217163217,104.678408255,105.986944374
2016-02-07,405.157141182,102.444559747,103.405337931
2016-02-07,405.217163031,102.524588171,103.507881868
2016-02-23,405.227166971,101.47473475,102.398730977
2016-02-23,405.227166971,101.494740106,102.461266244
2016-03-10,340.006855272,79.6067159492,80.2068833135
2016-03-10,325.658799965,80.9472242939,81.5573954619
2016-04-27,405.227166971,96.2246154134,97.5642403189
2016-04-27,405.187152689,96.2346200989,97.5042189663
2016-05-13,363.102145279,94.4798209157,96.0202731315
2016-05-13,356.583857671,92.1619677832,93.7324367217
2016-05-29,405.187154088,93.7080543512,95.187712704
2016-05-29,381.638994472,70.6200619215,72.1597403768
2016-06-14,405.097119082,90.7871036949,92.1672025632
2016-06-14,332.760984675,25.0734597476,26.3735294265
2016-06-30,405.157142802,88.4363344967,90.0465214597
2016-06-30,401.375700637,85.005027274,86.5251812146
2016-07-16,400.395641812,82.0842679029,83.084595274
2016-08-01,405.227166971,84.5255004789,85.5975630186
2016-08-01,405.057103379,84.455002567,85.5570728
2016-08-17,382.159396687,65.6132772969,67.0237450449
2016-08-17,383.849950504,66.0333939648,67.4638688301
2016-10-04,405.227166971,78.3929524644,79.4332984732
2016-11-05,405.227166971,75.2168799722,76.8642802988
2016-11-05,405.227166971,75.226881646,76.8942907246
2016-12-07,404.947083792,75.72430192,78.7302233361
2016-12-07,405.037110718,75.8643462569,78.8202486212
2016-12-23,405.047103093,76.2352302332,78.6659131193
2016-12-23,405.227166971,76.3852834559,78.8559768741
2017-01-24,402.618779606,75.7230385125,80.0505555658
2017-01-24,404.256822544,75.7830649998,80.2937046417
2017-02-09,327.63627745,59.0659333502,61.1593332196
2017-02-25,382.109060687,72.7455744063,77.1387585526
2017-02-25,401.684907258,73.0756924814,78.4858098026
2017-03-29,405.217163031,72.3965494636,73.5719336358
2017-03-29,405.227166971,72.4065521795,73.6019437793
2017-04-14,405.207160443,69.4258466452,70.730956753
2017-04-14,405.197156786,69.4858694147,70.7409612979
2017-05-16,404.967083018,64.9715492316,66.1816099129
2017-05-16,405.227166971,65.1115937599,66.4116891405
2017-06-01,331.941077671,0.0,1.34041119824
2017-06-01,332.321216416,0.0,1.34041041895
2017-06-17,405.227166971,62.9406972928,63.6709410857
2017-06-17,404.43690233,62.2404649422,62.9406968709
2017-07-03,405.187152813,61.2203901423,62.2980937686
2017-07-03,341.354448459,7.30078170296,8.08885067092
2017-07-19,399.285134088,55.2976343349,56.7793519491
2017-07-19,339.703731078,3.85921572359,4.9007776688
2017-08-04,398.67496132,52.1085952988,53.5704741286
2017-08-04,357.820157125,13.674669416,14.9064672096
2017-08-20,405.227166971,57.2357625875,58.2160995934
2017-08-20,405.227166971,57.3257933863,58.2261026119
2017-09-05,405.227166971,56.3864250297,57.0666513422
2017-09-05,405.227166971,56.426438433,57.0666507982
2017-10-07,405.147137242,53.4200866316,54.7155116172
2017-10-07,405.197155625,53.5201226345,54.7755352373
2017-10-23,405.217163013,52.4666284687,53.3750511328
2017-10-23,405.217163013,52.4466212822,53.3750517432
2017-11-08,401.861448624,50.0057730107,50.9642225645
2017-11-08,402.924428047,50.0257807148,50.9842300381
2017-11-24,333.133469408,1.99396026789,2.60917579256
2017-12-10,405.177149848,47.173283891,48.4002324181
2017-12-10,405.227166971,47.203294098,48.4221209785
2017-12-26,404.95706275,47.4933998812,48.6222066348
2017-12-26,405.227166971,47.6018706192,48.6822248906
2018-01-11,405.227166971,47.2229873395,51.3694459605
2018-01-11,405.227166971,47.2217327608,51.4494748345
2018-01-27,401.376288422,46.9623950408,48.8622191074
2018-01-27,402.933317198,47.0524264919,49.0922799121
2018-02-12,405.227166971,47.0344587325,48.9224389896
2018-02-12,405.227166971,47.1129187009,48.8524136605
2018-02-28,405.227166971,47.0352362713,48.7523760238
2018-02-28,405.227166971,47.0852544324,48.8324008285
2018-04-01,405.227166971,52.2958008157,53.7341001156
2018-04-01,405.227166971,52.2557883303,53.7741150277
2018-04-17,405.227166971,51.5363017011,53.4136178926
2018-04-17,405.227166971,51.5463051728,53.4136182734
2018-06-04,405.227166971,54.7172292332,55.9857847685
2018-06-04,384.049515204,34.7500174354,35.8985295907
2018-06-20,405.167146535,53.6847135262,54.8044671742
2018-06-20,343.505118422,2.48644108189,3.08601103257
2018-07-06,396.574285235,40.3845528389,44.7661033955
2018-07-06,393.823319635,37.6235839199,42.0851622822
2018-07-22,404.226833665,52.7573959709,54.7485038345
2018-07-22,360.21116836,13.5834443703,15.3244649947
2018-08-07,405.227166971,55.5172048929,57.2360626969
2018-08-07,405.227166971,55.5872308001,57.2560702642
2018-08-23,405.227166971,55.5774199337,57.0350860527
2018-08-23,405.227166971,55.5574121719,57.0951083272
2018-09-24,405.227166971,56.8212675642,58.6900214979
2018-09-24,405.227166971,56.8412757791,58.6900205116
2018-10-10,396.27006632,58.2301609164,59.9410556213
2018-10-10,398.929477242,59.4606501293,61.0961791787
2018-11-11,405.227166971,60.7940409636,61.6663237378
2018-11-11,405.227166971,60.8040438649,61.6300745457
2018-11-27,405.227166971,62.3544166488,63.7970362065
2018-11-27,405.227166971,62.3045547624,63.807040019
2019-01-14,405.077112855,60.8710867035,62.1565292617
2019-01-14,405.227166971,60.9792463003,62.2067045195
2019-01-30,405.217163507,60.5275432819,61.3467248158
2019-01-30,405.227166971,60.5075353278,61.3367213353
2019-02-15,386.864049908,51.1880818506,52.3850422917
2019-02-15,405.227166971,58.9055685751,60.4743961505
2019-03-19,405.227166971,55.6608676209,56.3845372145
2019-03-19,405.227166971,55.6608684646,56.464565027
2019-05-06,405.197156361,50.9876881283,51.8662689031
2019-05-06,405.137134456,50.9676811879,51.8062470731
2019-05-22,405.132308454,48.5012100676,49.4637288376
2019-05-22,358.097070773,2.66481538498,3.5172952204
2019-06-07,405.217163121,47.7955059773,48.4533751608
2019-06-07,365.292438342,13.6629518855,14.1907711091
2019-06-23,405.227166971,46.7551474812,47.4517814356
2019-06-23,394.973535736,39.261756252,39.889149625
2019-07-09,405.207159672,46.2269690904,47.1325786012
2019-07-09,352.878341889,2.80139068609,3.4269008365
2019-07-25,392.992889245,37.9891701822,39.0112480178
2019-07-25,355.07912177,2.86641349081,3.61839040355
2019-08-10,404.857026744,45.9918985728,46.9639618147
2019-08-10,367.103120159,13.0697937184,13.821776594
2019-09-11,405.227166971,47.964792002,48.8638389642
2019-09-11,405.227166971,47.9647923712,48.8938510785
2019-09-27,405.227166971,48.1518685565,48.6950368389
2019-09-27,405.227166971,48.161872493,48.7750652755