Date,Rarea,NDWI,MNDWI
2013-04-19,39.8478837001,4.7702642099,5.02569811145
2013-05-05,39.8442814817,4.84501101831,4.97372013214
2013-05-21,34.7367201739,1.50033493091,1.5415064776
2013-06-06,35.5630271261,1.23737420648,1.27152486224
2013-06-22,37.7540804267,2.7115866405,2.76381880261
2013-07-08,39.518276309,3.90122528088,4.00478932971
2013-07-24,39.8361764619,4.29117115649,4.31188405487
2013-08-09,39.8478837001,4.1011540415,4.14257944189
2013-08-25,39.8478837001,3.97687759814,4.01109883551
2013-09-10,39.8478837001,3.8616069519,3.87961838672
2013-11-13,39.8478837001,4.18250664129,4.3459381173
2013-11-29,39.8478837001,4.15845686864,4.35682649777
2013-12-31,39.8478837001,4.2669409129,4.57386523477
2014-03-05,39.8478837001,3.55001526929,3.55925354561
2014-03-21,39.8478837001,3.37440616162,3.39241717834
2014-04-06,39.8478837001,3.2204106936,3.25553225604
2014-04-22,39.8478837001,3.08352648926,3.19402674631
2014-05-08,39.8478837001,2.82506556519,2.8457784892
2014-06-09,39.7371139679,2.53508458435,2.54499054376
2014-06-25,39.624543472,2.32255199524,2.34146356873
2014-07-27,39.8478837001,2.29913865515,2.33426041412
2014-08-12,39.8478837001,2.19917650696,2.2288948642
2014-09-13,39.8478837001,1.94521792572,1.96052743707
2014-09-29,39.8478837001,3.41915119592,3.45877540252
2014-10-15,39.8478837001,3.45729931677,3.50110162255
2014-10-31,39.8478837001,3.40722837442,3.52029963286
2014-11-16,35.0149360043,1.50218248224,2.40040346035
2014-12-18,39.8460825571,5.99335022885,6.70871154499
2015-01-03,39.8478837001,5.78185588387,6.37843212134
2015-02-20,39.8478837001,5.04159962367,5.25480907252
2015-03-08,39.8478837001,4.89544435535,5.0443865317
2015-04-09,39.8424802713,4.9080517182,5.04738414693
2015-04-25,39.0851154159,4.06063072021,4.15283729976
2015-05-11,34.7335985284,1.22025847205,1.29805614833
2015-06-28,39.694787492,3.96336676837,4.09394713025
2015-07-14,39.8469831404,4.23173491638,4.28355749142
2015-08-15,39.8478837001,4.03271240094,4.07503863116
2015-08-31,39.8478837001,2.47834536426,3.09793196375
2015-09-16,32.9856762643,3.26903507135,3.35634634341
2015-10-02,39.8478837001,3.7706510152,3.81602811354
2015-10-18,32.6752699779,2.20907092261,2.37265355235
2015-11-03,39.8478837001,4.02036673605,4.24733828417
2015-11-19,39.8478837001,4.63942253759,4.93181160277
2015-12-05,39.8478837001,4.78695605592,5.13529981483
2015-12-21,39.8478837001,4.56164800983,5.49583617384
2016-01-06,39.8478837001,4.56971165896,4.97556697603
2016-01-22,39.8478837001,4.23974358586,4.51807951417
2016-02-07,39.8478837001,4.01137270506,4.16571374717
2016-02-23,39.8478837001,3.80420895838,3.88928798385
2016-03-10,39.8478837001,3.62566150128,3.6472746073
2016-03-26,39.8478837001,3.50318556061,3.53415433858
2016-04-11,37.8046190492,3.32725156494,3.35510869432
2016-04-27,39.8271707544,3.23932199078,3.29114439095
2016-05-29,39.8469831372,3.26813996094,3.29965908081
2016-06-14,39.2913349864,2.47924789038,2.5170714024
2016-06-30,39.8478837001,2.8151596723,2.83136968713
2016-08-01,39.8478837001,2.53148354114,2.5350856969
2016-08-17,39.8478837001,1.02484017047,2.03707393414
2016-10-04,39.8478837001,2.70889351324,2.72150120801
2016-10-20,39.8478837001,2.65125774878,2.70777699815
2016-11-21,39.8478837001,3.44258478832,3.68937278021
2016-12-07,38.5631125298,3.13620233773,4.05832667859
2016-12-23,39.8460826103,3.57041575048,4.203360996
2017-01-24,39.8478837001,3.92277527884,4.35836113061
2017-02-09,39.8406791268,3.24562514703,3.60341943174
2017-02-25,39.8478837001,4.38302571222,4.90675840791
2017-03-13,39.8478837001,4.67480476141,4.91255301532
2017-03-29,39.8478837001,4.68291081311,4.78557463965
2017-04-14,39.8478837001,4.5541315495,4.61987210199
2017-05-16,34.5363845359,0.0,0.483603432434
2017-06-01,39.6832153459,0.896058931396,3.84899579675
2017-06-17,39.8478837001,3.99939012653,4.02910840997
2017-07-03,39.8478837001,3.80937287689,3.84629560651
2017-07-19,39.8478837001,3.55631600476,3.61034966583
2017-08-04,39.8478837001,3.52389694849,3.55181430554
2017-08-20,39.8478837001,3.33027730341,3.35729397821
2017-09-05,39.8478837001,3.2249132309,3.2215616464
2017-09-21,39.8478837001,2.88360160358,2.91692208563
2017-10-07,39.8478837001,2.80075093604,2.891706836
2017-10-23,39.8478837001,2.79444733801,2.82895398443
2017-12-10,39.8478837001,2.97836562272,3.00559055978
2017-12-26,39.8478837001,3.1717175389,3.23544168229
2018-01-11,39.8478837001,3.18003453297,3.37326936295
2018-01-27,39.8478837001,2.67399802047,2.77250457162
2018-02-12,39.8478837001,2.35883766574,2.49249404939
2018-02-28,39.8478837001,2.1631547868,2.2476443987
2018-04-01,39.8478837001,3.99849021997,4.03000972559
2018-04-17,39.8478837001,3.87601496448,3.92284413373
2018-05-03,39.8478837001,3.70400892786,3.73102578638
2018-05-19,38.4260738389,3.52029494617,3.5779312796
2018-06-04,36.5581344256,0.873547078674,0.885254244019
2018-06-20,39.1787696355,2.72690447272,2.732307685
2018-07-22,39.8478837001,2.30634068604,2.66656642548
2018-08-07,39.7326111672,2.34416597791,2.38919423975
2018-08-23,39.8478837001,2.38739414825,2.3801895318
2018-09-08,39.8478837001,2.26221638605,2.26221631732
2018-10-10,39.8478837001,3.46896223059,3.55811772388
2018-11-11,39.8478837001,5.37574131769,5.58056983296
2018-11-27,39.8478837001,5.6433837702,6.32572482434
2018-12-13,39.8208668074,4.9229638513,5.72757686383
2018-12-29,39.8478837001,5.46511193129,6.11564391618
2019-01-14,39.8478837001,5.31985740128,5.85092224684
2019-01-30,39.8478837001,5.0821173024,5.4727369697
2019-02-15,39.8478837001,4.64238725372,4.95295699859
2019-03-03,39.8478837001,4.55413330261,4.64222532668
2019-03-19,39.8478837001,4.31638614178,4.3434027016
2019-05-06,39.8478837001,4.16059036029,4.18310404724
2019-05-22,39.0202712159,3.17448034448,3.22851342346
2019-06-07,39.6074331331,3.61395156982,3.63826633942
2019-06-23,39.1121218302,2.94213139844,2.96014231744
2019-07-09,39.8469831343,3.49237844208,3.52659935693
2019-07-25,34.5639537478,2.35496747571,2.38288471216
2019-08-10,37.2707366379,2.32165121552,2.48014890692
2019-09-27,39.8478837001,4.59735782397,4.66395642129