Date,Rarea,NDWI,MNDWI
2013-04-26,38.9194807378,6.078902138,6.24103021783
2013-06-13,37.2621728906,4.83502019507,4.93499920197
2013-06-29,33.9808799197,0.0504398807373,0.933137578064
2013-07-15,38.9203814483,5.77716376233,5.84201499652
2013-07-31,38.9203814483,5.65376628687,5.72942605963
2013-08-16,38.9203814483,5.55198586072,5.61233354175
2013-09-01,38.9203814483,5.45110618481,5.51956027673
2013-09-17,38.81437274,5.44869739284,5.55136094553
2013-10-19,38.9203814483,5.39616312622,5.53397214429
2013-11-04,38.9203814483,5.4042414469,5.82040602396
2013-11-20,38.8501118146,5.99428957075,6.64740852313
2013-12-22,38.9203814483,6.5957045952,7.61093454083
2014-01-07,38.9203814483,6.66556459287,7.44475138318
2014-01-23,38.9203814483,6.2255010698,7.07023511477
2014-02-08,38.9203814483,5.4755712591,5.98861014289
2014-02-24,38.6537848722,5.02375271928,5.34644448576
2014-03-12,38.9203814483,4.74584940637,4.88700695303
2014-05-15,35.9489341174,1.48347209448,1.53571335522
2014-05-31,38.6952037479,3.87305996112,3.94331545233
2014-07-02,38.7915797998,3.54430024298,3.60194577863
2014-07-18,38.1845002019,2.80301466418,2.86516375946
2014-08-03,38.9203814483,3.3596543468,3.41729988379
2014-08-19,38.9203814483,2.91200073712,3.12456864508
2014-09-04,38.9203814483,2.98315689368,3.05611452228
2014-10-06,38.9203814483,2.92641221875,2.99216420941
2014-10-22,38.9203814483,2.95163224902,3.07500162891
2014-11-07,38.9167786003,2.75527703845,2.95343378503
2014-12-25,38.9176793142,6.24777079297,9.16570787583
2015-01-10,34.6854363011,4.20619575478,6.94646048533
2015-01-26,38.9203814483,6.67441858992,8.01103000987
2015-02-27,38.9203814483,5.95460429468,6.30696303747
2015-03-15,38.9203814483,5.80328461133,6.00051234924
2015-03-31,38.9203814483,5.82760377081,5.97741518666
2015-04-16,38.9203814483,5.69880193457,5.78887313263
2015-05-02,38.9095729195,5.49974467719,5.62224144946
2015-05-18,33.7349868188,1.85816866779,1.96265126825
2015-06-03,34.4096200638,2.05902754761,2.33194321741
2015-06-19,36.5632506361,4.34683452271,4.41618933051
2015-07-05,38.9203814483,5.23043197742,5.33131166705
2015-07-21,38.9203814483,4.9692256214,5.16558075604
2015-08-22,38.9203814483,5.04308403241,5.12234666522
2015-09-07,38.9203814483,5.03137485681,5.08721899219
2015-10-09,38.9203814483,4.94220460791,5.03768012097
2015-11-10,38.9203814483,5.35208168658,6.23077102431
2015-11-26,38.9203814483,5.67946443344,7.20910734648
2015-12-12,38.9203814483,6.00120616761,8.32710336032
2015-12-28,38.9203814483,6.00254494483,8.2658126543
2016-01-13,38.1331734345,4.89148997497,7.08872691883
2016-02-14,38.9203814483,4.93664532563,5.75382835751
2016-03-01,38.9203814483,4.66658697528,4.95117688548
2016-04-02,38.7330335479,4.04959934943,4.20722393927
2016-04-18,38.9203814483,4.11625197058,4.17930181006
2016-05-20,38.9203814483,3.80640722992,3.91179047205
2016-06-05,37.4477189054,2.83634130841,2.89488756171
2016-06-21,38.3736496976,3.18761852985,3.27048399762
2016-07-07,38.4351412482,3.40829278455,3.49386038251
2016-07-23,38.9203814483,3.45242758618,3.52988878351
2016-08-08,38.9203814483,3.43711549573,3.48755534222
2016-08-24,38.9203814483,3.42540624768,3.48845606665
2016-09-09,38.9203814483,3.34884579791,3.41820061444
2016-09-25,38.9203814483,3.39568290656,3.43441351227
2016-10-11,36.3097481767,3.22724970502,3.2866966983
2016-11-12,38.9203814483,4.13052314716,4.77692742757
2016-11-28,38.9203814483,4.81403676215,6.47884262699
2016-12-14,38.9203814483,5.69982860342,7.58580709864
2016-12-30,38.9203814483,5.84911366019,7.85767739396
2017-01-15,36.8579862116,5.21119012949,6.98217766942
2017-01-31,36.0841177846,2.98801022478,4.32453705639
2017-02-16,38.9203814483,5.03404914502,5.73040595857
2017-03-04,38.9203814483,4.97372960211,5.31982575531
2017-03-20,38.9203814483,4.80619704614,5.04488575415
2017-04-05,38.9203814483,4.65397671454,4.86204112408
2017-05-07,38.9095729124,4.69721087439,4.81700550824
2017-05-23,36.9576822695,4.04509615918,4.15343236303
2017-06-24,34.5561272295,0.0081064083252,0.747590981384
2017-07-10,38.9194807374,4.51887004401,4.60533833655
2017-07-26,38.9203814483,4.41618891278,4.49815366663
2017-08-11,38.9203814483,4.38106119006,4.45131668463
2017-09-12,38.9203814483,4.07752140179,4.16218827722
2017-09-28,38.9203814483,4.05590443457,4.13246496722
2017-10-14,38.9203814483,4.04419530243,4.17477032227
2017-10-30,38.9203814483,4.16396198517,4.38628963208
2017-11-15,38.9203814483,4.50033422038,4.92219612577
2017-12-17,38.9203814483,5.71497878741,6.72800796375
2018-01-02,38.9203814483,5.56692295011,6.49228993185
2018-02-03,38.9203814483,4.24518188324,4.96373857045
2018-02-19,38.2177947693,3.40833538705,3.73374703277
2018-03-23,38.9203814483,4.20542255597,4.30720303906
2018-04-08,38.9203814483,4.06401079987,4.16398979645
2018-05-10,38.8663387733,3.82262008057,3.92349978827
2018-06-11,37.4062861031,2.78500070514,2.85525622852
2018-06-27,38.3087988004,3.22905139301,3.30741331598
2018-07-13,38.874445162,3.37496637268,3.45332827795
2018-07-29,38.9203814483,3.33263294403,3.43801618365
2018-08-14,38.9203814483,3.34344144867,3.40108699902
2018-08-30,38.9203814483,3.25967531061,3.32632798859
2018-09-15,38.9203814483,3.22004404407,3.29840598694
2018-10-01,38.9203814483,3.38667571002,3.54339962366
2018-10-17,38.9078103406,3.48223257805,3.68576533995
2018-11-02,38.9203814483,3.79279820527,4.37359888992
2018-12-04,38.9203814483,4.65044973415,6.64389216109
2018-12-20,38.9203814483,4.86474519622,7.12729922225
2019-01-05,38.9203814483,4.79747430724,7.04376970401
2019-01-21,38.9203814483,4.34031498812,6.09378676517
2019-02-06,37.7928901524,3.42900912457,4.50512758835
2019-02-22,38.9203814483,3.29930670941,3.79056958602
2019-03-10,38.9203814483,3.22905121631,3.38310132477
2019-04-11,38.9203814483,3.10475293335,3.13357573077
2019-04-27,38.9203814483,2.97775256689,3.02909312933
2019-05-13,38.9203814483,2.89848995203,2.94712837225
2019-05-29,36.6370779988,1.07004560004,1.11598189972
2019-06-14,37.5882295044,1.92752304694,1.95544510541
2019-06-30,36.5253899613,1.02050652319,1.06824424677
2019-07-16,37.9971524576,1.92121810181,1.96445226349
2019-08-01,36.3803461649,2.57063094543,2.62557434308
2019-08-17,38.9203814483,2.48506335303,2.5228932337
2019-09-02,38.9203814483,2.61836869861,2.67421282025