Date,Rarea,NDWI,MNDWI
2013-03-23,8.22439522185,0.700303310974,0.735408575378
2013-04-12,8.22439522185,0.644494982788,0.688601595337
2013-04-19,8.22439522185,0.636393740784,0.672399166016
2013-04-28,8.22439522185,0.636393765259,0.676899800049
2013-05-05,8.11997973314,0.519376389954,0.557182020142
2013-05-21,8.08145634145,0.559882395081,0.607589471069
2013-05-30,8.22439522185,0.575184664246,0.61839107074
2013-06-06,7.91908250675,0.442865209473,0.485171482605
2013-06-15,8.22439522185,0.539179280029,0.578785180969
2013-06-22,8.22439522185,0.532878313293,0.567983547424
2013-07-01,8.22439522185,0.514875652344,0.551781134216
2013-07-08,8.01556384081,0.390657131165,0.420361521301
2013-07-17,8.22439522185,0.489671884033,0.512175211792
2013-07-24,8.11907859398,0.471669186218,0.488771727844
2013-08-02,8.21793896847,0.39425772998,0.433863556274
2013-08-09,8.22439522185,0.447365580627,0.463567985229
2013-08-18,8.22439522185,0.410460113159,0.426662524902
2013-08-25,8.22439522185,0.393357559875,0.418561287781
2013-09-03,8.22439522185,0.372654459717,0.399658468323
2013-09-10,8.22439522185,0.371754319458,0.386156466064
2013-09-19,8.22439522185,0.365453411804,0.376254995422
2013-09-26,8.22439522185,0.363653160767,0.372654486389
2013-10-05,8.22439522185,0.362753036682,0.360952759094
2013-10-21,8.22439522185,0.363653211121,0.374454835449
2013-11-06,8.22439522185,0.422162055237,0.424862366272
2013-11-13,8.22439522185,0.45085341568,0.457267289001
2013-11-22,8.22439522185,0.50276477769,0.503393021211
2013-11-29,8.22439522185,0.526277680381,0.543394452167
2013-12-08,8.22439522185,0.632659494909,0.650983419935
2013-12-24,8.22439522185,0.691083558972,0.712122043499
2013-12-31,8.22439522185,0.685767386938,0.705259903989
2014-01-25,8.22439522185,0.58125647798,0.581997895785
2014-02-01,8.22439522185,0.493989375753,0.49549315229
2014-02-10,8.22439522185,0.312346111145,0.418561586914
2014-02-26,8.22439522185,0.290742465576,0.311445507019
2014-03-05,8.22439522185,0.295243118835,0.306044693726
2014-03-21,8.22439522185,0.248436181824,0.273639872192
2014-03-30,8.22439522185,0.234934166443,0.251136536438
2014-04-06,8.22439522185,0.211530715149,0.234934158203
2014-04-15,8.22439522185,0.17912596405,0.201629258301
2014-04-22,8.22439522185,0.118817197266,0.158422940735
2014-05-08,8.22439522185,0.0,0.0
2014-05-24,8.22439522185,0.0,0.0
2014-06-02,8.22439522185,0.0,0.0
2014-06-09,8.22439522185,0.0,0.0
2014-06-18,8.22439522185,0.0,0.0
2014-06-25,8.22439522185,0.0,0.0
2014-07-04,8.22439522185,0.0,0.0
2014-07-20,8.22439522185,0.0,0.0
2014-07-27,8.22439522185,0.0,0.0
2014-08-12,8.22439522185,0.0,0.0
2014-08-21,8.22439522185,0.0,0.0
2014-09-06,8.22439522185,0.135019545593,0.152122035339
2014-09-13,8.22439522185,0.107115493835,0.127818499634
2014-09-29,8.22439522185,0.0279041740112,0.945140205505
2014-10-08,8.22439522185,0.754311497253,0.93433853418
2014-10-15,8.22439522185,0.749810808655,0.910934996277
2014-10-24,8.22439522185,0.808319550232,0.948740647278
2014-10-31,8.22439522185,0.864127782227,0.974844483215
2014-11-25,8.22439522185,0.934657184396,1.43047181817
2014-12-02,8.22439522185,1.17991299555,1.4541261305
2014-12-11,8.07099457062,0.52207650592,0.513075102051
2014-12-18,8.22439522185,1.16207942669,1.34606731371
2014-12-27,8.22439522185,1.12877448425,1.33651176102
2015-01-03,8.22439522185,1.10866092876,1.29135324691
2015-01-19,8.22439522185,1.0462304695,1.20224703447
2015-01-28,8.22439522185,0.998653872634,1.1488142577
2015-02-04,8.22439522185,0.918923147308,1.03794943656
2015-02-20,8.22439522185,0.847025348877,0.967234092364
2015-03-01,8.22439522185,0.813720332764,0.919036221008
2015-03-08,8.22439522185,0.779515172668,0.892932329163
2015-03-17,8.22439522185,0.793917308044,0.902833774231
2015-03-24,8.00965152388,0.725506869629,1.00184693005
2015-04-02,8.22439522185,0.766913299011,0.872229208496
2015-04-09,8.22439522185,0.761512494568,0.856926922791
2015-04-18,7.4806021929,0.135020055176,0.253354299969
2015-04-25,8.22439522185,0.685901221436,0.75791204071
2015-05-04,8.22439522185,0.693102280823,0.782215699158
2015-05-11,7.920150291,0.347451195923,0.43746468042
2015-05-20,8.22439522185,0.666098273987,0.735408665405
2015-06-05,8.22439522185,0.628292621094,0.700303422974
2015-06-12,7.54749569487,0.103515453491,0.131419687683
2015-06-21,8.22439522185,0.630092853455,0.676899892883
2015-06-28,7.50192535756,0.0,0.0810122284546
2015-07-07,7.5889005855,0.0531078700562,0.0900138079224
2015-07-14,8.21539387071,0.594987556213,0.645395145203
2015-07-23,8.22439522185,0.567083412842,0.630092895325
2015-08-15,7.97523942393,0.568671627255,0.655938635488
2015-08-24,8.22439522185,0.549080619019,0.608489586182
2015-08-31,8.22439522185,0.459067473389,0.602188741516
2015-09-09,8.22439522185,0.581485572021,0.61118999762
2015-09-16,8.22439522185,0.573384401428,0.605789200256
2015-09-25,8.22439522185,0.548180669312,0.598588128418
2015-10-02,8.22439522185,0.535578810852,0.603088798279
2015-10-11,8.22439522185,0.525677365051,0.59588769751
2015-10-27,8.22439522185,0.55628190033,0.621091455139
2015-11-03,8.22439522185,0.573384422058,0.633693411499
2015-11-12,8.22439522185,0.596787977112,0.683705683063
2015-11-19,8.22439522185,0.623509636946,0.714236121592
2015-11-28,8.22439522185,0.697091273909,0.78017201365
2015-12-05,8.22439522185,0.745458474108,0.842274218942
2015-12-14,8.22439522185,0.770521104734,0.90540718633
2015-12-30,8.22439522185,0.831730189023,0.918711496334
2016-01-06,8.22439522185,0.821687446874,0.87217633305
2016-01-15,8.22439522185,0.773362658739,0.826890716351
2016-01-22,8.22439522185,0.686561479764,0.756387319465
2016-01-31,8.22439522185,0.672367520288,0.69754309986
2016-02-07,8.22439522185,0.586773562042,0.611243177528
2016-02-16,8.22439522185,0.532878444092,0.549980978027
2016-02-23,8.22439522185,0.477070019653,0.502273825256
2016-03-03,8.22349508598,0.432963471863,0.457267093079
2016-03-10,8.22439522185,0.398758352966,0.437464132263
2016-03-19,8.22439522185,0.367253696716,0.412260407043
2016-03-26,8.22439522185,0.340249678711,0.393357583374
2016-04-04,8.22259494987,0.297943430725,0.367253712341
2016-04-11,8.22439522185,0.269139204529,0.346550652466
2016-04-20,8.21809426982,0.215131272827,0.319546660217
2016-04-27,8.22439522185,0.0774112132568,0.311445460754
2016-05-13,8.22439522185,0.0117017005005,0.276340297363
2016-05-22,8.22439522185,0.00540078540039,0.258337641479
2016-05-29,8.22439522185,0.0027003927002,0.234034065308
2016-06-07,8.22439522185,0.0,0.189027461792
2016-06-14,8.22439522185,0.0,0.172825067505
2016-06-23,8.22439522185,0.0,0.129618762085
2016-06-30,8.22439522185,0.0,0.0990143146362
2016-07-09,8.22439522185,0.0,0.0279040250854
2016-07-25,8.22439522185,0.0,0.0
2016-08-01,8.22439522185,0.0,0.0
2016-08-10,8.22439522185,0.0,0.000900136291504
2016-08-17,8.22439522185,0.0,0.0
2016-09-11,8.22439522185,0.0,0.0
2016-09-27,8.22439522185,0.0,0.0
2016-10-04,8.22439522185,0.297043501221,0.458167255066
2016-10-13,8.22439522185,0.309645410156,0.423962158752
2016-10-20,6.83990778138,0.571584267883,0.833741521329
2016-10-29,8.22439522185,0.521176639221,0.724437415419
2016-11-05,8.02546631566,0.576985249146,0.91235450699
2016-11-14,8.22439522185,0.823621763855,0.868963872974
2016-11-21,8.22439522185,0.869288587772,0.914055307137
2016-12-07,8.22439522185,0.977693015917,1.04401720843
2016-12-16,8.22439522185,1.0342602558,1.10232469898
2016-12-23,8.22439522185,1.04539728055,1.10436512596
2017-01-01,8.22439522185,1.05881102566,1.10024559731
2017-01-17,8.22439522185,0.971109704504,0.99341546867
2017-01-24,8.22439522185,0.932403850927,0.950547912046
2017-02-09,8.22439522185,0.751610942993,0.75594220088
2017-02-18,8.09489109627,0.672399164124,0.742440252882
2017-02-25,8.22439522185,0.740809392639,0.799318170959
2017-03-06,8.22439522185,0.756111683044,0.789416706116
2017-03-13,8.22439522185,0.7210064328,0.76061242688
2017-03-22,8.22439522185,0.726407136353,0.77771487738
2017-03-29,8.22439522185,0.699403135925,0.741709528748
2017-04-07,8.22439522185,0.639994304016,0.699403223206
2017-04-14,8.21719416368,0.637293918152,0.69310231958
2017-04-23,8.22439522185,0.557181992737,0.669698800964
2017-04-30,8.22259495311,0.632793218872,0.680500398132
2017-05-16,8.18838982396,0.200729376709,0.583285917358
2017-05-25,8.22439522185,0.593187278076,0.639994335571
2017-06-01,7.70231846068,0.0135019537354,0.149422048218
2017-06-10,8.22439522185,0.551781126343,0.602188729492
2017-06-17,7.7023165584,0.201629318848,0.242135428955
2017-06-26,8.22439522185,0.662497657471,0.73900913092
2017-07-03,8.2063818282,0.658897068359,0.714705433289
2017-07-12,8.22439522185,0.640894431885,0.68140051355
2017-07-19,8.06726919324,0.563482911499,0.614790598389
2017-07-28,8.22439522185,0.607589511108,0.647195434509
2017-08-04,8.22439522185,0.570684025269,0.618391130981
2017-08-13,8.22439522185,0.58418596344,0.627392422241
2017-08-20,8.22439522185,0.590486854797,0.623791843567
2017-08-29,8.22439522185,0.605789079163,0.631892974915
2017-09-05,8.22439522185,0.594987483459,0.617490823181
2017-09-21,8.22439522185,0.577884951965,0.591386970032
2017-09-30,8.22439522185,0.570683890442,0.583285793457
2017-10-07,8.22439522185,0.585986200928,0.612090102173
2017-10-23,8.22439522185,0.624691903564,0.628292484863
2017-11-01,8.22439522185,0.654396406494,0.666098136536
2017-11-17,8.22439522185,0.724451647065,0.71701059212
2017-11-24,8.22439522185,0.65259614502,0.761311324466
2017-12-03,8.22439522185,0.814768751574,0.837780555276
2017-12-10,8.22439522185,0.87853709741,0.880221051118
2017-12-19,8.22439522185,0.903740832395,0.932354709375
2017-12-26,8.22439522185,0.915442577817,0.938475650678
2018-01-04,8.22439522185,0.897298744482,0.918757383577
2018-01-11,8.22439522185,0.868494398901,0.885551216956
2018-01-20,8.22439522185,0.811785972143,0.823417281494
2018-01-27,8.22439522185,0.735306256301,0.731748207465
2018-02-05,8.22439522185,0.675671373457,0.714987559824
2018-02-12,8.22439522185,0.627392446777,0.611020646437
2018-02-21,8.22439522185,0.567083393127,0.560782496704
2018-02-28,8.22439522185,0.527477499023,0.527477485901
2018-03-09,8.22439522185,0.5094748078,0.509474815735
2018-03-16,8.22439522185,0.482470773621,0.497773074219
2018-03-25,8.22439522185,0.458167173706,0.465368250366
2018-04-01,8.22439522185,0.450065968689,0.452766375122
2018-04-10,8.22439522185,0.420361550903,0.432963419922
2018-04-17,8.22439522185,0.413160460693,0.421261675537
2018-04-26,8.22439522185,0.383456052185,0.402358870605
2018-05-03,8.2234950916,0.373554602966,0.388856868958
2018-05-12,8.22439522185,0.338449418152,0.361852869019
2018-05-28,8.22439522185,0.324047268005,0.331248340271
2018-06-04,7.88234429729,0.178225806885,0.177325677185
2018-06-13,8.22439522185,0.291642490845,0.296143160706
2018-06-20,8.22169482603,0.270939435852,0.277240377014
2018-06-29,8.22439522185,0.235834278503,0.248436126526
2018-07-06,8.22439522185,0.0189027184448,0.172825074524
2018-07-22,8.22439522185,0.00720104034424,0.105315235718
2018-07-31,8.22439522185,0.0,0.0396057192993
2018-08-16,6.76770551652,0.00270039080811,0.0648093603516
2018-08-23,8.22439522185,0.00180026049805,0.021603116394
2018-09-01,8.22439522185,0.0,0.000900130249023
2018-09-08,8.22439522185,0.00540079370117,0.0639092341309
2018-10-10,8.22439522185,0.633693428528,0.7543113125
2018-10-19,8.22439522185,0.680500333374,0.761512376526
2018-11-04,8.22439522185,0.783115738281,0.990637431048
2018-11-11,8.22439522185,0.797517974182,0.970834530779
2018-11-20,8.22439522185,0.962157680575,1.10911282305
2018-11-27,8.22439522185,0.946174503873,1.17413107811
2018-12-06,8.22439522185,0.984894403246,1.20978342116
2018-12-13,8.22439522185,1.07940819286,1.2654185309
2018-12-22,8.22439522185,1.02241748636,1.23319374212
2018-12-29,8.22439522185,1.03231882578,1.23404094444
2019-01-07,8.22439522185,1.06922435447,1.21834676973
2019-01-14,8.22439522185,1.04160252025,1.18307203786
2019-01-23,8.22439522185,1.04235090886,1.13459534432
2019-01-30,8.22439522185,0.960329280609,1.04499496876
2019-02-08,8.22439522185,0.891018847381,0.950258331531
2019-02-15,8.22439522185,0.847925278076,0.903564254286
2019-02-24,8.22439522185,0.823621644653,0.878529920532
2019-03-12,8.22439522185,0.752511050232,0.814620432007
2019-03-19,8.22439522185,0.735408532043,0.805619099731
2019-04-04,8.22439522185,0.71920608606,0.80921962616
2019-04-13,8.22439522185,0.697602864807,0.775014518616
2019-04-20,7.59673906311,0.694001799072,0.781886203459
2019-04-29,8.22439522185,0.658897108765,0.735408593323
2019-05-06,7.6381624489,0.440164799072,0.497773478638
2019-05-15,8.22439522185,0.643594822693,0.698503108032
2019-05-22,7.50759391922,0.276340367493,0.312345740234
2019-05-31,8.22439522185,0.612990290649,0.659797298645
2019-06-07,7.87244170055,0.450066157959,0.486971713135
2019-06-16,8.22439522185,0.649895717896,0.688601528748
2019-06-23,7.49078521056,0.203429545654,0.212430884094
2019-07-09,8.22259495116,0.617490869873,0.636393724121
2019-07-18,8.22439522185,0.585986208679,0.613890395386
2019-07-25,8.012864153,0.423062274536,0.45546712146
2019-08-03,8.22439522185,0.578785132019,0.616590766968
2019-08-19,8.22439522185,0.570683940125,0.595887678589
2019-09-04,7.63610911216,0.675099619385,0.80831953656
2019-09-11,8.22439522185,0.725506967896,0.822721524292
2019-09-20,8.22439522185,0.712004943604,0.796617603943
2019-09-27,8.22439522185,0.713805229492,0.797517741943