Date,Rarea,NDWI,MNDWI
2013-04-18,8.77552535351,0.357993878662,0.457836080383
2013-04-27,8.77552535351,0.0,0.387676613159
2013-05-13,8.77552535351,0.348999000549,0.39667144342
2013-05-20,8.77552535351,0.0,0.32831091095
2013-06-30,8.77552535351,0.0,0.440745980835
2013-07-16,8.77552535351,0.0,0.298627847656
2013-07-23,8.77552535351,0.0,0.482122083252
2013-09-18,8.77552535351,1.86911818463,2.15874972058
2013-09-25,7.19672606254,1.2241892951,1.73497222571
2013-10-04,8.77552535351,1.7386940025,2.05261146478
2013-10-11,8.77552535351,1.68652445245,2.03911936426
2013-10-20,8.77552535351,1.64155050446,1.90779567749
2013-10-27,8.77552535351,1.68832337311,1.85562606378
2013-11-05,8.77552535351,1.60647081006,1.78006995154
2013-11-12,8.77552535351,1.56779323419,1.70811174298
2013-11-21,8.77552535351,1.533613013,1.64964572418
2013-11-28,8.77552535351,1.4733480274,1.59117964746
2013-12-07,8.77552535351,1.4238766853,1.51292506683
2013-12-23,8.77552535351,1.25387507178,1.38429948187
2013-12-30,8.77552535351,1.23498613904,1.31144186151
2014-01-08,8.77552535351,1.15763096088,1.23678509052
2014-01-15,8.77552535351,1.11985292407,1.18371588171
2014-01-31,8.62081486468,0.590958802612,0.831119838623
2014-02-09,8.77102796722,0.887787371582,0.972338395142
2014-02-16,7.47577715136,0.00269844793701,0.025185553894
2014-02-25,8.77552535351,0.627837846252,0.768156671875
2014-03-13,8.77192743408,0.605350918701,0.650324891418
2014-03-20,8.77552535351,0.505508549622,0.586461736694
2014-03-29,8.77552535351,0.540588284424,0.57836642157
2014-04-05,8.77552535351,0.468629874512,0.516302282837
2014-04-21,8.77552535351,0.0521699366455,0.418258902954
2014-05-07,8.77552535351,0.0,0.373284936829
2014-05-16,8.77552535351,0.225770115295,0.525297104248
2014-05-23,8.77552535351,0.0,0.34989842981
2014-06-01,8.77552535351,0.0,0.556778908813
2014-06-08,8.77552535351,0.0,0.49921219281
2014-06-24,8.77552535351,0.0,0.454238174805
2014-07-10,8.77552535351,0.0,1.2610710318
2014-07-19,8.77552535351,0.0,1.18461530609
2014-07-26,8.48409456427,0.218574249756,0.477624157532
2014-08-04,8.77552535351,1.15673157214,1.27096527686
2014-08-27,8.77552535351,1.20350445813,1.32673308698
2014-09-28,8.77552535351,1.14683728168,1.27366378406
2014-10-07,8.11931392509,1.09736575226,1.19091154785
2014-10-14,8.77552535351,1.10006438953,1.1945096507
2014-10-23,8.77552535351,1.07577845319,1.14503830927
2014-10-30,8.77552535351,1.00651859125,1.0739794848
2014-11-08,8.77552535351,0.928263910217,0.99662431842
2014-11-15,8.77552535351,0.899480622314,0.950750905212
2014-11-24,8.77552535351,0.80773381897,0.876094174438
2014-12-01,8.17008896241,0.767257228333,0.8293213125
2014-12-10,8.77552535351,0.716886384583,0.76096086731
2014-12-17,8.77552535351,0.633234771057,0.695298867859
2014-12-26,8.77552535351,0.619742535645,0.656621202271
2015-01-02,8.77552535351,0.554080533752,0.604451382019
2015-01-11,7.73932449499,0.000899485046387,0.0143917460327
2015-01-18,8.77552535351,0.468629884216,0.512704402344
2015-01-27,8.77552535351,0.430851701965,0.469529352966
2015-02-03,8.77552535351,0.39307353241,0.427253786011
2015-02-12,8.77372639508,0.0,0.134022780396
2015-02-19,8.77552535351,0.283336921997,0.306723410095
2015-02-28,8.77552535351,0.197886152771,0.241960767822
2015-03-07,8.77552535351,0.145716215881,0.213177345215
2015-03-16,8.77552535351,0.0,0.0953451414185
2015-03-23,8.77552535351,0.0,0.0
2015-04-01,7.18299661348,0.0,0.0116932736816
2015-04-17,8.77552535351,0.0,0.0
2015-04-24,8.77552535351,0.0,0.0539690183105
2015-05-03,8.77552535351,0.0,0.0413762564087
2015-05-10,8.77552535351,0.0,0.0224871066895
2015-05-26,8.77552535351,0.0,0.0
2015-06-04,8.77552535351,0.0,0.0
2015-06-11,8.77552535351,0.0,0.152912076538
2015-06-20,8.77552535351,0.0,0.145716232544
2015-07-06,8.77552535351,0.0,1.15403306403
2015-07-13,8.77552535351,0.0,1.10366216351
2015-09-24,8.77552535351,1.17202279724,1.29615086188
2015-10-01,8.77552535351,1.0685826911,1.21789621924
2015-10-17,7.57782619503,1.06408506183,1.13874177338
2015-10-26,8.77552535351,1.0973659223,1.17022371716
2015-11-18,8.77552535351,1.02360869232,1.08117532434
2015-11-27,8.77552535351,0.959745682556,1.02180970435
2015-12-04,8.77552535351,0.847310878296,0.92736450647
2015-12-13,8.77552535351,0.824823930786,0.876993738403
2015-12-20,8.77552535351,0.779849963745,0.813130724609
2016-01-14,8.56324845068,0.462333634644,0.513603995911
2016-01-21,8.77552535351,0.542387261719,0.572969611572
2016-01-30,7.70064414862,0.0476725007324,0.0809532549438
2016-02-06,8.77552535351,0.369687035645,0.442544953735
2016-02-22,8.48859073004,0.0,0.0
2016-03-02,8.77552535351,0.206880984131,0.250955572998
2016-03-09,8.77552535351,0.162806373779,0.20418253595
2016-04-03,8.77552535351,0.0,0.0530695320435
2016-04-19,8.77552535351,0.0,0.0215876245117
2016-04-26,8.77552535351,0.0,0.0
2016-05-05,8.77552535351,0.0,0.0
2016-05-21,8.77552535351,0.0,0.153811574829
2016-05-28,8.77552535351,0.0,0.0
2016-06-22,7.89510617498,0.78164860907,1.0245083866
2016-07-08,8.77552535351,0.0,1.2358856358
2016-07-15,8.66399036297,0.931862458191,1.10096452112
2016-07-31,8.69936721998,0.45603680011,1.5794862832
2016-09-17,8.32066852452,1.21249969763,1.59117959351
2016-10-03,8.77462587762,1.25117703802,1.7476885838
2016-10-12,8.77552535351,1.42837406104,1.73329694635
2016-10-19,8.77552535351,1.44546416028,1.70901103882
2016-10-28,8.77282693011,0.761860332458,1.59387797028
2016-11-04,8.77552535351,1.11625486176,1.55430091254
2016-11-13,8.76832946557,1.42477592712,1.64244975775
2016-11-20,8.77552535351,1.34742091876,1.56059728021
2016-11-29,7.29048329437,0.0863495386963,0.186191397339
2016-12-06,8.77552535351,1.29615067407,1.44366525378
2016-12-15,8.77552535351,1.2394834848,1.36541052545
2016-12-31,8.77552535351,1.15493250244,1.22779038177
2017-01-07,8.77552535351,1.09646640796,1.17022368994
2017-01-16,8.77552535351,1.02360865546,1.10096380707
2017-02-01,7.43439888195,0.0368787137451,0.102540564453
2017-02-08,8.77552535351,0.786146312439,0.873395778259
2017-02-17,8.77462587634,0.682706140076,0.749267609985
2017-02-24,8.77552535351,0.125027991577,0.60265236676
2017-03-05,8.77552535351,0.599953969055,0.627837847595
2017-03-12,8.77552535351,0.469529346313,0.527096053833
2017-03-21,7.86704839373,0.0,0.0
2017-03-28,8.44631462292,0.0,0.0
2017-04-13,8.55243583081,0.179896523499,0.230267500793
2017-04-22,8.77552535351,0.0,0.0953451468506
2017-04-29,8.77552535351,0.0,0.0
2017-05-08,8.77552535351,0.0,0.055767975647
2017-05-15,8.77552535351,0.0,0.0
2017-06-09,8.77552535351,0.0,0.47402677655
2017-06-16,7.94440559472,0.0,0.00719587390137
2017-07-02,8.77552535351,0.0,0.60535086261
2017-07-18,8.77552535351,0.320215652039,0.787945302979
2017-08-19,7.64785220978,0.699796536743,0.824824212708
2017-09-04,8.77552535351,1.12974717633,1.70271496698
2017-09-13,8.77552535351,1.31953711993,1.59837538672
2017-10-06,8.77552535351,1.07398024908,1.45355959583
2017-10-15,8.77552535351,1.26646792072,1.55070307581
2017-10-22,8.77552535351,1.39959079456,1.53091469556
2017-10-31,8.35366906256,0.909374196228,1.06768248407
2017-11-07,8.14678576953,0.894981849731,1.01641138336
2017-11-16,8.77552535351,1.15942992133,1.27816115656
2017-11-23,8.58213704358,0.925565093933,1.04429635773
2017-12-02,8.77552535351,1.07487895239,1.15133464532
2017-12-18,8.77552535351,0.924666020264,1.01191549634
2017-12-25,8.77552535351,0.811331713928,0.92286710199
2018-01-10,8.77552535351,0.747468731689,0.796940077942
2018-01-19,8.77552535351,0.697097834839,0.733976497681
2018-01-26,8.77552535351,0.5963560578,0.655721735535
2018-02-04,7.37593423657,0.0,0.0
2018-02-11,8.77552535351,0.495614299133,0.540588279053
2018-02-20,8.59472973541,0.223971120239,0.290532650818
2018-02-27,8.77552535351,0.366089168823,0.398470453796
2018-03-08,8.77552535351,0.292331727112,0.319316133789
2018-03-15,8.77552535351,0.236563887695,0.26354832782
2018-04-09,8.77552535351,0.0,0.116033313232
2018-04-16,8.69875490237,0.0,0.0602653688354
2018-05-02,8.77552535351,0.0,0.0521700478516
2018-05-18,8.77552535351,0.0,0.0
2018-05-27,8.77552535351,0.0,0.0
2018-06-03,8.77552535351,0.0,0.0
2018-06-12,8.77552535351,0.0,0.102541074219
2018-06-19,8.77552535351,0.0,0.0764560739746
2018-07-14,8.77552535351,0.0,1.28805534021
2018-09-07,8.77552535351,1.26916652472,2.02023007507
2018-09-16,8.53097387993,0.860801840332,1.39239194574
2018-09-23,8.77552535351,1.37890289008,1.9545682915
2018-10-02,8.77552535351,1.29525139709,1.70181524902
2018-10-09,8.77102799694,1.15493299976,1.47604659283
2018-10-18,8.77552535351,1.35821490955,1.65504230798
2018-10-25,8.77552535351,1.31593936462,1.5363113512
2018-11-03,8.77552535351,1.27726171967,1.47064953448
2018-11-10,8.77552535351,1.33392885321,1.47874484485
2018-11-26,8.77552535351,1.26736736218,1.40768614697
2018-12-05,8.77552535351,1.24667930981,1.36001366809
2018-12-12,8.77552535351,1.20620281763,1.29974869806
2018-12-28,8.77552535351,1.09466747418,1.17202263654
2019-01-06,8.77552535351,0.953449291077,1.05239199536
2019-01-13,8.77552535351,0.977735276855,1.04159831818
2019-01-22,8.77552535351,0.891385306641,0.951650440491
2019-01-29,8.77552535351,0.83112024939,0.878792647156
2019-02-07,8.77552535351,0.724082210083,0.778950463806
2019-02-14,8.77552535351,0.655721733276,0.696198364258
2019-02-23,8.77552535351,0.581964374817,0.63143575885
2019-03-02,8.77552535351,0.486619483643,0.543286720947
2019-03-11,8.67028508355,0.311220810974,0.404766790833
2019-03-18,8.72088689094,0.0,0.267146075317
2019-04-03,8.53176573944,0.0,0.0
2019-04-19,8.77372638812,0.0,0.0
2019-04-28,8.77552535351,0.0,0.0980436707153
2019-05-05,8.77552535351,0.0,0.100742130554
2019-05-14,8.77552535351,0.0,0.0692602269287
2019-05-30,8.77552535351,0.0,0.196986691833
2019-06-15,8.76832959607,0.0,0.155610534546
2019-07-01,8.77552535351,0.0,0.180796007263
2019-07-08,8.77552535351,0.0,0.641330036621
2019-07-17,8.40489701637,0.131323737427,1.27356556568
2019-08-18,8.77552535351,1.77737110394,2.1371622619
2019-09-10,8.77552535351,1.36990790662,2.10208276746
2019-09-26,8.77552535351,1.40768604724,1.99054757086