Date,Rarea,NDWI,MNDWI
2013-04-27,8.99520016464,0.0,0.149172054443
2013-05-13,9.68291156392,0.0799778817749,0.468184908142
2013-08-01,8.70548900392,0.0269587484131,0.491549769043
2013-09-18,9.68291156392,0.434935582703,0.514014881958
2013-10-04,7.82531749845,0.00179725445557,0.484360129333
2013-10-20,9.68291156392,0.341478250183,0.410672598267
2013-11-05,9.68291156392,0.330694689697,0.354059014404
2013-11-21,9.68291156392,0.268689363586,0.301938564209
2013-12-07,9.68291156392,0.223757963562,0.257905801819
2013-12-23,9.68291156392,0.0,0.225555206543
2014-01-08,9.68291156392,0.0,0.194103256226
2014-02-09,9.68291156392,0.0,0.11322683667
2014-02-25,9.68291156392,0.0,0.0763831572876
2014-03-29,9.68291156392,0.0,0.0170738608398
2014-05-16,9.68291156392,0.0,0.0593092594604
2014-06-01,9.68291156392,0.0,1.18169887524
2014-07-19,9.68291156392,0.0,1.15294279877
2014-10-07,9.68291156392,1.38568865289,1.62562403418
2014-10-23,9.68291156392,1.40545863635,1.53306461169
2014-11-08,9.68291156392,1.33895982123,1.45128883337
2014-11-24,9.68291156392,1.27875128931,1.37220910645
2014-12-10,9.68291156392,1.25448813861,1.30481165271
2014-12-26,9.68291156392,1.16732059625,1.20775917346
2015-01-11,9.68079362885,1.01095854248,1.08105193146
2015-01-27,9.68291156392,0.958837730774,1.01904626453
2015-02-12,9.68291156392,0.303736341858,0.568832009338
2015-02-28,9.68291156392,0.669478076355,0.732382302124
2015-03-16,9.68291156392,0.0,0.518508230713
2015-04-17,9.68291156392,0.0,0.303735898926
2015-05-03,9.68291156392,0.0,0.28486463147
2015-05-19,8.94917479729,0.0,0.205785424194
2015-06-04,9.68291156392,0.0,0.18961012738
2015-06-20,9.68291156392,0.0,0.128503501099
2015-07-06,9.68291156392,0.0,1.10082191498
2015-08-23,9.56296279469,0.0,1.52048381195
2015-09-24,9.68291156392,1.33985858203,1.66785993018
2015-10-26,9.68291156392,1.36861467621,1.49981517975
2015-11-11,9.67931705104,1.23561678326,1.4135461333
2015-11-27,9.68291156392,1.30301436151,1.35962812598
2015-12-13,9.68291156392,1.20775901227,1.26167707971
2015-12-29,9.68291156392,1.12059157745,1.15114515509
2016-01-14,9.68291156392,0.975013028137,1.03342421277
2016-01-30,9.68291156392,0.833029154785,0.90222381842
2016-02-15,9.68291156392,0.727888970459,0.788995903442
2016-03-02,9.68291156392,0.581412195068,0.629938231812
2016-03-18,9.68291156392,0.468184785522,0.506825844177
2016-04-03,9.68291156392,0.306431753296,0.374727470032
2016-04-19,9.68291156392,1.24999540552,1.44140387018
2016-05-05,9.68291156392,0.598486874878,1.30121711865
2016-05-21,9.68291156392,0.257006478333,1.72896637494
2016-06-22,9.68291156392,0.00179724291992,0.43134096698
2016-08-25,9.68291156392,0.137489896545,0.427746521423
2016-10-28,9.68291156392,0.0,0.257905789856
2016-11-13,9.68291156392,0.193204626465,0.230946959534
2016-11-29,9.34058675689,0.0485257763672,0.19230598114
2016-12-15,9.68291156392,0.0,0.159056771729
2016-12-31,9.68291156392,0.0,0.128503475037
2017-02-17,9.68291156392,0.0,0.0341477411499
2017-03-05,9.68291156392,0.0,0.0134793614502
2017-03-21,9.68291156392,0.0,0.0
2017-04-22,9.68291156392,0.0,0.0
2017-05-08,9.68291156392,0.0,0.0
2017-06-09,9.68291156392,0.0,0.360349391357
2017-06-25,9.27372586719,0.00269587078857,0.120451220868
2017-08-28,8.66296371428,0.0,0.0853694384766
2017-09-13,9.68291156392,0.0,0.152766379883
2017-10-15,9.68291156392,0.0,0.112328195312
2017-10-31,9.68291156392,0.0494243841553,0.0817749066162
2017-11-16,9.68291156392,0.0395394905396,0.0539175003662
2017-12-02,9.68291156392,0.0260601115723,0.0359449890747
2017-12-18,9.68291156392,0.00539174401855,0.0152766113281
2018-01-03,9.68291156392,0.0,0.00359449572754
2018-01-19,9.68291156392,0.0,0.00718899230957
2018-02-20,9.40613806618,0.0,0.0
2018-03-08,9.68291156392,0.0,0.0
2018-03-24,9.68291156392,0.0,0.0
2018-04-09,9.68291156392,0.0,0.0
2018-04-25,9.68291156392,0.0,0.0
2018-05-27,9.68291156392,0.0,0.0
2018-07-14,9.68291156392,0.0,0.0727886516724
2018-08-15,7.8765746368,0.0548161060791,0.100646043823
2018-08-31,9.68291156392,0.000898615112305,0.124010351257
2018-09-16,9.6804166055,0.0440326194458,0.0727886402588
2018-10-02,9.68291156392,0.0,0.0512216205444
2018-10-18,9.68291156392,0.0,0.044032614502
2018-11-03,9.68291156392,0.0,0.0161752374878
2018-12-05,9.68291156392,0.0,0.00718899108887
2018-12-21,9.68291156392,0.0,0.00359449572754
2019-01-22,9.68291156392,0.0,0.000898624145508
2019-02-07,9.68291156392,0.0,0.0
2019-02-23,9.68291156392,0.0,0.0
2019-03-11,9.68291156392,0.0,0.0
2019-03-27,9.68291156392,0.0,0.0
2019-04-28,9.68291156392,0.0,0.0
2019-05-14,9.68291156392,0.0,0.0
2019-05-30,9.68291156392,0.0,0.0
2019-06-15,9.68291156392,0.0,0.0
2019-07-01,9.68291156392,0.0,0.0557147457275
2019-08-02,9.68291156392,0.0,0.0664982473755