Date,Rarea,NDWI,MNDWI
2013-04-18,10.3511229125,0.0,0.195311577942
2013-04-18,10.3511229125,0.0,0.194411519043
2013-06-21,10.3511229125,0.0,0.553534570435
2013-07-07,10.3511229125,0.0,1.57097963982
2013-07-07,8.87422576378,0.0,1.3113945586
2013-07-23,9.37638590987,0.0,1.46164158664
2013-07-23,9.98202202617,0.0,1.47273508389
2013-09-25,8.47291264456,0.842453893982,1.25290228063
2013-10-11,10.3511229125,0.846053522888,1.15726300437
2013-10-11,10.3511229125,0.84695358728,1.15726300437
2013-10-27,10.3511229125,0.928859305481,1.13957281032
2013-10-27,10.3511229125,0.92885930896,1.14047285787
2013-11-12,10.3511229125,0.93786015332,1.13137372528
2013-11-12,10.3511229125,0.938760202942,1.13047365997
2013-11-28,10.3511229125,0.939660534607,1.11427292975
2013-11-28,10.3511229125,0.941460656433,1.11337285541
2013-12-14,8.36207831505,0.0,0.0
2013-12-30,10.3511229125,0.891957357239,0.974763312561
2013-12-30,10.3511229125,0.891057290771,0.974763302429
2014-01-15,10.3511229125,0.802851210327,0.848754219421
2014-01-15,10.3511229125,0.804651331787,0.846054024475
2014-01-31,8.88404877909,0.0144009272461,0.0333022520142
2014-01-31,8.81472470386,0.00360023614502,0.00720044049072
2014-02-16,9.81684788905,0.114307613464,0.178211791016
2014-02-16,9.91765428828,0.198912982361,0.270017629517
2014-03-20,10.3511229125,0.339320636963,0.379823263916
2014-03-20,10.3511229125,0.33842059436,0.377123093994
2014-04-05,10.3511229125,0.226813551819,0.283517127258
2014-04-05,10.3511229125,0.226813547852,0.286217275452
2014-04-21,10.3502228552,0.0,0.184510955017
2014-04-21,10.3511229125,0.0,0.188111155151
2014-05-07,10.3511229125,0.0,0.156609199646
2014-05-23,10.3511229125,0.0,0.248414927307
2014-05-23,10.3511229125,0.0,0.246614803223
2014-06-08,10.3511229125,0.0,0.738946741516
2014-06-08,10.3511229125,0.0,0.738046687561
2014-06-24,10.3511229125,0.0,0.788450207825
2014-06-24,10.3511229125,0.0,0.790250302551
2014-07-10,10.3511229125,0.0,1.25648305225
2014-07-10,10.3511229125,0.0,1.25828314032
2014-08-11,9.28882410194,0.332611354978,1.07786023531
2014-08-11,9.38439536896,0.334411423032,1.10666157662
2014-09-28,8.40389885506,0.0684048999634,0.480704206302
2014-10-14,10.3511229125,0.810050895447,1.07926785189
2014-10-14,10.3511229125,0.810050876587,1.08376809242
2014-10-30,10.3511229125,0.844253241821,1.04586705908
2014-10-30,10.3511229125,0.839752940369,1.04946728204
2014-11-15,10.3511229125,0.854154085022,1.04226714062
2014-11-15,10.3511229125,0.854154085022,1.0413670918
2014-12-17,10.3511229125,0.807351143616,0.963962290588
2014-12-17,10.3511229125,0.807351142456,0.964862362305
2015-01-02,10.3511229125,0.839753510803,0.974763004578
2015-01-02,10.3511229125,0.838853464111,0.972062792175
2015-01-18,10.3511229125,0.801950997375,0.875755703491
2015-01-18,10.3511229125,0.801950992065,0.877555841248
2015-02-03,10.3511229125,0.730846235718,0.777648987244
2015-02-03,10.3511229125,0.732646351318,0.775848862366
2015-02-19,10.3511229125,0.604837867981,0.638140148499
2015-02-19,10.3511229125,0.603037767578,0.637240095825
2015-03-07,10.3511229125,0.442827345154,0.487830305725
2015-03-07,10.3511229125,0.441927296204,0.488730368042
2015-04-24,9.87271858742,0.0,0.172810229309
2015-04-24,10.3511229125,0.0,0.171910169312
2015-05-10,10.3511229125,0.0,0.1530089646
2015-05-10,10.3511229125,0.0,0.150308797424
2015-05-26,10.3511229125,0.0,0.140408231079
2015-05-26,10.3511229125,0.0,0.139508170776
2015-06-27,10.3511229125,0.0,0.727245976563
2015-06-27,10.3511229125,0.0,0.727245972412
2015-09-15,10.3511229125,0.174610451233,1.25605532072
2015-09-15,10.3511229125,0.173710396423,1.25785538584
2015-10-01,10.3511229125,0.774048518372,1.15767418549
2015-10-01,10.3511229125,0.772248416077,1.16217447528
2015-10-17,10.3511229125,0.798350119507,1.00569930518
2015-10-17,10.3511229125,0.799250171387,1.00479925294
2015-11-02,10.3511229125,0.763247764648,0.990398424017
2015-11-02,10.3511229125,0.764147819824,0.985898114203
2015-11-18,10.3511229125,0.84695354834,1.03044958431
2015-11-18,10.3511229125,0.847853605164,1.0304495956
2015-12-04,9.03454918063,0.000900054748535,0.011700690918
2015-12-20,10.3511229125,0.877891227911,1.02102566761
2015-12-20,10.3511229125,0.877891221197,1.02372585811
2016-01-21,10.3475226696,0.719424180542,0.750082476385
2016-01-21,10.3502228467,0.722124357605,0.751882568671
2016-02-06,10.3511229125,0.549034314514,0.630096034429
2016-02-06,10.3511229125,0.549934355347,0.630996099981
2016-02-22,9.76428619977,0.0,0.0639037733765
2016-02-22,9.97399924237,0.0,0.0630037191162
2016-03-09,10.3511229125,0.286217180969,0.362722125793
2016-03-09,10.3511229125,0.286217182617,0.363622178894
2016-06-13,10.3511229125,0.0,0.568835520813
2016-06-13,10.3511229125,0.0,0.57063563031
2016-06-29,10.3511229125,0.0,0.929760144287
2016-06-29,10.3511229125,0.0,0.929760132996
2016-09-01,10.347522671,0.695234977372,1.90849489494
2016-09-01,10.3511229125,0.697935184404,1.91119506926
2016-09-17,8.3835085498,0.421226818665,0.897800412241
2016-10-03,10.3511229125,0.729045510071,1.06206688892
2016-10-03,10.3511229125,0.730845627808,1.05666654547
2016-11-20,9.63557822797,0.0819055620117,0.175511975342
2016-11-20,9.07844337061,0.0639042970581,0.133209090271
2016-12-06,10.3511229125,0.794750273071,0.901857553894
2016-12-06,10.3511229125,0.794750285522,0.900957497803
2016-12-22,8.85195133202,0.0,0.0189011610718
2016-12-22,8.40466597086,0.0,0.0198012008057
2017-01-07,10.3511229125,0.748847487671,0.815451786316
2017-01-07,10.3511229125,0.748847487671,0.814551722168
2017-02-08,10.3475227416,0.475229856445,0.54723442395
2017-02-24,10.3511229125,0.104406259521,0.411325287781
2017-02-24,10.3511229125,0.104406259521,0.410425235107
2017-03-12,10.3511229125,0.06840381604,0.309618724609
2017-03-12,10.3511229125,0.0675037652588,0.30961872345
2017-03-28,8.92411874239,0.0,0.000900057739258
2017-04-13,10.3511229125,0.0,0.149408734863
2017-04-13,10.3511229125,0.0,0.148508682678
2017-05-15,10.3511229125,0.0,0.0
2017-05-15,10.3511229125,0.0,0.0
2017-05-31,10.3511229125,0.0,1.21508010211
2017-05-31,10.3231403865,0.0,1.21598011365
2017-06-16,10.3511229125,0.0144011791382,1.56505245656
2017-06-16,10.3511229125,0.0144011791382,1.56775258119
2017-07-18,10.3511229125,0.700243630493,1.45753409941
2017-07-18,10.3511229125,0.705643996094,1.45663400652
2017-10-06,9.1415921245,0.334819950256,0.455427396423
2017-10-06,9.1344056165,0.324019181274,0.454527204712
2017-10-22,10.3511229125,0.792049603455,0.990119595587
2017-10-22,10.3511229125,0.793849725342,0.988319469366
2017-11-07,10.3511229125,0.767748044861,0.955861112061
2017-11-07,10.3511229125,0.766847977966,0.956761160767
2017-11-23,8.48890646919,0.0,0.0018001048584
2017-12-25,10.3511229125,0.753347731506,0.823552506653
2017-12-25,10.3511229125,0.75064756665,0.82625265979
2018-01-10,10.3511229125,0.704744339722,0.746203482733
2018-01-10,10.3511229125,0.704744332764,0.747103548467
2018-01-26,10.3511229125,0.536433325867,0.603994201299
2018-01-26,10.3511229125,0.536433325867,0.605794301763
2018-02-11,10.3511229125,0.402324591003,0.446427451782
2018-02-11,10.3511229125,0.397824318115,0.445527397766
2018-02-27,10.3511229125,0.2646158526,0.319519335815
2018-02-27,10.3511229125,0.2646158526,0.321319446167
2018-03-15,10.3511229125,0.0,0.210612485168
2018-03-15,10.3511229125,0.0,0.212412600647
2018-04-16,10.3511229125,0.0,0.0882050913086
2018-04-16,10.3511229125,0.0,0.0864049857788
2018-05-02,10.3511229125,0.0,0.0225012625122
2018-05-02,10.3511229125,0.0,0.0225012632446
2018-05-18,10.3511229125,0.0,0.00450024835205
2018-05-18,10.3511229125,0.0,0.00270014935303
2018-06-03,9.73983443988,0.0,0.0504028780518
2018-06-03,10.037595544,0.0,0.0495028192139
2018-07-21,8.67692674427,0.267317825439,1.0522599631
2018-07-21,9.66409510622,0.24799244048,1.1410917643
2018-09-23,10.3511229125,0.799585146979,1.26398646196
2018-09-23,10.3511229125,0.796884989752,1.26128630492
2018-10-25,10.3493227996,0.750646736389,0.954395678412
2018-10-25,10.3511229125,0.750646736389,0.954395678412
2018-11-10,10.3511229125,0.832552401733,1.07962822381
2018-11-10,10.3511229125,0.831652349304,1.07782809387
2018-11-26,10.3511229125,0.831652494812,1.12298317541
2018-11-26,10.3511229125,0.830752443542,1.1220831062
2018-12-12,10.3511229125,0.889591917425,1.11464235857
2018-12-12,10.3511229125,0.88869184754,1.11464234447
2018-12-28,10.3511229125,0.852689489996,0.999589790468
2018-12-28,10.3511229125,0.851789439886,0.998689743593
2019-01-13,10.3511229125,0.816687068915,0.896223545048
2019-01-13,10.3511229125,0.81488694953,0.896223545048
2019-01-29,10.3511229125,0.715880306525,0.754568558736
2019-01-29,10.3511229125,0.716780385992,0.754568558736
2019-02-14,10.3511229125,0.594037020874,0.627395749212
2019-02-14,10.3511229125,0.593136958313,0.625595629156
2019-03-02,10.3511229125,0.409525068542,0.448227607239
2019-03-02,10.3511229125,0.410425129272,0.446427494141
2019-04-03,10.3511229125,0.126007407043,0.20251202655
2019-04-03,10.3511229125,0.127807505554,0.204312139221
2019-04-19,9.80367660275,0.0,0.0
2019-05-05,10.3511229125,0.0126007189941,0.190811277588
2019-05-05,10.3511229125,0.0126007189941,0.188111113892
2019-06-22,10.3511229125,0.0,0.99028014208
2019-07-24,9.89295752972,0.102607735046,2.231251566
2019-09-26,10.3511229125,0.609337279419,1.02649898788
2019-09-26,10.3511229125,0.611137404724,1.01929850717