Date,Rarea,NDWI,MNDWI
2013-04-09,7.5826697498,0.508968814758,0.687917146362
2013-06-03,7.5826697498,0.441525994324,0.639358269897
2013-06-19,7.5826697498,0.424440441345,0.55482991687
2013-10-09,7.5826697498,0.244592890015,1.1897809791
2013-10-25,7.42080810118,0.55123308252,0.864404100544
2013-11-10,7.5826697498,0.684320157654,0.92659252505
2013-11-26,7.5826697498,0.69421176123,0.928391006922
2013-12-12,7.5826697498,0.666335393127,0.886084511459
2013-12-28,7.5826697498,0.658242269775,0.860472092137
2014-01-13,7.5826697498,0.640257540466,0.858772447388
2014-01-29,7.5826697498,0.654645316711,0.856074751099
2014-02-14,7.5826697498,0.610582678406,0.785934142822
2014-03-02,7.5826697498,0.0,0.508069597656
2014-03-18,7.5826697498,0.326423490906,0.566519979065
2014-04-19,7.5826697498,0.0,0.316531922058
2014-05-21,7.5826697498,0.229305799194,0.333617457947
2014-09-26,7.5826697498,0.492782648926,1.20751532886
2014-10-28,7.5826697498,0.537744389526,1.00999282509
2014-11-29,7.5826697498,0.50986804071,0.87173940066
2014-12-15,7.5826697498,0.47299933136,0.791805897573
2014-12-31,7.5826697498,0.526953596069,0.847558662466
2015-01-16,6.6645489188,0.0305740952759,0.216716638489
2015-02-01,7.5826697498,0.505371899353,0.80481845105
2015-03-05,7.5826697498,0.0,0.352501492371
2015-04-22,7.19150141703,0.0,0.0
2015-06-09,7.5826697498,0.0,0.117800131531
2015-09-13,6.37769281327,0.0,0.368836856641
2015-10-15,7.42440442228,0.0,1.03876940352
2015-10-31,7.5826697498,0.594537557562,1.05675333778
2015-11-16,7.5826697498,0.58554510401,0.955139303174
2015-12-02,7.18160908134,0.0251785803223,0.532824950796
2015-12-18,7.5826697498,0.583746604071,0.97108938436
2016-01-03,7.5826697498,0.544039108643,0.928155201605
2016-02-04,6.66364761589,0.0,0.00899234783936
2016-03-07,7.5826697498,0.428037377258,0.554829876221
2016-03-23,7.5826697498,0.299446376648,0.468503070923
2016-04-08,6.21543086729,0.22480953833,0.313834033875
2016-04-24,7.5826697498,0.29225248938,0.3372143927
2016-05-10,7.5826697498,0.0332718329468,0.292252520081
2016-05-26,6.9999442707,0.219414399048,0.375881929443
2016-06-11,6.45190289241,0.198731493103,0.394752568813
2016-10-17,7.5826697498,0.747266872742,1.12126253512
2016-11-18,7.5826697498,0.75640031336,1.05765248085
2016-12-04,7.5826697498,0.798999539236,1.02584413324
2016-12-20,7.5826697498,0.730181411316,1.02594295046
2017-01-05,7.5826697498,0.734677610229,0.97311709107
2017-01-21,7.5826697498,0.708599683594,0.925316353149
2017-02-06,6.87047264195,0.0,0.157366642639
2017-03-10,7.5826697498,0.194235508057,0.57281470343
2017-03-26,7.5826697498,0.332718198669,0.502674098083
2017-04-27,7.5826697498,0.319229626099,0.407354929382
2017-05-13,6.76797911324,0.00989165136719,0.0233802228394
2017-05-29,7.5826697498,0.302144111633,0.383075779602
2017-08-01,7.5826697498,0.469709263027,0.720551631919
2017-10-04,7.5826697498,0.0,0.898251300253
2017-12-07,7.5826697498,0.508069638733,0.740072960999
2017-12-23,7.57637507957,0.386672552124,0.685219440857
2018-01-24,7.5826697498,0.398362596741,0.631265148315
2018-02-09,7.5826697498,0.417246573486,0.629466648193
2018-03-29,7.5826697498,0.33361744696,0.430735108704
2018-05-16,7.5826697498,0.0,0.472999474426
2018-06-17,7.5826697498,0.0,0.516162735596
2018-11-24,7.5826697498,0.63306356311,1.16081455719
2018-12-10,7.5826697498,0.6366604953,1.13074470401
2018-12-26,7.5826697498,0.62407118219,1.09924666793
2019-01-11,7.5826697498,0.651048329346,1.16286355098
2019-01-27,6.89008442565,0.709541092204,1.18804218092
2019-02-12,7.5826697498,0.653746122131,1.10317888568
2019-02-28,7.5826697498,0.394765741699,0.866865855408
2019-03-16,7.06830668211,0.0,0.0737377277222
2019-05-03,7.5826697498,0.450518509644,0.575512839172
2019-06-20,7.5826697498,0.39386636377,0.524255787537
2019-09-24,7.58177051915,0.0287756387329,1.21884575708