Date,Rarea,NDWI,MNDWI
2013-04-09,34.7036636205,0.00179870050049,0.478891185474
2013-09-23,34.1362317031,0.625950988037,2.19840097884
2013-10-25,32.189822141,0.225738076172,1.62620825519
2013-11-10,34.3024749749,1.0108764632,2.2285441038
2013-12-12,34.7036636205,1.02166889966,1.96313976477
2013-12-28,34.7036636205,1.00278200354,1.8336737774
2014-01-13,31.6118849635,0.0,0.0413709349365
2014-01-29,34.7036636205,1.07203293622,1.59679255303
2014-02-14,34.0695747307,0.912845975037,1.29550650627
2014-03-18,34.7036636205,0.471261577942,0.988391931885
2014-04-03,34.7036636205,0.324667175903,0.638542679443
2014-05-21,33.7926359495,0.0,0.00359742297363
2014-10-12,33.1470130408,3.37428314129,4.94957591412
2014-11-13,34.7036636205,2.92624098648,4.53650339814
2014-11-29,34.7036636205,3.12006827736,4.52571142304
2014-12-15,34.691971911,2.76912500903,4.57956059615
2014-12-31,34.7036636205,3.43803314671,4.62250474525
2015-01-16,29.8554916392,0.0,0.0782453569946
2015-02-01,34.7036636205,3.40501081244,4.12322056259
2015-02-17,34.7036636205,2.71246618884,3.68912538651
2015-03-05,34.7036636205,2.83872656031,3.4993586857
2015-05-08,34.7036636205,0.0,0.985228335986
2015-10-15,33.956635919,0.303981822632,3.08125304418
2015-10-31,33.701516932,0.450577313293,2.18751462554
2015-11-16,34.7036636205,0.482954296143,1.88441014062
2015-12-02,34.7036636205,0.396615881226,1.9335081975
2015-12-18,34.7036636205,0.508569996021,1.66081219701
2016-01-19,34.7036636205,0.118714490417,1.20276029498
2016-02-20,34.7036636205,0.120513175171,0.74286742395
2016-03-07,34.7036636205,0.221241037537,1.01760542101
2016-03-23,34.7036636205,0.259913729675,0.869211762927
2016-04-08,34.7036636205,0.238328738159,0.873708540942
2016-04-24,34.7036636205,0.292289982788,0.810753548877
2016-05-10,34.7036636205,0.0872370430298,0.577386468628
2016-10-01,34.5374324037,3.99303709105,5.41132141552
2016-10-17,34.7036636205,3.37323839592,4.66920254447
2016-11-02,31.0260731399,0.0323772554932,2.13841368467
2016-11-18,34.7036636205,3.37137044011,4.56773033964
2016-12-04,34.7036636205,3.60195584263,4.49038496268
2016-12-20,34.7036636205,3.35021989056,4.45685474143
2017-01-05,34.7036636205,3.42021512565,4.15157906951
2017-01-21,34.7036636205,3.14113382274,3.83230512786
2017-02-06,28.3024231363,0.0,0.00269805535889
2017-03-10,34.7036636205,1.0342585033,1.97651660934
2017-04-11,34.7036636205,0.0836397084961,0.677214546387
2017-04-27,34.7036636205,0.147493819702,2.93291562634
2017-05-13,34.7036636205,1.53519891229,2.60070093177
2017-05-29,34.7036636205,1.95293852703,2.62173592309
2017-10-20,34.7036636205,2.11079292407,3.99724033962
2017-12-07,32.9269273775,2.36081702051,3.51261143457
2017-12-23,34.7036636205,2.24659745398,3.5525784472
2018-01-08,31.0097363767,0.0,0.143625957672
2018-01-24,34.7036636205,2.17464788837,2.88757113846
2018-02-09,34.7036636205,2.25997070531,2.66390788985
2018-03-13,30.3795224615,0.367370031238,0.578942219856
2018-03-29,34.7036636205,0.426293856262,0.826786729763
2018-11-24,34.7036636205,3.29588156003,4.61975290672
2018-12-10,34.7036636205,3.49017174232,4.75237931131
2018-12-26,34.7036636205,3.22780222589,4.60899050109
2019-01-11,34.7036636205,3.55877505184,4.47210313955
2019-02-12,27.915762422,2.9259000014,3.29913658477
2019-03-16,34.7018648626,0.0,2.16655269214
2019-04-01,33.2464472303,0.516233075989,1.1295980116
2019-05-03,34.7036636205,2.11842038262,2.84889693454
2019-09-08,33.6466050079,4.1385982784,5.92289837361