Date,Rarea,NDWI,MNDWI
2013-03-29,52.7609413261,4.80039215698,5.44578201367
2013-04-03,52.5358876037,5.54834711816,5.9485894126
2013-06-09,54.5945519797,5.25066430688,5.59837445557
2013-06-25,54.5945519797,5.30069339258,5.60587794922
2013-07-11,54.5945519797,5.17061462817,5.55334647461
2013-07-27,54.5945519797,4.98049980933,5.30819840796
2013-08-12,54.5945519797,4.97299492334,5.20313410596
2013-08-28,54.5945519797,4.92796768408,5.14059648853
2013-10-31,54.4519666284,5.03553257324,5.38941375584
2013-11-16,48.0044604582,2.33141211475,2.7316548562
2013-12-18,49.0212171638,2.5165215625,3.00836657746
2014-02-04,54.5945519797,5.27817984619,5.49331096411
2014-03-24,45.3398147043,4.19252826709,5.73632395486
2014-04-09,54.5945519797,5.54084088452,6.18122761035
2014-06-12,54.5945519797,5.36573393506,5.71344430273
2014-06-28,54.5945519797,5.30069406128,5.53083301807
2014-07-30,54.5945519797,5.12808901196,5.41075974609
2014-08-15,54.5945519797,4.79538790137,5.08806434741
2014-08-31,50.6294709269,4.75786435571,5.10057106665
2014-09-16,54.5945519797,4.55774418774,4.80039031616
2014-10-02,54.479481343,4.4927046311,4.74785818115
2014-10-18,54.5945519797,4.55274070557,4.81539891626
2014-11-03,54.5945519797,4.65780320776,4.89161167113
2014-11-19,54.5870475143,4.63528983887,4.94229905278
2014-12-05,54.5520263581,4.68031654419,4.90727785698
2014-12-12,49.106496346,4.26006724194,4.80859547256
2014-12-12,52.3308292479,4.82602360694,5.41672456314
2014-12-21,43.9089677672,3.02753564799,3.33939084371
2014-12-28,48.4086422599,4.73785120068,5.00733760698
2014-12-28,48.4086422599,4.75035878882,5.01734365654
2015-01-06,54.4519666472,4.71783943799,5.02484931938
2015-02-07,54.5720385964,4.84791807471,4.97982188066
2015-04-28,54.3830786388,5.13059008569,5.40075322363
2015-05-14,54.5945519797,4.21003521338,4.99550868628
2015-06-15,54.479483476,4.35762409155,4.7778771377
2015-07-01,54.5945519797,4.41015463892,4.71533856592
2015-07-17,54.5945519797,4.25005812622,4.63529004517
2015-08-18,54.5945519797,3.91735784277,4.18501891724
2015-09-03,46.969416762,3.92736382642,4.34261466309
2015-12-08,54.5895490104,4.00991197217,4.50953800591
2015-12-24,47.0505145546,0.407744624023,0.897089241767
2016-01-25,54.5945519797,4.10246799121,4.45450538554
2016-03-29,54.577041559,3.93486737378,4.10497029224
2016-04-14,51.3246140121,3.6772121394,4.00991296411
2016-05-16,54.5945519797,3.66720581396,3.86232370044
2016-06-17,54.2143256115,2.96178212744,3.16440445117
2016-07-03,54.5945519797,3.31449267822,3.45207595972
2016-07-19,54.5945519797,3.1318822937,3.20942915503
2016-08-04,54.5945519797,3.10686709326,3.1243776394
2016-08-20,54.5945519797,2.99179775269,3.03182196704
2016-09-05,54.5945519797,2.86672236646,2.92175554443
2016-09-21,45.3584075434,2.83608922025,2.77355069974
2016-10-07,54.5945519797,3.39954419775,3.45958067407
2016-12-26,51.4266463841,3.84981822974,6.18202738457
2017-01-11,54.272784029,4.3476155564,10.3562528242
2017-02-12,52.8810073947,3.26195871851,4.08996047974
2017-02-28,54.5945519797,4.26006394141,4.59526588867
2017-04-01,54.5920505136,4.20002789648,4.50521159253
2017-04-17,46.408096328,3.81979897803,4.27257258179
2017-05-03,54.5945519797,4.13749017212,4.34261354053
2017-05-19,53.9416532346,3.86732663867,4.17751364355
2017-06-04,54.5945519797,3.87483169629,4.06494622925
2017-06-20,54.5945519797,3.86232379175,3.99740521729
2017-07-06,54.5945519797,3.73224527515,3.84231158374
2017-08-07,54.5945519797,3.20692811572,3.40955015625
2017-08-23,54.5945519797,3.141888479,3.26696372363
2017-09-24,53.1325450474,3.00930557666,3.47313214901
2017-10-10,54.5895490051,3.02181542505,3.21193086938
2017-11-11,51.3828963072,4.44662545306,8.24071444098
2017-12-29,47.5236206213,3.34700829663,5.33532507985
2018-01-14,46.9996374267,2.80168425732,14.3689535992
2018-01-30,54.5920504775,3.21443142285,3.39136250298
2018-03-19,53.5776838532,3.28183627789,3.8421255078
2018-04-20,46.8857200744,2.64909192285,3.11691303163
2018-06-23,54.5945519797,2.69411773804,2.84889725526
2018-07-09,52.5211711966,2.41645103442,2.50400394409
2018-07-25,54.5945519797,2.56654110107,2.5990607312
2018-08-26,54.5945519797,2.92425724268,3.22193793726
2018-09-11,54.5945519797,2.85671687476,3.02681961011
2018-10-29,52.2152576605,0.0,0.00250150390625
2018-11-14,52.346286879,4.95822066227,5.77495833402
2018-12-16,47.4644634097,4.07495624976,4.85470323868
2019-01-01,54.1123942479,5.32018310877,6.29121535738
2019-01-17,53.7134813885,5.05304338257,5.55516987846
2019-02-18,51.9781434833,3.39954787817,5.20813504102
2019-03-06,54.5745400986,5.18312272534,5.48580533301
2019-04-23,52.9452507179,5.3982525625,6.45279528026
2019-05-09,54.5945519797,5.53083279199,6.15371067554
2019-06-26,54.5945519797,5.10057307275,5.60337747363
2019-07-12,54.5945519797,5.23065153125,5.70844106958
2019-07-28,54.5945519797,5.15060344897,5.63589737085
2019-08-13,54.5945519797,4.94047629761,5.43327425366