Date,Rarea,NDWI,MNDWI
2013-04-09,45.5499776962,8.32223405865,9.01613564673
2013-06-03,45.5508776988,8.29793324408,8.99903600342
2013-06-19,40.5366007109,7.53562651166,8.11882619446
2013-07-05,45.5508776988,7.90553045844,8.52923289685
2013-08-06,45.5508776988,7.64092800134,8.13593035553
2013-08-22,45.5427776888,7.66972757178,8.15752961523
2013-09-23,45.5409776883,7.58782720215,7.98292879468
2013-10-25,44.6063126268,7.4942267121,7.82479263579
2013-11-10,41.2720126745,6.69449336184,7.04258943909
2013-12-12,42.2740004825,4.76138115053,5.17954327617
2013-12-28,45.5472777155,7.73444607668,8.25670700853
2014-02-14,45.5490776966,8.24753309631,8.50815639893
2014-03-18,45.5499776828,8.3960341286,8.89492831513
2014-04-19,45.5508776988,8.12963305768,8.95763602692
2014-05-05,45.4212787762,8.19173476349,8.77493703156
2014-05-21,45.5508776988,7.88213196527,8.52113484412
2014-06-22,45.5508776988,7.70122932269,8.17553128479
2014-07-08,45.5508776988,7.61122761517,8.01172942224
2014-07-24,42.6617650174,5.38822017371,5.57991746619
2014-08-09,45.5490777309,7.02262607349,7.4870270191
2014-08-25,45.5508776988,7.10272372723,7.28992375342
2014-09-10,45.5508776988,6.91552336841,7.12162323456
2014-10-28,45.545477678,6.46732189484,6.66712106549
2014-11-13,45.5490776966,6.42870315566,6.69586898173
2014-12-31,45.5481776949,7.20434268921,8.24609464417
2015-03-05,44.7369216147,8.24420541395,9.11559668033
2015-03-21,45.5508776988,8.2376335675,8.68113350826
2015-05-08,45.3015762765,7.65263054572,8.23133301544
2015-06-09,45.5508776988,7.15222457288,7.54462557703
2015-06-25,45.5508776988,7.08472345026,7.28632331976
2015-07-11,45.5508776988,6.80392251056,7.05952274036
2015-07-27,45.5508776988,6.48352132813,6.72652194519
2015-08-12,45.5508776988,6.10102121991,6.32602124182
2015-08-28,45.5508776988,5.67532077478,5.92462071265
2015-09-13,45.5508776988,5.291921836,5.60242107794
2015-10-15,45.5508776988,4.9741235011,5.13612266071
2015-10-31,45.5454776615,4.81032447254,4.93338343962
2015-11-16,45.2484765184,4.78610603518,4.97923091859
2016-02-20,45.5499776888,3.86544496461,5.36461726375
2016-05-26,45.5508776988,6.4195226034,6.60052125677
2016-06-11,37.3499286355,2.68017527673,3.68817152063
2016-07-13,45.5508776988,5.12182155511,5.31162194684
2016-07-29,45.5508776988,4.62322451355,4.80952312415
2016-08-14,45.5508776988,4.10302774426,4.33342585107
2016-09-15,43.2767702884,3.01764533075,3.28844313312
2016-10-01,45.5508776988,3.22014077673,3.35053980677
2016-10-17,44.9588976794,2.890746177,3.11754252753
2016-11-02,45.5490776789,2.60455070349,2.85180374491
2016-11-18,42.77533041,1.44725221236,2.43598536124
2017-01-05,45.531077711,4.02559540251,6.56477530144
2017-02-06,40.1237405869,4.75503800368,6.56372956794
2017-03-10,45.5463777292,6.01032378409,7.01771178343
2017-03-26,45.5508776988,5.74958180889,6.75520722001
2017-06-14,45.5508776988,3.98152809906,4.17402766077
2017-07-16,45.5508776988,2.90514537213,3.23084186377
2017-08-17,45.5508776988,1.61006833948,1.88446443238
2017-09-02,39.8861775496,0.877268346127,1.6461300331
2017-09-18,44.941582974,0.36709367139,0.621788777652
2017-10-04,44.368301648,0.0018000012207,0.19609706702
2017-10-20,41.4621794309,0.891871901001,1.0620997736
2017-11-21,44.9100861869,0.0685484674333,0.556712683668
2017-12-07,45.542777706,0.14562050782,1.47105504933
2017-12-23,42.696572471,1.18622393155,4.3225735434
2018-01-08,45.5472776858,1.33899858765,3.54089788112
2018-01-24,45.4212768179,1.77192027828,3.85195226594
2018-02-25,45.5508776988,2.3758559347,4.483769649
2018-06-17,45.5508776988,2.40015393634,3.31473134615
2018-08-04,45.5508776988,0.0,0.0217515493542
2018-08-20,45.5508776988,0.0,0.0170012174716
2018-09-05,45.5508776988,0.0,0.00350116528655
2018-09-21,43.6667835435,0.333386866214,0.575172976155
2018-10-07,45.5508776988,0.00350114880706,0.0242012141757
2018-10-23,45.5508776988,0.00710116369964,0.0296010620761
2018-11-08,45.5499776986,0.0404012081943,0.190239992957
2018-12-10,45.530177687,0.140008590766,0.795356376433
2019-01-11,45.5410765653,0.11971851301,0.826560602413
2019-01-27,45.5464236519,0.072955722944,1.63420431518
2019-02-12,45.5508776988,0.101001149546,0.778798851595
2019-02-28,45.4563769641,0.0478515234143,0.309788158647
2019-03-16,45.2628770122,0.0172517536999,0.0388516855847
2019-04-17,45.5508776988,0.0,0.0262517130505
2019-06-04,45.5508776988,0.0,0.02870110004
2019-06-20,45.3374814977,0.0,0.0
2019-08-07,39.2789108209,0.0,0.0
2019-08-23,45.5508776988,0.0,0.00260115942718
2019-09-24,45.5508776988,0.000801171145929,0.0134010693393