Date,Rarea,NDWI,MNDWI
2013-04-01,11.2904012769,1.56586058489,1.74316794956
2013-04-18,12.3600435159,1.91578464587,2.02471739777
2013-05-04,12.3564424139,1.90498138812,2.22816422993
2013-05-20,12.165583438,1.75643574902,1.9130827804
2013-05-29,11.6801698937,1.99860977002,2.1642592323
2013-06-21,12.3600435159,1.94099254034,1.99950995612
2013-07-07,11.5852504541,1.40893059973,1.45574471387
2013-07-23,12.3600435159,1.68801662323,1.71232384668
2013-08-08,12.2367051003,1.44134123297,1.47105026385
2013-08-24,12.3600435159,1.31620363116,1.33060798529
2013-09-25,12.3600435159,1.44674332825,1.45844687976
2013-10-11,12.3600435159,1.337810224,1.36481847284
2013-10-27,12.3600435159,1.18566354968,1.20727021753
2013-11-28,12.3600435159,2.162409008,2.19798200686
2013-12-07,12.0796624462,2.2605557543,2.26717908722
2013-12-23,10.4305967358,2.37687113439,2.47513818746
2014-01-08,10.115482086,2.24129613314,2.2920502603
2014-02-16,12.3582429822,2.10394117151,2.20138221365
2014-04-21,12.3600435159,1.89237764911,2.00491152063
2014-05-07,12.1115676613,1.59978882324,1.6376002417
2014-05-16,12.3600435159,1.7609384342,1.78794652606
2014-05-23,12.3600435159,1.68261476483,1.71682501855
2014-06-08,12.3600435159,1.8599683197,1.93018937793
2014-07-10,12.3600435159,1.659207888,1.68531572144
2014-07-26,12.3600435159,0.0,0.631993348877
2014-08-11,12.3600435159,1.23337838904,1.26398766974
2014-08-27,12.3600435159,1.0011073623,1.01731232104
2014-09-12,12.3600435159,0.848060233887,0.899376053589
2014-10-30,12.3591432434,1.1091396886,1.0911344549
2014-12-01,10.8887506514,1.36571855591,1.43954112878
2015-01-18,12.3573426816,1.97738675366,2.07250485592
2015-03-07,12.3591432489,2.05982828168,2.13365036719
2015-03-23,12.3600435159,1.9824047901,2.0670301438
2015-04-08,12.3591432489,1.95989797162,2.09223770013
2015-04-17,12.3600435159,1.89057693646,1.99680895728
2015-04-24,12.3600435159,1.7384305979,1.91578444922
2015-05-03,12.3600435159,1.83836145612,1.92388720764
2015-05-10,12.3600435159,1.79334825092,1.83205982526
2015-06-27,12.2664141655,1.53226933856,1.54487299677
2015-07-13,12.3591432378,1.38282391211,1.3981285304
2015-07-29,12.3600435159,1.30089892828,1.3486134776
2015-08-30,12.3600435159,1.81405440637,1.96439946167
2015-09-15,12.3600435159,1.90858284668,2.01841589526
2015-11-18,12.3195311503,2.07351168898,2.25090365871
2015-12-04,12.3582429551,2.04742815007,2.12221781649
2015-12-20,12.3278878571,1.97417723742,2.06465630482
2016-03-25,12.3600435159,1.53406977856,1.60879224896
2016-04-10,12.3600435159,1.69521848828,1.74833432538
2016-04-26,11.6560264853,1.18926382312,1.314401625
2016-05-12,11.9693294958,1.5457731601,1.64030157593
2016-06-13,11.345671897,0.57498631363,0.613419001847
2016-06-29,10.6722535644,0.0882268215332,0.116135368103
2016-07-15,12.3600435159,0.952492461365,0.966896878052
2016-07-31,12.3600435159,0.833655857544,0.911979870239
2016-08-16,12.3600435159,0.735525657043,0.785040886597
2016-09-17,12.3600435159,0.642796808899,0.674306536499
2016-10-03,12.3600435159,0.645497658997,0.749929994995
2016-11-04,12.3573427206,0.831670597662,0.895816060983
2016-11-20,12.3591432493,1.38004758388,1.43949381788
2017-01-07,12.300745707,2.31813815157,2.45856954903
2017-02-24,12.3573426829,1.34861318109,1.46114762366
2017-03-12,12.3600435159,1.41973502618,1.45844682935
2017-03-28,12.3600435159,1.13524846307,1.16315699426
2017-04-13,12.3600435159,1.05332340106,1.07853112921
2017-04-29,12.3600435159,0.799445342773,0.857063108215
2017-05-15,12.3600435159,0.446536427673,0.616688850891
2017-06-16,12.3600435159,0.568073836487,0.593281552734
2017-07-02,12.3555421437,0.49875251178,0.554569680664
2017-07-18,12.0620514923,0.345705507874,0.361910461243
2017-08-03,11.9657228014,0.111633976318,0.12243727356
2017-08-19,12.3600435159,0.401522623718,0.441134795166
2017-09-20,12.3600435159,0.392519851196,0.397021221802
2017-10-06,12.3600435159,0.578876984558,0.601383976318
2017-10-22,10.4683654294,1.26308702454,1.30630010449
2017-12-25,12.3555421354,1.57580781294,1.59426195117
2018-01-26,12.3402375856,1.3942432264,1.4130785924
2018-02-27,11.6648258975,1.42603636285,1.54217152222
2018-04-16,12.3600435159,1.28289340118,1.3423115376
2018-06-03,12.2394064438,1.72492639612,1.91128251422
2018-06-19,12.3591432397,1.91848588086,2.08773644849
2018-07-05,12.3600435159,0.0,0.189057858093
2018-07-21,11.5200845783,1.0137081958,1.14604805408
2018-08-06,12.3573426871,1.80055046423,1.90678233911
2018-08-22,12.3600435159,1.83746141718,1.97430245752
2018-09-23,12.3600435159,1.92838896985,2.09043748853
2018-10-25,12.3591432489,1.91758539032,2.04812460034
2019-01-13,12.3528412939,1.86479613203,1.92691504554
2019-02-14,12.3600435159,2.07081484958,2.1266704167
2019-03-18,12.3582429727,1.46204804907,1.50436092407
2019-06-22,12.3492401928,1.33870990509,1.45304494879
2019-07-24,12.2403063246,1.08663338513,1.10553917834
2019-08-09,12.3600435159,0.929085127747,0.9930047995
2019-09-10,12.0814401382,1.12001636399,1.33183788674
2019-09-26,12.3600435159,1.7294291618,1.84286310443