Date,Rarea,NDWI,MNDWI
2013-05-11,96.2097694204,7.13478238572,12.2113020854
2013-05-27,98.3156091333,6.61273182007,11.0417384785
2013-06-12,98.3156091333,5.32921640845,8.00133209766
2013-07-14,98.3156091333,1.42862962109,2.76969100049
2013-07-30,98.3156091333,0.00500397729492,0.085067579834
2013-08-15,98.3156091333,0.00250198632813,0.0775615925293
2013-08-31,95.3635145024,0.154024102929,0.85668836001
2013-10-02,98.3156091333,0.587965239014,0.762240343976
2013-11-03,98.2930912215,0.497029917462,1.43777441917
2013-12-05,98.3156091333,0.447373489863,1.36857415617
2013-12-21,98.3156091333,0.869473356634,4.28338344059
2014-01-06,98.2545115291,1.60168959392,7.36832640837
2014-02-23,98.3156091333,5.7680739479,10.5608511237
2014-04-28,98.3156091333,0.112589232178,3.80050991504
2014-05-14,98.3156091333,0.015011907959,0.275218404053
2014-05-30,98.3156091333,0.0250198493652,1.12339030933
2014-07-01,98.3156091333,0.0300238190918,0.120095311523
2014-07-17,98.3156091333,0.0075059543457,0.0850675505371
2014-08-02,98.3156091333,0.00250198632813,0.0350278212891
2014-08-18,98.3156091333,0.0,0.00250198730469
2014-09-03,98.3156091333,0.0225178435059,0.0900714328613
2014-10-05,98.3156091333,0.15262098584,1.43464724477
2014-10-21,98.3106051636,0.0300238227539,0.195154958252
2014-11-22,96.3090209314,0.146636016793,0.768963733336
2014-12-08,98.3131071553,1.41697701239,6.67191567203
2014-12-24,98.2805813645,2.82559020038,7.47004551578
2015-01-09,97.5826158461,2.72093719843,5.91053415399
2015-02-10,98.3131071629,6.04114359378,13.6441562302
2015-05-01,98.3156091333,0.0375297321777,0.190150780273
2015-05-17,98.244120947,0.0250198203125,0.137609217285
2015-06-02,98.3156091333,0.0175138762207,0.149177275379
2015-07-04,98.3156091333,0.00750593115234,0.0450357741699
2015-07-20,98.3156091333,0.00750593115234,0.0375298015137
2015-08-05,98.3156091333,0.0,0.0150119265137
2015-08-21,98.3156091333,0.0,0.412827004883
2015-09-06,98.3156091333,0.215169888428,5.51936871582
2015-09-22,98.3156091333,6.28410868016,8.70852867283
2015-10-24,97.3992190509,4.65719343349,7.01272540979
2015-11-09,98.2930912972,0.397961556523,3.23047880828
2015-11-25,97.3885459566,0.601308061636,2.49130434433
2015-12-11,98.0929323933,0.145114765869,1.21760200316
2015-12-27,97.3023044776,0.0800633786621,1.04746736351
2016-01-28,98.3030992176,0.0500396689453,0.540429172852
2016-04-17,88.2877315814,2.50698226318,3.02239004346
2016-05-03,98.1004387017,2.39189132275,2.84975386816
2016-05-19,98.3156091333,4.55625075794,6.78078808245
2016-06-04,98.3156091333,3.33513737866,4.31254831981
2016-06-20,98.3156091333,0.0200158442383,0.142613216797
2016-07-06,98.3156091333,0.017513861084,0.135107183594
2016-07-22,98.3156091333,0.0,0.0700555717773
2016-08-07,98.3156091333,0.0175138505859,0.065051637207
2016-08-23,98.3156091333,0.0125099121094,0.0550436643066
2016-09-08,98.3156091333,0.00750593945313,0.0575456843262
2016-10-10,88.3168009914,4.26837569458,8.41681038636
2016-10-26,87.5896133418,0.200158214111,0.754733715558
2016-11-11,81.0722355949,6.33228614268,10.3523640557
2016-11-27,98.3156091333,4.24836027417,6.18531725383
2017-01-30,98.2905892622,15.5903908437,24.4282977404
2017-02-15,98.3131071553,10.7234897251,13.4062714543
2017-03-03,98.3156091333,5.09152913306,7.96544362742
2017-03-19,98.1641071513,0.392811929199,1.03245691649
2017-04-04,98.3156091333,0.040031760498,0.71056438916
2017-05-06,98.3156091333,0.00750594506836,0.285226586426
2017-06-07,98.3156091333,5.69191438392,14.5440994112
2017-06-23,98.3156091333,3.52278575586,5.24328526463
2017-07-09,98.3156091333,2.88978506763,3.30010977148
2017-08-26,98.3156091333,1.16091768774,1.55873219727
2017-09-11,98.3156091333,0.00750593945313,0.0475377021484
2017-09-27,98.3156091333,0.00750593798828,0.0500396887207
2017-10-13,98.3030992327,0.0050039621582,0.0300238120117
2017-10-29,98.3056012105,0.0100079345703,0.107585452148
2017-11-14,90.8623997575,1.4009728899,1.66364207461
2018-01-01,98.2055221382,0.312748286377,0.755600242432
2018-01-17,98.2473195331,0.33526625708,0.820651840576
2018-04-07,98.3156091333,12.3689274275,14.3029585058
2018-04-23,98.3156091333,11.3921747094,14.9330568561
2018-05-09,98.3156091333,10.2822758545,16.2528946962
2018-05-25,98.0804228875,6.07230333569,12.8543114043
2018-06-10,98.3156091333,5.09152678027,9.89411569526
2018-06-26,98.3156091333,3.87056086719,5.49434723779
2018-07-12,98.3156091333,2.91230281079,3.41770303784
2018-07-28,98.3156091333,0.00750591088867,0.0250198339844
2018-08-13,98.3156091333,0.012509871582,0.0725575283203
2018-08-29,96.1055888918,0.0150118459473,0.19765672998
2018-09-30,98.3156091333,4.91388565576,7.74026117772
2018-10-16,81.9094245804,1.28410447547,6.3670501042
2019-01-04,98.3005972493,3.98064913135,6.83704896898
2019-02-05,98.3156091333,9.04957451134,15.9607303771
2019-03-09,98.3156091333,2.18923142187,4.53772817698
2019-03-25,88.5605007935,0.260206045654,2.77219629126
2019-04-26,84.190867673,0.580459364502,2.5832906918
2019-05-12,98.3156091333,0.0475375771484,1.53621662329
2019-05-28,97.5987370952,0.0350277307129,0.372795667236
2019-06-13,98.3156091333,0.00250197045898,0.0850675187988
2019-06-29,98.3156091333,0.0100079182129,0.0875694753418
2019-07-15,98.3156091333,0.00500397192383,0.155123135742
2019-07-31,98.3156091333,0.162628828369,0.0775615605469
2019-08-16,98.3156091333,0.00750593261719,0.087569501709
2019-09-01,98.3156091333,0.00750594311523,0.122597329834
2019-09-17,98.2104867797,13.0536912062,21.3969733394