Date,Rarea,NDWI,MNDWI
2013-04-17,6.41527292617,0.285337315247,0.291638146301
2013-04-24,6.41527292617,0.0,6.41527292617
2013-04-24,6.41527292617,0.0,6.41527292617
2013-05-19,6.41527292617,0.0,6.41527292617
2013-05-26,6.41527292617,0.273635789734,0.292538280945
2013-06-04,6.41527292617,0.280836728455,0.295238627563
2013-06-11,6.41527292617,0.272735656067,0.289837906067
2013-06-11,6.41527292617,0.271835541931,0.288037677246
2013-06-20,6.41527292617,0.273635775757,0.281736841858
2013-06-27,6.41527292617,0.237631032959,0.25743364032
2013-06-27,6.41527292617,0.240331391174,0.259233882629
2013-07-06,6.41527292617,0.028803791748,0.102613281067
2013-07-13,6.41527292617,0.230430067322,0.252032918335
2013-07-13,6.41527292617,0.23133019104,0.255633398865
2013-07-22,6.41527292617,0.222329011108,0.234930669128
2013-07-29,6.41527292617,0.228629824829,0.243931841553
2013-07-29,6.41527292617,0.228629828796,0.249332556213
2013-08-07,6.41527292617,0.320441971497,0.343845065125
2013-08-14,6.41527292617,0.309640539429,0.337544217041
2013-08-14,6.41527292617,0.311440777771,0.336644105469
2013-08-23,6.41527292617,0.349245869934,0.429451973647
2013-08-30,6.41527292617,0.2997392771,0.324942589233
2013-08-30,6.41527292617,0.30243963092,0.321342122314
2013-09-08,6.41527292617,0.34114471106,0.356446730347
2013-09-15,6.41527292617,0.253833202881,0.261034144897
2013-09-15,6.41527292617,0.255633438599,0.262834388245
2013-09-24,6.41527292617,0.361847438293,0.381650066772
2013-10-01,6.41527292617,0.370848614868,0.389751113831
2013-10-10,6.41527292617,0.345645294861,0.369948494019
2013-10-17,6.41527292617,0.365447887085,0.726214359496
2013-10-26,6.41527292617,0.355546578674,0.36904837323
2013-11-02,6.41527292617,0.0,0.744275276606
2013-11-02,6.41527292617,0.0,0.74787573907
2013-11-11,6.41527292617,0.342044809509,0.356446717773
2013-11-27,6.41527292617,0.391339185792,0.513511498938
2013-12-04,6.41527292617,0.0,0.220274989441
2013-12-04,6.41527292617,0.0,0.221175122314
2013-12-13,6.41527292617,0.39875232782,0.441958045105
2013-12-20,6.41527292617,0.272735690918,0.518468269348
2013-12-20,6.41527292617,0.269135228149,0.521168650757
2013-12-29,6.41527292617,0.138618115234,0.716222732083
2014-01-05,6.41527292617,0.367248130371,0.399652411194
2014-01-05,6.41527292617,0.367248130371,0.396952063477
2014-01-21,6.41527292617,0.359147081665,0.383450286499
2014-01-21,6.41527292617,0.359147083435,0.381650052734
2014-02-06,6.41527292617,0.414954481506,0.467161423218
2014-02-06,6.41527292617,0.410453890259,0.465361187378
2014-02-15,6.41527292617,0.412254117004,0.453659634399
2014-02-22,6.41527292617,0.397852218567,0.4392577005
2014-02-22,6.41527292617,0.397852216553,0.436557350586
2014-03-03,6.41527292617,0.405953276428,0.475262449585
2014-03-10,6.41527292617,0.0,6.41527292617
2014-03-10,6.41527292617,0.0,6.41527292617
2014-03-19,6.41527292617,0.405053159851,0.447358792236
2014-03-26,6.41527292617,0.378049593567,0.413154249207
2014-03-26,6.41527292617,0.377149487061,0.41765485498
2014-04-04,6.41527292617,0.348345672668,0.37984981897
2014-04-20,6.41527292617,0.0,1.59353576578
2014-04-27,6.41527292617,0.360047190125,0.376249327515
2014-04-27,6.41527292617,0.355546608765,0.376249330322
2014-05-06,6.41527292617,0.354646483337,0.366348034424
2014-05-13,6.41527292617,0.340244586548,0.351946125
2014-05-13,6.41527292617,0.341144707764,0.353746364441
2014-05-22,6.41527292617,0.276336188782,0.298839146606
2014-05-29,6.41527292617,0.319541849792,0.342944934326
2014-05-29,6.41527292617,0.317741619629,0.341144703735
2014-06-07,6.41527292617,0.0,5.16139807166
2014-06-14,6.41527292617,0.00270035534668,6.02685981331
2014-06-14,6.41527292617,0.00270035534668,6.02595969118
2014-06-23,6.41527292617,0.298839116516,0.32404244043
2014-06-30,6.41527292617,0.294338532532,0.311440773132
2014-06-30,6.41527292617,0.296138768188,0.312340897888
2014-07-09,6.41527292617,0.282636983154,0.294338533569
2014-07-16,6.41527292617,0.292538274719,0.316841481384
2014-07-16,6.41527292617,0.294338512451,0.31504124707
2014-07-25,6.41527292617,0.270035314636,0.290738046326
2014-08-01,6.41527292617,0.268235069763,0.28803767981
2014-08-01,6.41527292617,0.268235070496,0.288937807068
2014-08-10,6.41527292617,0.222329049316,0.254733297913
2014-08-17,6.41527292617,0.0675087454224,0.171922418762
2014-08-17,6.41527292617,0.0693089795532,0.171022301208
2014-08-26,6.41527292617,0.245732098694,0.26013399585
2014-09-02,6.41527292617,0.238531148254,0.261934228149
2014-09-02,6.41527292617,0.242131620911,0.261034115112
2014-09-11,6.41527292617,0.22142889679,0.248432450623
2014-09-18,6.41527292617,0.214227943054,0.229529956665
2014-09-18,6.41527292617,0.213327824463,0.228629840698
2014-09-27,6.41527292617,0.168321945679,0.182723845825
2014-10-04,6.41527292617,0.198025797241,0.2250293479
2014-10-04,6.41527292617,0.199826040649,0.225929472229
2014-10-13,6.41527292617,0.139518137939,0.201626284973
2014-10-20,6.41527292617,0.177323080994,0.210627453735
2014-10-20,6.41527292617,0.175522849976,0.207927099243
2014-10-29,6.41527292617,0.140418243835,0.189024616821
2014-11-05,6.41527292617,0.206126901367,0.257433630737
2014-11-05,6.41527292617,0.201626318054,0.261934229492
2014-11-14,6.41527292617,0.226829596497,0.254733272278
2014-11-21,6.41527292617,0.216028181152,0.250232680847
2014-11-21,6.41527292617,0.216928299988,0.249332562866
2014-11-30,6.41527292617,0.0117015302124,0.231330187378
2014-12-07,6.41527292617,0.0,0.218728536438
2014-12-07,6.41527292617,0.0,0.216028193115
2014-12-16,6.41527292617,0.290738052124,0.333043616089
2014-12-23,6.41527292617,0.302439585999,0.3330436203
2014-12-23,6.41527292617,0.300639355652,0.335743981567
2015-01-01,6.41527292617,0.2115277276,0.62713719474
2015-01-08,6.41527292617,0.340244574646,0.364547782349
2015-01-08,6.41527292617,0.340244577271,0.368148266785
2015-01-17,6.41527292617,0.0,6.41527292617
2015-01-24,6.41527292617,0.31864172998,0.343845044128
2015-01-24,6.41527292617,0.318641731384,0.342044817505
2015-02-02,6.41527292617,0.31144077533,0.332143513062
2015-02-09,6.41527292617,0.311440773071,0.327642908142
2015-02-09,6.41527292617,0.311440781311,0.330343268799
2015-02-18,6.41527292617,0.123316084351,0.270035369568
2015-02-25,6.41527292617,0.195325556091,0.195325554321
2015-02-25,6.41527292617,0.195325560852,0.191725088257
2015-03-06,6.41527292617,0.280723468713,0.944098612633
2015-03-13,6.41527292617,0.30153946521,0.379553301364
2015-03-13,6.41527292617,0.299739236389,0.380453421481
2015-03-22,6.41527292617,0.0351045419922,0.0876889940061
2015-03-29,6.41527292617,0.0378050309448,1.05880365233
2015-03-29,6.41527292617,0.0378050324707,1.05790356756
2015-04-07,6.41527292617,0.0,0.337544234253
2015-04-14,6.41527292617,0.360047202881,0.375349222778
2015-04-14,6.41527292617,0.361847440247,0.376249346619
2015-04-23,6.41527292617,0.318641759094,0.340244601013
2015-04-30,6.41527292617,0.327642926819,0.351946126221
2015-04-30,6.41527292617,0.330343290955,0.35104601355
2015-05-09,6.41527292617,0.312340911804,0.336644117737
2015-05-16,6.41527292617,0.324042444397,0.346545408997
2015-05-16,6.41527292617,0.325842686646,0.34474517926
2015-05-25,6.41527292617,0.0711093130493,0.299739254395
2015-06-01,6.41527292617,0.312340893738,0.325842675964
2015-06-01,6.41527292617,0.312340898071,0.325842686768
2015-06-10,6.41527292617,0.0,6.41527292617
2015-06-17,6.41527292617,0.255633432434,0.284437235962
2015-06-17,6.41527292617,0.258333792175,0.286237476501
2015-06-26,6.41527292617,0.290738047729,0.307840305847
2015-07-03,6.41527292617,0.296138754517,0.31324101355
2015-07-03,6.41527292617,0.297038876038,0.315041251953
2015-07-12,6.41527292617,0.273635794312,0.292538291138
2015-07-19,6.41527292617,0.283537082153,0.297938979736
2015-07-19,6.41527292617,0.282636963135,0.300639335999
2015-07-28,6.41527292617,0.273635781982,0.293438396484
2015-08-04,6.41527292617,0.197125813843,0.213327966003
2015-08-04,6.41527292617,0.200726290466,0.211527730591
2015-08-13,6.41527292617,0.0,1.85123932084
2015-08-20,6.41527292617,0.229529969299,0.252933042664
2015-08-20,6.41527292617,0.228629853088,0.252032931091
2015-08-29,6.41527292617,0.222301229878,0.660659124879
2015-09-05,6.41527292617,0.0,0.1971257276
2015-09-05,6.41527292617,0.0,0.19622560791
2015-09-14,6.41527292617,0.420355213074,0.472562110046
2015-09-21,6.41527292617,0.355546707703,0.466014134229
2015-09-21,6.41527292617,0.355546722961,0.464213883192
2015-09-30,6.41527292617,0.470761902039,0.512167385437
2015-10-07,6.41527292617,0.416754718628,0.454559721619
2015-10-07,6.41527292617,0.418554970398,0.452759492432
2015-10-16,6.41527292617,0.424855802307,0.468061522766
2015-10-23,6.41527292617,0.434757054504,1.01611849415
2015-10-23,6.41527292617,0.433856943176,1.01301223624
2015-11-01,6.41527292617,0.461658524513,0.542259939741
2015-11-08,6.41527292617,1.11123531582,1.52538917045
2015-11-08,6.41527292617,1.11123529116,1.52808954557
2015-11-17,6.41527292617,0.0,6.39566800907
2015-11-24,6.41527292617,0.0,6.41527292617
2015-11-24,6.41527292617,0.0,6.41527292617
2015-12-03,6.41527292617,0.416754741516,0.441057958862
2015-12-10,6.41527292617,0.690450662729,1.87772672496
2015-12-10,6.41527292617,0.691350799753,1.87876449535
2015-12-19,6.41527292617,0.402352818665,0.436557359192
2015-12-26,6.41527292617,0.0,6.4061306225
2015-12-26,6.41527292617,0.0,6.40523050959
2016-01-04,6.41527292617,0.395151859497,0.432956867004
2016-01-11,6.41527292617,0.389751114563,0.421255290527
2016-01-11,6.41527292617,0.389751114563,0.420355177368
2016-01-20,6.41527292617,0.376249344788,0.403252926392
2016-01-27,6.41527292617,0.374449103638,0.401452667725
2016-01-27,6.41527292617,0.37264887085,0.398752318481
2016-02-05,6.41527292617,0.344745225159,0.349245839966
2016-02-12,6.41527292617,0.366348029358,0.380749931396
2016-02-12,6.41527292617,0.367248151917,0.381650052002
2016-02-21,6.41527292617,0.357346843933,0.370848627808
2016-02-28,6.41527292617,0.35824696698,0.375349215393
2016-02-28,6.41527292617,0.358246971558,0.375349223694
2016-03-08,6.41527292617,0.360047199829,0.374449093628
2016-03-15,6.41527292617,0.352846240784,0.364547792969
2016-03-15,6.41527292617,0.348345657898,0.364547800964
2016-03-24,6.41527292617,0.333043634766,0.351946128357
2016-03-31,6.41527292617,0.0,0.326742816406
2016-03-31,6.41527292617,0.0,0.327642940552
2016-04-09,6.41527292617,0.306940194214,0.334843871216
2016-04-16,6.41527292617,0.302439599915,0.330343266174
2016-04-16,6.41527292617,0.300639366699,0.331243398682
2016-04-25,6.41527292617,0.150319600708,0.151219722229
2016-05-02,6.41527292617,0.0,3.03858683652
2016-05-02,6.41527292617,0.0,3.04488765695
2016-05-11,6.41527292617,0.16472149585,0.293438419312
2016-05-18,6.41527292617,0.0,0.298839115601
2016-05-18,6.41527292617,0.0,0.299739234009
2016-05-27,6.41527292617,0.0,1.80179747434
2016-06-03,6.41527292617,0.0,0.27543603302
2016-06-03,6.41527292617,0.0,0.276336154419
2016-06-12,6.41527292617,0.152119818054,0.285337333984
2016-06-19,6.41527292617,0.0,0.23673093927
2016-06-19,6.41527292617,0.0,0.234930706421
2016-06-28,6.41527292617,0.24123152655,0.276336140198
2016-07-05,6.41527292617,0.237631037537,0.277236248413
2016-07-05,6.41527292617,0.236730921326,0.278136375
2016-07-14,6.41527292617,0.214227953613,0.261034110901
2016-07-21,6.41527292617,0.22682960614,0.259233874939
2016-07-21,6.41527292617,0.226829609863,0.260133992737
2016-07-30,6.41527292617,0.218728533264,0.249332560181
2016-08-06,6.41527292617,0.209727340637,0.240331364929
2016-08-06,6.41527292617,0.207927109192,0.239431248291
2016-08-15,6.41527292617,0.190824836304,0.297938426331
2016-08-22,6.41527292617,0.149419421204,0.205226744324
2016-08-22,6.41527292617,0.149419425232,0.204326628784
2016-08-31,6.41527292617,0.0783101451416,0.156620360596
2016-09-07,6.41527292617,0.0360046536865,0.114314836304
2016-09-07,6.41527292617,0.0387050057983,0.109814254333
2016-09-16,6.41527292617,0.000900116210937,0.0540069869385
2016-09-23,6.41527292617,0.00180023144531,0.0333042932739
2016-09-23,6.41527292617,0.00180023144531,0.0342044101563
2016-10-02,6.41527292617,0.0,0.0189024330444
2016-10-09,6.41527292617,0.0,0.0135017365112
2016-10-09,6.41527292617,0.0,0.0126016207886
2016-10-18,6.41527292617,0.0,0.470762505005
2016-10-25,6.41527292617,0.0,0.00180023126221
2016-10-25,6.41527292617,0.0,0.00180023126221
2016-11-03,6.41527292617,0.0,0.0
2016-11-10,6.41527292617,0.0,0.0
2016-11-10,6.41527292617,0.0,0.0
2016-11-19,6.41527292617,0.0,0.0
2016-11-26,6.41527292617,0.0,6.41527292617
2016-11-26,6.41527292617,0.0,6.41527292617
2016-12-05,6.41527292617,0.0,0.0
2016-12-12,6.41527292617,0.0,0.000900118835449
2016-12-12,6.41527292617,0.0,0.000900118835449
2016-12-21,6.41527292617,0.0,0.0
2016-12-28,6.41527292617,0.0,0.0540491374663
2016-12-28,6.41527292617,0.0,0.0540491374663
2017-01-06,6.41527292617,0.0,6.41527292617
2017-01-13,6.41527292617,0.0,0.0
2017-01-13,6.41527292617,0.0,0.0
2017-01-22,6.41527292617,0.0,0.0
2017-01-29,6.41527292617,0.0,0.0
2017-01-29,6.41527292617,0.0,0.0
2017-02-07,6.41527292617,0.0,0.0
2017-02-14,6.41527292617,0.0,0.0
2017-02-14,6.41527292617,0.0,0.0
2017-02-23,6.41527292617,0.0,0.0
2017-03-02,6.41527292617,0.0,0.0
2017-03-02,6.41527292617,0.0,0.0
2017-03-11,6.41527292617,0.0,0.0153020790405
2017-03-18,6.41527292617,0.196225562866,0.224129240723
2017-03-18,6.41527292617,0.196225562866,0.222329009399
2017-03-27,6.41527292617,0.459960474243,0.490564515686
2017-04-03,6.41527292617,0.454559745728,0.469861760437
2017-04-03,6.41527292617,0.454559747803,0.470761891968
2017-04-12,6.41527292617,0.408653882202,0.70145130893
2017-04-19,6.41527292617,0.386150685608,0.43475711322
2017-04-19,6.41527292617,0.387050806946,0.430256523132
2017-04-28,6.41527292617,0.378949743652,0.414954500977
2017-05-05,6.41527292617,0.36904842334,0.399652475403
2017-05-05,6.41527292617,0.37084867511,0.40055260675
2017-05-14,6.41527292617,0.335744020508,0.363647714417
2017-05-21,6.41527292617,0.381650033691,0.401452658203
2017-05-21,6.41527292617,0.382550164368,0.402352791931
2017-05-30,6.41527292617,0.372648859009,0.393351582336
2017-06-06,6.41527292617,0.260134165161,0.288037878052
2017-06-06,6.41527292617,0.258333944885,0.284437410034
2017-06-15,6.41527292617,0.355546597717,0.36904838092
2017-06-22,6.41527292617,0.339344451233,0.360047188965
2017-06-22,6.41527292617,0.341144697632,0.363647673462
2017-07-01,6.41527292617,0.324942561218,0.342044820984
2017-07-08,6.41527292617,0.330343272583,0.347445523193
2017-07-08,6.41527292617,0.329443157715,0.346545414551
2017-07-17,6.41527292617,0.317741608032,0.33664411615
2017-07-24,6.41527292617,0.103513485413,0.189924799133
2017-07-24,6.41527292617,0.104413603149,0.188124568298
2017-08-02,6.41527292617,0.306040063965,0.321342078857
2017-08-09,6.41527292617,0.290738044128,0.305139947144
2017-08-09,6.41527292617,0.288937812439,0.306040071472
2017-08-18,6.41527292617,0.285337325073,0.306940178101
2017-08-25,6.41527292617,0.276336138123,0.304239815979
2017-08-25,6.41527292617,0.277236256714,0.301539467834
2017-09-03,6.41527292617,0.089111574646,0.128716768738
2017-09-10,6.41527292617,0.242131631653,0.290738032959
2017-09-10,6.41527292617,0.240331401978,0.288037680725
2017-09-19,6.41527292617,0.0891115629883,0.257433649292
2017-09-26,6.41527292617,0.215128069153,0.262834353699
2017-09-26,6.41527292617,0.218728547485,0.268235070007
2017-10-05,6.41527292617,0.108914201172,0.1566204104
2017-10-12,6.41527292617,0.271835531555,0.296138736633
2017-10-12,6.41527292617,0.274535890442,0.294338506287
2017-10-21,6.41527292617,0.0,6.41527292617
2017-10-28,6.41527292617,0.0387050893555,0.0477062622681
2017-10-28,6.41527292617,0.0396052092896,0.0450059073486
2017-11-06,6.41527292617,0.294338529541,0.316841487976
2017-11-13,6.41527292617,0.698008362017,1.08933442492
2017-11-13,6.41527292617,0.695308016131,1.08743536701
2017-11-22,6.41527292617,0.0477063071289,1.38014282025
2017-11-29,6.41527292617,0.126016406128,1.98367709922
2017-11-29,6.41527292617,0.127816642944,1.98007665671
2017-12-08,6.41527292617,0.507666791443,0.551772625671
2017-12-15,6.41527292617,0.0,6.41527292617
2017-12-15,6.41527292617,0.0,6.41527292617
2017-12-24,6.41527292617,1.12641950625,1.31583642176
2017-12-31,6.41527292617,0.87789466153,0.974094457144
2017-12-31,6.41527292617,0.870693719575,0.971394112539
2018-01-09,6.41527292617,0.0,6.41527292617
2018-01-16,6.41527292617,0.649885643005,0.706593132812
2018-01-16,6.41527292617,0.656186503479,0.704792915344
2018-01-25,6.41527292617,0.79210446936,0.878515915955
2018-02-01,6.41527292617,0.664287568359,0.72909612738
2018-02-01,6.41527292617,0.664287589233,0.72819603656
2018-02-10,6.41527292617,0.63728401239,0.709293532532
2018-02-17,6.41527292617,0.519368333435,0.676889194763
2018-02-17,6.41527292617,0.520268468079,0.67598910199
2018-02-26,6.41527292617,0.527469430908,0.581476588928
2018-03-05,6.41527292617,0.171022513428,0.43655738208
2018-03-05,6.41527292617,0.171022519958,0.433857031616
2018-03-14,6.41527292617,0.0459060209961,0.138618171936
2018-03-21,6.41527292617,0.394251779785,0.445558542847
2018-03-21,6.41527292617,0.394251787292,0.4410579729
2018-03-30,6.41527292617,0.457260118469,0.483363567139
2018-04-06,6.41527292617,0.449159022034,0.465361176086
2018-04-06,6.41527292617,0.441958084229,0.46446106427
2018-04-15,6.41527292617,0.35014593573,0.402352832458
2018-04-22,6.41527292617,0.392451506348,0.419455077454
2018-04-22,6.41527292617,0.389751164917,0.416754728943
2018-05-01,6.41527292617,0.385250541809,0.412254125183
2018-05-08,6.41527292617,0.0,0.353746380066
2018-05-08,6.41527292617,0.0,0.351046031738
2018-05-17,6.41527292617,0.315941398254,0.336644128845
2018-05-24,6.41527292617,0.344745181396,0.362747557129
2018-05-24,6.41527292617,0.34744554425,0.363647681458
2018-06-02,6.41527292617,0.32764293457,0.350145895996
2018-06-09,6.41527292617,0.329443160889,0.35014588031
2018-06-09,6.41527292617,0.330343282593,0.348345656189
2018-06-18,6.41527292617,0.0476357541767,0.139182660476
2018-06-25,6.41527292617,0.303339721375,0.326742828735
2018-06-25,6.41527292617,0.300639372437,0.330343313599
2018-07-04,6.41527292617,0.00180023681641,0.263734539612
2018-07-11,6.41527292617,0.300639357422,0.319541843201
2018-07-11,6.41527292617,0.300639359131,0.321342089172
2018-07-20,6.41527292617,0.000900118591309,0.25293311499
2018-07-27,6.41527292617,0.293438398682,0.313241013489
2018-07-27,6.41527292617,0.291638166382,0.314141132507
2018-08-05,6.41527292617,1.04822515623,5.78647725215
2018-08-12,6.41527292617,0.298839097717,0.31864171106
2018-08-12,6.41527292617,0.300639335999,0.319541843079
2018-08-21,6.41527292617,0.279036486572,0.300639342407
2018-08-28,6.41527292617,0.388851037842,0.431156621094
2018-08-28,6.41527292617,0.390651280151,0.431156634033
2018-09-06,6.41527292617,0.345645337402,0.36814831427
2018-09-13,6.41527292617,0.36814828894,0.387050780273
2018-09-13,6.41527292617,0.369048412109,0.390651274353
2018-09-22,6.41527292617,0.371748743225,0.401452663147
2018-09-29,6.41527292617,0.485717806405,0.531765066174
2018-09-29,6.41527292617,0.480387701137,0.529964834729
2018-10-08,6.41527292617,0.423955698181,0.451859383057
2018-10-15,6.41527292617,0.431156649414,0.473462250549
2018-10-15,6.41527292617,0.425755940002,0.465361193237
2018-10-24,6.41527292617,0.176702122468,2.56784636994
2018-10-31,6.41527292617,0.0198025916138,0.145819190979
2018-10-31,6.41527292617,0.0180023563843,0.146719303406
2018-11-09,6.41527292617,0.44915902417,0.488764283386
2018-11-16,6.41527292617,0.448258905762,0.487864164673
2018-11-16,6.41527292617,0.445558558533,0.491464642273
2018-11-25,6.41527292617,0.372648930542,0.443758346008
2018-12-02,6.41527292617,0.0,6.41527292617
2018-12-02,6.41527292617,0.0,6.41527292617
2018-12-11,6.41527292617,0.4221554823,0.48066321991
2018-12-18,6.41527292617,0.444559591463,0.567664200603
2018-12-18,6.41527292617,0.442759354708,0.568747899384
2018-12-27,6.41527292617,0.0,0.0
2019-01-03,6.41527292617,0.0,6.41527292617
2019-01-03,6.41527292617,0.0,6.41527292617
2019-01-12,6.41527292617,0.116115320862,0.92611113899
2019-01-19,6.41527292617,0.395151872437,0.423955691467
2019-01-19,6.41527292617,0.396052001831,0.429356411377
2019-01-28,6.41527292617,0.373549018188,0.403252960205
2019-02-04,6.41527292617,0.0,6.41527292617
2019-02-04,6.41527292617,0.0,6.41527292617
2019-02-13,6.41527292617,0.10621382312,2.37595851878
2019-02-20,6.41527292617,0.421255364197,0.495065126648
2019-02-20,6.41527292617,0.423055606018,0.499565746277
2019-03-01,6.41527292617,0.549072291687,0.619560445222
2019-03-08,6.41527292617,0.387950924316,0.501365946899
2019-03-08,6.41527292617,0.388851054321,0.502266073608
2019-03-17,6.41527292617,0.473462261475,0.513967634644
2019-03-24,6.41527292617,0.284437467896,2.31662034706
2019-03-24,6.41527292617,0.279036756042,2.31932054378
2019-04-02,6.41527292617,0.0135017497559,0.0964255823371
2019-04-09,6.41527292617,0.47166201593,0.507666801758
2019-04-09,6.41527292617,0.473462263428,0.514867781799
2019-04-18,6.41527292617,0.428456309937,0.468961684998
2019-04-25,6.41527292617,0.368148338989,0.411354041809
2019-04-25,6.41527292617,0.368148346008,0.409553804138
2019-05-04,6.41527292617,0.194425449951,0.370848686218
2019-05-11,6.41527292617,0.404153065735,0.420355218018
2019-05-11,6.41527292617,0.405053192261,0.422155460571
2019-05-20,6.41527292617,0.0,6.41527292617
2019-05-27,6.41527292617,0.384350399658,0.40055254425
2019-05-27,6.41527292617,0.384350402954,0.404153027222
2019-06-05,6.41527292617,0.368148266296,0.381650052368
2019-06-12,6.41527292617,0.0,5.88728867795
2019-06-12,6.41527292617,0.0,5.87991833289
2019-06-21,6.41527292617,0.326742815918,0.349245793945
2019-06-28,6.41527292617,0.344745175964,0.406853370483
2019-06-28,6.41527292617,0.34564529834,0.408653627441
2019-07-07,6.41527292617,0.337544220581,0.352846250916
2019-07-14,6.41527292617,0.307840308655,0.320441969299
2019-07-14,6.41527292617,0.307840306885,0.31864173999
2019-07-23,6.41527292617,0.323142318054,0.34114469342
2019-07-30,6.41527292617,0.293438411743,0.315941380981
2019-07-30,6.41527292617,0.2916381745,0.315041266968
2019-08-08,6.41527292617,0.272735675903,0.297038888977
2019-08-15,6.41527292617,0.288937807434,0.314141129395
2019-08-15,6.41527292617,0.289837925598,0.313241014954
2019-08-24,6.41527292617,0.281736855652,0.310540653076
2019-08-31,6.41527292617,0.287137551392,0.312340876953
2019-08-31,6.41527292617,0.288937800293,0.310540647522
2019-09-09,6.41527292617,0.286237434937,0.311440764954
2019-09-16,6.41527292617,0.291638140625,0.312340868286
2019-09-16,6.41527292617,0.290738028625,0.315041236328
2019-09-25,6.41527292617,0.261034114929,0.290738025574