Date,Rarea,NDWI,MNDWI
2013-05-06,12.7757609878,0.571654333496,0.945293067388
2013-05-06,10.3532776704,0.562651881897,0.925487613408
2013-05-22,12.7757609878,0.177348715454,0.744500848206
2013-06-07,12.7757609878,0.0,1.03579298497
2013-07-09,12.6162518804,1.86012233879,2.38108633578
2013-07-09,12.6993902336,1.85922216239,2.38148169525
2013-09-27,12.7757609878,1.28291427835,1.71319474047
2013-09-27,12.7757609878,1.27841300589,1.71589550969
2013-10-13,12.7757609878,1.41795001742,1.80771971959
2013-10-13,12.7757609878,1.41434900461,1.80591923845
2013-10-29,12.7757609878,1.45118833856,1.76588898754
2013-10-29,12.7757609878,1.44578681415,1.75508617956
2013-11-14,12.7757609878,1.36296487787,1.66011308157
2013-11-14,12.7757609878,1.35486271661,1.66101318417
2013-11-30,12.7757609878,1.43408297174,1.69252073782
2013-11-30,12.7757609878,1.43768391644,1.68081766263
2013-12-16,11.8833058359,0.626568148743,1.03806089917
2014-01-01,12.7757609878,1.31173499866,1.50195988846
2014-01-01,12.7757609878,1.3144356908,1.50015940085
2014-01-17,12.7757609878,1.1748141521,1.34114253202
2014-01-17,12.7757609878,1.16589641272,1.34294306956
2014-02-02,12.7757609878,1.04518002057,1.17665347669
2014-02-02,12.7757609878,1.04427979425,1.17845393982
2014-02-18,12.7757609878,0.573455121155,0.896641044495
2014-02-18,12.7757609878,0.575255581787,0.894840559265
2014-03-06,12.7757609878,0.531143865234,0.707590580872
2014-03-06,12.7757609878,0.525742393005,0.705790062866
2014-03-22,11.4409672002,0.0,0.0882235400391
2014-03-22,12.1429588884,0.0,0.0738195853882
2014-04-07,12.7757609878,0.164745265686,0.360097758728
2014-04-07,12.7757609878,0.165645510864,0.36189824115
2014-04-23,12.7757609878,0.0,0.236764687256
2014-04-23,12.7757609878,0.0,0.239465428284
2014-05-09,12.7757609878,0.150340882996,1.11985352491
2014-05-09,12.7757609878,0.153041629578,1.1288559314
2014-06-10,12.7757609878,0.0,1.83761999637
2014-06-10,11.3263743779,0.0,1.68547825986
2014-07-28,12.7757609878,1.08633859393,1.97369898286
2014-07-28,11.1546767514,1.03232383386,1.73153576356
2014-08-13,12.7757609878,1.02267706555,2.57156194573
2014-08-13,11.9441280481,1.00377220251,2.45453136999
2014-08-29,12.7757609878,1.10639787024,1.81596061116
2014-08-29,12.7757609878,1.1027969267,1.81956152291
2014-10-16,12.7757609878,1.4763951333,1.95369586348
2014-10-16,12.7757609878,1.4781955658,1.95279561928
2014-11-01,12.7757609878,1.5482301428,1.93659083242
2014-11-01,12.7757609878,1.55633231296,1.93389011165
2014-11-17,12.7757609878,1.55631783594,1.88257636196
2014-11-17,12.7757609878,1.56351968268,1.88347657161
2014-12-03,12.7757609878,1.56802026257,1.84389387731
2014-12-03,12.7757609878,1.57432185754,1.85013898745
2014-12-19,12.7757609878,1.29553122864,1.65621070295
2014-12-19,12.7757609878,1.30363337769,1.65849136201
2015-01-04,12.2114060509,0.908344559753,1.15189870095
2015-01-04,12.3650635161,0.962358669067,1.26463978601
2015-01-20,11.86720149,1.23153005792,1.45388915253
2015-02-05,12.7757609878,1.18921840277,1.36454862589
2015-02-05,12.7757609878,1.18561742157,1.3627481995
2015-03-09,12.7757609878,0.676082865662,0.943453453613
2015-03-09,12.7757609878,0.672481875916,0.945253887268
2015-03-25,12.6524287899,0.0,0.0
2015-04-10,12.7757609878,0.0,0.206155682861
2015-04-10,12.7757609878,0.0,0.209756647156
2015-04-26,12.6398236639,0.0,0.0
2015-04-26,12.371550254,0.0,0.0
2015-05-12,12.7757609878,0.000900248291016,0.484368796147
2015-05-12,12.7757609878,0.000900248291016,0.485269015569
2015-05-28,12.7757609878,0.0,0.338491442444
2015-05-28,12.7757609878,0.0,0.338491451904
2015-06-13,12.7757609878,0.0,0.0
2015-06-13,12.7755350488,0.0,0.0
2015-08-16,11.9232371842,1.36322796893,1.89734004624
2015-08-16,12.6587312544,1.56128050628,2.23042810624
2015-10-19,12.7757609878,1.6251850256,2.04744763277
2015-10-19,12.7757609878,1.63598788748,2.04474693397
2015-11-04,12.7757609878,1.58536284417,1.93109116937
2015-11-04,12.7757609878,1.5831422218,1.92929069183
2015-11-20,12.7757609878,1.53138054031,1.90868395223
2015-11-20,12.7757609878,1.53408121029,1.91498560268
2015-12-06,12.6321521615,1.43055383621,1.81922137981
2015-12-06,12.7662573803,1.43056796643,1.83016524294
2016-01-07,12.7757609878,1.46767057879,1.67155397176
2016-01-07,12.7757609878,1.47370393362,1.67279315732
2016-01-23,12.7757609878,1.31408403318,1.50408576738
2016-01-23,12.7757609878,1.31858522569,1.49508334886
2016-02-08,12.7750584356,0.967761527588,1.29188451838
2016-02-08,12.7757609878,0.970462218323,1.29168686246
2016-02-24,11.7215777795,0.0126034764404,0.137736841125
2016-02-24,11.7215777461,0.0117032301025,0.133235592773
2016-03-11,12.7757609878,0.394307901978,0.703089779846
2016-03-11,12.7757609878,0.392507387512,0.704890234375
2016-03-27,12.7757609878,0.248468158813,0.531143848206
2016-03-27,12.7757609878,0.247567916565,0.531143860474
2016-04-12,12.5825196852,0.0,0.312385000488
2016-04-12,12.7757609878,0.0,0.315985975342
2016-06-15,12.7757609878,1.16581072589,1.97582997397
2016-06-15,12.7757609878,1.15860885339,1.9722290369
2016-09-03,12.7757609878,1.49537124624,2.15067719035
2016-09-03,12.7757609878,1.49357072232,2.1488766898
2016-10-05,12.7757609878,1.13430560718,1.86263481963
2016-10-05,12.7757609878,1.13250512836,1.86443526738
2016-10-21,12.7757609878,1.18922000897,1.7906159085
2016-10-21,12.7757609878,1.19102045697,1.79511709697
2016-11-06,10.3259995795,0.0,0.0
2016-11-22,12.7757609878,1.45125856955,1.71385493626
2016-11-22,12.7757609878,1.44315634042,1.70639876444
2016-12-08,12.7757609878,1.46746204721,1.68268153963
2016-12-08,12.7757609878,1.47286349893,1.67908062215
2016-12-24,12.7757609878,1.30813446643,1.56227572189
2016-12-24,12.7757609878,1.30723417462,1.55147289035
2017-01-09,12.7757609878,1.24323272229,1.43005428971
2017-01-09,12.7757609878,1.24953440326,1.42825381376
2017-01-25,12.7757609878,1.10459626019,1.2583777092
2017-01-25,12.7757609878,1.10549648083,1.25747746018
2017-02-10,12.7757609878,0.859731696655,1.06831847605
2017-02-10,12.7757609878,0.852529760193,1.0674887825
2017-03-14,12.7757609878,0.27097430127,0.552749617859
2017-03-14,12.7757609878,0.27457529187,0.552481307779
2017-03-30,12.7757609878,0.170146753845,0.367299867126
2017-03-30,12.7757609878,0.168346256714,0.369100321228
2017-05-17,12.5284228696,0.0,0.112530896301
2017-06-02,12.7757609878,0.0,0.395244783086
2017-06-02,12.7757609878,0.0,0.397045269475
2017-06-18,11.9780693025,0.0,1.22612925842
2017-06-18,12.1293602869,0.0,1.2234285293
2017-07-20,12.7757609878,1.6694787084,2.36178219799
2017-07-20,12.7419043198,1.67938128598,2.3540894881
2017-09-06,12.5525326552,1.44470370333,2.30436271131
2017-09-06,12.7757609878,1.44200296664,2.30167606687
2017-10-08,12.7757609878,1.23963311823,1.75840602102
2017-10-08,12.7757609878,1.23963311096,1.75210434383
2017-10-24,12.7757609878,1.50077226437,1.80521757436
2017-10-24,12.7757609878,1.50618776709,1.80566586223
2017-11-09,12.7757609878,1.48546799106,1.76364755541
2017-11-09,12.7757609878,1.49357013907,1.76274733746
2017-11-25,12.7757609878,1.43775514798,1.73629048754
2017-11-25,12.7757609878,1.43775509292,1.73583861428
2017-12-11,12.7739604916,1.33514169,1.55631721735
2017-12-11,12.7757609878,1.32703965308,1.55361645166
2018-01-12,12.7757609878,1.23486190134,1.38670538694
2018-01-12,12.7757609878,1.23126099814,1.38580511405
2018-02-13,12.7757609878,0.853429680176,0.994767044617
2018-02-13,12.7757609878,0.852529415161,0.999268246033
2018-03-01,12.7757609878,0.452823065674,0.681483654175
2018-03-01,12.7757609878,0.448321837158,0.685084575012
2018-04-02,12.5678042078,0.0,0.0
2018-04-02,12.5813077356,0.0,0.0
2018-04-18,12.7757609878,0.0900247197876,0.23766492865
2018-04-18,12.7757609878,0.089124473999,0.237664922424
2018-05-04,10.9189590575,0.0,0.115231685791
2018-05-04,11.1768935939,0.0,0.116131930786
2018-05-20,12.7757609878,0.0,0.189951726135
2018-05-20,12.7757609878,0.0,0.189951721375
2018-06-05,12.7757609878,0.0,1.39566564134
2018-06-05,12.7757609878,0.0,1.39296489287
2018-07-07,12.0438143506,0.879685852217,1.71934663423
2018-07-07,12.6828561269,0.925597807417,1.88220470108
2018-07-23,12.7320807843,1.57997867068,2.54105100944
2018-07-23,12.7721600966,1.58725121905,2.55824685904
2018-08-08,12.2742489729,1.22353966349,2.56896242413
2018-08-08,10.7987758569,1.09885419867,2.21386127426
2018-09-09,11.1853476085,0.938122235685,2.16289071311
2018-10-11,12.7757609878,1.33415808038,1.70558476126
2018-10-11,12.7757609878,1.33775903333,1.70423260284
2018-10-27,12.7757609878,1.42245136252,1.73483991686
2018-10-27,12.7757609878,1.42425180288,1.73574017944
2018-11-12,12.7757609878,1.44602318203,1.70963291021
2018-11-12,12.7757609878,1.44920400729,1.71143350781
2018-11-28,12.7757609878,1.43930123287,1.7097737886
2018-11-28,12.7757609878,1.4438023049,1.71247455276
2018-12-14,12.7757609878,1.47332239987,1.6923015846
2018-12-14,12.7757609878,1.46840104935,1.6918496904
2019-01-15,12.7757609878,1.34202884668,1.48089112327
2019-01-15,12.7757609878,1.34701013282,1.47909064829
2019-01-31,12.7757609878,1.10189519287,1.28026559113
2019-01-31,12.7757609878,1.10549612286,1.27760724849
2019-02-16,12.7757609878,0.906543835449,1.08209013544
2019-02-16,12.7757609878,0.89934191095,1.0856910741
2019-03-04,12.7757609878,0.649075162415,0.824621921936
2019-03-04,12.7757609878,0.645474218018,0.821020957336
2019-03-20,12.0303582918,0.0,0.0
2019-03-20,12.4876822519,0.0,0.0
2019-05-07,12.7757609878,0.0,0.162944794495
2019-05-07,12.7757609878,0.0,0.163845029297
2019-05-23,12.7757609878,0.0,0.144939836975
2019-05-23,12.7757609878,0.0,0.144039586853
2019-06-24,12.7757609878,0.0,0.574844270032
2019-06-24,12.7757609878,0.0,0.578445283399
2019-07-26,12.6615983144,0.967760995422,2.34691750546
2019-07-26,12.2540932249,0.965960451782,2.28627931138
2019-08-11,11.5488733477,1.13568011778,1.93966560628
2019-09-12,11.7027708124,1.01370925977,1.68086620714
2019-09-12,11.5654374937,1.02181124946,1.65661608769
2019-09-28,12.7757609878,1.25763753882,1.86136818424
2019-09-28,12.7757609878,1.25583704852,1.85146558793