Date,Rarea,NDWI,MNDWI
2013-04-08,35.6046121136,0.556639554626,1.88214374951
2013-05-01,35.6046121136,2.02602348706,2.22385973108
2013-10-24,35.6046121136,2.14472507526,2.41295382282
2013-11-09,35.6046121136,2.19868045135,2.37788293384
2013-12-27,35.6046121136,2.18429237531,2.32842375428
2014-01-12,31.9410340088,0.416354427185,0.443582318488
2014-01-28,35.6046121136,2.23400188532,2.39227106507
2014-02-13,35.6046121136,2.18878874854,2.32122974366
2014-04-02,35.5983172683,2.05300097437,2.19868059741
2014-06-21,34.8318744923,2.05210184851,2.2895056795
2014-09-09,32.0587537403,1.50265519788,1.84642130921
2014-10-27,35.6046121136,0.674439246582,2.31828175336
2014-11-12,35.6046121136,2.19868059894,2.36324461987
2014-11-28,35.6046121136,2.15101989575,2.35874824854
2014-12-14,35.5767350881,2.18788924762,2.38482654529
2014-12-30,35.6046121136,2.20857231158,2.41360278528
2015-01-15,34.629809032,2.13393389246,2.16720628607
2015-02-16,35.6046121136,2.21486715979,2.38033036646
2015-04-05,33.0111550278,0.0,0.0
2015-04-21,35.6046121136,1.89293330176,2.17799783594
2015-05-07,35.6046121136,2.08447501221,2.22296054279
2015-09-12,35.6046121136,2.18698996271,2.48554343842
2015-10-30,35.5734618179,0.149275724487,2.35425196265
2015-11-15,35.6046121136,2.20227757281,2.38033069855
2015-12-01,35.6046121136,2.17529991998,2.37853218604
2015-12-17,35.6046121136,2.24544180756,2.41540167896
2016-01-02,35.6046121136,2.25083727911,2.42799124591
2016-01-18,31.7234154239,0.0269775258789,0.0602498674316
2016-02-03,30.8376446177,0.0,0.0
2016-02-19,35.6046121136,2.18878859485,2.37763253503
2016-03-06,32.0867180462,0.0,0.0
2016-04-07,35.6046121136,2.09706457214,2.27062107745
2016-04-23,35.6046121136,2.12044510022,2.29759868463
2016-05-25,35.2041667917,0.0,1.59348187006
2016-08-29,29.4312604217,1.80300653546,2.15846772572
2016-09-30,35.6046121136,2.22296030914,2.47295392035
2016-10-16,35.6046121136,2.27511707928,2.5033873044
2016-11-01,35.6046121136,2.13932950781,2.38842372894
2016-11-17,32.2413913398,0.0377684708252,0.11510416748
2016-12-03,35.6001157712,2.19148625012,2.35964741986
2016-12-19,35.6046121136,2.2292550802,2.38662524481
2017-01-04,31.3718062044,0.129492578247,0.135787340759
2017-01-20,33.0228489322,0.224815261353,0.352509789978
2017-02-05,35.2296230401,1.82638930084,1.99814740277
2017-02-21,30.6101316127,0.0,0.0
2017-03-09,32.5246505079,0.0,0.0161866727905
2017-03-25,35.0641520348,0.944215500488,1.66631798163
2017-04-10,34.0093194316,0.0,0.0
2017-04-26,34.8465383281,0.351607870972,1.81739449847
2017-05-28,35.6046121136,2.16540809271,2.32817365015
2017-10-03,35.6046121136,2.27601638837,2.56827531659
2017-11-04,35.5983173265,1.92620489661,2.39471837994
2017-11-20,33.569390077,2.16001216144,2.34076287714
2017-12-06,35.6046121136,2.25353497858,2.40191268616
2017-12-22,35.6046121136,2.18069548804,2.37943139716
2018-01-07,30.5696687358,0.0,0.000899256530762
2018-01-23,30.4051020309,0.0,0.0
2018-02-08,32.1784410465,0.083630312561,0.131290601013
2018-02-24,35.1204542107,0.883964011169,1.76523602832
2018-03-12,35.6046121136,2.18159458112,2.33356890491
2018-03-28,35.3833958269,1.51614582977,1.90102766516
2018-04-13,34.2909147917,1.71578172528,1.85426728735
2018-04-29,35.5065933814,1.89203407996,2.07907959674
2018-09-20,35.6046121136,2.27241947736,2.68427949878
2018-10-22,34.8345261578,2.09706496716,2.69388289751
2018-11-07,35.6046121136,2.34615836292,2.62043224982
2018-12-09,30.9248751237,0.0134887470093,0.021582026062
2018-12-25,30.9518541595,0.0143880066528,0.017985024231
2019-01-10,30.4194913531,0.0,0.0
2019-01-26,35.6046121136,2.30479262067,2.56917481757
2019-02-11,31.9104603404,0.0188842005005,0.0665443943481
2019-03-31,35.6046121136,2.06828848938,2.22116198364
2019-04-16,35.6046121136,0.340817609009,1.47028491302
2019-05-18,34.2226072602,1.27065143628,1.64384278516