Date,Rarea,NDWI,MNDWI
2013-04-10,37.6922177377,0.981784887512,0.985387766541
2013-05-19,40.3286254835,3.37139533643,3.4137291778
2013-06-04,40.3286254835,3.32185573322,3.4308428595
2013-06-20,40.3286254835,3.4875882218,3.58486598456
2013-10-26,40.3286254835,4.11899296155,4.2550016778
2013-11-11,40.3286254835,4.11088648108,4.20185919946
2013-11-27,40.3286254835,4.07035408105,4.12259583838
2013-12-13,40.3286254835,4.14680223409,4.07846055896
2013-12-29,40.3286254835,4.02336121998,4.0145094375
2014-01-14,40.3286254835,3.99289215656,3.95686335645
2014-01-30,32.8672369604,0.17834257843,0.199059138184
2014-02-15,34.8162187348,0.0531424837646,0.0603482435913
2014-03-19,35.0495052892,0.232385791443,0.237790109314
2014-04-04,35.6746050192,0.650319946533,0.663830744507
2014-06-07,40.3286254835,3.46687166309,3.58846886658
2014-09-27,39.3908591655,3.49119100305,3.76230772766
2014-10-29,35.2848531123,3.91723171613,4.05594259827
2014-11-14,40.3286254835,4.13880880231,4.21717143866
2014-11-30,40.3286254835,4.13430520105,4.19285199774
2014-12-16,40.3286254835,4.16709138193,4.18408145021
2015-01-01,40.3286254835,4.35838663518,4.12079439618
2015-01-17,40.3286254835,4.10687385924,4.08566631677
2015-02-02,40.3286254835,3.92083455841,3.92533815503
2015-02-18,40.3079089197,3.78842871106,3.80103878967
2015-03-06,40.3286254835,3.74429343658,3.72808047199
2015-03-22,40.3286254835,3.65241999176,3.6488171098
2015-04-23,35.0783283134,0.2107685224,0.218874999939
2015-05-09,35.3525704829,0.594475271362,0.604383190979
2015-05-25,39.7359517728,3.13270455304,3.17143551343
2015-06-10,40.3286254835,3.48938966168,3.59837678662
2015-09-30,40.3286254835,4.07305623901,4.31534991998
2015-10-16,40.3286254835,4.11809224023,4.30814415637
2015-11-17,40.3286254835,4.13340448261,4.22978151788
2015-12-03,40.3286254835,4.05324040247,4.1766390423
2015-12-19,40.3286254835,4.08544024969,4.13160303833
2016-01-04,40.3286254835,4.1478159682,4.0829641593
2016-01-20,40.3286254835,4.06855264429,4.06765192078
2016-02-05,40.3286254835,3.93974967865,3.9802820769
2016-02-21,40.3286254835,3.84427335748,3.86048631421
2016-03-24,40.3286254835,3.66593079254,3.68034231067
2016-05-11,40.3286254835,3.42994213989,3.4803824613
2016-06-28,40.3286254835,3.79743591583,3.93794823547
2016-07-30,36.0425364803,3.75059842755,4.18654691455
2016-10-02,35.8685358799,3.79383306104,4.04873683319
2016-10-18,40.3286254835,4.06945336108,4.26040599957
2016-11-03,40.3286254835,4.07575840021,4.20906496002
2016-11-19,40.3286254835,4.00370079999,4.09827639978
2016-12-21,40.3286254835,3.92984175623,3.9874878374
2017-01-06,40.3286254835,3.88570648108,3.88660719684
2017-01-22,40.3286254835,3.76951359686,3.77671935284
2017-02-07,40.3286254835,3.72808047662,3.70376103357
2017-02-23,40.3286254835,3.60468183282,3.60828471094
2017-03-11,40.3286254835,3.48848894269,3.49749614252
2017-03-27,40.3286254835,3.40382125824,3.3966154967
2017-04-12,40.3286254835,3.24079093042,3.24169164874
2017-05-30,40.3286254835,3.17954196368,3.27862117011
2017-08-02,40.1196584085,3.70466171021,4.09737564844
2017-09-03,40.3286254835,3.99739575665,4.40632264337
2017-10-21,40.3286254835,4.07575840088,4.24959735919
2017-11-06,40.3286254835,4.05324039886,4.19014983942
2017-11-22,40.3286254835,4.01991375983,4.1225958396
2017-12-08,40.3286254835,3.95055832037,4.06675120227
2018-01-09,40.3286254835,3.91272807599,3.88930935559
2018-01-25,40.3286254835,3.75330063361,3.77762007141
2018-02-10,40.3286254835,3.6542214317,3.66503007031
2018-03-14,40.3286254835,3.51731198553,3.524517745
2018-05-01,40.3286254835,3.34527445874,3.48308462103
2018-07-04,38.6995795703,3.8730963952,4.15231960193
2018-09-22,40.3169161231,4.02802023993,4.27391680133
2018-10-08,40.1773045701,4.00280008209,4.23068224304
2018-10-24,40.2454731087,4.01000584027,4.18744768115
2018-11-25,40.3286254835,4.06765192065,4.16222752026
2018-12-11,40.3286254835,4.03882887231,4.09287208063
2018-12-27,40.3286254835,4.03162312299,4.06044616339
2019-01-12,40.3286254835,3.92533815692,3.96406911755
2019-01-28,40.3286254835,3.80374095569,3.88480575446
2019-04-02,40.3286254835,3.50109902509,3.51460982361
2019-05-04,40.3286254835,3.41282845868,3.47137526105
2019-05-20,40.1295663493,3.47317670148,3.58486598615
2019-09-25,39.3810679666,3.17503832928,3.49839681317