Date,Rarea,NDWI,MNDWI
2013-05-27,8.596275953,0.784082294046,0.913970988773
2013-05-27,8.596275953,0.790385386453,0.913971012027
2013-06-12,8.596275953,0.872550767093,0.927477477786
2013-06-12,8.596275953,0.864220880899,0.928377936771
2013-06-28,8.596275953,0.841035606937,0.9247761496
2013-06-28,8.596275953,0.841936072513,0.92387574158
2013-07-14,8.596275953,0.826628692752,0.912170068851
2013-07-14,8.596275953,0.834732625308,0.914871392032
2013-07-30,8.596275953,0.796914349979,0.891460076602
2013-07-30,8.596275953,0.795113503482,0.892360536197
2013-08-15,8.596275953,0.801190554361,0.893260961124
2013-08-15,8.596275953,0.795787955789,0.896862720767
2013-08-31,8.596275953,0.779777835144,0.867822763589
2013-08-31,8.596275953,0.785180476135,0.866922340554
2013-09-16,8.596275953,0.787881787598,0.891234114358
2013-09-16,8.596275953,0.795085287903,0.888532819741
2013-10-02,8.596275953,0.778877430603,0.822098300232
2013-10-02,8.596275953,0.782479187439,0.822998737732
2013-10-18,8.596275953,0.779777859375,0.814894806702
2013-10-18,8.596275953,0.78067830603,0.813994384888
2013-11-03,8.596275953,0.766271330872,0.786080871643
2013-11-03,8.596275953,0.76627133783,0.78428001062
2013-11-19,8.596275953,0.757266955627,0.788782186523
2013-12-21,7.16685825572,0.390789082458,0.806146562741
2014-01-06,8.596275953,0.77347482135,0.846410084106
2014-01-06,8.596275953,0.77167396344,0.845509670898
2014-01-22,8.28171879666,0.714046021729,0.879341097487
2014-01-22,8.15959452607,0.716747339661,0.868920768799
2014-02-07,7.86602017273,0.0,0.451118331726
2014-02-07,8.13426628985,0.0,0.52225282373
2014-04-28,8.38863617298,0.829301857788,0.916446336099
2014-04-28,7.72766375484,0.829301870239,0.912844589517
2014-05-14,8.596275953,0.830202270081,0.910369244449
2014-05-14,8.596275953,0.837405773621,0.909468835941
2014-05-30,8.596275953,0.830004519693,0.90406620679
2014-05-30,8.596275953,0.830202276672,0.899564049442
2014-06-15,8.596275953,0.81309396936,0.902265316348
2014-06-15,8.596275953,0.814894852051,0.905867085269
2014-07-01,8.596275953,0.809520466129,0.906767487613
2014-07-01,8.596275953,0.808394061074,0.908568382694
2014-07-17,8.596275953,0.789484876748,0.886957931339
2014-07-17,8.596275953,0.784982708291,0.892360557742
2014-08-18,8.596275953,0.771702157474,0.911269653445
2014-08-18,8.596275953,0.779806083926,0.91036922681
2014-09-03,8.596275953,0.74086137803,0.864221043069
2014-09-03,8.596275953,0.739060528787,0.863320611123
2014-09-19,8.596275953,0.73655698468,0.863518335205
2014-09-19,8.596275953,0.737457438843,0.862617908691
2014-10-05,8.596275953,0.775431078058,0.852713125427
2014-10-05,8.596275953,0.779777900696,0.851812705383
2014-10-21,8.596275953,0.750063515747,0.811293073425
2014-10-21,8.596275953,0.746461781555,0.808591772705
2015-01-25,8.08772393794,0.457421373108,0.80709790686
2015-01-25,8.35190987626,0.452018760132,0.826600360901
2015-02-10,8.596275953,0.560071395569,0.873423201965
2015-02-10,8.596275953,0.560971840759,0.873423208374
2015-03-14,8.596275953,0.74105911969,0.883327979065
2015-03-14,8.596275953,0.742860026978,0.88152713269
2015-04-15,8.596275953,0.743760426331,0.880428890298
2015-04-15,8.596275953,0.742860008911,0.885128839294
2015-05-17,8.596275953,0.826600350769,0.904066158939
2015-05-17,8.596275953,0.830202109314,0.910369230106
2015-06-02,8.596275953,0.754367858194,0.86354658002
2015-06-02,8.596275953,0.752567000161,0.86714835181
2015-06-18,8.596275953,0.795113290164,0.876152655887
2015-06-18,8.596275953,0.796914153079,0.873451364688
2015-07-04,8.596275953,0.775303850345,0.881555283023
2015-07-04,8.596275953,0.775303860904,0.881555287845
2015-07-20,8.596275953,0.810420862552,0.891460009952
2015-07-20,8.596275953,0.808619997257,0.893260877078
2015-08-05,8.596275953,0.771702150516,0.8419360965
2015-08-05,8.596275953,0.775303901431,0.842836540225
2015-08-21,8.596275953,0.773503031497,0.861745669986
2015-08-21,8.596275953,0.767200000064,0.85994480994
2015-09-06,8.596275953,0.717450073404,0.813796618631
2015-09-06,8.596275953,0.714046089844,0.813796639505
2015-09-22,8.58186896246,0.714946479919,0.803891800393
2015-09-22,8.57646634722,0.708643443665,0.793987028421
2015-10-08,8.596275953,0.716747393372,0.774375227295
2015-10-08,8.596275953,0.716747399475,0.774375243164
2015-10-24,8.596275953,0.703240843567,0.747362159302
2015-10-24,8.596275953,0.702340418762,0.744660866577
2015-11-09,8.596275953,0.674426887512,0.717647755493
2015-11-09,8.596275953,0.676227770874,0.715846898132
2015-11-25,8.596275953,0.681630378174,0.701439946533
2015-11-25,8.596275953,0.682530813965,0.705041690369
2016-01-28,8.596275953,0.733855676331,0.794184843079
2016-01-28,8.596275953,0.73205481366,0.792383983521
2016-02-13,8.596275953,0.75096399176,0.873423229736
2016-02-13,8.596275953,0.758167491455,0.868921057678
2016-04-17,8.596275953,0.766271391052,0.879528504556
2016-04-17,8.596275953,0.768072281799,0.876827227456
2016-05-03,8.596275953,0.758167463623,0.874351846622
2016-05-03,8.596275953,0.752764862793,0.872550991702
2016-05-19,8.596275953,0.753665284058,0.859044440372
2016-05-19,8.596275953,0.75366529834,0.859044449405
2016-06-04,8.596275953,0.7633723303,0.861745760684
2016-06-04,8.596275953,0.766073656533,0.860845331668
2016-06-20,8.596275953,0.770575798623,0.866247898563
2016-06-20,8.596275953,0.768774948098,0.866247927127
2016-07-06,8.596275953,0.766974052591,0.856343116397
2016-07-06,8.596275953,0.764272743631,0.855442690128
2016-07-22,8.596275953,0.775077973306,0.84283658057
2016-07-22,8.596275953,0.77057580491,0.845537897708
2016-08-07,8.596275953,0.779806119937,0.849139638858
2016-08-07,8.596275953,0.776204382999,0.850940517703
2016-08-23,8.596275953,0.762697856448,0.848239212344
2016-08-23,8.596275953,0.76269786359,0.85274140668
2016-09-08,8.596275953,0.73295523053,0.85161495353
2016-09-08,8.596275953,0.733855672607,0.848913652017
2016-09-24,8.596275953,0.734756107178,0.856117126687
2016-09-24,8.596275953,0.733855686218,0.848913652139
2016-10-10,7.48279102968,0.374581633118,0.682530815674
2016-10-10,7.86804435295,0.280035854004,0.467326673462
2016-11-11,8.596275953,0.728453076782,0.787881781067
2016-11-11,8.596275953,0.72935352301,0.791483538879
2016-11-27,8.596275953,0.728453082703,0.791483535522
2016-11-27,8.596275953,0.729353528381,0.79148354541
2016-12-13,6.97207610984,0.0,0.144069584534
2017-01-30,8.596275953,0.801388422302,0.90673937146
2017-01-30,8.596275953,0.799587562988,0.90493850293
2017-03-19,8.18782978465,0.826600626099,1.07311485345
2017-03-19,8.03071004146,0.827501065247,1.03533215543
2017-04-04,8.596275953,0.783379664795,0.889433318277
2017-04-04,8.596275953,0.781578809875,0.884030730752
2017-05-22,8.596275953,0.781578756653,0.863546611026
2017-05-22,8.596275953,0.779777907532,0.864447070682
2017-06-07,8.596275953,0.822800955728,0.885156993167
2017-06-07,8.596275953,0.825700020447,0.88785831055
2017-06-23,8.596275953,0.817493628173,0.858143979556
2017-06-23,8.596275953,0.81929450238,0.86264617023
2017-07-09,8.596275953,0.824852498643,0.981570420384
2017-07-09,8.59357464697,0.823404763084,0.981754048656
2017-07-25,8.596275953,0.823027080692,0.85094049567
2017-07-25,8.596275953,0.821226232364,0.855442672244
2017-08-10,8.596275953,0.800516135318,0.850940507205
2017-08-10,8.596275953,0.801416585758,0.854542263736
2017-08-26,8.596275953,0.792412217532,0.854542250674
2017-08-26,8.596275953,0.796914398502,0.851840966678
2017-09-11,8.59357464709,0.789484897744,0.879754413577
2017-09-11,8.5944750849,0.792186219522,0.88065485596
2017-10-13,8.596275953,0.702340431091,0.793284396179
2017-10-13,8.596275953,0.698738690369,0.789682667236
2018-01-01,8.51601383624,0.705041745361,0.880005152635
2018-01-01,8.22467159505,0.705041745605,0.886929670105
2018-03-06,8.596275953,0.746461827515,0.857215389343
2018-03-06,8.596275953,0.750063582886,0.858115841858
2018-04-23,8.596275953,0.813994488159,0.906767593021
2018-04-23,8.596275953,0.81399451062,0.909468926456
2018-05-09,8.596275953,0.773474868835,0.87885404816
2018-05-09,8.596275953,0.773474891479,0.878854058963
2018-06-10,8.596275953,0.770575784524,0.851840941776
2018-06-10,8.596275953,0.775978430093,0.856343138126
2018-06-26,8.596275953,0.7867836027,0.859944832889
2018-06-26,8.596275953,0.784982743203,0.861745719852
2018-07-12,8.596275953,0.78501098279,0.840135272464
2018-07-12,8.596275953,0.782309696108,0.848239209781
2018-07-28,8.596275953,0.788584472451,0.850940492191
2018-07-28,8.596275953,0.789484922891,0.852741368045
2018-08-13,8.596275953,0.77687880607,0.859044409488
2018-08-13,8.596275953,0.776878822305,0.862646157413
2018-08-29,8.596275953,0.789484947183,0.856117134744
2018-08-29,8.596275953,0.790385397439,0.859944871219
2018-09-14,8.596275953,0.786080940186,0.868723215799
2018-09-14,8.58997290875,0.783379636353,0.865121482888
2018-09-30,8.44050036566,0.63570809552,0.760970948085
2018-09-30,8.36126117614,0.689734309143,0.794287120632
2018-10-16,8.596275953,0.711344805725,0.810392689026
2018-10-16,8.596275953,0.712245258545,0.811293135071
2018-11-01,8.16949825052,0.701440058105,0.842871834135
2018-11-01,8.02201047737,0.687033092468,0.815311463498
2018-11-17,8.596275953,0.716747420288,0.797786581299
2018-11-17,8.596275953,0.718548304077,0.798687035156
2018-12-03,8.596275953,0.715846992554,0.773474825256
2018-12-03,8.596275953,0.714046122925,0.776176147705
2019-02-05,8.596275953,0.687933472412,0.808591787598
2019-02-05,8.596275953,0.691535225159,0.806790934448
2019-02-21,8.596275953,0.714046099426,0.785180479126
2019-02-21,8.596275953,0.712245242126,0.776176130676
2019-03-25,8.596275953,0.681630410461,0.792383966248
2019-03-25,8.596275953,0.682530860596,0.78968268573
2019-04-10,8.596275953,0.66092038678,0.787684044168
2019-04-10,8.596275953,0.666323015442,0.786080942993
2019-04-26,8.596275953,0.692237849527,0.763598247745
2019-04-26,8.596275953,0.689536559732,0.767200006168
2019-05-12,8.596275953,0.719250866067,0.778005178104
2019-05-12,8.596275953,0.717450009622,0.775303869266
2019-05-28,8.596275953,0.715310183642,0.750091682681
2019-05-28,8.596275953,0.71314562262,0.751892561343
2019-06-13,8.596275953,0.716775579166,0.748290794315
2019-06-13,8.596275953,0.715875146915,0.743788621951
2019-06-29,8.596275953,0.719476861209,0.747390323367
2019-06-29,8.596275953,0.719476871097,0.741087291202
2019-07-15,8.596275953,0.717675947635,0.729381609195
2019-07-15,8.596275953,0.715875085635,0.732082935306
2019-07-31,8.596275953,0.697866390689,0.718576401309
2019-07-31,8.596275953,0.703269016666,0.716775530765
2019-08-16,8.596275953,0.66162299833,0.676255957095
2019-08-16,8.596275953,0.660722576394,0.676255965945
2019-09-01,8.596275953,0.64361429374,0.657120828042
2019-09-01,8.596275953,0.640012568765,0.662523461343
2019-09-17,8.57106371917,0.594316290103,0.613225433597
2019-09-17,8.32164274505,0.344895333987,0.365605347171