Date,Rarea,NDWI,MNDWI
2013-04-10,139.248067882,8.16855915343,9.16503988042
2013-04-17,139.25306898,8.20106734777,9.26213667863
2013-05-03,139.250568428,8.23857940514,9.33708042785
2013-05-19,137.232471515,8.2010687257,10.1934603875
2013-06-04,139.248067884,8.41030972026,10.2444424838
2013-06-20,129.370357455,8.12257135976,10.7295979491
2013-07-06,139.1080313,8.45024792572,10.9702758776
2013-07-22,138.952989183,8.20338676254,9.75181820909
2013-08-07,139.25306898,8.19753569075,10.3359435062
2013-08-23,139.25306898,8.11501281136,8.90692043993
2013-09-08,139.25306898,8.05499505208,8.65379703709
2013-09-24,139.25306898,7.98997598836,8.59515225838
2013-10-10,139.25306898,7.88244695931,8.39622436814
2013-10-26,139.150544576,7.6748919095,8.35508853084
2013-11-27,138.917981715,7.64988895418,8.28619786326
2014-04-04,139.25306898,7.39229455892,8.60877993943
2014-06-07,139.25306898,8.26165340494,10.369814876
2014-07-09,139.25306898,8.41470688746,10.4918093052
2014-07-25,139.25306898,8.39970052516,9.7446423432
2014-08-10,139.25306898,8.21058795834,8.96525913647
2014-08-26,139.25306898,8.23512156994,8.96033505651
2014-09-11,139.248067563,8.11250754549,9.1939497302
2014-09-27,139.25306898,7.94996142415,8.61265554964
2014-10-13,139.25306898,7.89244621517,8.63516275155
2014-10-29,138.895483841,7.54485932113,8.19254693245
2014-11-30,139.24806759,7.70489730452,8.43010512923
2015-03-06,119.977052781,3.50593076172,5.57902164624
2015-05-25,139.25306898,8.16752630135,9.35203568158
2015-06-10,136.47369209,8.35714494446,10.7196283528
2015-06-26,139.25306898,8.20753751912,12.9354717412
2015-07-12,139.25306898,8.36918342398,9.89081998446
2015-07-28,139.25306898,8.30264336218,10.2307926725
2015-08-13,139.25306898,8.31006484188,9.02553952801
2015-08-29,139.25306898,8.22253794197,8.93094235385
2015-09-14,139.25306898,8.08500011995,8.56014157698
2015-12-03,118.717364758,2.53598552181,2.88221423728
2016-01-04,139.250568414,7.8799457347,8.45623784373
2016-01-20,137.118918007,7.45733247445,8.22003358338
2016-02-21,136.574944869,7.94246243734,8.52375617137
2016-05-11,136.559791877,8.08750097078,9.42671195104
2016-06-12,139.25306898,8.29463094202,10.0571130412
2016-06-28,139.25306898,8.30713495936,10.5664735339
2016-07-30,139.25306898,8.18503046468,10.1871438557
2016-08-15,139.25306898,8.20753305086,9.28565480632
2016-08-31,139.25306898,8.12250838338,8.602651566
2016-09-16,139.25306898,8.02498111556,8.61015264046
2016-10-18,139.25306898,7.76991061092,8.25005173079
2016-11-03,131.873251537,0.515133050049,0.76520494043
2017-06-15,139.250568413,7.98057698673,10.13851399
2017-07-01,139.25306898,8.04551818102,10.0924866265
2017-07-17,139.25306898,8.05052003991,9.7356689133
2017-08-18,139.25056842,7.74594878038,10.8517022562
2017-09-03,139.25306898,7.18974390023,8.45010420955
2017-09-19,139.25306898,6.97467824617,8.59618252623
2017-10-05,139.25306898,6.54998617174,7.89744400399
2017-10-21,129.111158827,0.309346700141,0.98911674967
2017-11-06,137.710140125,4.92703636632,6.14945534749
2018-01-09,139.25306898,6.60003418639,7.58988654647
2018-03-30,117.358199666,2.22556332715,4.14377732191
2018-06-02,139.25306898,7.00712221948,9.22726993753
2018-06-18,139.25306898,7.42840337068,10.3325616238
2018-07-04,139.25306898,7.74495701382,10.9456452945
2018-08-05,139.25306898,7.68099566933,9.2455631019
2018-08-21,139.248067875,7.59839161608,8.47059260431
2018-09-06,138.612871329,7.4508499923,8.1335468319
2018-09-22,137.872708956,7.17077057433,7.9709999088
2018-10-08,139.25306898,7.08513981627,7.72990010872
2018-10-24,139.25306898,6.94009934533,7.70739223592
2018-11-09,131.930010702,5.29717513146,6.09697415584
2019-03-17,113.511824665,6.52248532409,7.97985015823
2019-04-02,139.25306898,6.90466007186,7.80491971297
2019-05-20,139.25306898,7.19017274767,8.55848827183
2019-06-05,139.25306898,7.30442239975,8.74939718366
2019-06-21,139.25306898,7.38541527,9.08913083371
2019-07-07,139.25306898,7.40542173997,8.92658479953
2019-07-23,139.25306898,7.31382740656,8.29468996657
2019-08-08,139.25306898,7.3017144315,8.37112199456
2019-08-24,130.267056466,6.60185979414,7.25705598847
2019-09-09,139.25306898,7.12209161512,7.5092780814
2019-09-25,128.307646255,4.81896231312,5.66864700538