Date,Rarea,NDWI,MNDWI
2013-04-19,12.4917797618,0.894914451355,1.06024097412
2013-05-05,12.4917797618,0.884132255432,1.04945887579
2013-05-21,12.3187306793,0.714314067322,0.785311370712
2013-06-06,12.4917797618,0.875147158936,1.02250355182
2013-06-22,12.4917797618,0.865263618774,0.998243689453
2013-07-08,12.4917797618,0.855380009766,1.0018378078
2013-07-24,12.4917797618,0.858075522827,0.974882328125
2013-08-09,12.4917797618,0.873350194336,1.03867672058
2013-08-25,12.4917797618,0.824830618652,0.94702847699
2013-09-10,12.4917797618,0.821684088542,0.940738891541
2013-09-26,12.4917797618,0.797875269348,0.927261299683
2013-10-12,12.4917797618,0.778108009888,0.882335707397
2013-10-28,12.4899827475,0.747558638245,0.876045953735
2013-11-13,12.4917797618,0.730486993713,0.848192310608
2014-01-16,12.4917797618,0.93175334375,1.08989176617
2014-04-22,12.4917797618,0.896711525085,1.09258738641
2014-05-08,11.1938890875,0.0512150046387,0.0404329117432
2014-05-24,12.4917797618,0.887726326538,1.03598114319
2014-06-09,12.4917797618,0.89760999231,1.0323870199
2014-06-25,12.4917797618,0.9065951073,1.02699605328
2014-07-11,12.4917797618,0.90030553186,1.02160496155
2014-07-27,12.4917797618,0.929058026062,1.02250345093
2014-08-12,12.4917797618,0.908392126526,1.01801092432
2014-08-28,12.4917797618,0.920971362549,1.00183766504
2014-09-13,12.4908812601,0.92366686969,1.05395144208
2014-09-29,12.4818961969,0.931160228757,1.02340202161
2014-10-15,12.4917797618,0.882335346985,0.963201606812
2014-10-31,12.4917797618,0.843699290527,0.937144802979
2014-12-02,12.4917797618,0.787093191711,0.89940734021
2015-02-04,12.4917797618,0.938042805603,1.22731776812
2015-02-20,12.4917797618,0.893117354858,1.08270364795
2015-03-08,12.4917797618,0.809555927185,1.04047355432
2015-03-24,12.4881856823,0.87874125061,1.02519876868
2015-04-25,11.8349297582,0.895812798645,1.05232283086
2015-05-11,12.4917797618,0.907493565308,1.05574829529
2015-05-27,12.4917797618,0.900305562927,1.01711233282
2015-06-12,12.4917797618,0.910189086731,1.0314884447
2015-06-28,12.4917797618,0.911986178894,1.04316925128
2015-07-14,12.4917797618,0.903899558411,1.00273612207
2015-07-30,12.4917797618,0.894015950867,0.99375101001
2015-08-15,12.4917797618,0.890421947266,0.976679286865
2015-08-31,12.4917797618,0.881436741028,1.01261979706
2015-09-16,12.4917797618,0.849988826477,0.922768562805
2015-10-02,12.4495499151,0.79517990332,0.952419659973
2015-10-18,12.1719062271,0.79517955188,0.916478875488
2015-12-21,10.7233762014,0.770919780884,0.845496284973
2016-01-06,12.4917797618,0.7367765047,0.847293690369
2016-02-07,12.4917797618,0.705328634644,0.878741617249
2016-03-26,12.4917797618,0.578638510254,0.810454618286
2016-05-13,12.4917797618,0.746660248657,0.824831023682
2016-05-29,12.341729425,0.711618187927,0.799672500488
2016-06-14,12.4917797618,0.742167779236,0.797875791565
2016-06-30,12.4917797618,0.710719822632,0.763732277893
2016-07-16,10.8372324541,0.459135507141,0.645125384949
2016-08-01,12.4917797618,0.682866087708,0.739472536743
2016-08-17,12.4917797618,0.654113803162,0.685561783997
2016-09-02,12.4917797618,0.633447999695,0.661301980042
2016-10-04,12.4917797618,0.567856759766,0.594812215393
2016-10-20,12.4917797618,0.616712323956,0.587624338379
2016-11-05,12.4917797618,0.548089533264,0.575943497864
2016-11-21,12.4917797618,0.505859544373,0.604696063904
2016-12-23,10.4888529333,0.253378912659,0.498319068755
2017-02-09,12.4800992094,0.936246447754,1.28151398224
2017-03-13,12.4917797618,0.863481110214,1.18088103686
2017-03-29,12.4917797618,0.833830210373,1.13505705621
2017-04-14,12.4917797618,0.807759213623,1.09799256584
2017-05-16,12.4917797618,0.876060254501,1.1404479508
2017-06-01,12.4917797618,0.871567662338,1.101586588
2017-06-17,12.4917797618,0.875161713303,1.11147022008
2017-07-19,12.4917797618,0.885045376144,1.14741065068
2017-08-04,12.4917797618,0.884146852951,1.10540604516
2017-09-05,12.4917797618,0.850887706482,1.02341590593
2017-09-21,12.4917797618,0.82768156622,1.08451474242
2017-10-23,12.4917797618,0.799672434448,0.995562153122
2017-11-08,12.3202859655,0.608291158569,0.834730444565
2017-12-10,12.4917797618,0.646925525757,0.939840273865
2018-03-16,12.4917797618,0.988359660889,1.25792721953
2018-04-01,11.1097279197,0.98386703125,1.30217971081
2018-05-03,11.4564045665,0.931753903931,1.21484179132
2018-05-19,12.4917797618,0.960505823914,1.16268507713
2018-06-04,12.4917797618,0.972186503113,1.17077172227
2018-06-20,12.4917797618,0.963201370728,1.12404907817
2018-08-07,12.4917797618,0.959607320007,1.1312372252
2018-08-23,12.4917797618,0.962302846741,1.09439823802
2018-09-08,12.4917797618,0.994251385527,1.12956365074
2018-09-24,12.4917797618,0.970806005095,1.05395129865
2018-10-10,12.4917797618,0.920072746094,1.0323868222
2018-10-26,12.4917797618,0.853582900574,0.967694029236
2018-11-11,12.4917797618,0.884132386353,0.985664368042
2018-12-13,12.4917797618,0.863466589111,0.968592637817
2019-03-03,12.4917797618,0.856278513916,0.994649437561
2019-04-04,12.4917797618,0.845496480286,0.94343432074
2019-04-20,12.4917797618,0.840105387756,0.945231467712
2019-05-06,12.4917797618,0.843699513,0.924565765015
2019-05-22,12.4917797618,0.844598035034,0.917377752014
2019-06-07,12.4917797618,0.84729361322,0.903900124878
2019-06-23,12.4917797618,0.831120423767,0.862568562622
2019-07-09,12.4917797618,0.826627818909,0.848192375549
2019-07-25,12.4917797618,0.798773903076,0.818541333618
2019-08-26,12.4917797618,0.775412699585,0.798774166626
2019-09-11,12.4917797618,0.776828563601,0.760138092896
2019-09-27,12.4917797618,0.711618361084,0.72509617395