Date,Rarea,NDWI,MNDWI
2013-04-19,54.8806487395,3.90233735376,4.02467666406
2013-05-05,54.8806487395,3.90483396289,4.03216663916
2013-05-21,54.7152457972,3.85739644824,3.9597613291
2013-06-22,54.8806487395,3.85489911841,3.86488628784
2013-07-08,52.0151519599,3.06343932886,3.39487363769
2013-07-24,54.8806487395,3.79248198511,3.75003819482
2013-08-09,54.8781520481,3.79497871094,3.85739625659
2013-08-25,54.8806487395,3.672640854,3.65266796045
2013-09-10,54.8806487395,3.63768704883,3.6301976438
2013-09-26,54.8806487395,3.5428121311,3.53532239404
2013-10-12,48.8992115832,3.1046695064,3.10666740586
2013-11-13,54.8806487395,3.2781618938,3.2432080835
2014-01-16,54.2564758476,4.1295379126,4.40667484839
2014-03-05,54.283301081,4.45910677393,5.17316666089
2014-04-22,54.8806487395,4.86606858618,5.14320310278
2014-05-24,54.8806487395,4.93347855737,5.12073194409
2014-06-09,54.8806487395,4.95594911597,5.14320196509
2014-06-25,54.8806487395,4.95594845264,5.07079696631
2014-07-11,52.5067615962,4.93348057959,5.10575337866
2014-07-27,54.8806487395,4.90601405176,4.99339946362
2014-08-28,54.8806487395,4.76370244263,4.77368986768
2014-09-13,54.8806487395,4.69379480811,4.73124587817
2014-09-29,54.785774227,4.55647634375,4.63886742773
2014-10-15,54.8806487395,4.52401890967,4.57395348364
2014-10-31,54.8806487395,4.40667358911,4.45660755933
2014-12-02,54.8806487395,4.22940735547,4.26186454688
2015-01-19,52.743644688,4.38420633618,4.85530116997
2015-02-04,51.2096713847,3.78500094702,4.19446196631
2015-02-20,54.8806487395,4.71626602905,5.05831619189
2015-03-08,54.8806487395,4.6912988103,5.04083861206
2015-03-24,54.8806487395,4.67132502075,4.93098327539
2015-05-11,54.8806487395,4.91849920923,5.20062809619
2015-05-27,54.8806487395,4.92099514844,5.16567245923
2015-06-12,54.8806487395,4.91100745166,5.20312275293
2015-06-28,54.8806487395,4.91350425928,5.20811533838
2015-07-14,54.8806487395,4.90351696777,5.06830042505
2015-07-30,54.8806487395,4.85857668018,5.00338632788
2015-08-15,54.8806487395,4.84359678149,4.92349220288
2015-08-31,54.8806487395,4.73970479637,4.82612049927
2015-09-16,54.8806487395,4.70378142334,4.71127209863
2015-10-02,54.8806487395,4.60391389697,4.72874890112
2016-01-06,54.8806487395,4.12953933496,4.05713478638
2016-01-22,54.8806487395,4.0072003645,3.97973687744
2016-02-07,53.8946870907,3.95227289551,4.15700123047
2016-03-26,53.5424231174,3.29564679224,3.58027153247
2016-05-13,54.8806487395,4.41166633008,4.5290109895
2016-06-14,54.8806487395,4.30930002466,4.49904890747
2016-06-30,54.8806487395,4.26435939893,4.4091681001
2016-07-16,54.8806487395,4.18945843115,4.32677726636
2016-08-01,54.8806487395,4.18696173169,4.33426716943
2016-08-17,54.785776934,3.99471582178,4.09329180761
2016-09-02,54.8806487395,3.91731857422,3.9697500022
2016-10-04,54.8806487395,3.85739779053,3.79997390356
2016-10-20,54.8806487395,3.79498035767,3.82743740527
2016-11-05,54.8756553566,3.65516464941,3.62770109424
2016-12-07,52.1871503886,3.06345111646,3.11837794971
2016-12-23,53.7870942683,2.76883668188,2.88618269751
2017-01-24,52.8268436344,4.94611009775,5.46483940881
2017-03-29,54.8806487395,4.9743584245,5.22559577222
2017-04-14,54.8806487395,4.96344117554,5.14819717456
2017-05-16,54.8806487395,5.03085145776,5.23058798706
2017-06-01,54.8806487395,5.02336094409,5.20312346655
2017-07-19,54.8806487395,5.03834067114,5.17316286304
2017-08-04,54.8806487395,5.00089018652,5.11324190747
2017-09-05,54.8806487395,4.88604192261,4.89602911548
2017-09-21,54.8806487395,4.75122017749,4.89852566333
2017-10-23,54.8806487395,4.65634497363,4.77119331787
2017-11-08,50.457569776,4.39668308765,4.56653931995
2017-12-10,54.8806487395,4.15950127783,4.58394008618
2018-01-27,53.7836446337,4.25437806885,4.48657105371
2018-03-16,54.8806487395,4.9160028479,5.17566114551
2018-05-03,54.8806487395,4.93347952417,5.19563328711
2018-06-04,54.7508190783,4.80864265649,5.17566079175
2018-06-20,54.8806487395,4.89852362402,5.16816852759
2018-08-07,54.8806487395,4.89852354663,5.09826119727
2018-08-23,54.8806487395,4.81613324854,5.00088994312
2018-09-24,54.8806487395,4.65384782568,4.78118061084
2018-10-10,54.8806487395,4.62388713989,4.6538482251
2018-10-26,54.8806487395,4.55148240771,4.61390074707
2018-11-11,54.8806487395,4.4990514397,4.56895988086
2018-12-13,54.8806487395,4.32677844702,4.36173244458
2019-01-14,54.8806487395,4.01469059717,4.07960477368
2019-03-03,54.8806487395,3.95227243262,4.00470365503
2019-04-04,54.8806487395,3.9023385603,3.89734461182
2019-04-20,51.4298553554,2.94952954388,3.00445766986
2019-05-06,54.8806487395,3.85240373779,3.83242959302
2019-05-22,54.8806487395,3.83492612671,3.84740838599
2019-06-07,54.8806487395,3.74754134204,3.76501694165
2019-06-23,54.8806487395,3.63518892993,3.58775161304
2019-07-09,54.8806487395,3.58525488599,3.53532086157
2019-07-25,54.8806487395,3.56278488867,3.47540017529
2019-08-10,47.5573659152,3.22822818677,3.354571545
2019-08-26,54.8806487395,3.45043389648,3.37802948242
2019-09-11,54.8806487395,3.37802964502,3.27566492798
2019-09-27,54.8806487395,3.21574372559,3.11088235474