Date,Rarea,NDWI,MNDWI
2013-04-01,39.7706150084,5.4729148924,5.45851230774
2013-04-11,39.7706150084,5.36039620361,5.36039610968
2013-04-27,39.769714837,5.28208355493,5.27488243555
2013-05-13,39.7688146887,5.22447457361,5.18306756091
2013-05-29,39.7706150084,5.17226691858,5.12365870898
2013-06-14,39.7706150084,5.0921545296,5.04348632216
2013-06-30,39.7706150084,5.0210436521,4.97113960514
2013-06-30,39.7679145342,5.01204202527,4.96933934049
2013-08-01,39.7706150084,4.78790556232,4.80216725126
2013-08-01,39.7661142511,4.78520510791,4.79766649608
2013-08-17,39.7697148368,4.58717179938,4.6690861756
2013-08-17,39.7688146656,4.58357123071,4.66458543048
2013-09-02,39.7697148372,4.66548658508,4.58087209009
2013-09-02,39.7706150084,4.66908724231,4.58717319794
2013-09-18,39.7706150084,4.58267304016,4.5826730437
2013-09-18,39.7706150084,4.58627366833,4.58537342847
2013-10-04,39.7706150084,4.55746987079,4.46295342572
2013-10-04,39.7706150084,4.55476923029,4.46925441534
2013-10-20,39.7706150084,4.38554085535,4.33063126245
2013-10-20,39.7706150084,4.38824135675,4.33513194055
2013-11-21,39.7706150084,4.19020936279,4.14340104431
2014-01-08,39.7697148567,4.07318971338,4.11549627045
2014-01-08,39.7697148567,4.07498998523,4.11639653522
2014-03-13,39.7706150084,4.69699038586,4.87071886548
2014-03-13,39.7706150084,4.69609026276,4.86351763995
2014-03-29,39.7706150084,5.25147936383,5.36961051938
2014-03-29,39.7706150084,5.25507998029,5.36782438037
2014-04-14,34.3805544054,4.64297258929,6.18896775513
2014-05-16,39.7706150084,5.11555644531,5.27128253882
2014-05-16,39.7688146654,5.1218574986,5.27398289691
2014-06-01,39.7697148368,4.99763649268,5.18292733818
2014-06-01,39.7688146658,5.00213716156,5.18112687419
2014-06-17,39.7679144938,4.99493831537,5.10424838144
2014-06-17,39.7679144938,4.99673863647,5.1141498865
2014-07-03,39.7706150084,5.03184532513,5.06655595841
2014-07-03,39.7706150084,5.027344375,5.06205508609
2014-07-19,39.7697148368,4.90942536755,4.92832835107
2014-07-19,39.7706150084,4.90852518054,4.92472765521
2014-08-04,39.7706150084,4.71769164587,4.85631686505
2014-08-04,39.7679144944,4.71859179486,4.8599174798
2014-09-05,39.7706150084,4.73839843945,4.72669627985
2014-09-05,39.7697148774,4.73119726056,4.73569766809
2014-09-21,39.7706150084,4.65288439563,4.68618981049
2014-09-21,39.7706150084,4.65288438055,4.68708999921
2014-10-07,39.7706150084,4.59077444495,4.59527511261
2014-10-07,39.7706150084,4.58987431952,4.5952750882
2014-10-23,39.7706150084,4.4881580249,4.45035132153
2014-10-23,39.7706150084,4.49445904694,4.46025301715
2014-11-24,39.7706150084,2.4088013681,4.26672145428
2014-11-24,39.7706150084,2.41240194495,4.25231910492
2014-12-10,39.7706150084,4.15690395142,4.15960437482
2014-12-10,39.7706150084,4.14790237946,4.15870426996
2014-12-26,37.31829995,3.99847782324,3.90396217841
2014-12-26,34.6524156117,3.55740940283,3.50880104901
2015-01-11,39.7706150084,3.83915145264,3.94536927032
2015-01-11,39.7706150084,3.83915153467,3.94626943591
2015-01-27,39.7706150084,3.50159563739,3.84095183612
2015-01-27,39.7706150084,3.50429608618,3.84725273218
2015-02-12,35.624208984,3.24774801831,3.57000194122
2015-02-12,35.4142058091,3.23244524933,3.55469901813
2015-02-28,39.7706150084,3.47909088257,3.6330177182
2015-02-28,39.7706150084,3.47819071216,3.63121731714
2015-04-01,39.7706150084,3.47729204626,3.52590022931
2015-04-01,39.7706150084,3.47819224603,3.52409993506
2015-04-17,39.7706150084,3.51149760901,3.59791215448
2015-04-17,39.7706150084,3.50969734241,3.59521159015
2015-05-03,39.7706150084,3.40978050507,3.49889580225
2015-05-03,39.7706150084,3.40707999683,3.49709558209
2015-05-19,39.7652140353,3.35037123859,3.40438053186
2015-05-19,39.7652140353,3.34677059076,3.40258020099
2015-06-04,39.7706150084,3.18114341272,3.31616619659
2015-06-04,39.7706150084,3.17844287317,3.31422466136
2015-06-20,39.7661142127,3.1923376025,3.22969222096
2015-06-20,39.760713314,3.19323772653,3.2292438378
2015-08-07,39.7517117874,2.91019846851,2.9471050733
2015-08-07,39.7310082719,2.91739968866,2.9516058634
2015-08-23,39.7697148564,2.80758099792,2.90209744116
2015-08-23,39.7499113697,2.79497877008,2.88139381641
2015-09-08,39.7706150084,2.84088771741,2.80218097705
2015-09-08,39.7706150084,2.84178783673,2.79768016809
2015-09-24,39.7706150084,2.62845128149,2.6680582785
2015-09-24,39.7706150084,2.63295208154,2.67075873938
2015-10-10,39.7706150084,2.54203721851,2.56634140161
2015-10-10,39.7706150084,2.53843662683,2.56904177612
2015-10-26,39.7706150084,1.81020742407,2.43491881366
2015-10-26,39.7706150084,1.80300616705,2.43401860651
2015-11-27,39.7706150084,2.27559246613,2.26659098798
2015-11-27,39.7706150084,2.27109166376,2.26209016699
2015-12-13,39.7706150084,2.22248387463,2.19457878235
2015-12-13,39.7706150084,2.22068348816,2.18737753894
2016-01-14,39.7706150084,1.96684044946,1.95963901318
2016-01-14,39.7706150084,1.95963921704,1.96323964685
2016-01-30,39.7706150084,1.91913219885,1.97044116199
2016-01-30,39.7706150084,1.918232047,1.96864070514
2016-02-15,39.7706150084,1.75890497028,1.8777253006
2016-02-15,39.7706150084,1.75530433813,1.87592499408
2016-03-02,39.6643954334,1.82011557153,1.84171896411
2016-03-02,39.6870365983,1.81291440045,1.84351920306
2016-03-18,39.7706150084,1.58427515674,1.76610669275
2016-03-18,39.7679144938,1.58067448816,1.75800522675
2016-04-03,39.7706150084,1.26381950122,1.64548610712
2016-04-03,39.767914553,1.25931870172,1.64368582227
2016-04-19,33.0790691025,0.887555259888,1.2593211911
2016-04-19,37.2552762132,1.09369048566,1.88312887386
2016-05-05,39.7706150084,1.23771503735,1.48705918976
2016-05-05,39.7679145761,1.23681484857,1.48255839874
2016-05-21,39.7706150084,1.40424460559,1.47265686273
2016-05-21,39.7688147203,1.40874541608,1.47085652002
2016-06-22,39.7697148368,1.34162577096,1.42848943288
2016-06-22,39.7679145372,1.34252593252,1.42578891597
2016-07-08,39.7697148368,0.953657634243,1.34784248935
2016-07-08,39.7688146656,0.951857252163,1.35737708986
2016-07-24,39.7688146661,1.03608110852,1.28438316319
2016-07-24,39.7706150084,1.03698126752,1.28618348234
2016-08-09,39.7697148368,1.02077734198,1.26742153485
2016-08-09,39.7670143684,1.01987715662,1.25301901349
2016-08-25,39.7706150084,1.1440997312,1.22961510571
2016-08-25,39.7706150084,1.14319960083,1.22871502716
2016-09-10,39.7697148368,1.06218580396,1.21161204639
2016-09-10,39.7697148368,1.06578641516,1.21071183569
2016-10-12,39.7706150084,1.09999296936,1.10179314368
2016-10-12,39.7706150084,1.10359359064,1.11079465314
2016-11-13,39.7706150084,0.871352489014,1.03968250909
2016-11-13,39.7706150084,0.878553725708,1.03518172113
2016-11-29,39.7706150084,0.994674960815,1.00457668292
2016-11-29,39.7706150084,0.993774721069,1.00547680389
2016-12-15,39.7706150084,0.928063519775,0.946966702209
2016-12-15,39.7706150084,0.928963656128,0.953267807007
2016-12-31,39.7706150084,0.858751453735,0.901958932068
2016-12-31,39.7706150084,0.863252251038,0.896557997681
2017-01-16,39.7706150084,0.759734361755,0.879455181641
2017-01-16,39.7706150084,0.757933970764,0.878554999023
2017-02-01,39.7706150084,0.768735822449,0.840748397827
2017-02-01,39.7706150084,0.772336508728,0.841648553955
2017-02-17,39.7706150084,1.14229730286,1.51878586572
2017-02-17,39.7706150084,1.13689635071,1.51788574249
2017-03-05,39.7706150084,1.7355022829,2.96494006649
2017-03-05,39.7706150084,1.7436036637,2.95277568459
2017-03-21,39.6661998034,3.41067993005,3.54390144379
2017-03-21,39.649997446,3.41158002393,3.53670043951
2017-04-06,39.7706150084,3.18293960065,3.36477077094
2017-04-06,39.7706150084,3.18383973413,3.36297035754
2017-04-22,32.0993367991,2.62432927202,2.94927613262
2017-04-22,32.2641689646,2.6212861536,2.93753900765
2017-05-08,39.7706150084,4.33152835217,4.434145323
2017-05-08,39.7706150084,4.33332857208,4.43324517322
2017-05-24,39.7706150084,4.2937218219,4.40083999255
2017-05-24,39.7706150084,4.29282166492,4.40083980109
2017-06-09,39.7706150084,4.29912434302,4.37819668175
2017-06-09,39.7706150084,4.29642389673,4.37909684886
2017-06-25,39.7706150084,4.29088152183,4.34587197267
2017-06-25,39.7706150084,4.28278004979,4.35037273549
2017-07-11,39.769714837,3.97146680664,4.15374276731
2017-07-11,39.7706150084,3.96786612091,4.15875184024
2017-07-27,39.7706150084,3.92645995648,4.05774121879
2017-07-27,39.7706150084,3.9228592113,4.05414057432
2017-08-12,39.7706150084,3.68881916992,3.83374378784
2017-08-12,39.7706150084,3.69692045258,3.82564248053
2017-08-28,36.5714718477,1.26291470575,1.36373156622
2017-08-28,36.0331762123,1.21250639789,1.28541863812
2017-09-13,39.7706150084,2.4448129574,3.28195469226
2017-09-13,39.7706150084,2.44481295978,3.27475344373
2017-09-29,39.7706150084,2.75177175854,3.53760240894
2017-09-29,39.7706150084,2.75537233917,3.5385024823
2017-10-15,39.7706150084,3.68792714221,3.90486220319
2017-10-15,39.7706150084,3.68432649109,3.9066624071
2017-10-31,32.4745822721,3.05518321057,3.17603672687
2017-11-16,39.7706150084,3.71222897333,3.9102621076
2017-11-16,39.7706150084,3.71672982831,3.91296241687
2017-12-02,34.4959943884,3.50580605665,3.68571935884
2017-12-02,33.1324204138,3.41039054426,3.50839113905
2017-12-18,39.7706150084,3.79144344659,3.88145829431
2017-12-18,39.7706150084,3.79324371204,3.88415855157
2018-01-03,39.7706150084,3.80854667279,3.83014991833
2018-01-03,39.7706150084,3.81484775293,3.83285032861
2018-01-19,39.7706150084,3.72933351093,3.77794133228
2018-01-19,39.7706150084,3.74283573096,3.78064167719
2018-02-04,39.6142279049,2.87238367224,3.4412839267
2018-02-04,37.0358678931,2.66624678113,2.97589900067
2018-02-20,39.7706150084,3.58981049329,3.67712456799
2018-02-20,39.7706150084,3.59521130756,3.6834256673
2018-03-08,39.7706150084,3.55290427698,3.70322911224
2018-03-08,39.7706150084,3.55830520312,3.70232904016
2018-04-09,38.5484648692,2.58523785834,2.95110289594
2018-04-09,36.1701642552,2.4808208623,2.7080634427
2018-04-25,39.7706150084,3.77614094415,3.82744916296
2018-04-25,39.7706150084,3.78064169305,3.83284996912
2018-05-11,39.7706150084,3.74283563422,3.77960045659
2018-05-11,39.7706150084,3.7410353222,3.78140058812
2018-05-27,39.7697148368,3.68612657843,3.68688546232
2018-05-27,39.7706150084,3.69242766638,3.68688540086
2018-06-12,39.7706150084,3.64007824443,3.62747601506
2018-06-12,39.7706150084,3.63805202702,3.61397353575
2018-06-28,39.769714837,3.57624923982,3.53889432241
2018-06-28,39.7697148616,3.56634747353,3.53439349105
2018-07-14,39.7706150084,3.47993320961,3.46553058577
2018-07-14,39.7706150084,3.48083340926,3.46373024672
2018-07-30,39.767914514,3.38817783301,3.33506842249
2018-07-30,39.7688146856,3.38187673541,3.33236791113
2018-08-15,39.7688146841,3.27745945795,3.28721991185
2018-08-15,39.7679145186,3.27205846198,3.28451929057
2018-08-31,39.7706150084,3.1766427915,3.17754288983
2018-08-31,39.7706150084,3.17574268616,3.16944135187
2018-09-16,39.7706150084,3.10643128143,3.08212696295
2018-09-16,39.7706150084,3.1100318465,3.08392721967
2018-10-02,39.7706150084,3.01911648437,3.0110148042
2018-10-02,39.7706150084,3.02361726923,2.99751241553
2018-10-18,39.7706150084,2.96150687549,2.93270167279
2018-10-18,39.7706150084,2.96420732166,2.93090129401
2018-11-03,39.7706150084,2.8777927937,2.89939634125
2018-11-03,39.7706150084,2.86789102704,2.89489543738
2018-12-05,39.7706150084,2.74727132715,2.73376856903
2018-12-05,39.7706150084,2.74187034363,2.7265673338
2018-12-21,34.8369246717,2.06044773138,1.94342705096
2018-12-21,35.8191604978,2.05954756946,1.93892624487
2019-01-06,39.7706150084,2.5123314798,2.48532673462
2019-01-06,39.7706150084,2.50873092621,2.49522844855
2019-01-22,39.7706150084,2.39801238855,2.36650677728
2019-01-22,39.7706150084,2.40161298499,2.36380629834
2019-02-07,33.2955956977,2.0334530722,1.97494314825
2019-02-07,32.1249095013,1.99384656696,1.94883903986
2019-02-23,36.9808598581,2.07575668677,2.14866891553
2019-02-23,37.6483577253,2.18647682312,2.26298970148
2019-03-11,39.7706150084,2.10816389307,2.05865519537
2019-03-11,39.7706150084,2.10546334766,2.06315583313
2019-04-12,39.7706150084,1.95153758307,1.94163575256
2019-04-12,39.7706150084,1.95153755988,1.93983533093
2019-04-28,39.7706150084,1.91013038617,2.43311602136
2019-04-28,39.7706150084,1.9083300459,2.42861521265
2019-05-14,39.7706150084,1.76970694934,1.7634058476
2019-05-14,39.7706150084,1.76880679852,1.76160552197
2019-05-30,39.7697148533,1.67699167377,1.66168888153
2019-05-30,39.7697148533,1.67609148816,1.6607887052
2019-06-15,39.7706150084,1.62838362323,1.58106701498
2019-06-15,39.7706150084,1.62388285468,1.58016683572
2019-07-01,39.7697148368,1.57963404509,1.53912689537
2019-07-01,39.7706150084,1.57783375529,1.54182730864
2019-07-17,39.7688146652,1.55457096497,1.51212222648
2019-07-17,39.7688146652,1.55187043872,1.51662298149
2019-08-02,39.7706150084,1.45105313409,1.44115140698
2019-08-02,39.7706150084,1.44655237988,1.44115134143
2019-08-18,39.7706150084,1.29892627887,1.30972846295
2019-08-18,39.7697148368,1.29622580627,1.30432753387
2019-09-03,39.7706150084,1.22151369073,1.21431236359
2019-09-03,39.7706150084,1.22241387268,1.20981157172
2019-09-19,39.7706150084,1.104493638,1.09459182141
2019-09-19,39.7706150084,1.10179318481,1.09009100879