Date,Rarea,NDWI,MNDWI
2013-04-01,7.67127244331,0.582665871004,0.613265960664
2013-04-11,7.67127244331,0.577802344971,0.596702419128
2013-04-27,7.67127244331,0.57510233197,0.603002405212
2013-05-13,7.67127244331,0.572402321167,0.587702362671
2013-05-29,7.67127244331,0.561602293579,0.579602338806
2013-06-14,7.67127244331,0.574202320679,0.581402342468
2013-06-30,7.67127244331,0.566102309448,0.575102345215
2013-07-16,7.6695853742,0.513902152222,0.512102152344
2013-08-01,7.67127244331,0.554402299255,0.56160231781
2013-08-17,7.67127244331,0.53730224823,0.529202204834
2013-09-02,7.67127244331,0.531902258545,0.507602160828
2013-09-18,7.67127244331,0.529202255737,0.523802230225
2013-10-04,7.67127244331,0.527402240479,0.499502143677
2013-10-20,7.67127244331,0.513002217468,0.505802179504
2013-11-05,7.67127244331,0.496802158569,0.486002100525
2014-01-08,7.67127244331,0.450902008484,0.459002035095
2014-03-13,7.67127244331,0.443701975037,0.469802070129
2014-03-29,7.67127244331,0.44460198761,0.461702014465
2014-04-14,7.53537182808,0.267301235779,0.378001919922
2014-05-16,7.67127244331,0.43110192395,0.441901958984
2014-06-01,7.67127244331,0.439201963562,0.432901928955
2014-06-17,7.67127244331,0.441001966858,0.439201962402
2014-07-03,7.67127244331,0.44190197229,0.438301943054
2014-07-19,7.67127244331,0.427501921326,0.423901899414
2014-08-04,7.67127244331,0.430201935852,0.424801909668
2014-09-05,7.67127244331,0.412201858765,0.403201818909
2014-10-07,7.55067165303,0.343801519775,0.335701480347
2014-10-23,7.67127244331,0.402301836487,0.383401752014
2014-11-24,7.67127244331,0.381601753601,0.355501625732
2014-12-10,7.67127244331,0.371701712036,0.355501635925
2014-12-26,7.67127244331,0.373501718018,0.378901750244
2015-01-11,7.67127244331,0.375301740967,0.374401729797
2015-02-12,7.67127244331,0.374401743225,0.38790178479
2015-02-28,7.67127244331,0.358201660156,0.358201669861
2015-04-01,7.67127244331,0.370801711365,0.399601836975
2015-04-17,7.67127244331,0.366301700806,0.377101731018
2015-05-03,7.67127244331,0.35550164917,0.382501766724
2015-05-19,7.67127244331,0.365401698853,0.368101706116
2015-06-04,7.67127244331,0.366301698608,0.364501672119
2015-06-20,7.67127244331,0.36450169458,0.354601637146
2015-07-06,7.67127244331,0.359101671326,0.354601651917
2015-08-07,7.67127244331,0.355501654907,0.350101631348
2015-08-23,7.67127244331,0.352801644592,0.361801688232
2015-09-08,7.67127244331,0.343801608276,0.330301541992
2015-09-24,7.67127244331,0.340201586304,0.334801569397
2015-10-10,7.67127244331,0.335701576782,0.330301551514
2015-10-26,7.67127244331,0.361265267261,0.35570996913
2015-11-27,7.67127244331,0.317701500916,0.306901453247
2015-12-13,7.67127244331,0.319501505188,0.315001491943
2016-01-14,7.67127244331,0.30510144751,0.305101442078
2016-01-30,7.65416169407,0.308701459778,0.335701571106
2016-02-15,7.67127244331,0.295201396484,0.293401403442
2016-03-18,7.67127244331,0.302401431641,0.301501430115
2016-04-19,7.67127244331,0.29790140979,0.29070138562
2016-05-21,7.67127244331,0.289801380981,0.281701351196
2016-06-22,7.67127244331,0.292684909003,0.282601341492
2016-07-08,7.67037243819,0.286201358032,0.278101330933
2016-07-24,7.67127244331,0.264601240295,0.283501356689
2016-08-09,7.67037243819,0.284401352722,0.263701264648
2016-08-25,7.67127244331,0.281701356262,0.261901261169
2016-09-10,7.67127244331,0.272701310181,0.265501278931
2016-10-12,7.67127244331,0.267301294373,0.255601236328
2016-11-13,7.67127244331,0.266401285217,0.243001178528
2016-11-29,7.67127244331,0.250201217896,0.229501119812
2016-12-15,7.67127244331,0.250201213989,0.233101130554
2016-12-31,7.67127244331,0.25560124176,0.239401165771
2017-02-01,7.67127244331,0.244801187195,0.227701109863
2017-02-17,6.98778880142,0.282601327209,0.383401842773
2017-03-21,7.67127244331,0.309601452209,0.334801556946
2017-04-06,7.67127244331,0.30240141394,0.337501577576
2017-04-22,7.67127244331,0.319501488159,0.343801603271
2017-05-08,7.5057190267,0.306001431396,0.335701555542
2017-05-24,7.67127244331,0.308701430603,0.338401568542
2017-06-09,7.67127244331,0.315901472046,0.336601574341
2017-06-25,7.67127244331,0.31050146106,0.339301586365
2017-07-11,7.67127244331,0.314101460327,0.335701573914
2017-07-27,7.67127244331,0.319501507019,0.324901532532
2017-08-12,7.67127244331,0.311401476135,0.315901497009
2017-08-28,7.67127244331,0.30780146637,0.321301509155
2017-09-13,7.67127244331,0.302401441895,0.306001449097
2017-09-29,7.67127244331,0.286201369629,0.296101399902
2017-10-15,7.67127244331,0.284401362854,0.277201324036
2017-10-31,7.61117022928,0.293147364193,0.292402678442
2017-11-16,7.67127244331,0.279001337524,0.279001335571
2017-12-02,7.67127244331,0.276301325195,0.270901301941
2017-12-18,7.67127244331,0.273601317871,0.269101292847
2018-01-03,7.67127244331,0.264601272949,0.26640128418
2018-01-19,7.67127244331,0.26460128009,0.267301288025
2018-02-04,7.67127244331,0.255601242737,0.256501240906
2018-02-20,7.67127244331,0.248401208313,0.260101256348
2018-04-09,6.95964812189,0.268201294495,0.305101461304
2018-04-25,7.67127244331,0.325801530334,0.369001719604
2018-05-11,7.67127244331,0.333001554382,0.372601748169
2018-05-27,7.67127244331,0.320401497559,0.366301713562
2018-06-12,7.67127244331,0.330301544495,0.363601704102
2018-06-28,7.67127244331,0.220500973389,0.360001673523
2018-07-14,7.67127244331,0.327601517944,0.357301671143
2018-07-30,7.67127244331,0.336601578308,0.338401592224
2018-08-15,7.67127244331,0.34200160791,0.347401638977
2018-08-31,7.67127244331,0.32850155658,0.33300157428
2018-09-16,7.67127244331,0.325801542358,0.32760155011
2018-10-02,7.67127244331,0.311401482178,0.305101451233
2018-10-18,7.67127244331,0.29880142218,0.296101415833
2018-11-03,7.67127244331,0.292501396973,0.296101412537
2018-11-19,7.39362863554,0.0522002269897,0.0297001280518
2018-12-05,7.67127244331,0.279901347229,0.274501322388
2018-12-21,7.67127244331,0.283501352783,0.275401318726
2019-01-06,7.67127244331,0.268201289001,0.293401400269
2019-01-22,7.67127244331,0.261001258301,0.269101290649
2019-02-07,6.61592352943,0.239401207458,0.23850119635
2019-03-11,7.67127244331,0.263701275818,0.267301292542
2019-04-12,7.67127244331,0.26010124762,0.282601358398
2019-04-28,7.67127244331,0.266401288147,0.286201382019
2019-05-14,7.67127244331,0.255601234558,0.279001337891
2019-05-30,7.67127244331,0.250201211731,0.270901307983
2019-06-15,7.67127244331,0.251101213928,0.263701271057
2019-07-01,7.67127244331,0.216901040955,0.259201254272
2019-07-17,7.67127244331,0.244801178345,0.251101218018
2019-08-02,7.67127244331,0.243901182068,0.246601200195
2019-08-18,7.67127244331,0.241201166077,0.229501120178
2019-09-03,7.67127244331,0.23580114679,0.237601158508
2019-09-19,7.67127244331,0.234001145203,0.233101135864