Date,Rarea,NDWI,MNDWI
2013-04-19,54.9787529626,4.01313992278,4.3534248485
2013-05-05,54.5293116672,4.01314004363,4.50093397887
2013-05-21,54.9787529626,4.03314141594,4.45608832462
2013-06-06,46.887139285,2.9905802138,3.75383080402
2013-06-22,54.9787529626,4.08564459929,4.34881702992
2013-07-08,54.9787529626,4.06064293987,4.36631824964
2013-07-24,54.9787529626,4.04064175481,4.23631010706
2013-08-09,54.7513993133,4.23565531365,4.63433548035
2013-08-25,54.9787529626,3.97063744793,4.14880487269
2013-09-10,54.9787529626,3.91524192847,4.10380208631
2013-09-26,54.9787529626,2.92018163232,3.06019007202
2013-10-12,54.9787529626,2.87517919116,2.93768259253
2013-10-28,46.1246538934,2.50765772852,2.63516486011
2013-11-13,46.6379949407,2.12762853003,2.25013487329
2013-12-15,54.9787529626,1.91762063892,2.25764004834
2014-01-16,54.8812457598,3.9956385656,4.41092815783
2014-02-17,54.7704652811,3.94024352661,4.29857927835
2014-04-22,54.9787529626,4.04064171965,4.31842262267
2014-05-08,54.9787529626,4.01314001189,4.32092288927
2014-05-24,54.9787529626,4.04314180413,4.30881445545
2014-06-09,54.9787529626,4.04814211394,4.29381384876
2014-06-25,54.9787529626,4.0481421762,4.28315639617
2014-07-11,54.9787529626,4.07564376531,4.24341853966
2014-07-27,54.9787529626,4.10314557244,4.24881088221
2014-08-28,54.9787529626,4.08814463982,4.20315122503
2014-09-13,54.9787529626,4.02314057952,4.14380453407
2014-09-29,53.9902054826,3.44810635369,4.05782060423
2014-10-31,54.9787529626,3.05268977246,3.13519445215
2015-01-03,54.2712123396,3.91063341423,4.58151728707
2015-02-20,54.9787529626,3.97063745989,4.32092292614
2015-03-24,54.9787529626,3.99563916839,4.26631188685
2015-05-11,54.9787529626,4.03564148748,4.47093219909
2015-05-27,54.9787529626,4.05814285491,4.33842402428
2015-06-12,54.9787529626,4.04314169964,4.33881640443
2015-06-28,54.9787529626,4.02564073821,4.39342764904
2015-07-14,54.9787529626,4.04064169109,4.24381061512
2015-07-30,54.9787529626,3.9806380263,4.17630655726
2015-08-15,54.9787529626,3.03268867456,3.22480784178
2015-08-31,54.9787529626,2.97268518604,3.01268735474
2015-09-16,54.9787529626,2.88017947559,2.9776851145
2015-10-02,53.1894465829,2.23763774707,2.35514433008
2015-11-03,54.9787529626,1.16757188037,1.26257792993
2015-12-05,54.9787529626,1.11506873267,1.16507179761
2016-01-06,54.9787529626,1.04506430786,1.09756743701
2016-01-22,54.9787529626,0.957558507568,1.06506528589
2016-04-11,54.9787529626,1.58509861133,1.80222016624
2016-05-13,54.9787529626,1.61510093384,1.69221331932
2016-05-29,54.9787529626,1.59759959106,1.70221397166
2016-06-30,54.9787529626,0.415024269775,0.844659175274
2016-07-16,54.9787529626,0.440025653076,0.545031942139
2016-08-01,54.9787529626,0.437525478271,0.492528677734
2016-08-17,54.6938603325,0.320018131104,0.445025897461
2016-09-02,54.9787529626,0.322518390625,0.370021226562
2016-10-04,54.9787529626,0.247513971436,0.302517135498
2016-11-05,54.9787529626,0.212511831055,0.260014589111
2016-12-07,54.9787529626,0.10500561792,0.862552341553
2016-12-23,54.9787529626,0.785047215088,1.09256660352
2017-01-24,50.9642748621,3.29059148308,3.97089853039
2017-03-13,54.9777039027,3.90063298577,4.39092667199
2017-03-29,54.9787529626,3.95563653997,4.36092522106
2017-05-16,54.9787529626,4.03314129827,4.31342246959
2017-06-01,54.9787529626,4.03814160906,4.3759265443
2017-06-17,54.9787529626,4.01814029314,4.32881580238
2017-07-03,54.9787529626,4.03064089544,4.34092450695
2017-07-19,54.9787529626,4.02064041546,4.23630995033
2017-08-04,54.9755175317,3.96563698235,4.17880612708
2017-08-20,54.9787529626,3.04768950317,3.11269325928
2017-09-05,54.9787529626,2.95268395361,3.01018705054
2017-09-21,54.9787529626,2.83017656079,2.92518195581
2017-10-07,54.3243427403,2.75517161157,3.01268666138
2017-10-23,54.871246199,2.6301643457,2.77517289795
2017-12-10,54.9787529626,1.02256275317,1.14757022559
2017-12-26,47.0177060601,0.957558596436,1.40258570923
2018-02-12,50.609173033,0.772547800781,0.954666413067
2018-03-16,54.9787529626,0.782547434082,0.929664214336
2018-05-03,54.9787529626,1.23007613306,1.31758122485
2018-06-04,54.9787529626,1.17757269482,1.32718991893
2018-06-20,54.9787529626,1.1225691709,1.22468340672
2018-07-06,53.2157618275,1.41664696419,1.59871699387
2018-07-22,54.9787529626,1.04756446704,1.11256832739
2018-08-07,54.9737526936,0.990060843018,1.10506778247
2018-08-23,54.9762528276,0.967559303223,1.05006433057
2018-09-08,54.8437445686,0.840051315186,0.952558205078
2018-09-24,54.9787529626,0.870053008057,0.930056665283
2018-10-10,54.9787529626,0.825050085938,0.857552129883
2018-10-26,54.9787529626,0.795048159912,0.810049087891
2018-11-11,54.9787529626,0.757545753662,0.810048833252
2018-12-13,54.9787529626,0.770046616699,0.862552170898
2019-01-30,54.4027695975,1.15507119189,1.53466003531
2019-04-20,54.9787529626,0.777547059326,0.867160419903
2019-05-06,54.9787529626,0.760045958008,0.842158716045
2019-05-22,54.9787529626,0.732544020508,0.86716054295
2019-06-07,54.9787529626,0.720043185303,0.872160751446
2019-06-23,54.9787529626,0.702542052734,0.810048998779
2019-07-09,54.9787529626,0.665039609375,0.745044543701
2019-07-25,54.9787529626,0.627537237061,0.692541335205
2019-08-26,54.9787529626,0.570033582031,0.600035468506
2019-09-11,54.9787529626,0.542531998535,0.562533123047
2019-09-27,54.9787529626,0.515030325928,0.532531291504