Date,Rarea,NDWI,MNDWI
2013-04-19,66.0131356265,0.0300187646484,40.7887952961
2013-04-26,66.6850147365,4.13009598267,7.22452977783
2013-05-05,64.8202557157,6.79676362817,7.18950755273
2013-05-05,66.6850147365,6.79926525122,7.17950136084
2013-05-12,66.6850147365,4.44780023218,7.16699406567
2013-05-21,66.6850147365,4.47781529736,7.24204046411
2013-05-21,66.6850147365,4.47531381396,7.23453598755
2013-05-28,66.6850147365,5.13572475415,7.14948351489
2013-06-06,66.6850147365,6.58663427466,7.19200970605
2013-06-06,66.6850147365,6.57912971387,7.18200373071
2013-06-13,66.6850147365,6.13135203369,7.15698850366
2013-06-22,64.8827946742,6.90933351929,7.14448043872
2013-06-22,66.6850147365,6.90933368286,7.13697573486
2013-06-29,66.6850147365,6.84179168872,7.12947121533
2013-07-08,66.6850147365,6.83178471924,7.10695685864
2013-07-08,66.6850147365,6.83178460229,7.10195370508
2013-07-15,66.6850147365,6.96186589502,7.09194753711
2013-07-24,66.6850147365,6.95185941504,7.0344115354
2013-07-24,66.6850147365,6.94935788062,7.03691311963
2013-07-31,66.6850147365,6.84429138159,7.07943966504
2013-08-09,66.6850147365,8.39259879387,66.677509904
2013-08-09,66.6850147365,8.37656926417,66.677509904
2013-08-16,66.6850147365,6.17136649072,7.02690688306
2013-08-25,66.6850147365,5.88618748535,7.02440507422
2013-08-25,66.6850147365,5.89619355298,7.01940202954
2013-09-01,66.6850147365,6.26142480249,6.92434327295
2013-09-10,66.6850147365,5.99375933325,6.70420657227
2013-09-10,66.6850147365,6.01377183984,6.72421908423
2013-09-17,66.6850147365,5.04566142749,6.50658387891
2013-09-26,66.6850147365,4.74798094775,6.19388906201
2013-09-26,66.6850147365,4.75548564624,6.19388903369
2013-10-12,66.6850147365,4.25516800977,5.75111329932
2013-10-12,66.6850147365,4.25766957422,5.74610998511
2013-10-19,66.6850147365,5.41090086523,5.50095687476
2013-10-28,66.6850147365,3.08693644287,4.41724626305
2013-11-04,66.6850147365,5.39338957544,5.56849921167
2013-11-13,66.6850147365,5.29833115137,5.60602246094
2013-11-13,66.6850147365,5.30333439282,5.59851777246
2013-11-29,66.6850147365,2.34397941943,9.06466505709
2013-12-15,66.6850147365,0.0350221933594,3.29294160207
2013-12-15,66.6850147365,0.0350221933594,3.29270615163
2013-12-22,66.6850147365,6.87431264722,7.25415385446
2013-12-31,66.6850147365,0.230144850586,0.425267445801
2014-01-07,66.6850147365,6.35398695142,7.41771738225
2014-01-16,66.6850147365,6.74923388257,7.12446700366
2014-01-16,66.6850147365,6.74673228467,7.12947017041
2014-01-23,66.6850147365,6.76461348143,7.41316852023
2014-02-01,66.6850147365,0.052532434082,25.5321615705
2014-02-08,66.6850147365,5.94622810645,7.6892069475
2014-02-17,66.6850147365,5.12320980859,6.02578975506
2014-02-17,66.6850147365,5.11820676611,6.0407993349
2014-02-24,66.6850147365,0.620384510254,2.21637714893
2014-03-21,66.6850147365,1.96301762523,24.6796403802
2014-03-21,66.6850147365,1.96051578978,24.6764123407
2014-03-28,66.6850147365,0.868549581006,27.6267247338
2014-04-06,66.6850147365,4.87055765845,13.2128198932
2014-04-06,66.6850147365,4.86555451611,13.2253279706
2014-04-13,66.6850147365,0.522825526611,0.855531959229
2014-04-22,66.6850147365,6.19389021436,7.15448614771
2014-04-22,66.6850147365,6.18388400171,7.15448609082
2014-05-08,66.6850147365,5.56099573511,7.17199683252
2014-05-08,66.6850147365,5.55349121118,7.16449225146
2014-05-15,66.6850147365,5.14824029687,7.09444920215
2014-05-24,66.6850147365,4.89307148633,7.16949555737
2014-05-24,66.6850147365,4.89056994019,7.15198478076
2014-05-31,66.6850147365,5.80614937183,7.11196000195
2014-06-09,66.6850147365,6.30145340112,7.05692560767
2014-06-09,66.6850147365,6.30895807715,7.05192245483
2014-06-16,66.6850147365,6.71421179443,7.02190406372
2014-06-25,66.6850147365,6.85680024805,7.04942094751
2014-06-25,66.6850147365,6.86430487524,7.04691945459
2014-07-02,66.6850147365,6.92684382275,7.06943368237
2014-07-11,66.6850147365,6.88932039111,7.04942089404
2014-07-11,66.6850147365,6.89932671045,7.05442396289
2014-07-18,66.6850147365,6.82928321899,7.02440538623
2014-07-27,66.6850147365,6.8643050481,7.00189107471
2014-07-27,66.6850147365,6.86430507568,7.00189108276
2014-08-03,66.6850147365,6.94935822852,7.02940848218
2014-08-12,66.6850147365,6.90433001782,7.02690658105
2014-08-12,66.6850147365,6.90683156323,7.01940198755
2014-08-19,66.6850147365,6.88681880444,7.04942060693
2014-08-28,66.6850147365,6.85429875024,7.01189739917
2014-08-28,66.6850147365,6.85930190503,7.02190357178
2014-09-04,66.6850147365,6.81177190967,6.97187258887
2014-09-13,66.6850147365,6.66918378247,6.92684486792
2014-09-13,66.6850147365,6.67919007129,6.92934643115
2014-09-20,66.6850147365,6.60664564282,6.8517982644
2014-09-29,66.6850147365,5.2582990144,11.1688433253
2014-09-29,66.6850147365,5.24328971802,11.1872861516
2014-10-06,66.6850147365,5.95874079224,6.24141870654
2014-10-22,66.6850147365,4.4177715105,5.83616602856
2014-10-31,66.6850147365,3.52720692871,5.73110048486
2014-10-31,66.6850147365,3.53471171069,5.72109416455
2014-11-07,66.6850147365,4.56036515601,5.57600378833
2014-11-16,66.6850147365,4.76298966211,5.568498875
2014-11-16,66.6850147365,4.76048816528,5.56599734521
2014-12-02,66.6850147365,1.09818821851,5.95651152123
2014-12-02,66.6850147365,1.12570541821,5.94380729885
2014-12-18,66.6850147365,0.185116799072,47.9849731398
2014-12-25,66.6850147365,5.08322261123,11.8417878775
2015-01-03,61.1080883208,6.65417464111,7.22953304614
2015-01-03,61.1381075047,6.66167938989,7.22953316797
2015-01-10,66.6850147365,0.0,58.8213813175
2015-01-19,63.5247713112,4.99564500415,14.3216688995
2015-01-19,63.5547905302,5.00815294189,14.3097006428
2015-01-26,66.6850147365,0.0250157729492,2.18828792393
2015-02-04,65.4287466019,6.09382818506,7.15198582886
2015-02-04,65.4362514169,6.08882505078,7.13947804468
2015-02-20,66.6850147365,6.6066473501,7.14448032764
2015-02-20,66.6850147365,6.61915519165,7.14948333203
2015-02-27,66.6850147365,1.38964820157,66.6850147365
2015-03-08,66.6850147365,6.66168040771,7.28456591553
2015-03-08,66.6850147365,6.66418205005,7.28706756006
2015-03-15,66.6850147365,6.73422601709,7.12106490267
2015-03-24,66.6850147365,6.68669584692,7.15198484155
2015-03-24,66.6850147365,6.6891974314,7.14948327563
2015-04-09,66.6850147365,1.59890030931,25.1743437296
2015-04-09,66.6850147365,1.59929229853,25.2445837053
2015-04-16,66.6850147365,7.93210861296,9.06452076724
2015-04-25,66.6850147365,6.53660464917,9.08568906665
2015-04-25,66.6850147365,6.5291000061,9.09069241113
2015-05-02,66.6850147365,5.17075183057,7.08444300659
2015-05-11,66.6850147365,6.33397696484,7.14698206348
2015-05-11,66.6850147365,6.34898631519,7.13197285181
2015-05-18,66.6850147365,5.73360586377,7.11946493213
2015-05-27,66.6850147365,6.27143559644,7.08694420435
2015-05-27,66.6850147365,6.28144158887,7.05442418286
2015-06-03,66.6850147365,4.99934812435,8.46311002752
2015-06-12,66.6850147365,6.8317853584,7.17449859863
2015-06-12,66.6850147365,6.831785427,7.17199729321
2015-06-19,66.6850147365,6.11134134424,7.09444922974
2015-06-28,66.6850147365,0.10006287085,64.2263784138
2015-07-05,66.6850147365,5.9412229895,7.12446783667
2015-07-14,66.6850147365,6.94185371118,7.10445525439
2015-07-14,66.6850147365,6.95436142187,7.10945806665
2015-07-21,66.6850147365,6.87180945117,7.06192890747
2015-07-30,66.6850147365,6.68168970532,7.06693132788
2015-07-30,66.6850147365,6.67668655762,7.06192831787
2015-08-06,66.6850147365,6.02377428589,7.02690696484
2015-08-15,66.6850147365,6.74422845508,7.03691307031
2015-08-15,66.6850147365,6.75173317505,7.02690678589
2015-08-22,66.6850147365,4.90306549683,7.03441158838
2015-08-31,66.6850147365,6.06130083154,6.90933386719
2015-08-31,66.6850147365,6.06380234521,6.91433702173
2015-09-07,66.6850147365,5.41589280371,6.88181687354
2015-09-16,66.6850147365,3.63977033447,6.94935862085
2015-09-16,66.6850147365,3.6522782229,6.954361625
2015-09-23,66.6850147365,5.04815839526,6.88682008105
2015-10-02,66.6850147365,6.02127800464,6.57662747803
2015-10-02,66.6850147365,6.01877636401,6.57412591553
2015-10-09,66.6850147365,5.91121054883,6.36649697388
2015-10-18,66.6850147365,5.77112391113,6.01377568018
2015-10-18,66.6850147365,5.7736255105,6.02128021582
2015-10-25,66.6850147365,5.65605440332,5.75611628979
2015-11-03,66.6850147365,5.535979323,5.57600383496
2015-11-03,66.6850147365,5.51096367163,5.57350229224
2015-11-10,66.6850147365,5.37587965283,5.42591046143
2015-11-19,66.6850147365,0.0,66.6850147365
2015-11-19,66.6850147365,0.0,66.6850147365
2015-11-26,66.6850147365,5.23579302686,5.40589794189
2015-12-05,66.6850147365,5.09820650122,5.2007701521
2015-12-05,66.6850147365,5.10320963892,5.20077008862
2015-12-12,66.6850147365,0.0,49.4450173637
2015-12-21,66.6850147365,4.68795038794,4.75549199976
2015-12-21,66.6850147365,4.69545510083,4.7479874043
2015-12-28,66.6850147365,4.41778147485,4.51284069678
2016-01-06,66.6850147365,4.09257796631,4.17763083643
2016-01-06,66.6850147365,4.09758112256,4.1751292854
2016-01-13,66.6850147365,4.28770112598,4.82803425708
2016-01-22,66.6850147365,5.1407325,5.30583516089
2016-01-22,66.6850147365,5.12322156396,5.29332739648
2016-01-29,66.6850147365,4.47281480762,8.54841086573
2016-02-07,66.6850147365,4.87806922705,5.07819343506
2016-02-07,66.6850147365,4.87806930127,5.07819343506
2016-02-14,66.6850147365,4.80302216992,4.90058252832
2016-02-23,66.6850147365,1.95373546802,24.2628989148
2016-02-23,66.6850147365,1.95123392896,24.2488998666
2016-03-01,66.6850147365,4.48032046973,4.59038843506
2016-03-26,66.6850147365,4.69294526733,9.23589543792
2016-03-26,66.6850147365,4.7004498938,9.22486916091
2016-04-02,66.6850147365,6.37650037378,7.13697512744
2016-04-11,66.6850147365,6.53660144263,7.22953226025
2016-04-11,66.6850147365,6.54410608008,7.22202769629
2016-04-18,66.6850147365,6.86930949927,7.16449251416
2016-04-27,66.6850147365,7.06799973733,7.56513060367
2016-04-27,66.6850147365,7.06799989163,7.55262290225
2016-05-04,66.6850147365,6.87431260327,7.15198497705
2016-05-13,66.6850147365,3.30207554395,3.23453251196
2016-05-13,66.6850147365,3.30707871289,3.22202483862
2016-05-20,66.6850147365,6.95936528052,7.31708716846
2016-05-29,66.6850147365,6.80176688843,7.37212115015
2016-05-29,66.6850147365,6.80676998486,7.36211505908
2016-06-05,66.6850147365,5.96874692163,7.39822591663
2016-06-14,66.6850147365,0.0,66.6850147365
2016-06-21,66.6850147365,5.44091636523,7.23453627124
2016-06-30,66.6850147365,6.13634944019,7.27205958374
2016-06-30,66.6850147365,6.12884487915,7.26205347095
2016-07-07,66.6850147365,7.00439304907,7.20201652075
2016-07-16,66.6850147365,6.89182171045,7.16449324048
2016-07-16,66.6850147365,6.88681874097,7.15448688574
2016-07-23,66.6850147365,6.84679382886,7.13947758569
2016-08-01,66.6850147365,7.05442417407,7.12446797339
2016-08-01,66.6850147365,7.04942107886,7.11946488232
2016-08-08,66.6850147365,6.95936469751,7.12696977783
2016-08-17,66.6850147365,7.07693828076,7.17700045264
2016-08-17,66.6850147365,7.08194144019,7.1770004729
2016-08-24,66.6850147365,6.88431773584,7.11446185425
2016-09-02,66.6850147365,6.70420463208,6.96436829712
2016-09-02,66.6850147365,6.70170298486,6.96186674365
2016-09-09,66.6850147365,6.76424384131,6.96686993774
2016-09-25,66.6850147365,5.31333015503,6.38400764917
2016-10-04,66.6850147365,6.00877256519,6.16887369507
2016-10-04,66.6850147365,5.99626474951,6.16887364722
2016-10-11,66.6850147365,3.98250081348,5.9687488396
2016-10-20,66.6850147365,0.361470833844,66.6224753722
2016-10-20,66.6850147365,0.376480230084,66.6224754577
2016-10-27,66.6850147365,5.81865485596,5.93372687866
2016-11-05,66.6850147365,5.3208428501,5.71358981445
2016-11-05,66.6850147365,5.31583974048,5.71108823486
2016-11-12,66.6850147365,5.04066667578,5.55348963672
2016-11-21,66.6850147365,0.0,66.6850147365
2016-11-21,66.6850147365,0.0,66.6850147365
2016-11-28,66.6850147365,4.35022660376,6.07881730078
2016-12-07,66.6850147365,4.77299549194,5.9762534502
2016-12-07,66.6850147365,4.7729954353,5.97125028516
2016-12-23,66.6850147365,2.50907997144,16.5390924089
2016-12-23,66.6850147365,2.50657836914,16.4714716338
2016-12-30,66.6850147365,0.51782176416,4.9080745957
2017-01-15,66.6850147365,2.47655424683,42.6801464074
2017-01-24,66.6850147365,6.33397466406,13.3084139124
2017-01-24,66.6850147365,6.33397466724,13.3606325566
2017-02-09,66.6850147365,0.637902772736,31.3309546221
2017-02-09,66.6850147365,0.652912245148,31.3146989029
2017-02-16,66.6850147365,6.81427543237,7.13697596313
2017-03-04,66.6850147365,6.75924113257,7.45873365076
2017-03-13,66.6850147365,6.80426860864,7.25955090601
2017-03-13,66.6850147365,6.80677024878,7.25204635254
2017-03-20,66.6850147365,6.83428780249,7.10945864282
2017-03-29,66.6850147365,6.7792534375,7.11696311694
2017-03-29,66.6850147365,6.78175495557,7.11196004907
2017-04-05,66.6850147365,6.82928443286,7.14698200659
2017-04-14,66.6850147365,0.0,66.6850147365
2017-04-14,66.6850147365,0.0,66.6850147365
2017-04-21,66.6850147365,6.5215949729,7.10945854175
2017-04-30,66.6850147365,7.50219048468,8.29578989726
2017-04-30,66.6850147365,7.49968884698,8.30329447075
2017-05-07,66.6850147365,5.82616389087,7.21952711572
2017-05-16,66.6850147365,5.54348297778,7.11696322192
2017-05-16,66.6850147365,5.56349546899,7.11946467578
2017-05-23,66.6850147365,5.88870445801,7.16199130127
2017-06-01,66.6850147365,5.98126016675,7.11446162183
2017-06-01,66.6850147365,5.98376177637,7.10445555688
2017-06-08,66.6850147365,6.19889456299,7.06943373608
2017-06-17,66.6850147365,3.7923887832,7.09194764331
2017-06-17,66.6850147365,3.77237648169,7.08444306226
2017-06-24,66.6850147365,6.1238439375,7.07944026392
2017-07-03,66.6850147365,0.0975606621094,0.237649092529
2017-07-03,66.6850147365,0.100062251953,0.240150523682
2017-07-10,66.6850147365,4.41777211963,7.08444329614
2017-07-19,66.6850147365,4.37023451221,7.06943355957
2017-07-19,66.6850147365,4.377739229,7.06693204614
2017-07-26,66.6850147365,5.30333568066,7.06443051221
2017-08-04,66.6850147365,4.09181000738,7.05942728125
2017-08-04,66.6850147365,4.09181005108,7.06192879492
2017-08-11,66.6850147365,4.79475641534,7.01940215942
2017-08-20,66.6850147365,6.78175242236,7.03191025366
2017-08-20,66.6850147365,6.78675556592,7.03191019775
2017-08-27,66.6850147365,2.7016906748,7.01940226587
2017-09-05,66.6850147365,1.53847239355,7.67480469897
2017-09-05,66.6850147365,1.53346918604,7.68731238013
2017-09-12,66.6850147365,5.04816170898,6.87931574634
2017-09-21,66.6850147365,6.44153971924,6.92434320532
2017-09-21,66.6850147365,6.45404737231,6.92434319067
2017-09-28,66.6850147365,0.0625387780762,40.7151548213
2017-10-07,66.6850147365,3.5699338942,5.14454024231
2017-10-07,66.6850147365,3.61496210928,5.15438969071
2017-10-14,66.6850147365,4.40025008398,6.74172963184
2017-10-23,66.6850147365,2.39148572437,18.7301585008
2017-10-23,66.6850147365,2.36146720923,18.7470025334
2017-10-30,66.6850147365,2.59662376392,6.5616179519
2017-11-08,66.6850147365,3.82489285278,6.3464840752
2017-11-08,66.6850147365,3.80988341309,6.35148732617
2017-11-15,66.6850147365,4.17762791406,10.7182399432
2017-11-24,66.6850147365,0.0,66.6850147365
2017-11-24,66.6850147365,0.0,66.6850147365
2017-12-01,66.6850147365,1.78862469067,4.76800725366
2017-12-10,66.6850147365,3.95247664233,6.12888749331
2017-12-10,66.6850147365,3.93746731787,6.12888744643
2017-12-17,66.6850147365,4.23765736157,6.59663978979
2017-12-26,66.6850147365,2.83427420532,22.3524152367
2018-01-02,66.6850147365,5.76612365674,6.20389564624
2018-01-11,66.6850147365,2.966862052,21.9443234776
2018-01-11,66.6850147365,2.94434801929,22.0630340749
2018-01-18,66.6850147365,3.98487821212,9.52718008698
2018-01-27,66.6850147365,0.00250158300781,66.6850147365
2018-01-27,66.6850147365,0.00250158300781,66.6850147365
2018-02-03,66.6850147365,2.64417145654,4.89825773457
2018-02-12,66.6850147365,5.37337774512,5.43591639209
2018-02-12,66.6850147365,5.36337156665,5.43591638477
2018-02-28,66.6850147365,0.0,18.2987916266
2018-02-28,66.6850147365,0.0,18.3178721434
2018-03-07,66.6850147365,3.54221840161,6.70831120103
2018-03-16,66.6502276288,2.656676052,5.84367044019
2018-03-16,66.6566337144,2.65917764185,5.8361658125
2018-04-08,66.6850147365,6.88431723828,7.17950170166
2018-04-17,66.6850147365,4.90057234985,15.1909552158
2018-04-17,66.6850147365,4.90557539917,15.169333975
2018-04-24,66.6850147365,6.23891399487,7.13697544751
2018-05-03,66.6850147365,2.47655749023,6.32652398876
2018-05-03,66.6850147365,2.46905278345,6.31651778319
2018-05-10,66.6850147365,4.775508854,7.18950802856
2018-05-19,66.6850147365,5.67355383472,6.58412481226
2018-05-19,66.6850147365,5.67355392725,6.58162328198
2018-05-26,66.6850147365,5.00314931616,7.1719974021
2018-06-04,66.6850147365,6.23391436206,7.19200969824
2018-06-04,66.6850147365,6.23391437646,7.17199752222
2018-06-11,66.6850147365,4.19763518433,7.20701942432
2018-06-20,66.6850147365,5.02065982178,7.13197220459
2018-06-20,66.6850147365,5.01065344995,7.10445530444
2018-06-27,66.6850147365,3.98750852173,7.18450545605
2018-07-06,66.6850147365,6.40151153394,7.08694450391
2018-07-06,66.6850147365,6.40151150244,7.09194761768
2018-07-13,66.6850147365,6.74923166162,7.08194129761
2018-07-22,66.6850147365,6.81677418921,7.06192875269
2018-07-22,66.6850147365,6.82678045483,7.06693187744
2018-07-29,66.6850147365,6.48656484595,7.05442446582
2018-08-07,66.6850147365,5.45091020215,7.0819414353
2018-08-07,66.6850147365,5.44340544873,7.07193520703
2018-08-14,66.6850147365,5.73359188135,7.16449337573
2018-08-23,66.6850147365,4.98674148276,7.12696882251
2018-08-23,66.6850147365,4.9817382391,7.12196567383
2018-08-30,66.6850147365,6.3039506792,7.00439277881
2018-09-08,66.6850147365,4.17010724243,6.931847896
2018-09-08,66.6850147365,4.16510405835,6.93935252197
2018-09-15,66.6850147365,4.67793559009,6.73922826929
2018-09-24,66.6850147365,4.54784692651,6.43403840405
2018-09-24,66.6850147365,4.55285017065,6.43653998364
2018-10-01,66.6850147365,5.25079391821,6.17637819971
2018-10-10,66.6850147365,5.0756866687,5.90871126904
2018-10-10,66.6850147365,5.06818186206,5.908711271
2018-10-17,66.6850147365,1.79861921289,3.64232043545
2018-10-26,66.6850147365,3.83990452954,5.79113793311
2018-10-26,66.6850147365,3.8374029751,5.77362704102
2018-11-02,66.6850147365,4.49532729199,5.427238988
2018-11-11,66.6850147365,2.68668208032,5.60352087573
2018-11-11,66.6850147365,2.68418047925,5.61602872095
2018-11-18,66.6850147365,3.26704500806,5.50345878638
2018-11-27,66.6850147365,3.77665564838,5.26509602972
2018-11-27,66.6850147365,3.78165876678,5.26759768841
2018-12-04,66.6850147365,0.0,5.00064500293
2018-12-13,66.6850147365,3.45467226758,4.86556096362
2018-12-13,66.6850147365,3.47468487354,4.86556097729
2018-12-20,66.6850147365,3.10445242603,4.65042651172
2019-01-05,66.6850147365,2.55159934033,7.3024906785
2019-01-14,66.6850147365,3.60975763281,7.03961893028
2019-01-14,66.6850147365,3.62226546899,7.05212663292
2019-01-21,66.6850147365,4.81551591455,6.54660873242
2019-01-30,66.6850147365,1.52095243066,5.76729025879
2019-01-30,66.6850147365,1.51594930786,5.76228722119
2019-02-06,66.6850147365,3.70983025098,7.19201180664
2019-02-22,66.6850147365,4.1503654987,7.05683787413
2019-03-03,66.6850147365,2.05129118896,7.18200365796
2019-03-03,66.6850147365,2.0562942666,7.17950223682
2019-03-10,66.6850147365,3.83991483691,6.62165467871
2019-03-19,66.6850147365,3.23953065186,6.97937840845
2019-03-19,66.6850147365,3.23202589087,6.97687682739
2019-03-26,66.6850147365,3.87744004956,6.88431938501
2019-04-04,66.6850147365,1.24327725366,31.8763812497
2019-04-04,66.6850147365,1.2207632002,31.8727807377
2019-04-11,66.6850147365,0.442778847412,7.17950100269
2019-04-20,66.6850147365,3.55223174976,7.10445587061
2019-04-20,66.6850147365,3.5547333313,7.10445594189
2019-04-27,66.6850147365,5.00564002905,7.07193581592
2019-05-06,66.6850147365,2.82926864209,7.0719353252
2019-05-06,66.6850147365,2.8192623562,7.07193529517
2019-05-13,66.6850147365,3.04191119434,7.09695101709
2019-05-22,66.6850147365,4.08007301538,7.11946521606
2019-05-22,66.6850147365,4.09258079199,7.09945285474
2019-05-29,66.6850147365,4.55286950098,7.12446830493
2019-06-07,66.6850147365,5.21328465747,7.04692005762
2019-06-07,66.6850147365,5.21578625049,7.04942161865
2019-06-14,66.6850147365,4.75799885254,7.03941562915
2019-06-23,66.6850147365,4.63041798364,7.02440601855
2019-06-23,66.6850147365,4.62791638867,7.03191062915
2019-06-30,66.6850147365,3.32209174536,7.04692011841
2019-07-09,66.6850147365,4.30270643677,6.98938401025
2019-07-09,66.6850147365,4.28769705884,6.99688863672
2019-07-16,66.6850147365,4.83302781299,7.0269069834
2019-07-25,66.6850147365,6.77925256128,7.02940855347
2019-07-25,66.6850147365,6.78675708984,7.01940222485
2019-08-01,66.6850147365,6.87681363672,7.06192900684
2019-08-10,66.6850147365,6.9018268252,7.35210321777
2019-08-10,66.6850147365,6.90182678613,7.34459865137
2019-08-17,66.6850147365,4.28267754297,6.94435557202
2019-08-26,66.6850147365,5.90803704831,6.97937773364
2019-08-26,66.6850147365,5.90053242063,6.96937134082
2019-09-02,66.6850147365,5.10741447202,6.92184185034
2019-09-11,66.6850147365,4.07255409521,6.79176114355
2019-09-11,66.6850147365,4.06254774585,6.79676419409
2019-09-18,66.6850147365,4.92809169995,6.6516741001
2019-09-27,66.6850147365,5.8136482312,6.34398236182
2019-09-27,66.6850147365,5.80864509839,6.33147468042