Date,Rarea,NDWI,MNDWI
2013-03-28,6.5003766857,0.0,0.0260471175537
2013-03-28,6.69618025913,0.0260471732788,0.0880214209595
2013-04-28,6.69618025913,0.0,0.0
2013-05-14,6.69618025913,0.0,0.0
2013-05-30,6.69618025913,0.0,0.0
2013-06-15,6.69618025913,0.00089818371582,0.0
2013-07-01,6.39132159837,0.0,0.0
2013-07-01,6.69618025913,0.0,0.0
2013-07-17,6.23984142384,0.0,0.0
2013-07-17,6.69618025913,0.0,0.0
2013-08-02,6.434515588,0.0,0.0
2013-08-02,6.69618025913,0.0,0.0
2013-08-18,6.55437247551,0.0,0.0
2013-08-18,6.69618025913,0.0,0.0
2013-09-03,6.69618025913,0.0,0.0
2013-09-03,6.69618025913,0.0,0.0
2013-09-19,6.41582271056,0.0,0.0
2013-09-19,6.69618025913,0.0,0.0
2013-10-05,6.33165027357,0.0,0.0
2013-10-05,6.69618025913,0.0,0.0
2013-11-06,6.36339325107,0.0,0.0
2013-11-06,6.69618025913,0.0,0.0
2013-12-24,5.42311941726,0.0,0.053571233695
2014-01-25,6.03562451475,0.0,0.0
2014-01-25,6.40459608658,0.0,0.00359271795654
2014-02-10,5.54096741037,0.0,0.142812398682
2014-03-30,5.37201515767,0.0,0.0485019378662
2014-03-30,6.52863386276,0.0,0.050298312561
2014-04-15,5.37351226679,0.0116765103149,0.112274202271
2014-04-15,6.69618025913,0.0125746963501,0.114070587769
2014-05-01,5.76954671614,0.0287422125244,0.0988013208008
2014-05-01,6.69618025913,0.0305385993042,0.0979031271973
2014-05-17,6.69618025913,0.0323349996338,0.0601790280151
2014-05-17,6.69618025913,0.0305386051636,0.0601790194702
2014-06-02,6.65600139423,0.0287422529297,0.0520952822266
2014-06-02,6.69618025913,0.0278440543823,0.052993484314
2014-06-18,6.55527066375,0.0170657294312,0.0206585115967
2014-06-18,6.69618025913,0.0170657294312,0.020658512085
2014-07-04,6.49405659055,0.0107783520508,0.0161675232544
2014-07-04,6.69618025913,0.0107783520508,0.0161675232544
2014-07-20,6.25763608288,0.00269457232666,0.00269457275391
2014-07-20,6.69618025913,0.00359276324463,0.00269457275391
2014-08-05,6.61926381074,0.0,0.00179638183594
2014-08-05,6.69618025913,0.0,0.00269457232666
2014-08-21,6.59947551685,0.0,0.000898190917969
2014-08-21,6.69618025913,0.0,0.000898190917969
2014-09-06,6.49226020914,0.0,0.0
2014-09-06,6.69618025913,0.0,0.0
2014-09-22,5.76415763386,0.0,0.0
2014-09-22,6.69618025913,0.0,0.0
2014-10-08,6.38952520616,0.0,0.0
2014-10-08,6.69618025913,0.0,0.0
2014-10-24,6.4904638187,0.0,0.0
2014-10-24,6.69618025913,0.0,0.0
2014-11-09,6.59422730108,0.0,0.0
2014-11-09,6.69618025913,0.0,0.0
2014-11-25,6.319075654,0.0,0.0
2014-11-25,6.69618025913,0.0,0.0
2015-01-12,6.22554744383,0.0,0.00449093939209
2015-01-12,6.49164492436,0.000898191833496,0.0080837053833
2015-02-13,5.68020695125,0.0745500667114,0.138321869507
2015-02-13,6.69618025913,0.0745500667114,0.141016435547
2015-03-17,6.02072238259,0.0709573178101,0.0934121673584
2015-03-17,6.69618025913,0.0691609265137,0.0952085626831
2015-04-02,5.52968104934,0.0520952570801,0.0772446740723
2015-04-02,6.69618025913,0.0529934457397,0.0763464772949
2015-05-04,6.69618025913,0.0,0.00179639526367
2015-05-04,6.69618025913,0.0,0.00179639526367
2015-05-20,6.69618025913,0.0,0.0
2015-05-20,6.69618025913,0.0,0.0
2015-06-05,6.69542296518,0.0,0.0
2015-06-05,6.69618025913,0.0,0.0
2015-06-21,6.62964754555,0.0,0.0
2015-06-21,6.69618025913,0.0,0.0
2015-07-07,6.69618025913,0.0,0.0
2015-07-07,6.69618025913,0.0,0.0
2015-07-23,6.69542296518,0.0,0.0
2015-07-23,6.69618025913,0.0,0.0
2015-08-08,6.16237540273,0.0,0.0
2015-08-08,6.69618025913,0.0,0.0
2015-08-24,6.36199135907,0.0,0.0
2015-08-24,6.69618025913,0.0,0.0
2015-09-25,6.67835390781,0.0,0.0
2015-09-25,6.69618025913,0.0,0.0
2015-10-11,6.34394308477,0.0,0.00187743158509
2015-10-11,6.69618025913,0.0,0.0012751032892
2015-11-12,5.68503083209,0.0,0.362517937012
2015-12-30,6.36199135907,0.0,0.0
2015-12-30,6.69618025913,0.0,0.0
2016-01-31,6.37143464979,0.0,0.0
2016-01-31,6.69618025913,0.0,0.0
2016-02-16,5.63485019492,0.0,0.0
2016-02-16,6.69618025913,0.0,0.0
2016-03-03,6.16237540273,0.0,0.0
2016-03-03,6.69618025913,0.0,0.0
2016-05-06,6.69618025913,0.0,0.0
2016-05-06,6.69618025913,0.0,0.0
2016-05-22,6.69618025913,0.0,0.0
2016-05-22,6.69618025913,0.0,0.0
2016-06-07,6.52184400553,0.0,0.0
2016-06-07,6.69618025913,0.0,0.0
2016-06-23,6.25763608288,0.000898187805176,0.000898187805176
2016-06-23,6.69618025913,0.000898187805176,0.000898187805176
2016-07-09,6.57313575386,0.000898187805176,0.0
2016-07-09,6.69618025913,0.000898187805176,0.0
2016-08-10,5.89652585813,0.0,0.0
2016-08-10,6.69618025913,0.0,0.0
2016-08-26,6.35292495599,0.000898187805176,0.000898187805176
2016-08-26,6.69618025913,0.000898187805176,0.000898187805176
2016-09-11,6.44170106701,0.000898187805176,0.0
2016-09-11,6.69618025913,0.000898187805176,0.0
2016-09-27,6.04407527535,0.0,0.0
2016-09-27,6.69618025913,0.0,0.0
2016-10-13,6.58150123079,0.000898187805176,0.0
2016-10-13,6.69618025913,0.0,0.0
2016-10-29,6.6610523719,0.0,0.0
2016-10-29,6.69618025913,0.0,0.0
2016-11-14,5.50019637395,0.0,0.0035927467041
2016-11-30,6.6242302474,0.0,0.00808372290039
2016-11-30,6.69618025913,0.0,0.00718553375244
2017-01-17,6.36199135907,0.0,0.0
2017-01-17,6.69618025913,0.000898191833496,0.00449095916748
2017-02-02,6.04048249099,0.0,0.0
2017-02-02,6.69618025913,0.000898191833496,0.00449095916748
2017-03-06,5.95291093098,0.0,0.0
2017-03-06,6.69618025913,0.0,0.000898191833496
2017-03-22,5.60060630169,0.0,0.0
2017-03-22,6.69618025913,0.0,0.000898191833496
2017-05-25,6.66559966275,0.0,0.0
2017-05-25,6.69618025913,0.0,0.0
2017-06-10,6.69298553541,0.0,0.0
2017-06-10,6.69618025913,0.0,0.0
2017-06-26,6.58599215181,0.0,0.0
2017-06-26,6.69618025913,0.0,0.0
2017-07-12,6.07257421082,0.0,0.0
2017-07-12,6.69618025913,0.0,0.0
2017-07-28,6.35292495599,0.0,0.0
2017-07-28,6.69618025913,0.0,0.0
2017-08-13,6.52907176696,0.0,0.0
2017-08-13,6.69618025913,0.0,0.0
2017-08-29,6.43271919579,0.0,0.0
2017-08-29,6.69618025913,0.0,0.0
2017-09-14,5.94123448976,0.00179638140869,0.0
2017-09-14,6.69618025913,0.00179638140869,0.0
2017-09-30,6.6610523719,0.0,0.0
2017-09-30,6.69618025913,0.0,0.0
2017-10-16,6.69618025913,0.00269463867188,0.0
2017-10-16,6.69618025913,0.00359282061768,0.0
2017-11-01,6.69618025913,0.0,0.0
2017-11-01,6.69618025913,0.0,0.0
2017-12-03,5.91664881404,0.0,0.0
2017-12-03,6.69618025913,0.0,0.0
2017-12-19,6.64554720528,0.11496880011,0.167064050354
2017-12-19,6.69618025913,0.116765195435,0.167064059265
2018-01-04,6.59001815626,0.111376015259,0.142812784241
2018-01-04,6.69618025913,0.110477817627,0.144609179138
2018-01-20,6.08335246698,0.0844301898804,0.12215434729
2018-01-20,6.69618025913,0.0835320056763,0.122154355835
2018-02-05,6.69618025913,0.0260476320801,0.0790410357666
2018-03-09,6.69618025913,0.0,0.0
2018-03-25,5.4511194097,0.0,0.0
2018-03-25,6.69618025913,0.0,0.000898181030273
2018-04-26,5.90856511183,0.0,0.000898181030273
2018-04-26,6.69618025913,0.0,0.0
2018-05-12,6.21790802248,0.0,0.000898181030273
2018-05-12,6.69618025913,0.0,0.000898181030273
2018-05-28,6.10041806678,0.0,0.000898181030273
2018-05-28,6.69618025913,0.0,0.000898181030273
2018-06-13,6.41582271056,0.0,0.0
2018-06-13,6.69618025913,0.0,0.0
2018-06-29,6.5066311868,0.0,0.0
2018-06-29,6.69618025913,0.0,0.0
2018-07-31,6.11471858373,0.0,0.0
2018-07-31,6.69618025913,0.0,0.0
2018-08-16,6.39850707737,0.0,0.0
2018-08-16,6.69618025913,0.0,0.0
2018-09-01,6.35480588366,0.0107783015747,0.00269457275391
2018-09-01,6.69618025913,0.0107783042603,0.00269457275391
2018-09-17,6.11474676175,0.00302913858571,0.0
2018-09-17,6.69618025913,0.00264873473762,0.0
2018-10-03,6.47470503921,0.0,0.0
2018-10-03,6.69618025913,0.0,0.0
2018-11-04,6.69618025913,0.0,0.0
2018-11-04,6.69618025913,0.0,0.0
2018-12-06,6.21880622103,0.0,0.0
2018-12-06,6.69618025913,0.0,0.0
2019-01-23,6.69618025913,0.0,0.0
2019-02-24,6.0489264491,0.0,0.13293348468
2019-03-28,5.73451735743,0.0,0.00179639935303
2019-03-28,6.69618025913,0.0,0.00179639935303
2019-05-15,6.69618025913,0.0,0.0
2019-05-15,6.69618025913,0.0,0.0
2019-05-31,6.69618025913,0.0,0.0
2019-05-31,6.69618025913,0.0,0.0
2019-06-16,6.69618025913,0.0,0.0
2019-06-16,6.69618025913,0.0,0.0
2019-07-02,6.670090595,0.0,0.0
2019-07-02,6.69618025913,0.0,0.0
2019-07-18,6.08065793323,0.0,0.0
2019-07-18,6.69618025913,0.0,0.0
2019-08-03,6.27739620934,0.0,0.0
2019-08-03,6.69618025913,0.0,0.0
2019-08-19,6.16057902486,0.0,0.0
2019-08-19,6.69618025913,0.0,0.0
2019-09-04,6.02162057845,0.0,0.0
2019-09-04,6.69618025913,0.0,0.0
2019-09-20,6.37679562606,0.0,0.0
2019-09-20,6.69618025913,0.0,0.0