Date,Rarea,NDWI,MNDWI
2013-03-28,6.61683721279,0.253475499154,0.299341809869
2013-04-28,6.61683721279,0.272403017816,0.309219412164
2013-05-05,6.60930374264,0.269615641225,0.288501868153
2013-05-14,6.61683721279,0.272403019647,0.295750005792
2013-05-30,6.61683721279,0.273300991204,0.285872443353
2013-06-15,6.61683721279,0.262525461297,0.254443746453
2013-06-22,6.61681930134,0.271414364796,0.267817052968
2013-07-01,6.61683721279,0.265148833139,0.263423238275
2013-07-17,6.61683721279,0.264321277947,0.253545749871
2013-07-24,6.26926205306,0.645527140868,0.271414379506
2013-08-02,6.61683721279,0.475271716195,0.244566169793
2013-08-18,6.61683721279,0.219352871225,0.20857731373
2013-09-03,6.61683721279,0.176321037713,0.159259770379
2013-09-19,6.61683721279,0.161953669427,0.150209696542
2013-09-26,6.61681930134,0.158996512257,0.154207111633
2013-10-05,6.61683721279,0.150857731873,0.140082168945
2013-12-08,6.61683721279,0.352321722039,0.407851093784
2014-01-16,6.61591995295,0.236339848988,0.258724833762
2014-01-25,6.61683721279,0.211341578485,0.231487349603
2014-03-30,6.61683721279,0.353219768914,0.415569755609
2014-04-06,6.61681930134,0.346958962575,0.401720252036
2014-04-15,6.61683721279,0.351423805291,0.421027994523
2014-04-22,5.88106026717,0.331670181935,0.395241482469
2014-05-01,6.61683721279,0.357709509271,0.389599376298
2014-05-08,6.61681930134,0.355053066395,0.419707095725
2014-05-17,6.61683721279,0.366252462602,0.386007501298
2014-06-02,6.61683721279,0.387898831828,0.38241567183
2014-06-18,6.61683721279,0.375231951127,0.372538005205
2014-06-25,5.44250415607,0.370059809251,0.363048565329
2014-07-04,6.61683721279,0.377027868059,0.37516135589
2014-07-20,6.61683721279,0.745659280122,0.352782838884
2014-07-27,5.6470408255,0.467287513901,0.324376853781
2014-08-05,6.61683721279,0.44292792152,0.324048102678
2014-08-21,6.61683721279,0.315966390397,0.283569225946
2014-09-06,6.61683721279,0.281382603448,0.24592530916
2014-10-08,6.61683721279,0.200565977532,0.186198442498
2014-10-24,6.61683721279,0.205633574097,0.214933404168
2014-10-31,6.61681930134,0.227533321045,0.239038035939
2014-11-09,6.61683721279,0.278368564087,0.291260250237
2014-11-25,6.61683721279,0.347582030685,0.383750390496
2015-01-03,6.61681930134,0.302598424377,0.38832878954
2015-02-13,6.61683721279,0.255021580078,0.352321663751
2015-02-20,6.61681930134,0.223935903748,0.328072888844
2015-03-08,6.42854567963,0.217160839661,0.285803844594
2015-03-17,6.61683721279,0.231994959466,0.294852076714
2015-03-24,6.6111411931,0.242342490356,0.290300560658
2015-04-02,6.61683721279,0.2598316242,0.308321404778
2015-05-04,6.61683721279,0.244566192376,0.239178365289
2015-05-20,6.61683721279,0.252647832208,0.263423124261
2015-06-05,6.61683721279,0.232892672845,0.223014963983
2015-06-21,6.61683721279,0.231011758324,0.191586129815
2015-07-07,6.61144941238,0.29931386067,0.196076148004
2015-07-23,6.61683721279,0.406491946284,0.280484569268
2015-08-08,6.61683721279,0.366689216729,0.293056159783
2015-08-24,6.61683721279,0.323586899957,0.312811342339
2015-09-09,6.61683721279,0.350525829461,0.337056372003
2015-09-25,6.61683721279,0.376566919915,0.369383141473
2015-10-11,6.039795074,0.372974129998,0.657626513116
2015-10-18,5.63194966204,0.336773366272,0.346059518239
2015-12-05,6.03701954103,0.198754394958,0.266204993408
2015-12-30,6.61683721279,0.291190068673,0.331668770013
2016-01-06,6.61681930134,0.297202292175,0.330477989563
2016-01-31,6.61683721279,0.278618557199,0.33885248095
2016-02-07,6.61681930134,0.26122862793,0.329871387807
2016-03-03,6.61683721279,0.226286803833,0.248087739755
2016-03-19,5.37315716775,0.140402429131,0.221218891229
2016-04-04,6.1434489253,0.145470138184,0.269709216485
2016-04-11,6.61681930134,0.18118727478,0.185077518605
2016-04-20,6.61683721279,0.183434506601,0.174525158685
2016-05-06,6.61683721279,0.18074058558,0.170933225518
2016-05-22,6.61683721279,0.178046668283,0.173627057977
2016-06-23,6.61683721279,0.188822193307,0.183504642388
2016-06-30,5.65063815674,0.187775513844,0.185077547719
2016-07-09,6.61683721279,0.187096598931,0.172729115899
2016-08-01,6.41775376886,0.205914043261,0.179681435719
2016-08-10,6.61683721279,0.201464009271,0.179014947015
2016-08-17,6.3164388885,0.300874787634,0.291377182102
2016-08-26,6.61683721279,0.196974169366,0.178116895501
2016-09-02,5.89082698218,0.183278829457,0.172486720814
2016-09-11,6.61683721279,0.178116977105,0.174525052545
2016-09-27,6.61683721279,0.160157829949,0.172729120965
2016-10-13,6.61683721279,0.140082341736,0.144892456536
2016-10-29,6.61683721279,0.140082311707,0.143026077096
2016-11-30,6.61683721279,0.21223957409,0.235586455682
2017-01-17,6.61683721279,0.211021369751,0.245464144402
2017-02-02,6.61683721279,0.253225608704,0.308321679315
2017-03-06,6.61683721279,0.286450141785,0.366252475358
2017-03-13,6.26411004131,0.241023369812,0.316381396046
2017-03-22,6.61683721279,0.246939816162,0.272402989984
2017-03-29,6.61681930134,0.237426089478,0.270514998036
2017-04-30,5.99584763775,0.326460977844,0.394059768853
2017-05-16,6.02802622596,0.36693128064,0.417291166773
2017-05-25,6.61683721279,0.362777004456,0.419161682672
2017-06-10,6.61683721279,0.365470840149,0.411978024469
2017-06-26,6.61683721279,0.371686067116,0.411079995904
2017-07-12,6.61683721279,0.502210594575,0.423651382013
2017-07-19,6.61681930134,1.15820420425,0.495064583079
2017-07-28,6.61683721279,0.667603213969,0.410963840858
2017-08-13,6.61683721279,0.433853432954,0.396596336646
2017-08-29,6.61683721279,0.273797410204,0.29075296734
2017-09-05,6.57435691426,0.242635274647,0.245333343312
2017-09-14,6.61683721279,0.262525410272,0.266944698762
2017-09-21,6.39947445405,0.252528123219,0.271315680625
2017-09-30,6.61683721279,0.23648459295,0.253545758294
2017-10-16,6.61683721279,0.255091734482,0.262525405145
2017-11-01,6.61683721279,0.241801889657,0.259831409905
2017-12-03,6.61683721279,0.257715332153,0.296647932366
2017-12-19,6.61683721279,0.35020560968,0.58417033422
2018-01-04,6.61683721279,0.320572831421,0.399015755242
2018-01-20,6.61683721279,0.280164431152,0.395353373384
2018-02-12,6.61681930134,0.27609776709,0.391026859425
2018-03-09,6.61683721279,0.279266497437,0.367586968926
2018-03-16,6.61681930134,0.272500441101,0.402901752589
2018-03-25,6.61324536086,0.280414466378,0.398117645623
2018-04-26,6.61683721279,0.296327774475,0.382852305718
2018-05-03,6.61681930134,0.299001050781,0.406315724721
2018-05-28,6.61683721279,0.305557332162,0.380158338555
2018-06-04,6.00589561495,0.305296496521,0.376637451344
2018-06-20,5.53036730556,0.302891250661,0.342645906336
2018-06-29,6.61683721279,0.302035732476,0.319487672296
2018-07-22,6.59087633846,0.267351172029,0.219252661977
2018-07-31,6.61683721279,0.236484541924,0.210904727495
2018-08-07,6.15050103535,0.222849924489,0.22544936666
2018-08-16,6.61683721279,0.204157704339,0.214426025995
2018-08-23,5.76384124911,0.197668434499,0.21195928176
2018-09-01,6.61683721279,0.367587236566,0.286263258234
2018-09-17,6.37054527107,0.0395806042935,0.0426652207491
2018-09-24,6.55627048879,0.254033821289,0.262928673555
2018-10-03,6.61683721279,0.298444065118,0.295750043206
2018-10-19,6.61683721279,0.312811471978,0.31819910949
2018-11-04,6.61683721279,0.198770236382,0.203259824639
2018-11-27,5.36643643142,0.201670933907,0.220260985088
2018-12-06,6.61683721279,0.200495800058,0.205953776605
2018-12-13,6.59793314845,0.170687937123,0.183278900563
2019-01-23,6.61683721279,0.315505291802,0.389138177606
2019-02-24,6.16697414875,0.287668541985,0.417095600612
2019-03-19,6.61681930134,0.292998448842,0.35954987029
2019-03-28,6.61683721279,0.294781766122,0.361301193597
2019-04-13,6.61683721279,0.308251131784,0.377464495843
2019-04-29,5.81744135676,0.29093981543,0.611420184556
2019-05-15,6.61683721279,0.311913445916,0.360403139825
2019-05-31,6.61683721279,0.311913468499,0.354117426934
2019-06-16,6.61683721279,0.332566483392,0.354117419366
2019-07-02,6.61683721279,0.354117503839,0.381056336053
2019-07-18,6.61683721279,1.96798863277,0.786937769036
2019-07-25,6.61681930134,0.859916631287,0.520531752858
2019-08-03,6.61683721279,0.831618291241,0.527195845432
2019-08-19,6.61683721279,0.503265089996,0.374263607458
2019-08-26,6.61681930134,0.452636327903,0.355081381753
2019-09-04,6.61683721279,0.356304605139,0.334362381829
2019-09-11,6.61681930134,0.313683357167,0.315482095021
2019-09-20,6.61683721279,0.304659257699,0.324484730462
2019-09-27,5.53666264217,0.265118837819,0.271414345265