Date,Rarea,NDWI,MNDWI
2013-05-05,13.2572772939,1.63414937952,1.71248041534
2013-05-21,13.2572772939,1.65395723114,1.75146070981
2013-06-06,13.2572772939,1.66746259814,1.73525426242
2013-06-22,13.2563769267,1.68456930347,1.71665747853
2013-07-08,13.2563769267,1.69987531104,1.728881115
2013-07-24,13.25547656,1.75209643433,1.71698218219
2013-08-25,13.2572772939,1.74489327734,1.74991401861
2013-09-10,13.2572772939,1.69537349316,1.74039134698
2013-09-26,13.2572772939,1.63955138959,1.68186808881
2013-10-12,13.2572772939,1.60533793909,1.66206022473
2013-11-13,13.2572772939,1.61074011188,1.68997128552
2013-12-15,13.1285249549,1.50809939081,1.72328463379
2013-12-31,13.2572772939,1.61884335638,1.71968333362
2014-01-16,13.2572772939,1.62964756104,1.72688619196
2014-02-17,12.7722764017,1.63685047205,1.74039144678
2014-05-08,13.2572772939,1.46218040637,1.77602451513
2014-05-24,13.2554765602,1.49279235883,1.774605133
2014-06-09,13.2545761926,1.70437716748,1.76470113879
2014-06-25,13.2563769268,1.70437698889,1.75119593805
2014-07-11,13.2050700854,1.71518138049,1.70579312084
2014-07-27,13.2572772939,1.67916714191,1.64495360187
2014-08-28,13.2563769274,1.76740210394,1.67286458643
2014-09-13,13.2545761935,1.70797843695,1.71157989539
2014-10-31,13.2572772939,1.62514580786,1.72238419604
2015-01-03,13.2572772939,1.62154437085,1.76560147162
2015-02-20,13.2572772939,1.64495366693,1.76109966998
2015-03-24,13.2572772939,1.6386511488,1.73408905103
2015-04-25,13.2572772939,1.24609394958,1.7349893667
2015-05-27,13.2572772939,1.66656212,1.74579376208
2015-06-12,13.2572772939,1.71788245007,1.80239987501
2015-07-14,13.2572772939,1.74219211139,1.76225080502
2015-07-30,13.2572772939,1.72778631708,1.72985207229
2015-08-15,13.2554765602,1.68817054498,1.67376495551
2015-08-31,13.2572772939,1.66926304932,1.65845883545
2015-09-16,13.2563769274,2.25620857655,1.77640507898
2015-10-02,13.2572772939,1.67376470648,1.68727018323
2015-10-18,13.1202844863,1.57931219022,1.70279880962
2015-11-03,13.2527755155,1.5765265705,1.66476143427
2015-12-05,13.2572772939,1.58462973883,1.69627381897
2015-12-21,13.2572772939,1.61344125281,1.71428099036
2016-01-06,13.2572772939,1.61614227173,1.70167597461
2016-02-07,13.2572772939,1.63865123444,1.77640574316
2016-04-11,13.2572772939,1.5441131355,1.77280435352
2016-05-29,13.2572772939,1.66116003967,1.77100371539
2016-06-30,13.2572772939,1.72508532172,1.75520340899
2016-07-16,13.2572772939,1.72418490497,1.73769053918
2016-08-01,13.2572772939,1.74309245282,1.73916639259
2016-08-17,11.7447087139,1.746560769,1.50776302391
2016-09-02,13.2572772939,1.65755841101,1.65575778491
2016-10-20,13.0485707078,1.39645542285,1.54815009142
2016-11-05,13.2572772939,1.56392143829,1.67646596509
2016-12-23,13.2572772939,1.62514589813,1.78630968121
2017-03-13,12.7101451245,1.44597388757,1.76830262811
2017-03-29,13.2572772939,1.64405325525,1.7592989928
2017-04-30,13.2572772939,1.66296078705,1.73949119165
2017-05-16,13.2572772939,1.67106401337,1.75081459606
2017-06-01,13.2572772939,1.69357288885,1.75236107352
2017-06-17,13.2572772939,1.71518146558,1.75710293047
2017-07-19,13.2572772939,1.78721024866,1.75479725098
2017-08-04,13.2572772939,1.75029523584,1.75081445061
2017-08-20,13.2572772939,1.74219216895,1.75351549639
2017-09-21,13.2572772939,1.70779847016,1.83200545075
2017-11-08,13.2572772939,1.57202459491,1.76290031903
2017-12-10,13.2572772939,1.33522961823,1.7773060766
2018-02-12,13.2572772939,1.6368504278,1.75119575256
2018-03-16,13.2572772939,1.6386511673,1.77910688245
2018-05-03,13.2572772939,1.64135224353,1.73769053021
2018-05-19,12.1512964227,1.34153449908,1.38675064708
2018-06-04,13.2572772939,1.679167104,1.73076665066
2018-06-20,13.2572772939,1.70257640594,1.7187830036
2018-07-06,13.2572772939,1.72868672772,1.71184494131
2018-07-22,13.2536758258,1.71788244714,1.71338081158
2018-08-07,13.2563769274,1.68727019714,1.70707815771
2018-08-23,13.2563769274,1.71518126923,1.72830537109
2018-09-24,12.7123323056,2.74481195272,1.8012082354
2018-10-10,13.2572772939,1.67286458441,1.74489312952
2018-10-26,13.2572772939,1.63054786536,1.74939494238
2018-11-11,13.2572772939,1.60983977142,1.73318854523
2018-11-27,13.2572772939,1.59363335193,1.73588957104
2018-12-13,13.2572772939,1.6071386759,1.74219212726
2019-03-03,13.0400179838,1.64945538934,1.81679091891
2019-03-19,13.2572772939,1.65845898077,1.73408896484
2019-04-20,13.0127884154,1.52852121044,1.75987094064
2019-05-06,13.2572772939,1.57112399426,1.75029550665
2019-05-22,13.2572772939,1.67646610724,1.76455649624
2019-06-07,13.2572772939,1.67466537836,1.7187829848
2019-06-23,11.5204447709,0.520406401367,0.3088226474
2019-07-09,13.2572772939,1.7043770824,1.71158009277
2019-07-25,13.2554765602,1.72148382758,1.70887900385
2019-08-26,13.2563769274,1.69627378278,1.68186815991
2019-09-11,13.2572772939,2.08171504924,1.71248027405
2019-09-27,13.2545761935,1.69987530664,1.6746653139