Date,Rarea,NDWI,MNDWI
2013-03-29,7.00480172765,0.229090292525,0.292495375389
2013-04-03,7.00480172765,0.625875563538,0.688012802185
2013-05-24,7.00480172765,0.367420715759,0.391735303772
2013-06-09,7.00480172765,0.312487753601,0.335901808167
2013-06-25,7.00480172765,0.269261809448,0.285471546509
2013-07-11,7.00480172765,0.225135317261,0.240444512451
2013-07-11,7.00480172765,0.226035862183,0.240444517212
2013-07-27,7.00480172765,0.191815309631,0.206223965881
2013-07-27,7.00480172765,0.19631802063,0.207124515991
2013-08-12,7.00480172765,0.161196922241,0.175605581299
2013-08-12,7.00480172765,0.160296384888,0.177406668213
2013-08-28,7.00480172765,0.121573112915,0.138683396362
2013-08-28,7.00480172765,0.122473657471,0.139583940735
2013-09-13,7.00480172765,0.0,7.00480172765
2013-09-13,7.00480172765,0.0,7.00480172765
2013-09-29,7.00480172765,0.0675406335449,0.0855514653931
2013-09-29,7.00480172765,0.0666400944824,0.0855514673462
2013-10-31,7.00480172765,0.0,0.0
2013-10-31,7.00480172765,0.0,0.0
2013-11-16,7.00480172765,0.0,0.0
2013-11-16,7.00480172765,0.0,0.0
2013-12-18,7.00480172765,0.206223950256,0.262057494507
2013-12-18,7.00480172765,0.208025035278,0.258455332153
2014-01-03,7.00480172765,0.0,7.00480172765
2014-01-03,7.00480172765,0.0,7.00480172765
2014-01-19,7.00480172765,0.140484479248,0.154893137512
2014-01-19,7.00480172765,0.144086643555,0.154893136353
2014-02-04,7.00480172765,0.0,0.0
2014-02-20,7.00480172765,0.235041260559,0.271062901611
2014-02-20,7.00480172765,0.238643428284,0.271062901611
2014-03-08,7.00480172765,0.179207744568,0.19271585614
2014-03-08,7.00480172765,0.178307205322,0.196318025024
2014-03-24,7.00480172765,0.133280153137,0.155793684387
2014-03-24,7.00480172765,0.132379615295,0.155793686584
2014-04-09,7.00480172765,0.184610994324,0.20262181427
2014-04-09,7.00480172765,0.182809911438,0.202621815613
2014-04-25,7.00480172765,0.139583940002,0.151290978821
2014-04-25,7.00480172765,0.138683398987,0.151290978821
2014-05-11,7.00480172765,0.108064999695,0.126976368347
2014-05-11,7.00480172765,0.108065000305,0.126976368958
2014-05-27,7.00480172765,0.0882530895386,0.104462836731
2014-05-27,7.00480172765,0.0891536311646,0.106263920288
2014-06-12,7.00480172765,0.0684411778564,0.0891536338501
2014-06-12,7.00480172765,0.0693417200317,0.0918552595215
2014-06-28,7.00480172765,0.051330888855,0.0729438896484
2014-06-28,7.00480172765,0.0513308880615,0.0729438887329
2014-07-14,7.00480172765,0.0297178858032,0.0477287229614
2014-07-14,7.00480172765,0.0306184283447,0.0459276397095
2014-07-30,7.00480172765,0.00630379394531,0.0342205961304
2014-07-30,7.00480172765,0.00630379394531,0.0333200540161
2014-08-15,7.00480172765,0.0,0.0
2014-08-15,7.00480172765,0.0,0.0
2014-08-31,7.00480172765,0.0,0.0
2014-08-31,7.00480172765,0.0,0.0
2014-09-16,7.00480172765,0.0,0.704044347624
2014-09-16,7.00480172765,0.0,0.673429401293
2014-10-02,7.00480172765,0.0,0.0
2014-10-02,7.00480172765,0.0,0.0
2014-10-18,7.00480172765,0.0,0.0
2014-10-18,7.00480172765,0.0,0.0
2014-11-03,7.00480172765,0.40787939204,2.74134819282
2014-11-03,7.00480172765,0.407148351336,2.73026269091
2014-11-19,7.00480172765,0.0,0.0
2014-11-19,7.00480172765,0.0,0.0
2014-12-05,7.00480172765,0.0,0.0
2014-12-05,7.00480172765,0.0,0.0
2014-12-21,7.00480172765,0.119772031006,0.135081232788
2014-12-21,7.00480172765,0.121573115173,0.137782860229
2015-01-06,7.00480172765,0.0720433435059,0.0855514653931
2015-01-06,7.00480172765,0.0729438859253,0.0873525488281
2015-01-22,7.00480172765,0.00990596130371,0.0378227628784
2015-01-22,7.00480172765,0.00900541967773,0.0396238468628
2015-02-07,7.00480172765,0.0,0.0
2015-02-07,7.00480172765,0.0,0.0
2015-02-23,7.00480172765,0.0,0.0
2015-02-23,7.00480172765,0.0,0.0
2015-03-11,7.00480172765,0.0,0.0632282844037
2015-03-11,7.00480172765,0.000900543395996,0.0652271253787
2015-03-27,7.00480172765,0.0,0.0
2015-03-27,7.00480172765,0.0,0.0
2015-04-12,7.00480172765,0.0,0.0108065041504
2015-04-12,7.00480172765,0.0,0.0108065044556
2015-04-28,7.00480172765,0.0,0.0
2015-04-28,7.00480172765,0.0,0.0
2015-05-14,7.00480172765,0.0,0.0
2015-05-14,7.00480172765,0.0,0.0
2015-05-30,7.00480172765,0.0,0.0
2015-05-30,7.00480172765,0.0,0.0
2015-06-15,7.00480172765,0.0,0.0
2015-06-15,7.00480172765,0.0,0.0
2015-07-01,7.00480172765,0.0,0.0
2015-07-01,7.00480172765,0.0,0.0
2015-07-17,7.00480172765,0.0,0.0
2015-07-17,7.00480172765,0.0,0.0
2015-08-02,7.00480172765,0.0,0.0
2015-08-02,7.00480172765,0.0,0.0
2015-08-18,7.00480172765,0.0,0.0
2015-08-18,7.00480172765,0.0,0.0
2015-09-03,7.00480172765,0.0,0.0
2015-09-03,7.00480172765,0.0,0.0
2015-09-19,7.00480172765,0.0,0.0
2015-09-19,7.00480172765,0.0,0.0
2015-10-05,7.00480172765,0.0,0.0
2015-10-05,7.00480172765,0.0,0.0
2015-10-21,7.00480172765,0.0,0.0
2015-10-21,7.00480172765,0.0,0.0
2015-11-06,7.00480172765,0.0,2.07811929457
2015-11-06,7.00480172765,0.0,2.06931162601
2015-11-22,7.00480172765,0.0,0.0
2015-11-22,7.00480172765,0.0,0.0
2015-12-24,7.00480172765,0.0,0.0
2015-12-24,7.00480172765,0.0,0.0
2016-01-09,7.00480172765,0.0,0.0
2016-01-09,7.00480172765,0.0,0.0
2016-01-25,7.00480172765,0.693415949585,0.776265585632
2016-01-25,7.00480172765,0.6961175755,0.774464513611
2016-02-10,7.00480172765,0.619571788635,0.66639982959
2016-02-10,7.00480172765,0.624074504944,0.668200924988
2016-02-26,7.00480172765,0.485391381897,0.584450778625
2016-02-26,7.00480172765,0.486291928284,0.580848629822
2016-03-13,7.00480172765,0.448469289185,0.474584947266
2016-03-13,7.00480172765,0.447568760376,0.470982796753
2016-03-29,7.00480172765,0.375525568909,0.401641237244
2016-03-29,7.00480172765,0.376426109924,0.400740696106
2016-04-14,7.00480172765,0.307985046265,0.32329424115
2016-04-14,7.00480172765,0.310686670715,0.324194782288
2016-04-30,7.00480172765,0.528028352428,0.737865706288
2016-04-30,7.00480172765,0.524426181347,0.724202195053
2016-05-16,7.00480172765,0.288173162354,0.307084518738
2016-05-16,7.00480172765,0.290874789246,0.307985061462
2016-06-01,7.00480172765,0.230538563232,0.25755479364
2016-06-01,7.00480172765,0.234140728699,0.25035046637
2016-06-17,7.00480172765,0.201721265991,0.21252775885
2016-06-17,7.00480172765,0.200820725464,0.211627219482
2016-07-03,7.00480172765,0.160296383606,0.180108293091
2016-07-03,7.00480172765,0.157594760437,0.180108291809
2016-07-19,7.00480172765,0.121573115601,0.141385024353
2016-07-19,7.00480172765,0.119772033447,0.140484486511
2016-08-04,7.00480172765,0.0909547139282,0.104462835388
2016-08-04,7.00480172765,0.090054171814,0.106263918518
2016-08-20,7.00480172765,0.0369222183838,0.056734138855
2016-08-20,7.00480172765,0.0360216763916,0.0558335971069
2016-09-05,7.00480172765,0.000900541748047,0.00180108337402
2016-09-05,7.00480172765,0.00180108337402,0.00180108337402
2016-09-21,7.00480172765,0.0,0.0
2016-09-21,7.00480172765,0.0,0.0
2016-10-07,7.00480172765,0.0,0.0
2016-10-23,7.00480172765,0.0,0.0
2016-10-23,7.00480172765,0.0,0.0
2016-11-08,7.00480172765,0.0,0.0
2016-11-08,7.00480172765,0.0,0.0
2016-11-24,7.00480172765,0.0,0.0
2016-11-24,7.00480172765,0.0,0.0
2016-12-10,7.00480172765,0.0,0.0
2016-12-10,7.00480172765,0.0,0.0
2016-12-26,7.00480172765,0.0,0.0
2016-12-26,7.00480172765,0.0,0.0
2017-01-11,7.00480172765,0.00180109094238,7.00480172765
2017-01-27,7.00480172765,0.624975019104,0.686211691284
2017-01-27,7.00480172765,0.623173950073,0.680808470093
2017-02-12,7.00480172765,0.55203134198,0.589853999817
2017-02-12,7.00480172765,0.546628118835,0.588953468323
2017-02-28,7.00480172765,0.874424102356,0.986073257101
2017-02-28,7.00480172765,0.878026268433,0.986973808492
2017-03-16,7.00480172765,0.616870187134,0.651090676331
2017-03-16,7.00480172765,0.613268033264,0.65289176239
2017-04-01,7.00480172765,0.518711377136,0.556534041382
2017-04-01,7.00480172765,0.520512462585,0.556534045898
2017-04-17,7.00480172765,0.466480084229,0.494396821899
2017-04-17,7.00480172765,0.46828117218,0.492595749939
2017-05-03,7.00480172765,0.399840144043,0.416950413635
2017-05-03,7.00480172765,0.400740689758,0.415149336426
2017-05-19,7.00480172765,0.331399092041,0.353012058167
2017-05-19,7.00480172765,0.331399093262,0.350310436462
2017-06-04,7.00480172765,0.295377483521,0.314288835937
2017-06-04,7.00480172765,0.293576401001,0.312487755859
2017-06-20,7.00480172765,0.245847753967,0.276466139099
2017-06-20,7.00480172765,0.246748296082,0.27736668103
2017-07-06,7.00480172765,0.22243369696,0.239543976501
2017-07-06,7.00480172765,0.223334238342,0.240444518799
2017-07-22,7.00480172765,0.19541747821,0.208025053162
2017-07-22,7.00480172765,0.192715856384,0.20802505603
2017-08-07,7.00480172765,0.159395840454,0.177406666931
2017-08-07,7.00480172765,0.155793674988,0.17920774823
2017-08-23,7.00480172765,0.122473656921,0.144086650635
2017-08-23,7.00480172765,0.124274740967,0.14408664978
2017-09-08,7.00480172765,0.0909547133179,0.106263916626
2017-09-08,7.00480172765,0.0909547139893,0.10806500116
2017-09-24,7.00480172765,0.0468281834106,0.333348145244
2017-09-24,7.00480172765,0.0477287259521,0.33513510648
2017-10-10,7.00480172765,0.00630379138184,0.0153092110596
2017-10-10,7.00480172765,0.00630379138184,0.0153092111816
2017-10-26,7.00480172765,0.00180108337402,0.00180108337402
2017-10-26,7.00480172765,0.00180108337402,0.00180108337402
2017-11-11,7.00480172765,0.000900541748047,0.0
2017-11-11,7.00480172765,0.000900541748047,0.000900541748047
2017-11-27,7.00480172765,0.0,0.0
2017-11-27,7.00480172765,0.0,0.0
2017-12-13,7.00480172765,0.0,0.0
2017-12-13,7.00480172765,0.0,0.0
2017-12-29,7.00480172765,0.0,0.0
2017-12-29,7.00480172765,0.0,0.0
2018-01-14,7.00480172765,0.0,0.0
2018-01-14,7.00480172765,0.0,0.0
2018-01-30,7.00480172765,0.0,0.0
2018-01-30,7.00480172765,0.0,0.0
2018-02-15,7.00480172765,0.0,0.0
2018-02-15,7.00480172765,0.0,0.0
2018-03-03,7.00480172765,0.437662804626,0.487192505432
2018-03-03,7.00480172765,0.439463891235,0.488093058228
2018-03-19,7.00480172765,0.341305037537,0.375525581116
2018-03-19,7.00480172765,0.34400665686,0.376426121033
2018-04-20,7.00480172765,0.255753707031,0.273764521667
2018-04-20,7.00480172765,0.252151544983,0.273764521606
2018-05-06,7.00480172765,0.207124509399,0.220632620544
2018-05-06,7.00480172765,0.205323425842,0.224234786011
2018-05-22,7.00480172765,0.173804501038,0.190914783691
2018-05-22,7.00480172765,0.176506125977,0.188213161011
2018-06-07,7.00480172765,0.140484479492,0.156694225891
2018-06-07,7.00480172765,0.138683398254,0.153992601257
2018-06-23,7.00480172765,0.113468246338,0.130578532471
2018-06-23,7.00480172765,0.110766622559,0.128777450623
2018-07-09,7.00480172765,0.095457420105,0.110766624695
2018-07-09,7.00480172765,0.0963579613647,0.110766624695
2018-07-25,7.00480172765,0.0702422608032,0.0882530932007
2018-07-25,7.00480172765,0.0702422613525,0.0882530925903
2018-08-10,7.00480172765,0.038723302063,0.0585352219849
2018-08-10,7.00480172765,0.0369222175903,0.0594357640991
2018-08-26,7.00480172765,0.0774217098532,0.105352529578
2018-08-26,7.00480172765,0.074720093093,0.103339553646
2018-09-11,7.00480172765,0.00360216650391,0.00360216650391
2018-09-11,7.00480172765,0.00270162487793,0.00270162487793
2018-09-27,7.00480172765,0.00180108337402,0.000900541748047
2018-09-27,7.00480172765,0.000900541748047,0.000900541748047
2018-10-13,7.00480172765,0.0,7.00480172765
2018-10-13,7.00480172765,0.0,7.00480172765
2018-10-29,7.00480172765,0.0,0.0
2018-10-29,7.00480172765,0.0,0.0
2018-11-14,7.00480172765,0.0,0.0
2018-11-14,7.00480172765,0.0,0.0
2018-11-30,7.00480172765,0.0,0.0
2018-11-30,7.00480172765,0.0,0.0
2018-12-16,7.00480172765,0.0,0.0
2018-12-16,7.00480172765,0.0,0.0
2019-01-01,7.00480172765,0.0,0.0
2019-01-17,7.00480172765,0.0,0.0
2019-01-17,7.00480172765,0.0,0.0
2019-02-02,7.00480172765,0.00360216650391,0.0063037911377
2019-02-02,7.00480172765,0.002701625,0.00540324987793
2019-02-18,7.00480172765,0.362918003479,0.405243402405
2019-02-18,7.00480172765,0.362918011902,0.40614395166
2019-03-06,7.00480172765,0.287272621643,0.306183972961
2019-03-06,7.00480172765,0.288173163574,0.303482358704
2019-03-22,7.00480172765,0.220632614258,0.232339648376
2019-03-22,7.00480172765,0.216129915405,0.226936408936
2019-04-07,7.00480172765,0.162097462585,0.17650612146
2019-04-07,7.00480172765,0.15939584137,0.180108288757
2019-04-23,7.00480172765,0.125175282288,0.143186110596
2019-04-23,7.00480172765,0.12877744696,0.144987191833
2019-05-09,7.00480172765,0.0954574210815,0.108065002686
2019-05-09,7.00480172765,0.0927557966919,0.10896554364
2019-05-25,7.00480172765,0.06664009375,0.0891536333618
2019-05-25,7.00480172765,0.0666400930786,0.0900541757202
2019-06-10,7.00480172765,0.0459276359863,0.0630379313354
2019-06-10,7.00480172765,0.0459276367798,0.0639384742432
2019-06-26,7.00480172765,0.023414088501,0.0369222189941
2019-06-26,7.00480172765,0.022513546875,0.036021677063
2019-07-12,7.00480172765,0.00630379138184,0.00720433288574
2019-07-12,7.00480172765,0.00810487475586,0.00810487475586
2019-07-28,7.00480172765,0.00450270812988,0.00450270812988
2019-07-28,7.00480172765,0.00450270825195,0.00360216650391
2019-08-13,7.00480172765,0.002701625,0.00360216650391
2019-08-13,7.00480172765,0.00360216674805,0.00450270837402
2019-08-29,7.00480172765,0.00180108337402,0.000900541748047
2019-08-29,7.00480172765,0.00270162512207,0.00180108337402
2019-09-14,7.00480172765,0.000900541625977,0.0
2019-09-14,7.00480172765,0.0,0.000900541748047