Date,Rarea,NDWI,MNDWI
2013-05-05,6.31749404183,0.298023657959,0.344843079285
2013-05-21,6.31749404183,0.304326256653,0.344843084045
2013-06-06,6.31749404183,0.309728499451,0.333138226563
2013-06-22,6.31749404183,0.322333638306,0.328636352173
2013-07-08,6.31749404183,0.316931409119,0.333138210449
2013-07-08,6.31749404183,0.316931411133,0.3331382146
2013-07-24,6.31749404183,0.316031090149,0.323234104309
2013-07-24,6.31749404183,0.316031090149,0.326835599121
2013-08-25,6.31749404183,0.307027367188,0.322333732422
2013-08-25,6.31749404183,0.30882810791,0.323234101135
2013-09-10,6.31749404183,0.29712325824,0.323234108765
2013-09-10,6.31749404183,0.298023641968,0.322333731873
2013-09-26,6.31749404183,0.286318780579,0.359866708563
2013-09-26,6.31749404183,0.285418420776,0.358966337103
2013-10-12,5.87404022896,0.259307510742,0.305124182678
2013-10-12,6.02068057232,0.244901490723,0.286216274047
2013-11-13,6.31749404183,0.280016155823,0.31152923584
2013-11-13,6.31749404183,0.280016158142,0.313329981628
2013-12-15,6.31749404183,0.298023654968,0.361049860474
2013-12-15,6.31749404183,0.298023654419,0.361049863953
2013-12-31,6.31749404183,0.292621393066,0.36195023175
2013-12-31,6.31749404183,0.29172101886,0.361049857727
2014-01-16,6.31749404183,0.273713549011,0.337640094604
2014-01-16,6.31749404183,0.273713545715,0.338540478333
2014-02-17,6.31749404183,0.266510537292,0.34214193396
2014-02-17,6.31749404183,0.265610162598,0.340341185608
2014-04-06,6.31749404183,0.286318779663,0.328636325806
2014-04-06,6.31749404183,0.281816914551,0.328636331665
2014-04-22,6.31749404183,0.281816916138,0.331337459656
2014-04-22,6.31749404183,0.280916536743,0.333138199097
2014-05-08,6.31749404183,0.288119522827,0.32953670874
2014-05-08,6.31749404183,0.288119521667,0.326835606506
2014-05-24,6.31749404183,0.289920280884,0.322333730408
2014-05-24,6.31749404183,0.290820657593,0.323234104614
2014-06-09,6.31749404183,0.308828127808,0.318732237488
2014-06-09,6.31749404183,0.305226633545,0.316031111145
2014-06-25,6.31749404183,0.298924006775,0.317831852234
2014-06-25,6.31749404183,0.29982437915,0.316031112305
2014-07-11,6.31749404183,0.307927759583,0.318732240295
2014-07-11,6.31749404183,0.30702738739,0.321433357544
2014-07-27,6.31749404183,0.296222889038,0.316931484314
2014-07-27,6.31749404183,0.300724759888,0.316931478699
2014-08-12,6.31749404183,0.294422136658,0.328636330078
2014-08-12,6.31749404183,0.296222885376,0.325935211426
2014-08-28,6.31749404183,0.295322528137,0.316031121033
2014-08-28,6.31749404183,0.29802365155,0.316931490845
2014-09-13,6.31749404183,0.291721023499,0.321433368958
2014-09-13,6.31749404183,0.292621400208,0.32233374469
2014-10-31,6.31749404183,0.271012471436,0.313330039063
2014-10-31,6.31749404183,0.271912852478,0.310628924072
2014-11-16,6.31749404183,0.285418414856,0.321433359924
2014-11-16,6.31749404183,0.283617669922,0.318732239136
2014-12-02,6.31749404183,0.281816911865,0.319632606812
2014-12-02,6.31749404183,0.281816911865,0.321433360046
2015-01-03,6.06790291555,0.162967418579,0.252097130788
2015-01-03,6.04791151731,0.163867796631,0.244911933512
2015-02-04,6.31749404183,0.274613907471,0.33583931189
2015-02-04,6.31749404183,0.277315036255,0.335839316223
2015-02-20,6.31749404183,0.270112026306,0.334038567017
2015-02-20,6.31749404183,0.270112026306,0.334938943909
2015-03-08,6.31749404183,0.27731502478,0.337640063538
2015-03-08,6.31749404183,0.280016151367,0.340341186523
2015-04-25,6.31749404183,0.280916543274,0.325034835266
2015-04-25,6.31749404183,0.28091653949,0.325935205811
2015-05-11,6.31749404183,0.287219153809,0.321433336548
2015-05-11,6.31749404183,0.287219153442,0.321433335022
2015-05-27,6.31749404183,0.285418410217,0.316931455688
2015-05-27,6.31749404183,0.287219158936,0.313329974915
2015-06-12,6.31749404183,0.291721012329,0.363892116274
2015-06-12,6.31749404183,0.292621387634,0.364792483462
2015-06-28,6.31749404183,0.293521751404,0.33493891449
2015-06-28,6.31749404183,0.29262138269,0.335839279541
2015-07-14,5.0948800751,0.228694792664,0.238598898682
2015-07-14,6.31105018322,0.262008659302,0.289019867859
2015-07-30,6.31749404183,0.292621375854,0.309728470276
2015-07-30,6.31749404183,0.293521754578,0.309728466736
2015-08-15,6.31749404183,0.286318763672,0.310628848206
2015-08-15,6.31749404183,0.290820632996,0.313329958313
2015-08-31,6.31749404183,0.273713523071,0.308828104004
2015-08-31,6.31749404183,0.275514276855,0.307027355103
2015-09-16,6.31749404183,0.270112039063,0.301625106201
2015-09-16,6.31749404183,0.268311293823,0.301625101868
2015-10-18,6.31749404183,0.255706034546,0.297123230408
2015-10-18,6.31749404183,0.256606408569,0.296222857849
2015-11-03,6.31749404183,0.242200424072,0.280916507446
2015-11-03,6.31749404183,0.244901537048,0.280916505554
2015-12-05,6.31749404183,0.22959516864,0.250303764404
2015-12-05,6.31749404183,0.23049553717,0.250303767578
2015-12-21,6.31749404183,0.212488042297,0.226894019714
2015-12-21,6.31749404183,0.214288793701,0.226894014221
2016-01-06,6.31749404183,0.206185411316,0.217890263123
2016-01-06,6.31749404183,0.207085779053,0.216089512207
2016-02-07,6.31749404183,0.269211687622,0.334038674561
2016-02-07,6.31749404183,0.26831130896,0.336739796509
2016-04-11,6.31749404183,0.274613934265,0.329536799255
2016-04-11,6.31749404183,0.279115807617,0.337640184204
2016-04-27,5.77630619539,0.197181995422,0.377810500165
2016-04-27,5.99696136874,0.194480871948,0.480876826314
2016-05-13,6.21759054564,0.182775624634,0.222812251029
2016-05-13,6.31749404183,0.186377113464,0.22191188311
2016-05-29,6.31749404183,0.292621403076,0.317831895691
2016-05-29,6.31749404183,0.293521775452,0.316931524475
2016-06-30,6.31749404183,0.308828118286,0.307027406067
2016-06-30,6.31749404183,0.307927742737,0.305226648499
2016-07-16,6.31749404183,0.302525494202,0.299824408508
2016-08-17,6.31749404183,0.305226677063,0.315130801575
2016-08-17,6.31749404183,0.301625170776,0.316031177124
2016-09-02,6.31749404183,0.300724786743,0.292621417786
2016-09-02,6.31749404183,0.30342590686,0.296222914368
2016-10-04,5.41647550486,0.221491960083,0.245802049744
2016-10-04,5.54721993295,0.225093473022,0.253005054199
2016-12-07,6.31659366665,0.0,0.254805593323
2017-02-09,6.30758994338,0.266510571289,0.397965259583
2017-02-09,6.31749404183,0.266510571289,0.396164509338
2017-02-25,5.18541025974,0.178273731812,0.368799941796
2017-02-25,5.15216708755,0.170170349915,0.353493597863
2017-03-13,6.31749404183,0.282717286011,0.368252916992
2017-03-13,6.31749404183,0.280916539429,0.373655148743
2017-03-29,6.31749404183,0.283617653992,0.352946512939
2017-03-29,6.31749404183,0.282717274719,0.352046125427
2017-04-14,5.35893747573,0.27281314856,0.361049704102
2017-04-14,5.75666522492,0.311529095215,0.453787853699
2017-04-30,6.31749404183,0.289920265198,0.342141983521
2017-04-30,6.31749404183,0.286318771423,0.338540494141
2017-05-16,5.44791496882,0.254805797546,0.308828311279
2017-05-16,5.41138822621,0.262008766968,0.314230517029
2017-06-01,6.31749404183,0.299824383484,0.333138237732
2017-06-01,6.31749404183,0.301625134094,0.327735982239
2017-06-17,6.31119141488,0.317831730957,0.370953707458
2017-06-17,6.31749404183,0.319632477173,0.367352213623
2017-07-19,6.31749404183,0.30162511676,0.321433351074
2017-07-19,6.31749404183,0.304326237854,0.325034859375
2017-08-04,6.31749404183,0.300724737183,0.315130728088
2017-08-04,6.31749404183,0.301625113708,0.314230351013
2017-08-20,6.31749404183,0.298023609375,0.315130721802
2017-08-20,6.31749404183,0.298923993286,0.315130721802
2017-09-05,6.31749404183,0.29442212677,0.310628858398
2017-09-05,6.31749404183,0.293521756104,0.311529232605
2017-09-21,6.31749404183,0.272813152832,0.31423036084
2017-09-21,6.31749404183,0.273713531738,0.315130731873
2017-11-08,6.31749404183,0.27371350116,0.306126993713
2017-11-08,6.31749404183,0.271012378174,0.307927740295
2017-11-24,6.31447160066,0.286318664185,0.332237727722
2017-11-24,6.03989055319,0.261108291016,0.307027360352
2017-12-26,5.23317436216,0.239499305969,0.30702734137
2017-12-26,5.2107143905,0.239499311829,0.307927720032
2018-02-28,6.31659367416,0.277315074097,0.38175859967
2018-02-28,6.31659367416,0.277315082092,0.381758588074
2018-05-03,6.31749404183,0.295322533691,0.361049890198
2018-05-03,6.31749404183,0.294422160645,0.360149515686
2018-06-04,6.31749404183,0.314230393982,0.350245377014
2018-06-04,6.31749404183,0.312429647522,0.347544250793
2018-06-20,6.31749404183,0.323234143188,0.345743492493
2018-06-20,6.31749404183,0.323234143188,0.343042375977
2018-07-06,6.31749404183,0.325034879822,0.338540487793
2018-07-06,6.31749404183,0.323234132751,0.342141988831
2018-07-22,6.31749404183,0.323234145935,0.344843115784
2018-07-22,6.31749404183,0.324134523132,0.349344996216
2018-08-07,5.19396399879,0.0657272890015,0.111646549133
2018-08-07,5.65991788378,0.077432145874,0.123351394653
2018-08-23,6.31749404183,0.320533004395,0.340341211487
2018-08-23,6.31749404183,0.321433394226,0.340341220764
2018-09-08,6.31749404183,0.310628873657,0.334938970215
2018-09-08,6.31749404183,0.310628875732,0.337640107666
2018-09-24,6.31749404183,0.286318775391,0.350245335144
2018-09-24,6.31749404183,0.28271727655,0.351145710815
2018-10-10,6.31749404183,0.298923985474,0.328636325562
2018-10-10,6.31749404183,0.298923990845,0.327735954834
2018-10-26,6.31749404183,0.298923958984,0.324134458313
2018-10-26,6.31749404183,0.297123215698,0.325935203796
2018-11-11,6.31749404183,0.276414637024,0.307927713562
2018-11-11,6.31749404183,0.276414637024,0.307927713562
2018-12-13,6.31749404183,0.262008643921,0.306126952942
2018-12-13,6.31749404183,0.263809399658,0.303425831482
2019-01-14,6.31749404183,0.252104515686,0.29892394104
2019-01-14,6.31749404183,0.252104519226,0.293521702515
2019-01-30,6.31749404183,0.233196670532,0.273713477661
2019-01-30,6.31749404183,0.235897789795,0.27461385791
2019-03-19,6.31659367416,0.298924042236,0.40066645636
2019-03-19,6.31749404183,0.299824410828,0.401566816467
2019-05-06,6.31749404183,0.306127030273,0.394363816772
2019-05-06,6.31749404183,0.305226658386,0.394363816772
2019-05-22,6.31749404183,0.180074647766,0.37005319397
2019-06-07,6.31749404183,0.321433407715,0.367352531372
2019-06-07,6.31749404183,0.323234156311,0.364651396973
2019-06-23,6.31749404183,0.326835638611,0.360149518677
2019-06-23,6.31749404183,0.326835656616,0.360149517273
2019-07-09,6.31749404183,0.33403864325,0.355647640137
2019-07-09,6.31749404183,0.33043714978,0.351145760071
2019-07-25,6.31749404183,0.332237871765,0.353846881897
2019-07-25,6.31749404183,0.334038628052,0.352946501587
2019-08-26,6.31749404183,0.318732249573,0.336739748352
2019-08-26,6.31749404183,0.319632631897,0.337640122925
2019-09-11,6.31749404183,0.30882812384,0.329536733276
2019-09-11,6.31749404183,0.31062886792,0.330437111145
2019-09-27,6.31749404183,0.291721000671,0.325034851501
2019-09-27,6.31749404183,0.291721002197,0.325935227844