Date,Rarea,NDWI,MNDWI
2013-05-05,4.87655131044,0.250374300903,0.315678647667
2013-05-21,4.87655131044,0.256678694214,0.308081581741
2013-06-06,4.87655131044,0.269287481567,0.294529783279
2013-06-22,4.87655131044,0.267486232239,0.289804141883
2013-07-08,4.87655131044,0.256678706604,0.283061799051
2013-07-24,4.87655131044,0.258479966614,0.276012185608
2013-08-25,4.87655131044,0.239566805115,0.253496513916
2013-09-10,4.87655131044,0.219753011414,0.253076228821
2013-09-26,4.87655131044,0.19093293103,0.238666160461
2013-10-12,4.87655131044,0.186429797424,0.21254799762
2013-11-13,4.87655131044,0.178324153503,0.211647383728
2013-12-15,4.87655131044,0.155808477783,0.203541751038
2013-12-31,4.87655131044,0.152205971497,0.204442385437
2014-02-17,4.87655131044,0.174933546541,0.255873496555
2014-04-06,4.87655131044,0.233262383972,0.301088479113
2014-04-22,4.87655131044,0.235964272278,0.29451920234
2014-05-08,4.87655131044,0.249473694763,0.292982840441
2014-05-24,4.87655131044,0.255990005648,0.283273728343
2014-06-09,4.87655131044,0.250586254183,0.262714695223
2014-06-25,4.87655131044,0.247884379427,0.254188758821
2014-07-11,4.87655131044,0.24157999045,0.254411280587
2014-07-27,4.87655131044,0.234374973909,0.243381239168
2014-08-12,4.87655131044,0.222666821688,0.242900913545
2014-08-28,4.87655131044,0.225859639624,0.224959005774
2014-09-13,4.87655131044,0.197237354248,0.212067685974
2014-10-31,4.87655131044,0.126087791504,0.147702856384
2014-11-16,4.87655131044,0.141398465942,0.177635488985
2014-12-02,4.87655131044,0.175622273987,0.226269331636
2015-01-19,4.87655131044,0.205342910522,0.327722338226
2015-02-04,4.87655131044,0.212547928833,0.313524202455
2015-02-20,4.87655131044,0.212547928955,0.304436687759
2015-03-08,4.87655131044,0.213448562134,0.309543782207
2015-04-09,4.87655131044,0.219752970764,0.299075316055
2015-04-25,4.7487609897,0.193634764404,0.263883715332
2015-05-11,4.87655131044,0.216150469299,0.284142568741
2015-05-27,4.87655131044,0.213448598022,0.254877473511
2015-06-12,4.87655131044,0.225156759766,0.276517265274
2015-07-30,4.87655131044,0.1720197323,0.174721619751
2015-08-15,4.87655131044,0.165715359375,0.16121222522
2015-08-31,4.87655131044,0.145000933899,0.154007215271
2015-09-16,4.87655131044,0.136895289246,0.137795922058
2015-10-18,4.87655131044,0.0999695790405,0.106273978516
2015-11-03,4.87655131044,0.0765532799072,0.0774539083862
2015-11-19,4.87655131044,0.0531369813843,0.063944508667
2015-12-05,4.87655131044,0.0333231934814,0.0405282111816
2016-01-06,4.87655131044,0.0,0.0189131661377
2016-02-07,4.87655131044,0.0720501903076,0.137721850041
2016-04-11,4.87655131044,0.0612426531982,0.151485546545
2016-04-27,4.87655131044,0.0576401481934,0.139862198892
2016-05-29,4.87655131044,0.0513357451782,0.126087839783
2016-06-30,4.87655131044,0.0630438822632,0.079915642981
2016-07-16,4.87655131044,0.0495344775391,0.0720501566772
2016-08-17,4.87655131044,0.155119749056,0.210958675264
2016-09-02,4.87655131044,0.120683994507,0.177635463289
2016-09-18,4.85301494578,0.104472702759,0.186161381441
2016-10-04,4.87655131044,0.145901571228,0.206243629517
2016-12-23,4.87655131044,0.159410945129,0.270763853367
2017-01-08,4.87655131044,0.199038555725,0.30519607046
2017-01-24,4.36841576715,0.204442303711,0.327951867105
2017-02-09,4.66526840439,0.21366048044,0.334874353966
2017-02-25,4.65560746837,0.204654207552,0.384009786611
2017-03-13,4.87655131044,0.221554227783,0.318945622425
2017-03-29,4.87655131044,0.227169894747,0.305284331734
2017-04-30,4.87655131044,0.255778073608,0.302186880016
2017-05-16,4.87655131044,0.268598769014,0.305591611193
2017-06-01,4.87655131044,0.279194380737,0.298739772737
2017-06-17,4.87655131044,0.271300650545,0.281896265991
2017-07-19,4.87655131044,0.263883724243,0.268386857056
2017-08-04,4.87655131044,0.252387490877,0.262082466248
2017-09-05,4.87655131044,0.23956679895,0.243169292603
2017-09-21,4.87655131044,0.203541703125,0.247672447693
2017-11-08,4.87655131044,0.186429778442,0.215249870361
2017-11-24,4.87655131044,0.189131653137,0.226057398865
2017-12-10,4.87655131044,0.167516605408,0.208044863037
2017-12-26,4.87655131044,0.155808457764,0.19903859845
2018-01-27,4.87655131044,0.178324147339,0.241731876283
2018-02-12,4.87655131044,0.168417203857,0.305884801079
2018-02-28,4.87655131044,0.184628470093,0.322350350123
2018-03-16,4.87655131044,0.19564791617,0.336940513063
2018-05-03,4.15854860008,0.178324089233,0.233474267977
2018-06-04,4.87655131044,0.271300647493,0.295419809029
2018-06-20,4.87655131044,0.276704418062,0.292015090547
2018-07-06,4.87655131044,0.271565551647,0.286413546273
2018-07-22,4.87655131044,0.277605055025,0.289578106517
2018-08-07,4.87655131044,0.271300668367,0.278505675936
2018-08-23,4.87655131044,0.26949941202,0.272003497201
2018-09-08,4.87655131044,0.261393765596,0.271102874276
2018-10-10,4.87655131044,0.230560529114,0.259603111426
2018-10-26,4.87655131044,0.218852372498,0.253976844604
2018-11-11,4.87655131044,0.196336687195,0.246771835266
2018-11-27,4.81582795835,0.175622256226,0.229659921387
2018-12-13,4.87655131044,0.181026027649,0.222454903442
2019-01-14,4.87655131044,0.145000931213,0.197237343628
2019-01-30,4.87655131044,0.138696545349,0.17562228656
2019-03-03,4.87655131044,0.100870203613,0.132392185974
2019-03-19,4.87655131044,0.100870192993,0.217033534314
2019-05-06,4.87655131044,0.231461139771,0.310027645967
2019-05-22,4.87655131044,0.246083099092,0.306690028392
2019-06-07,3.98491221915,0.257579330627,0.297009153845
2019-06-07,4.87655131044,0.258691868624,0.2981216894
2019-06-23,4.87655131044,0.264095639131,0.294519189217
2019-07-09,4.87655131044,0.270400031038,0.286130986421
2019-07-25,4.87655131044,0.274903161287,0.284810062105
2019-08-26,4.87655131044,0.265896893953,0.27040002347
2019-09-11,4.87655131044,0.262082470154,0.267486223633
2019-09-27,4.87655131044,0.250374318115,0.266797518343