Date,Rarea,NDWI,MNDWI
2013-03-28,219.11789828,28.4902117187,30.1724359044
2013-04-28,219.11789828,28.9900413037,30.0193870174
2013-05-14,219.11789828,29.1200002002,30.280240413
2013-05-30,219.11789828,29.2396419637,29.9103579111
2013-06-15,219.11789828,29.4908150469,29.7507233575
2013-07-01,187.966597955,25.7650093282,26.4948879119
2013-07-17,218.999199207,29.6382551855,32.329616288
2013-08-02,219.11789828,29.5659170395,29.180912293
2013-08-18,219.11789828,29.4077010959,28.6901389717
2013-09-03,219.11789828,28.8655241134,28.340255082
2013-10-05,219.11789828,27.5283029825,27.0806583994
2013-10-21,219.11789828,27.3105811357,27.2302967567
2013-11-06,219.11789828,27.1206502715,27.0906565283
2014-01-09,178.230435205,20.3713046905,29.026542233
2014-03-14,200.331635018,25.2796533047,28.4504141153
2014-03-30,219.11789828,28.230287834,29.71947537
2014-04-15,218.997940632,28.2902741484,29.7494677587
2014-05-01,219.11789828,28.7701098477,29.599518913
2014-06-02,218.141650555,29.5354265159,31.630826521
2014-06-18,219.11789828,28.7710461426,29.4704964111
2014-07-04,219.11789828,29.1306250234,29.2269786422
2014-07-20,219.11789828,28.7858513183,28.490823537
2014-08-05,219.11789828,28.7688100925,28.1120231343
2014-09-06,219.11789828,27.9300577577,27.4802094696
2014-09-22,219.11789828,27.4205405713,27.1103305965
2014-10-08,219.11789828,27.0606642021,26.7107771738
2014-10-24,219.11789828,26.8444610766,26.7704487694
2014-11-09,219.11789828,27.1506400273,27.2506083027
2014-12-11,219.11789828,28.1703043398,29.2496509794
2015-01-12,219.107901629,27.3305994854,29.3396191366
2015-02-13,219.11789828,27.4605449873,28.9200670156
2015-04-02,215.305512849,24.7215169609,26.9681114554
2015-04-18,219.11789828,27.7004604678,28.9397340585
2015-05-04,219.11789828,27.5605010068,28.3008816904
2015-05-20,219.11789828,27.3005836416,28.0409655165
2015-06-05,219.11789828,27.3405716875,27.671086623
2015-06-21,219.11789828,27.3315061426,27.6674760816
2015-08-08,219.11789828,27.2615384063,26.7916916426
2015-08-24,219.11789828,27.0006783955,26.5717669122
2015-09-09,197.584510156,27.2906083623,26.3908985957
2015-09-25,219.11789828,26.4508640723,25.9810251807
2016-03-03,217.490600544,24.1416420225,25.2832140455
2016-03-19,219.11789828,26.150964249,27.2702773827
2016-04-20,219.11789828,26.3109104463,27.0512824667
2016-05-06,219.11789828,25.9310407051,26.2818566797
2016-05-22,219.11789828,25.8010807363,26.2518638438
2016-06-07,219.11789828,25.4412047471,25.9080592682
2016-06-23,195.922355026,24.9313598389,28.0393026531
2016-07-09,219.11789828,24.3025269102,24.3824906358
2016-08-10,219.11789828,24.4115460342,24.102592086
2016-08-26,219.11789828,24.3615828047,23.7417730937
2016-10-29,212.839866621,16.4443234463,16.7342251719
2016-11-14,181.309286424,19.1033444297,19.4129179755
2016-11-30,219.11789828,19.1333159141,19.1832941406
2017-01-01,219.11789828,18.9433790264,19.1932964219
2017-02-02,183.029075681,22.8220362383,23.5516262647
2017-02-18,215.548272343,28.0787794454,30.0497222773
2017-03-22,219.11789828,27.4405381846,28.9000501807
2017-04-07,185.329514961,25.4712312383,31.1141680016
2017-04-23,219.11789828,28.0903228154,29.2999212354
2017-05-09,219.11789828,27.8803924043,29.9351503537
2017-05-25,219.11789828,28.0103506738,28.8410161348
2017-06-10,219.11789828,28.0412829962,28.6610739747
2017-06-26,219.11789828,27.3814989542,27.8277378357
2017-07-12,219.027927472,26.7417063917,27.3660060802
2017-07-28,219.11789828,25.8520081817,25.9183749626
2017-08-29,219.11789828,23.4818551172,23.6518010547
2017-09-14,219.11789828,22.5179022517,22.2953512034
2017-10-16,219.11789828,20.7227837715,20.4928628203
2017-11-01,219.11789828,19.5831650244,19.5731684414
2017-11-17,219.11789828,19.6331501084,19.9830266709
2017-12-03,219.11789828,19.3332515576,19.4232146982
2018-01-04,219.11789828,21.291050418,21.912377791
2018-04-26,219.11789828,27.7404357832,29.0609371456
2018-05-28,219.11789828,28.1902959707,29.0709433018
2018-06-13,219.11789828,28.6210878467,29.6852413595
2018-06-29,219.11789828,28.5511136045,29.1772916638
2018-07-31,208.601340959,29.0710721311,31.0152398647
2018-08-16,204.799783683,29.9997037148,38.4846792705
2018-09-01,214.529504423,25.1352866887,24.9213265098
2018-09-17,219.11789828,28.0603303545,27.7104520215
2018-10-19,219.11789828,27.550508502,27.3805625986
2018-11-04,219.11789828,27.1790696875,27.1706340391
2018-11-20,188.880088154,25.4912337285,27.0437295991
2018-12-22,218.897966998,26.339348627,26.6707953096
2019-01-07,210.261025017,25.9395012618,26.2009788887
2019-01-23,219.11789828,26.310922833,26.3708996133
2019-02-08,219.11789828,27.050679417,27.5905011338
2019-02-24,219.11789828,26.8807262197,27.660471957
2019-04-13,219.11789828,27.3905644873,28.9600354502
2019-04-29,219.11789828,27.5305168232,28.891003421
2019-05-15,219.11789828,27.6104882852,28.9773606023
2019-05-31,219.11789828,27.9903582812,29.1472996394
2019-06-16,219.11789828,28.1312596856,28.8374104724
2019-07-02,219.11789828,28.2212249268,28.5075181013
2019-07-18,219.11789828,27.9713065811,27.991295004
2019-08-03,219.11789828,27.7504396709,27.8413470479
2019-08-19,214.679850786,26.5419451885,26.931676459
2019-09-04,219.11789828,27.2605990049,27.0006842051
2019-09-20,219.107901896,27.4691522012,27.0306868164