Date,Rarea,NDWI,MNDWI
2013-04-10,78.5533477338,9.71723751484,10.3150752238
2013-04-26,78.5533477338,9.82729978022,10.4026246042
2013-05-12,78.5533477338,9.91234742621,10.377610072
2013-05-28,77.5075680752,10.079943009,10.5000237209
2013-06-13,78.5533477338,10.1349733986,10.5001796811
2013-06-29,78.5508463451,10.1950065864,10.4451488735
2013-07-15,78.5533477338,10.4901730571,10.7027940266
2013-07-31,78.5508463451,10.5502074802,10.7778362087
2013-08-16,78.5533477338,10.5627133144,10.7528221059
2013-09-01,78.5533477338,8.9543063769,9.01684251215
2013-09-17,78.5533477338,8.8942727978,8.95430652949
2013-11-04,78.5533477338,6.77808174848,6.97819371747
2013-12-06,78.5533477338,6.69803540082,7.11076818427
2013-12-22,78.5533477338,5.65061667944,6.27651560926
2014-01-23,78.5533477338,5.47357005603,5.83755901484
2014-03-28,78.5533477338,10.3150777897,11.6225111975
2014-05-15,72.6082480319,7.87125253461,8.40405488373
2014-05-31,78.5533477338,11.3256503461,11.6533337761
2014-06-16,78.5533477338,11.5057504604,11.5932991953
2014-07-02,78.533336671,11.7083629807,11.7834055869
2014-08-03,78.5533477338,11.7333773427,11.7358786201
2014-09-04,78.5533477338,10.0599317087,10.1299710817
2014-09-20,78.5533477338,9.67471439643,9.96487802411
2014-10-06,78.5533477338,9.42707373676,9.7222410478
2014-10-22,78.5533477338,7.40593293012,7.59854221308
2014-11-07,78.0280391718,7.36591082587,7.78864880585
2014-12-09,77.6398858304,12.984081267,14.3047932873
2014-12-25,71.4677127856,11.0629878622,11.9408303508
2015-03-31,78.5533477338,10.285058642,10.9829536877
2015-05-02,78.5533477338,10.2875598305,10.7753357375
2015-05-18,78.5533477338,10.3876172851,10.8003498098
2015-06-19,78.5533477338,10.6652741369,10.9104118701
2015-08-06,78.5533477338,9.2169562663,9.25197599213
2015-09-07,78.5533477338,9.00683671747,9.20194699189
2015-09-23,78.5533477338,8.82673614838,9.22696140815
2015-11-10,78.5533477338,6.37035571601,6.66051659247
2015-11-26,78.5533477338,6.32782940986,6.5654638642
2016-01-13,78.5533477338,1.52388583704,2.24929031653
2016-01-29,78.5533477338,2.32878145068,2.98969897693
2016-02-14,78.0680820128,1.79598602222,2.25679323572
2016-03-01,78.5533477338,1.9760865144,2.94896056771
2016-04-02,78.5533477338,1.60588266309,2.52694069568
2016-04-18,78.5533477338,3.05167986987,3.57752169959
2016-05-04,78.5533477338,3.46190747729,3.98024492859
2016-05-20,78.5533477338,7.04889876587,7.77864479535
2016-06-05,69.2186661707,1.73595757886,2.19907020458
2016-06-21,78.5533477338,5.38352010535,5.7300003332
2016-07-07,78.5533477338,5.47857369373,5.71120569812
2016-07-23,78.5533477338,5.60114274378,5.67118250159
2016-08-08,78.5533477338,7.62855906611,7.57352818769
2016-08-24,78.5533477338,7.56852537885,7.47096993818
2016-09-09,78.5533477338,7.36340969526,7.52099863544
2016-09-25,78.5533477338,7.20582159296,7.36341027729
2016-10-11,78.5533477338,5.1108690326,5.33849707337
2016-10-27,78.5533477338,5.35850651062,5.60614544837
2016-11-12,78.5533477338,6.27151440027,6.68803274531
2016-11-28,78.5533477338,6.20647786853,6.57296835688
2016-12-14,78.5533477338,3.40742407312,4.1378315719
2017-01-15,78.5533477338,4.54055248279,4.98830336683
2017-01-31,78.5533477338,4.78318700306,5.2459459408
2017-02-16,72.9290558726,7.7548436803,8.87858880473
2017-03-20,78.5533477338,11.245602778,11.8284336137
2017-04-05,78.5533477338,10.8153589155,11.4882405717
2017-04-21,78.5533477338,10.790345173,11.1780653217
2017-05-07,78.5533477338,10.7453195729,11.0730069807
2017-05-23,78.5533477338,10.7622037913,11.0079685666
2017-06-24,78.5533477338,9.07187390424,9.28199296943
2017-07-10,78.5533477338,9.00933890302,9.16943028046
2017-07-26,78.5533477338,8.86925990546,8.97932274775
2017-08-11,78.5533477338,8.77420578681,8.90678131171
2017-08-27,78.5533477338,8.58159766572,8.7591977082
2017-09-28,76.9654354732,7.9637461999,8.53421876854
2017-10-14,78.5533477338,6.187753508,6.39787106464
2017-10-30,72.4301559956,2.03613248608,2.1687069043
2017-11-15,77.9479972662,5.59558702026,5.74567099219
2017-12-01,78.5533477338,5.4485561886,5.68869054529
2018-01-02,78.5533477338,1.84351183594,2.18425086194
2018-02-03,78.5533477338,1.67091612231,2.31182306775
2018-02-19,78.5533477338,2.69101140766,3.57523026352
2018-04-08,78.5533477338,15.382466122,16.9796244963
2018-04-24,78.5533477338,15.5500624828,16.6215803436
2018-05-10,78.5533477338,15.4829954233,16.2632798325
2018-05-26,78.5533477338,15.5405279772,16.1333637763
2018-06-11,78.5533477338,15.6030635319,16.0733303901
2018-06-27,78.5508463795,15.6255763671,16.0758316957
2018-07-29,78.5533477338,15.6530928757,15.8932293798
2018-08-30,78.5533477338,15.7231328774,15.9582652255
2018-09-15,78.5533477338,14.2522991848,14.3573589372
2018-10-01,78.5533477338,13.8595787565,14.0872073207
2018-10-17,78.5533477338,12.7939693837,13.3367784997
2018-11-02,78.5533477338,12.6714056142,13.1241609174
2018-11-18,78.5533477338,10.8853975092,11.1480461044
2018-12-04,78.5533477338,10.5351988373,10.9029072729
2018-12-20,78.5533477338,10.1499821171,10.6127439887
2019-01-05,78.5533477338,8.07630822968,8.46402905756
2019-01-21,78.5533477338,7.62605573774,8.01127429926
2019-02-06,78.5533477338,7.5034868039,8.04629433442
2019-02-22,78.5533477338,10.445148725,11.438210038
2019-03-10,78.5533477338,8.67164578827,9.31951297309
2019-03-26,78.5533477338,8.75419246723,9.57715932905
2019-04-27,78.5533477338,16.1629122431,17.7927077794
2019-05-13,78.5533477338,15.700620143,16.7435511338
2019-05-29,77.9338405074,15.4754927038,16.3333200928
2019-06-14,78.5533477338,15.5855549438,16.2709412429
2019-06-30,78.5533477338,15.6656002429,16.1433690349
2019-07-16,78.5533477338,15.6931161398,16.0583214719
2019-08-01,78.5533477338,15.61307084,15.9682704846
2019-08-17,78.546598703,15.5055104802,15.8907269484
2019-09-02,78.5533477338,15.3629301769,15.7006205131
2019-09-18,78.1413951076,13.5869235917,14.1422381342