Date,Rarea,NDWI,MNDWI
2013-04-26,5.76321283385,0.258504738953,0.268412587585
2013-05-05,5.76321283385,0.259405452271,0.264809733032
2013-05-05,5.76321283385,0.258504739136,0.266611160645
2013-05-12,5.76321283385,0.257604024109,0.263909018433
2013-05-21,5.76321283385,0.254001170166,0.266611159363
2013-05-21,5.76321283385,0.253100456909,0.266611159912
2013-05-28,5.76321283385,0.255802596436,0.262107591736
2013-06-06,5.76321283385,0.254901882568,0.259405452026
2013-06-06,5.76321283385,0.253100455872,0.258504739197
2013-06-13,5.76321283385,0.25039831604,0.255802598572
2013-06-22,5.76321283385,0.251299029297,0.254901884888
2013-06-22,5.76321283385,0.250398315735,0.25310045874
2013-06-29,5.76321283385,0.244994035583,0.250398318359
2013-07-08,5.76321283385,0.248596888428,0.25670331189
2013-07-08,5.76321283385,0.248596888855,0.254901884949
2013-07-15,5.76321283385,0.244994035034,0.251299031006
2013-07-24,5.76321283385,0.244994034729,0.24949760437
2013-07-24,5.76321283385,0.244093321472,0.248596891479
2013-07-31,5.76321283385,0.242291894531,0.24679546344
2013-08-09,5.76321283385,0.24139118103,0.244093323059
2013-08-09,5.76321283385,0.242291894409,0.244093323242
2013-08-16,5.66028417265,0.254001167969,0.25580259668
2013-08-25,5.76321283385,0.235086186951,0.233284760803
2013-08-25,5.76321283385,0.23328476062,0.23508618811
2013-09-01,5.76321283385,0.232384046387,0.226979766907
2013-09-17,5.76321283385,0.226079052246,0.223376912476
2013-09-26,5.76321283385,0.216171204529,0.223376912598
2013-09-26,5.76321283385,0.218873345276,0.223376913269
2013-10-12,5.76321283385,0.208064784119,0.2107669245
2013-10-12,5.76321283385,0.206263357605,0.211667638062
2013-11-04,5.76321283385,0.205362643677,0.205362644531
2013-11-13,5.76321283385,0.196355509644,0.199057650085
2013-11-13,5.76321283385,0.196355509888,0.198156937134
2013-12-06,5.76321283385,0.193653369446,0.193653369568
2013-12-15,5.76321283385,0.188249088745,0.198156937927
2013-12-15,5.76321283385,0.189149802307,0.195454797058
2013-12-22,5.76321283385,0.184646235229,0.194554083069
2013-12-31,5.69277705908,0.183745521973,0.190951228821
2013-12-31,5.71916971801,0.184646235535,0.190951229065
2014-01-16,5.55829169665,0.168433395386,0.178341241943
2014-01-16,5.54370708116,0.1711355354,0.178341242432
2014-01-23,4.80580376396,0.117092735596,0.155823407593
2014-02-08,5.17801009734,0.229215655561,0.25727906171
2014-02-17,5.76321283385,0.230582621826,0.249031352827
2014-02-17,5.76321283385,0.232384049011,0.249031353315
2014-03-21,5.76321283385,0.344973231323,0.387306766907
2014-03-21,5.76321283385,0.346774658569,0.388207480103
2014-03-28,5.76321283385,0.344072518005,0.385505338867
2014-04-06,5.76321283385,0.348576085388,0.385505338867
2014-04-06,5.76321283385,0.344973232422,0.386406053711
2014-04-13,5.76321283385,0.318852541687,0.375597489563
2014-04-22,5.76321283385,0.334164669983,0.376498203918
2014-04-22,5.76321283385,0.334164669983,0.37379606366
2014-05-08,5.76321283385,0.350377512451,0.378299631104
2014-05-08,5.76321283385,0.347675371765,0.378299631287
2014-05-24,5.76321283385,0.349476798767,0.374696776245
2014-05-24,5.76321283385,0.348576084778,0.376498203979
2014-05-31,5.76321283385,0.358483933228,0.368391782349
2014-06-09,5.76321283385,0.357583220154,0.365689641724
2014-06-09,5.76321283385,0.358483933472,0.366590355652
2014-06-16,5.76321283385,0.361186073364,0.367491068481
2014-07-02,5.76321283385,0.358483933472,0.364788929016
2014-07-11,5.76321283385,0.36028536084,0.362086788879
2014-07-11,5.76321283385,0.360285360413,0.365689642639
2014-07-18,5.32996963933,0.112589155579,0.115291296509
2014-07-27,5.76321283385,0.354881079468,0.354881080444
2014-07-27,5.76321283385,0.354881079773,0.352178940857
2014-08-03,5.76321283385,0.351278225525,0.354881080383
2014-08-12,5.76321283385,0.352178938843,0.353980367249
2014-08-12,5.76321283385,0.350377511658,0.350377513794
2014-08-28,5.76321283385,0.348576084595,0.344973231995
2014-08-28,5.76321283385,0.345873944092,0.344072518616
2014-09-04,5.76321283385,0.349476798157,0.341370377502
2014-09-13,5.76321283385,0.343171803345,0.345873945068
2014-09-13,5.76321283385,0.344072516907,0.341370378235
2014-09-20,5.76321283385,0.338668236023,0.344072517822
2014-09-29,5.76321283385,0.331462527954,0.335065382629
2014-09-29,5.76321283385,0.334164668213,0.33686681073
2014-10-06,5.76321283385,0.329661100342,0.331462528381
2014-10-15,5.76321283385,0.322455393555,0.326058247498
2014-10-15,5.76321283385,0.325157534424,0.320653968323
2014-10-22,5.76321283385,0.316150399475,0.318852540894
2014-10-31,5.76321283385,0.311646832458,0.313448260193
2014-10-31,5.76321283385,0.31074611969,0.318852541443
2014-11-07,5.76321283385,0.341804839888,0.352613403364
2014-11-16,5.76321283385,0.365223389997,0.372429099043
2014-11-16,5.76321283385,0.362521250288,0.371528386091
2014-12-02,5.76321283385,0.358017682661,0.382336947737
2014-12-02,5.76321283385,0.354414827986,0.38323766136
2014-12-25,5.76321283385,0.340469663635,0.377398918762
2015-01-03,5.76321283385,0.338668235596,0.37829963092
2015-01-03,5.76321283385,0.339568949707,0.379200344666
2015-01-19,5.76321283385,0.341370376953,0.376498204407
2015-01-19,5.76321283385,0.340469664429,0.379200345642
2015-02-04,5.76321283385,0.340469662659,0.365689642395
2015-02-04,5.76321283385,0.337767522766,0.364788929749
2015-02-20,5.76321283385,0.33686680835,0.361186075439
2015-02-20,5.76321283385,0.335065382935,0.358483935974
2015-03-08,5.76321283385,0.342271089844,0.371994635864
2015-03-08,5.76321283385,0.340469663696,0.371994637512
2015-03-31,5.76321283385,0.342271090515,0.371093923096
2015-04-09,5.76321283385,0.344072517273,0.366590356201
2015-04-09,5.76321283385,0.344973230957,0.369292496887
2015-04-16,5.76321283385,0.343171803528,0.361186075012
2015-04-25,5.76321283385,0.341370376892,0.362987502014
2015-04-25,5.76321283385,0.339568949768,0.367491069885
2015-05-02,5.76321283385,0.340469663269,0.354881079712
2015-05-11,5.76321283385,0.342271090942,0.357583219788
2015-05-11,5.76321283385,0.341370377075,0.362987502014
2015-05-18,5.76321283385,0.334164667908,0.351278225525
2015-05-27,5.76321283385,0.34497322937,0.352178938599
2015-05-27,5.76321283385,0.346774657166,0.352178939026
2015-06-19,5.76321283385,0.345873943542,0.351278225647
2015-06-28,4.94927139149,0.609782937256,0.616988667603
2015-06-28,5.44345950206,0.769209249329,0.795329970154
2015-07-30,5.76321283385,0.34587394397,0.349476798706
2015-07-30,5.76321283385,0.347675370605,0.349476798767
2015-08-06,5.76321283385,0.344973229736,0.341370377319
2015-08-15,5.76321283385,0.338668235474,0.342271090698
2015-08-15,5.76321283385,0.335966095093,0.339568950378
2015-09-07,5.76321283385,0.332363241211,0.334164668701
2015-09-16,5.76321283385,0.323356106079,0.328760388062
2015-09-16,5.76321283385,0.323356107422,0.327859675598
2015-09-23,5.76321283385,0.317951825623,0.318852540527
2015-10-02,5.76321283385,0.317951825867,0.316150400208
2015-10-02,5.76321283385,0.314348973328,0.316150400574
2015-10-18,5.76321283385,0.305341838135,0.307143265991
2015-10-18,5.76321283385,0.308043978394,0.30354041272
2015-10-25,5.76321283385,0.299937557373,0.30534183905
2015-11-03,5.76321283385,0.296334703613,0.296334703979
2015-11-03,5.76321283385,0.296334704041,0.296334704224
2015-11-10,5.76321283385,0.291831136108,0.29273184967
2015-11-19,5.76321283385,0.274717579468,0.281923288086
2015-11-19,5.76321283385,0.275618293152,0.282824001404
2015-11-26,5.76321283385,0.273816865479,0.278320433411
2015-12-05,5.76321283385,0.26390901825,0.272015438721
2015-12-05,5.76321283385,0.258504737549,0.272916152893
2015-12-12,4.96918991318,0.0,0.0
2015-12-21,5.76321283385,0.25490188269,0.25219974292
2015-12-21,5.76321283385,0.254901883118,0.249497602783
2015-12-28,5.76321283385,0.231483333984,0.247696176819
2016-01-06,5.76321283385,0.244994034485,0.249497602051
2016-01-06,5.76321283385,0.24499403479,0.250398315918
2016-01-13,5.76321283385,0.239589753967,0.24589474939
2016-01-29,5.76321283385,0.243192609741,0.259405452881
2016-02-07,5.76321283385,0.249497602905,0.257604025635
2016-02-07,5.76321283385,0.245894749573,0.255802598999
2016-02-14,5.76321283385,0.234185474487,0.252199745178
2016-03-01,5.76321283385,0.24319260907,0.261641341169
2016-03-26,5.76321283385,0.0,0.486452212879
2016-04-02,5.76321283385,0.235986901672,0.255802599548
2016-04-11,5.72366273044,0.251733491865,0.267045622236
2016-04-11,5.72546415513,0.24993206529,0.270648476789
2016-04-18,5.76321283385,0.247229925398,0.26344276811
2016-04-27,5.76321283385,0.254001170593,0.276953469648
2016-04-27,5.76321283385,0.252199743835,0.276953469953
2016-05-04,5.76321283385,0.252199743469,0.26884704759
2016-05-20,5.76321283385,0.300838272217,0.316584863386
2016-05-29,5.76321283385,0.3008382724,0.316584863996
2016-05-29,5.76321283385,0.303540412598,0.315684150801
2016-06-05,5.76321283385,0.299036844971,0.31568414958
2016-06-21,5.76321283385,0.303540412964,0.313448261597
2016-06-30,5.76321283385,0.306242552795,0.308944694214
2016-06-30,5.76321283385,0.306242552673,0.309845407715
2016-07-07,5.76321283385,0.301738985413,0.305341839905
2016-07-16,5.76321283385,0.298136131409,0.30263969989
2016-07-16,5.76321283385,0.299937558105,0.304441126831
2016-07-23,5.76321283385,0.29363256366,0.298136132385
2016-08-01,5.76321283385,0.35822960108,0.391485349654
2016-08-01,5.76321283385,0.356428174994,0.390584636214
2016-08-08,5.76321283385,0.306242553955,0.302639700256
2016-08-24,5.76321283385,0.314783436323,0.309379156294
2016-09-02,5.76321283385,0.309845405762,0.307577729353
2016-09-02,5.76321283385,0.306242552551,0.310279869856
2016-09-18,5.45001192093,0.0324256802368,0.0261206864014
2016-09-18,5.23266457509,0.0324256802368,0.0261206864014
2016-09-25,5.76321283385,0.292731849915,0.304441126892
2016-10-04,5.76321283385,0.286426854858,0.29903684552
2016-10-04,5.76321283385,0.289128995605,0.299036845764
2016-10-11,5.76321283385,0.280121860107,0.292731850647
2016-10-27,5.76321283385,0.273816865601,0.282824001526
2016-11-21,5.41733889177,0.0,0.000900713745117
2016-11-28,5.76321283385,0.254001170166,0.264809731934
2016-12-07,5.76321283385,0.221575486694,0.232384047852
2016-12-07,5.76321283385,0.224277626831,0.235986902039
2016-12-14,5.1638459523,0.0549435126953,0.183745526855
2016-12-23,5.76321283385,0.225178339478,0.238689040894
2016-12-23,5.76321283385,0.226079052979,0.2350861875
2016-12-30,5.76321283385,0.230582621582,0.244093327026
2017-01-08,5.76321283385,0.24062821975,0.255643633222
2017-01-08,5.68515815538,0.237788327026,0.244093321594
2017-01-15,5.76321283385,0.231483333313,0.23642136302
2017-01-31,5.76321283385,0.231017082197,0.239123504316
2017-02-09,4.87901937571,0.250398314697,0.270214006714
2017-02-09,5.20043273043,0.250398315125,0.344227891565
2017-02-16,5.52411421149,0.335065385864,0.565767950292
2017-02-25,5.76321283385,0.350377512756,0.407556924055
2017-02-25,5.76321283385,0.34857608606,0.408457638777
2017-03-20,5.76321283385,0.341370379028,0.383703912476
2017-03-29,5.76321283385,0.339568951477,0.37379606488
2017-03-29,5.76321283385,0.340469664612,0.379200345459
2017-04-05,5.6866521845,0.333263956604,0.417931022583
2017-04-21,5.76321283385,0.338668237549,0.374696777588
2017-04-30,5.76321283385,0.336866809753,0.368391783752
2017-04-30,5.76321283385,0.33506538324,0.371994637451
2017-05-07,5.60186143533,0.355781782471,0.448004212817
2017-05-16,5.76321283385,0.335966096436,0.366590356018
2017-05-16,5.76321283385,0.33506538324,0.371093923523
2017-05-23,5.76321283385,0.333263956055,0.364788929016
2017-06-01,5.76321283385,0.331462529419,0.363888215515
2017-06-01,5.76321283385,0.330561815552,0.364788928772
2017-06-17,5.76321283385,0.324256820984,0.358483934448
2017-06-17,5.76321283385,0.324256822083,0.359384647339
2017-06-24,5.76321283385,0.337767523071,0.357583221069
2017-07-03,5.76321283385,0.345873944519,0.354881080444
2017-07-03,5.76321283385,0.345873944092,0.354881080688
2017-07-10,5.76321283385,0.344973230408,0.354881080994
2017-07-19,5.76321283385,0.345873943787,0.351278226624
2017-07-19,5.76321283385,0.347675370239,0.352178939941
2017-07-26,5.76321283385,0.344973230774,0.348576085754
2017-08-04,5.76321283385,0.341370376465,0.346774658325
2017-08-04,5.76321283385,0.339568949768,0.344973232239
2017-08-11,5.76321283385,0.335966095703,0.344973230957
2017-08-20,5.73481737331,0.341370375122,0.356682505371
2017-08-20,5.58483962563,0.339568948608,0.353980365845
2017-08-27,5.76321283385,0.335065382141,0.335065382141
2017-09-05,5.76321283385,0.332363241211,0.336866809509
2017-09-05,5.76321283385,0.334164668091,0.335966097107
2017-09-12,5.76321283385,0.299937559937,0.317051114441
2017-09-21,5.76321283385,0.311646833008,0.332363241516
2017-09-21,5.76321283385,0.31254754657,0.33056181543
2017-10-14,5.76321283385,0.313448259155,0.32245539447
2017-10-30,5.76321283385,0.295433990662,0.304441126038
2017-11-08,5.76321283385,0.299937557678,0.305341838623
2017-11-08,5.76321283385,0.299937557678,0.30714326593
2017-11-15,5.76321283385,0.303540410645,0.314348972534
2017-11-24,5.76321283385,0.296334703613,0.298136131104
2017-11-24,5.76321283385,0.299036844055,0.299937558044
2017-12-01,5.76321283385,0.291831136169,0.298136130981
2017-12-10,5.76321283385,0.286426854675,0.292731849915
2017-12-10,5.76321283385,0.285526141479,0.295433990356
2017-12-26,5.76321283385,0.281022573547,0.285526141418
2017-12-26,5.76321283385,0.279221146729,0.285526141724
2018-01-02,5.76321283385,0.275618292603,0.27832043335
2018-01-11,5.55718983937,0.263909017822,0.275618292969
2018-01-11,5.42161669074,0.261206878052,0.273816867615
2018-01-27,5.20296252517,0.254901883179,0.256703310852
2018-01-27,5.30565790333,0.254901883423,0.255802597961
2018-02-03,5.76321283385,0.255802596497,0.257604023682
2018-02-28,5.76321283385,0.266611159607,0.276052757368
2018-02-28,5.76321283385,0.266611160461,0.276953470503
2018-04-08,5.76321283385,0.352178940918,0.394946937117
2018-04-24,5.76321283385,0.347675373596,0.3895426555
2018-05-03,5.76321283385,0.343171805542,0.392711047424
2018-05-03,5.76321283385,0.343171806152,0.395413188416
2018-05-10,5.76321283385,0.344072519775,0.385505339844
2018-05-19,5.76321283385,0.342271091675,0.386406052612
2018-05-19,5.76321283385,0.344973232849,0.385505340088
2018-05-26,5.76321283385,0.344973232361,0.386406052612
2018-06-04,5.76321283385,0.345873945984,0.38460462561
2018-06-04,5.76321283385,0.344973233765,0.385505339722
2018-06-11,5.76321283385,0.351278227051,0.382803198975
2018-06-20,5.76321283385,0.350377512451,0.383703911621
2018-06-20,5.76321283385,0.34677465918,0.382803199829
2018-06-27,5.76321283385,0.344973231689,0.379200343872
2018-07-06,5.76321283385,0.350377513123,0.380101057861
2018-07-06,5.76321283385,0.346774659424,0.379200345581
2018-07-13,5.76321283385,0.34677465863,0.371994635681
2018-07-22,5.76321283385,0.345873945129,0.380101058472
2018-07-22,5.76321283385,0.347675373047,0.379200345764
2018-08-07,5.76321283385,0.341370377686,0.373796062866
2018-08-07,5.76321283385,0.344072518555,0.373796063599
2018-08-23,5.76321283385,0.358483933594,0.379200343506
2018-08-23,5.76321283385,0.359384647461,0.38100177179
2018-09-08,5.76321283385,0.344072517578,0.374696777527
2018-09-08,5.76321283385,0.344072518311,0.373796064819
2018-09-15,5.76321283385,0.344072517822,0.370193209717
2018-10-01,5.76321283385,0.319753255127,0.363888215149
2018-10-10,5.76321283385,0.329661101868,0.361186074524
2018-10-10,5.76321283385,0.33146252887,0.362987501465
2018-10-26,5.76321283385,0.33056181488,0.356682506531
2018-10-26,5.76321283385,0.334164669067,0.358483933777
2018-11-02,5.76321283385,0.328760388245,0.353980365845
2018-11-11,5.76321283385,0.323356107117,0.345873944458
2018-11-11,5.76321283385,0.323356107605,0.34677465802
2018-11-18,5.76321283385,0.32065396698,0.34317180426
2018-12-04,5.76321283385,0.311646833679,0.329661102234
2018-12-13,5.76321283385,0.314348972534,0.329661100891
2018-12-13,5.76321283385,0.315249687195,0.325157535767
2018-12-20,5.76321283385,0.3089446922,0.323356107788
2019-01-05,5.76321283385,0.305341838074,0.320653968323
2019-01-14,5.76321283385,0.297235417603,0.306242552734
2019-01-14,5.76321283385,0.299036844177,0.308043979492
2019-01-21,5.76321283385,0.295433990479,0.305341838684
2019-01-30,5.41662508665,0.265710445435,0.286426855164
2019-01-30,5.53688984366,0.264809732544,0.287327568787
2019-02-06,5.76321283385,0.286426855347,0.299937557983
2019-02-22,5.76321283385,0.352613402204,0.38864194145
2019-03-03,5.76321283385,0.348576085632,0.385039087507
2019-03-03,5.76321283385,0.348576085693,0.385939801008
2019-03-10,5.76321283385,0.339568949829,0.389542654707
2019-03-19,5.76321283385,0.340469663513,0.390443368147
2019-03-19,5.76321283385,0.33956895105,0.390443368696
2019-03-26,5.76321283385,0.337767524536,0.389542655134
2019-04-04,5.76321283385,0.334164669739,0.389108192444
2019-04-04,5.76321283385,0.335065383728,0.388207479675
2019-04-27,5.76321283385,0.342271091675,0.394046221785
2019-05-13,5.76321283385,0.349476798828,0.392711046204
2019-05-29,5.76321283385,0.342271092346,0.38730676593
2019-06-07,5.76321283385,0.349476799194,0.385505338684
2019-06-07,5.76321283385,0.348576085999,0.382803198547
2019-06-14,5.76321283385,0.353079652893,0.383703910889
2019-06-23,5.76321283385,0.354881080017,0.379200343567
2019-06-23,5.76321283385,0.353079653748,0.380101057983
2019-06-30,5.76321283385,0.352178939575,0.373796063538
2019-07-09,5.76321283385,0.351278226501,0.378299630554
2019-07-09,5.76321283385,0.353980366394,0.379200345276
2019-07-16,5.76321283385,0.353079653442,0.372895349365
2019-07-25,5.76321283385,0.352178939575,0.37469677655
2019-07-25,5.76321283385,0.350377513123,0.374696778137
2019-08-01,5.76321283385,0.346774658752,0.367491068481
2019-08-10,4.86494657561,0.353514117231,0.443726759097
2019-08-10,4.95356270525,0.352178943665,0.446428900699
2019-08-17,5.76321283385,0.346774658936,0.366590355652
2019-08-26,5.76321283385,0.345873945374,0.36298750116
2019-08-26,5.76321283385,0.344072518127,0.365689642273
2019-09-02,5.76321283385,0.345873945007,0.362987501099
2019-09-11,5.76321283385,0.339568950317,0.359384647644
2019-09-11,5.76321283385,0.338668236877,0.362086788147
2019-09-18,5.76321283385,0.330561815979,0.357583221008
2019-09-27,5.76321283385,0.331462528381,0.357583219482
2019-09-27,5.76321283385,0.331462529724,0.357583219971