Date,Rarea,NDWI,MNDWI
2013-04-10,52.0337021228,20.1111345905,20.2849730016
2013-04-26,52.0337021228,19.7489958456,20.1802775256
2013-05-03,52.0337021228,19.7764964449,20.1165945971
2013-05-12,52.0337021228,19.6764867093,19.9614730188
2013-05-19,51.6611743089,19.2189506976,19.6815202488
2013-05-28,52.0337021228,19.3101383119,19.8289994557
2013-06-04,52.0337021228,19.601478631,19.792740633
2013-06-13,52.0237012432,19.6789863336,19.7964960116
2013-06-20,45.7485567917,16.1925734042,16.4358609231
2013-06-29,52.0162004212,19.6464827345,19.7014874723
2013-06-29,52.0237010914,19.6239810365,19.6789856737
2013-07-06,49.4772759942,17.9501416005,18.4217806793
2013-07-15,52.0287017898,19.5814768319,19.6814857404
2013-07-15,52.0337021228,19.5739761039,19.6664845829
2013-07-22,52.0262014168,19.5289722902,19.5464734025
2013-07-31,52.0187007173,19.4164613978,19.4739665243
2013-07-31,52.006199482,19.4189619589,19.4689662172
2013-08-16,51.466389215,18.8033296987,18.8470002507
2013-08-16,51.7349896918,19.0053075311,19.0637445858
2013-08-23,52.0337021228,19.120503671,19.1430057018
2013-09-01,52.0337021228,19.0329956842,19.0654986669
2013-09-01,52.0337021228,19.0479972364,19.057998242
2013-09-17,52.0337021228,18.7129667543,18.7479696769
2013-09-17,52.0337021228,18.7129667882,18.7629711268
2013-10-26,50.4935776602,16.7796440473,16.8215500583
2013-11-04,52.0337021228,17.9147347986,17.8922332732
2013-11-04,52.0337021228,17.9072344209,17.8897331836
2013-11-11,48.9259229639,14.946963323,14.9644650451
2013-11-20,46.411315098,11.8889987965,12.658425034
2013-11-20,46.4007501334,12.8667378002,13.6324189042
2013-11-27,48.1184003731,13.9015992771,14.6622793709
2013-12-06,52.0337021228,16.4343010468,17.194981301
2013-12-06,52.0337021228,16.4243006557,17.2074828909
2013-12-13,47.2633196604,13.7633742263,14.4247506624
2013-12-22,49.2231609614,15.0116921826,15.553371685
2013-12-22,50.1009380028,15.1667029848,15.7416893376
2014-01-14,52.0312019205,15.8318550171,16.2457177239
2014-01-23,52.0221814592,15.3265918672,15.4938236448
2014-01-23,52.0337021228,15.3372988791,15.4904607839
2014-02-08,41.9396417242,9.07399164863,9.66814654811
2014-02-15,52.0337021228,14.8981205016,15.3506433265
2014-03-12,52.0337021228,15.4582130843,16.0838889772
2014-03-12,52.0337021228,15.4532128482,16.0838503782
2014-03-19,52.0337021228,16.1601392805,16.7743346526
2014-04-04,52.0337021228,16.0508353849,16.2417838342
2014-04-20,48.2019277405,13.0053113666,13.4965195305
2014-05-15,42.1428519443,7.8074116491,8.50497364666
2014-05-22,52.0337021228,15.627365232,15.9655022439
2014-05-31,48.7048662774,13.4514926161,13.884738209
2014-05-31,50.5988076329,14.2565544096,14.7048013801
2014-06-07,52.0337021228,15.594155613,15.7748772901
2014-06-16,46.8707029256,11.3469050707,11.9895032715
2014-06-16,47.2991764281,10.9716287034,11.599460885
2014-06-23,52.0312018816,15.4919982598,15.7033018097
2014-07-09,52.0337021228,15.4857831894,15.5748592647
2014-07-25,52.0265543068,15.4160902826,15.4502013846
2014-08-03,52.0187007625,15.344839219,15.4048440196
2014-08-03,52.0011992508,15.3373386253,15.3973437625
2014-08-10,51.7482292493,15.0748180769,15.1372450762
2014-08-19,51.5690296655,15.7364354426,16.2004144487
2014-08-19,51.5970918645,15.7055007496,16.1744798762
2014-08-26,52.0337021228,15.1306429858,15.1631456777
2014-09-04,52.0312019585,15.0106711929,15.0672739865
2014-09-04,52.0312019478,15.003131183,15.0522728385
2014-09-11,52.0337021228,14.90816119,14.9556263893
2014-09-20,52.0337021228,14.7806499615,14.8318990226
2014-09-20,52.0337021228,14.7931509588,14.8143976544
2014-10-06,52.0337021228,14.4602665816,14.4879260529
2014-10-06,52.0337021228,14.4477660037,14.4904265068
2014-10-13,52.0312019585,14.2882607411,14.3204111135
2014-10-22,52.0337021228,14.1682102703,14.1357466041
2014-10-22,52.0337021228,14.1782503715,14.1530130447
2014-10-29,52.0237013953,14.0004596284,14.0304628144
2014-11-07,52.0337021228,13.9754569619,13.9379537002
2014-11-07,52.0337021228,13.9729566123,13.9279529702
2014-11-14,49.1559572991,12.3078953586,12.5795982622
2014-11-30,51.5411581382,14.5505901247,14.7556482039
2014-12-25,52.0337021228,14.7027894996,14.8481558501
2014-12-25,52.0337021228,14.6927886324,14.8331547039
2015-01-01,52.0337021228,14.7806101562,14.9731672625
2015-01-17,52.0337021228,14.4504228674,14.5529323073
2015-02-02,52.0337021228,14.1404719746,14.1679747124
2015-02-18,52.0337021228,13.6287098817,13.6732038884
2015-03-06,52.0337021228,13.146674472,13.1821384654
2015-03-15,52.0337021228,12.9816584788,12.97540356
2015-03-15,52.0337021228,12.9928362552,12.9840416247
2015-03-31,52.0337021228,12.8500079937,12.8516852051
2015-03-31,52.0337021228,12.8511456058,12.8578231168
2015-04-16,52.0337021228,12.5356946956,12.6336257364
2015-04-16,52.0337021228,12.5406950738,12.6311256055
2015-04-23,52.0337021228,12.5086134288,12.5536173118
2015-05-02,52.0312019585,12.1530417047,12.4325575316
2015-05-02,52.0337021228,12.1455408854,12.4550596541
2015-05-18,52.0337021228,12.1802301734,12.3400484415
2015-05-18,52.0337021228,12.1727295316,12.332900862
2015-05-25,49.9009952935,9.34517109064,10.467951916
2015-06-03,52.0337021228,12.2400383199,12.3010930899
2015-06-03,52.0337021228,12.2475390333,12.2900432769
2015-06-19,52.0337021228,10.8601111345,12.0425592468
2015-06-19,52.0337021228,10.8501100346,12.0602964902
2015-07-28,52.0312019036,11.9602483209,11.9180976164
2015-08-06,52.0312019319,11.8152740398,11.8031260879
2015-08-06,52.0337021228,11.8356289791,11.7931254241
2015-08-13,52.0312019585,11.7001855563,11.7081173753
2015-08-29,52.0337021228,11.4980195899,11.5754872086
2015-09-07,52.0337021228,11.4080110362,11.3880098157
2015-09-07,52.0337021228,11.388009582,11.3705085249
2015-09-14,52.0262013877,11.320503219,11.3454658751
2015-09-23,52.0337021228,11.1079831433,11.0579789822
2015-09-23,52.0337021228,11.1079832051,11.0579792749
2015-10-09,52.0194653095,10.6241343796,10.634213498
2015-10-09,52.0337021228,10.634507933,10.6395872428
2015-10-16,52.0337021228,10.5056722251,10.4481672339
2015-11-01,51.8008857927,9.90341947094,9.93164853396
2015-11-10,52.0337021228,9.58105533904,9.59120439436
2015-11-10,52.0337021228,9.57605488616,9.58120365217
2015-11-17,52.0287016517,9.16187818712,9.25275077731
2015-11-26,50.8885628928,8.9408077395,8.89330406201
2015-11-26,50.8557960954,8.95080870312,8.89080409106
2016-01-04,52.0337021228,7.90571006104,8.12573166504
2016-01-13,49.4888101755,6.93063298755,6.72811758374
2016-01-13,46.4849097954,6.39309196167,6.25558206177
2016-01-29,52.0337021228,8.55577156079,8.76360548633
2016-01-29,52.0337021228,8.54827106689,8.76360586793
2016-02-05,52.0337021228,8.48576430493,8.69578519849
2016-02-14,52.0337021228,7.67818827344,8.49076603027
2016-02-14,52.0337021228,7.67818819043,8.48826583398
2016-02-21,52.0337021228,6.89811547266,8.34575223633
2016-03-01,51.8932172183,7.48067176538,8.1994833531
2016-03-01,51.8782156749,7.49817344141,8.22824079468
2016-03-08,52.0312018931,8.10322886865,8.39325664185
2016-03-24,52.0337021228,7.23564978271,8.02322241895
2016-04-02,52.0312019585,6.67809435254,8.1107304917
2016-04-02,52.0337021228,6.68559492505,8.12604567042
2016-04-09,52.0337021228,5.37298640503,8.12573237183
2016-04-18,52.0337021228,7.59818429468,8.07322594336
2016-04-18,52.0337021228,7.60318513135,8.08322680249
2016-04-25,52.0337021228,7.73569567896,8.03072213721
2016-05-04,52.0337021228,7.63818455933,7.90821039038
2016-05-04,52.0337021228,7.64318501367,7.90821039429
2016-05-11,52.0337021228,7.50817387988,8.07822620972
2016-05-20,52.0337021228,7.65068564624,7.92571178369
2016-05-20,52.0337021228,7.64818556641,7.92321152466
2016-05-27,52.0337021228,7.47317061011,7.90316910998
2016-06-05,47.3394651279,6.13677565833,7.13315058247
2016-06-05,42.1546243021,6.04669372294,6.40058940815
2016-06-21,52.0337021228,7.57317794849,7.71569114819
2016-06-21,52.0337021228,7.5756782561,7.72569212915
2016-06-28,52.0287017942,7.56067681006,7.65818608789
2016-07-07,52.0337021228,7.4756690127,7.61568235034
2016-07-07,52.031201867,7.47316875488,7.61318203052
2016-07-14,52.013700344,7.4831694873,7.59567993921
2016-07-23,52.031201867,7.35565755664,7.51067285693
2016-07-23,52.0337021228,7.35815776611,7.51817354858
2016-07-30,52.0337021228,7.40816239746,7.58067894824
2016-08-08,51.4511424869,6.858106396,7.0181223623
2016-08-08,51.2786252832,6.61558201245,6.80810068848
2016-08-15,51.4061499864,7.08813471558,7.23064828589
2016-08-24,52.0312019585,7.30065203369,7.34565678711
2016-08-24,52.0337021228,7.30065206079,7.35315735132
2016-08-31,52.0337021228,7.19564240112,7.28565126929
2016-09-09,52.0337021228,7.06813111328,7.18064182886
2016-09-09,52.0337021228,7.0781319541,7.18814250464
2016-09-16,52.0312019585,6.95562009082,7.18814220947
2016-09-25,52.0337021228,6.96812159839,7.07313131934
2016-09-25,52.0337021228,6.98562302466,7.07063112964
2016-10-02,52.0312019585,6.86311137793,6.9881228623
2016-10-11,52.0337021228,6.82310712061,6.92061696265
2016-10-11,52.0337021228,6.83560858008,6.92561752026
2016-10-27,52.0337021228,6.62808899854,6.725598125
2016-10-27,52.0337021228,6.61558786182,6.7305989021
2016-11-12,52.0337021228,6.49307570166,6.53558032349
2016-11-12,52.0337021228,6.48057502026,6.55058181543
2016-11-19,52.0212010254,6.35806345581,6.42306952271
2016-11-28,52.0337021228,6.27305535718,6.33556149072
2016-11-28,52.0337021228,6.29055708545,6.32556076123
2016-12-14,52.0337021228,5.88551905005,6.18554748071
2016-12-14,52.0337021228,5.88551916943,6.18054721289
2016-12-21,52.0337021228,5.85551634302,6.03303287231
2016-12-30,51.5236524371,5.4717243102,5.91223598455
2016-12-30,51.5261524485,5.48196047176,5.90747091491
2017-01-15,52.0337021228,5.56548912793,6.08549781375
2017-01-15,52.0337021228,5.55298817065,6.08799826907
2017-01-22,52.0337021228,5.1254468584,6.24586670484
2017-01-31,52.0337021228,5.85051588867,6.16554495996
2017-01-31,52.0337021228,5.85801658472,6.17554605664
2017-03-11,52.0337021228,11.6412108821,12.1748875657
2017-03-20,52.0337021228,11.1001514247,12.0247949443
2017-03-20,52.0337021228,11.0876504384,12.0047933108
2017-03-27,52.0337021228,10.675115196,11.7259047328
2017-04-05,52.0337021228,11.0101428569,11.5408857858
2017-04-05,52.0337021228,11.0257327248,11.5433867748
2017-04-21,52.0337021228,11.2283574809,11.4533779221
2017-04-21,52.0337021228,11.2133564382,11.4583787978
2017-04-28,52.0337021228,9.63071436785,11.3208659929
2017-05-07,45.3277157449,6.92231968202,8.37456221446
2017-05-07,44.352678194,6.73959777189,8.19473309269
2017-05-14,52.0337021228,9.99551811596,11.29586337
2017-05-23,52.0312019563,10.1704045718,11.3208652155
2017-05-23,52.0337021228,10.1754052171,11.323365527
2017-05-30,52.0312019563,10.9341446962,11.3205117899
2017-06-15,52.0337021228,10.290729167,11.2158552414
2017-06-24,52.0337021228,11.1180717295,11.2533582475
2017-06-24,52.0337021228,11.1030703011,11.2533582626
2017-07-01,52.0337021228,10.888051594,11.2733204861
2017-07-10,52.0287017132,10.9689495679,11.2333562397
2017-07-10,52.0337021228,10.974302995,11.2408179808
2017-07-17,52.0337021228,11.1158458906,11.1908529321
2017-07-26,52.0312019563,11.0630667346,11.1308473906
2017-07-26,52.0337021228,11.063067013,11.1283471769
2017-08-02,52.0337021228,11.0697141329,11.1383478151
2017-08-11,52.0337021228,11.0194742124,11.078342707
2017-08-11,52.0337021228,11.0144739367,11.0922553893
2017-08-18,52.0312019585,10.9444674042,11.0247492142
2017-08-27,52.028701792,10.8946980639,10.9172399212
2017-08-27,52.0337021228,10.8921979535,10.9347414051
2017-09-03,52.0312019585,10.8347321478,10.8647348319
2017-09-19,51.9086895269,10.6196724503,10.7547244398
2017-09-28,52.0337021228,10.6746781242,10.842193799
2017-09-28,52.0337021228,10.679678693,10.849694442
2017-10-14,52.0337021228,10.5571668392,10.8146910592
2017-10-14,52.0337021228,10.5521667511,10.8146911974
2017-10-21,52.0312018836,10.4846602145,10.707181317
2017-11-06,50.9311104534,9.50957700868,9.64559926811
2017-12-01,52.0337021228,10.0771228934,10.3306564241
2017-12-01,52.0337021228,10.0696228671,10.3231556321
2017-12-24,52.0112003428,8.88244829013,10.1096266237
2018-01-02,52.0337021228,9.8586020492,10.0721221705
2018-01-02,52.0337021228,9.86360282434,10.0546207084
2018-01-09,52.0337021228,9.68499756965,9.97711368422
2018-01-18,52.0337021228,9.54836625732,9.87394710704
2018-01-18,52.0337021228,9.54086579419,9.86875064665
2018-01-25,52.0337021228,9.09612608906,9.81374498918
2018-02-03,52.0337021228,9.52248209943,9.82374548015
2018-02-03,52.0337021228,9.50498073176,9.81124481487
2018-02-19,49.6057747643,8.12679106999,8.45197811122
2018-02-19,49.060255861,7.82926313347,8.13444835902
2018-02-26,52.0337021228,9.84890597427,10.2071348971
2018-03-14,52.0337021228,9.99715530089,10.2321370338
2018-04-08,52.0337021228,9.71212972496,10.3731602515
2018-04-08,52.0337021228,9.71963034117,10.3681599241
2018-04-15,52.0337021228,14.4444125712,14.9547641979
2018-04-24,52.0337021228,15.3191336694,16.243352627
2018-04-24,52.0337021228,15.3194872041,16.259285561
2018-05-01,52.0337021228,16.1183409371,16.4643040713
2018-05-10,51.2011290616,14.8997559987,15.9667588874
2018-05-10,51.6036620953,14.9351113064,16.0342639362
2018-05-17,52.0337021228,15.5016549464,16.3617946228
2018-05-26,52.0337021228,15.6581902433,16.3892966433
2018-05-26,52.0337021228,15.6506900876,16.3942970437
2018-06-02,52.0337021228,15.7016644798,16.3892969819
2018-06-11,52.0337021228,16.0967711169,16.3992975859
2018-06-11,52.0337021228,16.0817701347,16.4217999404
2018-06-18,52.0337021228,16.1392053652,16.344292583
2018-06-27,52.0337021228,16.2208500099,16.4167984348
2018-06-27,52.0337021228,16.2183500749,16.3992972121
2018-07-04,52.0337021228,16.2367824504,16.3267905295
2018-07-20,52.0337021228,16.2317819585,16.2567839392
2018-08-05,52.0337021228,16.1067712636,16.1292727763
2018-08-14,52.0337021228,16.0208318412,16.1067704629
2018-08-14,52.0312019087,16.0283326432,16.1067705166
2018-08-30,52.0337021228,15.9408241906,15.9417557319
2018-08-30,52.0337021228,15.9233227299,15.9592574443
2018-09-15,50.4813158898,15.199877175,15.3398899561
2018-09-15,47.9987296498,14.6510263852,14.7635363554
2018-10-01,49.9760498484,14.7182242912,14.808232412
2018-10-01,50.921117731,14.8482341003,14.9548122864
2018-10-08,52.0337021228,15.3773419815,15.4423481253
2018-10-24,52.0337021228,15.1247799223,15.2181899766
2018-11-02,52.0337021228,14.9356637185,14.9831684031
2018-11-02,52.0337021228,14.910661564,14.9856293642
2018-11-09,50.5835674673,13.572993123,13.6655403084
2018-11-25,51.8811912749,14.2177477838,14.3352588675
2018-12-04,52.0337021228,14.2182538282,14.3079090551
2018-12-04,52.0337021228,14.2232542123,14.3079094697
2018-12-11,51.5461656832,13.7306761934,13.8332243534
2018-12-20,52.0337021228,13.9504547905,14.0029598012
2018-12-20,52.0337021228,13.9479545957,13.9929589426
2019-01-05,52.0337021228,13.6703112003,13.7754384543
2019-01-05,52.0337021228,13.6680856369,13.7879394831
2019-01-12,52.0337021228,13.5111987572,13.5962064608
2019-01-21,52.0337021228,13.3710676636,13.4335731846
2019-01-21,52.0337021228,13.3460657252,13.4410741956
2019-01-28,52.0337021228,13.1512434261,13.245663834
2019-02-06,52.0337021228,12.3816508858,13.1008856633
2019-02-06,52.0337021228,12.3677872967,13.1158873259
2019-02-13,52.0337021228,12.8971343053,13.3810691195
2019-02-22,52.0337021228,13.7454365085,14.0729662954
2019-02-22,52.0337021228,13.7504370632,14.0604649951
2019-03-01,52.0337021228,13.0492463953,13.9304531848
2019-03-10,52.0337021228,13.5185818543,13.7729384216
2019-03-10,52.0337021228,13.5135814908,13.7754388191
2019-03-17,52.0337021228,14.6212925525,15.269284176
2019-03-26,52.0337021228,14.345727314,14.9577649166
2019-03-26,52.0337021228,14.3235784208,14.9627654654
2019-04-02,52.0337021228,14.1982522308,14.5632864166
2019-04-18,52.0337021228,14.4457755226,14.7278307434
2019-04-27,52.0337021228,14.5970867784,15.4298080602
2019-04-27,52.0337021228,14.6040777714,15.4323083278
2019-05-04,52.0337021228,14.6656452471,15.5448572132
2019-05-13,52.0337021228,14.9205093685,15.5373566765
2019-05-13,52.0337021228,14.9330106334,15.5598586148
2019-05-20,52.0337021228,15.3798430928,15.6298639627
2019-05-29,50.8280851638,15.0065859312,15.3888910252
2019-05-29,50.6410760213,14.8921648088,15.2988834249
2019-06-14,52.0337021228,15.2406519811,15.5123530987
2019-06-14,52.0337021228,15.2481528298,15.497352313
2019-06-21,52.0337021228,14.9526361181,15.4848506135
2019-06-30,52.0337021228,15.0629096733,15.4423468435
2019-06-30,52.0337021228,15.0654099738,15.4398467266
2019-07-16,52.0337021228,15.0956397692,15.2898333279
2019-07-16,52.0337021228,15.0931395658,15.2923336319
2019-07-23,52.0337021228,15.1723230564,15.2323283667
2019-08-01,52.0337021228,15.0806381496,15.142280632
2019-08-01,52.0337021228,15.0781380102,15.13728031
2019-08-08,52.0337021228,15.050674438,15.0931780347
2019-08-17,52.0287016905,14.9081220175,14.988129227
2019-08-17,52.0337021228,14.9181232467,15.0097686229
2019-08-24,52.0337021228,14.8206143058,14.875618985
2019-09-02,52.0337021228,14.6831015409,14.7331060507
2019-09-02,52.0337021228,14.6681003417,14.7306061484
2019-09-09,52.0337021228,14.5527760748,14.6155954269
2019-09-18,52.0337021228,14.4027620899,14.5277734498
2019-09-18,52.0287016487,14.3727594017,14.5130859777
2019-09-25,52.0337021228,14.3279117814,14.4529227985