Date,Rarea,NDWI,MNDWI
2013-04-03,92.7164068748,3.95684669922,4.05433539038
2013-06-09,92.7114077679,8.97561458321,12.0908066647
2013-07-11,92.5914295677,10.7747249864,14.0278932025
2013-09-29,92.7164068748,10.3458761384,10.7209242973
2013-10-15,92.7189064283,10.4108655933,10.6458297808
2013-12-18,92.7189064283,9.96343433032,10.0084282144
2014-01-03,92.7189064283,9.47600738574,9.45101138452
2014-01-19,92.7189064283,9.14605692334,9.02607672656
2014-02-04,92.7189064283,8.56364368237,8.48365701782
2014-03-08,92.7114077593,7.05136842456,6.92638871777
2014-04-09,92.7139073201,6.05652045361,6.14651206812
2014-04-25,92.7114077581,5.65158249121,5.74470169292
2014-05-11,92.7139073177,5.96506478942,6.50384650197
2014-05-27,92.6964090738,5.9690369353,6.86210209472
2014-06-12,92.6739143914,9.86388356157,12.396193918
2014-07-30,92.7189064283,10.675008542,13.7486313133
2014-08-15,92.7164068736,10.3808730054,11.7400072447
2014-08-31,92.7164068748,10.3490038057,11.0832934966
2014-10-02,92.7189064283,10.340875886,10.5758404805
2014-10-18,92.7189064283,10.3233785837,10.4708568704
2014-11-19,92.7189064283,10.1459056575,10.1509058479
2014-12-05,92.7189064283,9.86094909302,9.88094644971
2014-12-21,92.7189064283,9.38602030127,9.29603509497
2015-01-06,92.7189064283,8.80360752246,8.70862318311
2015-01-22,92.7189064283,8.06871759302,7.94623678955
2015-02-07,92.7189064283,7.23384120874,7.078865625
2015-02-23,92.7189064283,6.29898076758,6.17400095117
2015-03-11,92.7189064283,5.34662611719,5.23414449805
2015-03-27,92.7189064283,4.42427009033,4.39177704297
2015-04-12,89.4718854081,3.11756594264,3.14748450574
2015-07-01,92.7139073201,6.17299555713,9.25472684399
2015-08-02,92.7139073201,8.52865650635,9.76815092404
2015-09-03,92.7189064283,9.89094525269,10.1936768488
2015-09-19,92.7189064283,10.0709186726,10.1484074502
2015-10-05,92.7189064283,9.89594404761,9.86095059546
2015-10-21,90.2196986344,9.35512452835,9.41761363674
2015-11-06,92.7061439145,9.24104320825,9.23604493335
2015-11-22,92.7189064283,8.90359376709,8.79611049878
2015-12-08,77.5522194387,8.31118207178,8.25869161353
2016-01-09,92.7189064283,7.06136701636,6.87139714551
2016-02-10,92.7189064283,5.38911970532,5.26663954248
2016-03-13,86.440039776,4.02434387622,3.96685284644
2016-04-14,92.693518573,2.8420260293,2.79953289038
2016-04-30,92.7189064283,3.28723902926,3.72217942111
2016-05-16,81.3723867753,3.49981346027,4.22061687898
2016-06-01,92.4439557889,3.87452468365,5.04126567758
2016-07-03,92.7014095027,9.63618237833,11.752728605
2016-08-20,92.7164067872,10.4308636909,11.3959957141
2016-09-21,92.7139071461,10.4083668789,10.6658281436
2016-10-07,92.7189064283,10.3583739478,10.5858400708
2016-10-23,92.7139072313,10.3183799753,10.4658580891
2016-11-08,92.7189064283,10.105913106,10.1909003669
2016-11-24,92.7114075914,9.81845615112,9.80845834131
2016-12-10,90.0561199131,8.68811561974,8.60359853859
2016-12-26,92.7189064283,8.64613185791,8.59114082373
2017-01-11,92.7189064283,7.9312379436,7.80875715332
2017-02-12,92.7189064283,6.52644613525,6.38396928589
2017-02-28,92.7189064283,5.53909610522,5.45910928809
2017-03-16,92.7089080999,4.58674389893,4.51925501294
2017-04-17,92.7189064283,2.87491399933,2.8195303855
2017-05-03,92.708908033,2.57422361515,2.54770799004
2017-05-19,92.4474753177,2.80380994202,2.63930211778
2017-06-20,92.711407752,4.88429774976,5.73772673975
2017-07-06,92.3424948902,5.17398124763,6.58224731006
2017-07-22,92.6914110303,5.32429361309,6.28649479836
2017-08-07,92.7139072337,5.37162972705,5.83379417488
2017-08-23,91.8783140875,5.85155456836,5.98716789654
2017-10-10,92.7189064283,6.25648903931,6.25399343848
2017-11-11,92.7189064283,5.79655776196,5.79906015625
2017-11-27,92.7189064283,5.56159408618,5.59909286475
2018-01-14,92.7189064283,3.98683940137,3.93184872559
2018-02-15,92.7189064283,2.99699952686,2.93950914062
2018-03-03,92.7189064283,2.41709394263,2.38709902417
2018-03-19,92.7189064283,2.10464533325,2.07215083398
2018-04-20,92.7189064283,2.03493606613,1.90967883789
2018-05-06,90.9604648557,2.39537410958,2.49702364815
2018-07-09,92.7189064283,11.3659642233,13.0956040511
2018-08-10,92.7164067872,10.6039682115,11.7457010523
2018-09-11,92.7164068724,10.4333630645,10.7933089834
2018-09-27,92.7139072313,10.4183655623,10.6558294373
2018-10-13,92.7189064283,10.3783710574,10.5208504653
2018-10-29,91.8290653458,9.98343703247,10.0834224849
2018-11-14,92.7189064283,10.0459223005,10.0584213623
2018-11-30,78.0488998996,2.91959673267,3.40452110205
2018-12-16,92.7189064283,9.2585416936,9.11856288379
2019-01-01,92.7189064283,8.72861957251,8.64363392651
2019-01-17,92.7189064283,8.02122545972,7.87874744482
2019-02-18,92.7189064283,6.44145892603,6.3164792644
2019-03-06,92.7189064283,5.45410953271,5.3416279751
2019-04-07,92.7189064283,4.02683477856,3.94934789111
2019-05-09,87.7472021585,3.15475999508,3.3218407092
2019-06-26,92.4314568924,4.796732511,6.69399263395
2019-07-12,92.6814128152,7.0973109356,9.17286254082
2019-07-28,75.8976686667,5.20667150244,9.06602276971
2019-08-13,92.2950010884,10.5883428645,12.0226500914
2019-08-29,85.4848050856,9.30352460889,9.72346268652