Date,Rarea,NDWI,MNDWI
2013-03-21,53.9696008457,6.16508057871,6.87638840294
2013-04-24,53.9696008457,8.06184079223,9.31449254469
2013-06-11,53.9696008457,12.6954656198,14.0970198149
2013-07-29,53.9696008457,10.3424503984,11.6302663147
2013-11-02,53.9303768852,4.3650875392,4.75640337744
2013-12-04,53.9696008457,4.70320893987,5.13460276344
2013-12-20,53.9696008457,4.93072311236,5.53246304719
2014-01-21,53.9696008457,5.40535339462,6.30905296981
2014-02-06,53.9696008457,5.51894405826,6.4465621526
2014-02-22,53.9696008457,5.73819823963,6.71311454492
2014-04-11,53.9696008457,7.12064259789,9.30047210043
2014-04-27,53.9696008457,8.10518514842,10.6008957163
2014-05-13,45.3278496739,9.54047612914,13.4423664177
2014-06-14,53.9696008457,12.6948369608,15.7116470553
2014-06-30,53.9445831257,12.68374084,15.3670891131
2014-08-17,53.0478148923,8.43181664921,11.9125114048
2014-09-02,53.9696008457,7.00618811048,8.5719167719
2014-10-04,53.9696008457,5.53208123798,6.00458268482
2014-10-20,53.9696008457,5.06050177266,5.68725926946
2014-11-05,47.7292994162,4.70293500973,5.24841957
2014-11-21,53.9696008457,4.51069043417,4.86335176139
2014-12-07,53.9696008457,4.39764970052,4.75031133064
2014-12-23,53.9696008457,4.14828590858,4.46146852457
2015-01-08,53.9696008457,4.11643002599,4.4188206159
2015-01-24,53.9696008457,3.73424713458,4.18992381979
2015-02-09,53.9595938474,3.68126777043,4.1331381167
2015-02-25,51.7775519736,3.78350669995,4.09439372639
2015-03-29,53.9696008457,4.2522143511,5.06361241717
2015-04-14,53.4467281801,5.01391080568,6.13609948481
2015-07-03,53.8787619552,11.1036402979,13.3201265713
2015-07-19,53.9696008457,9.63360534124,11.6702672254
2015-08-20,53.9696008457,6.33249593833,8.09560830472
2015-09-05,53.9696008457,5.00563235837,6.89706177936
2015-10-07,53.9696008457,3.7981947477,4.24486447714
2015-11-08,53.9696008457,3.20324161424,3.46013918406
2015-11-24,53.9696008457,3.00618964486,3.26577605394
2015-12-10,53.9696008457,2.4278466253,2.70889956197
2015-12-26,53.9696008457,2.33266135705,2.44625176207
2016-01-11,53.9696008457,2.28305727696,2.40724364434
2016-01-27,45.8730033082,3.27446648375,3.6295311147
2016-02-12,53.9696008457,2.93195006945,3.33702245193
2016-02-28,53.9696008457,3.05984496859,3.4591683922
2016-03-15,53.9696008457,2.44173857795,3.00360921513
2016-03-31,53.9670990637,1.79207077609,2.73014907632
2016-05-02,53.9696008457,3.66956990087,4.62880879922
2016-05-18,53.9696008457,5.96551578198,8.15065443498
2016-06-03,53.9696008457,7.04833309508,9.05944828237
2016-07-05,53.959593718,7.31288306885,9.36893306296
2016-08-06,53.9696008457,4.22809366441,6.21560267463
2016-09-07,53.6116523531,2.88786026499,3.95037947234
2016-09-23,45.3702641689,1.92967758911,2.43744937796
2016-10-25,53.9696008457,1.34739140901,1.53642771308
2016-11-10,53.9696008457,0.426696396474,1.08141766481
2016-11-26,48.7029483524,0.140678513131,0.267317718168
2016-12-12,53.9696008457,0.163655810786,0.219391485471
2016-12-28,53.7519453318,0.178627229117,0.254691087261
2017-01-13,53.1990695315,0.148851238217,0.221746238426
2017-01-29,53.9696008457,0.288313043298,0.342959686876
2017-02-14,53.9696008457,0.39857768024,0.493331309073
2017-03-02,46.4022304927,0.519212132543,0.785027487877
2017-04-19,53.9696008457,2.68610657697,3.20091321249
2017-06-06,53.9145617165,7.38153005396,7.88229797283
2017-07-08,48.0020679051,7.15181712283,7.92768318351
2017-07-24,53.9670990598,6.09227079279,6.23330242594
2017-08-09,53.9696008457,4.16532379726,4.40211912741
2017-09-26,51.2473311704,0.571818784936,0.742803636828
2017-10-12,53.9670990612,0.390140432973,0.474053047812
2017-10-28,53.9696008457,0.224483351034,0.273027669226
2017-11-13,53.7406138641,0.108616553706,0.195158571521
2017-11-29,53.9696008457,0.121125493403,0.181168159907
2017-12-15,53.9696008457,0.118662946411,0.171082557848
2017-12-31,53.9696008457,0.161114708365,0.19363784606
2018-01-16,53.9696008457,0.214201480494,0.259262925025
2018-03-21,53.7544469543,0.938079207009,2.61503812239
2018-04-22,53.9696008457,2.96071372949,3.24000911686
2018-05-24,53.9696008457,6.29901715654,6.65386578819
2018-07-11,53.9670990605,7.78692703706,7.79220424819
2018-08-12,53.9696008457,4.01673833211,4.09863804804
2018-08-28,53.9696008457,2.4197116873,2.59689613416
2018-09-29,53.9696008457,0.609698787724,0.743136854421
2018-10-15,53.9696008457,0.355861167566,0.450183109731
2018-11-16,53.9696008457,0.111118306148,0.151146833735
2018-12-02,48.3352389028,0.411352465034,0.373825468696
2018-12-18,53.9696008457,0.0813030443694,0.115425381909
2019-01-19,53.9696008457,0.22076494684,0.230379634746
2019-02-04,53.9641166408,0.339309664874,0.358617565973
2019-03-24,53.9696008457,1.11090922122,3.34152584282
2019-04-09,53.9696008457,3.63586320405,3.87169761178
2019-04-25,53.9696008457,5.52335057926,6.60938889304
2019-05-11,53.9696008457,7.9980320356,7.68676086558
2019-07-14,49.473761221,9.46415757805,9.43120261879
2019-08-15,53.9696008457,6.85502358561,6.61857069624
2019-09-16,53.9696008457,3.1863864824,3.24636058192