Date,Rarea,NDWI,MNDWI
2013-03-21,9.69668370875,0.84126823938,0.938457159473
2013-03-21,9.69668370875,0.840367525146,0.939032913696
2013-04-15,9.69668370875,0.840409906455,1.32559153992
2013-04-15,9.48821225748,0.844012769065,1.31372682282
2013-04-22,9.69668370875,0.841310621848,1.35715542832
2013-04-22,9.69668370875,0.844913484519,1.34964240098
2013-06-18,9.69668370875,0.897476359424,2.48142860156
2013-07-04,9.08837534683,1.1652894103,3.87940299985
2013-07-20,7.96441740689,1.83376877313,2.73825672205
2013-07-20,7.89545414284,1.86603182171,2.70945123974
2013-08-05,8.57138291053,0.83140274221,1.86347422958
2013-08-05,7.77942769395,0.751239074546,1.51555082398
2013-09-06,9.69668370875,0.877296867004,1.06515071448
2013-09-06,9.69668370875,0.8790982995,1.06334928724
2013-09-22,9.69668370875,0.874594721375,0.917829050903
2013-10-24,9.69668370875,0.900715478027,0.939417984905
2013-10-24,9.69668370875,0.899814762634,0.939417984295
2013-11-18,9.21943860886,0.866488270325,0.978148758282
2013-11-25,9.69668370875,0.890807604431,0.963737306622
2013-11-25,9.69668370875,0.891708320129,0.962836591473
2013-12-11,9.39095269625,0.876396151611,1.02678738224
2013-12-20,9.69668370875,0.901616193726,0.963737304363
2013-12-27,9.69668370875,0.893509749878,0.977248035687
2014-01-21,9.69668370875,0.903417623718,0.969632576459
2014-02-22,9.69668370875,0.903417621826,0.968731854901
2014-03-17,9.19580486472,0.910623342957,1.18349772177
2014-03-17,9.18219522202,0.912424776306,1.17993724799
2014-04-11,9.69668370875,0.924134078613,1.41655338786
2014-04-18,9.69668370875,0.924134075989,1.46500483329
2014-04-18,9.69668370875,0.922332645996,1.47040912815
2014-04-27,9.69578299428,0.90616215261,2.32280052751
2014-06-14,9.69668370875,0.978360661051,2.88893027559
2014-06-21,9.69668370875,0.98736780839,3.25001126235
2014-06-21,9.69668370875,0.988268525187,3.25001126485
2014-06-30,9.69668370875,0.997275678324,3.23171082757
2014-07-07,9.69668370875,0.980162086161,2.9823998162
2014-07-07,9.69668370875,0.983764951273,2.98531390353
2014-07-23,9.10221149354,0.595372922791,2.18170615651
2014-08-08,9.69668370875,0.934041944519,2.54148367825
2014-08-08,9.69668370875,0.932240512817,2.54148367757
2014-08-17,9.69668370875,0.927736940369,2.37789247243
2014-08-24,9.69668370875,0.923233357788,1.28918518151
2014-08-24,9.69668370875,0.923233358643,1.28918518158
2014-09-02,9.69668370875,0.925034793518,1.13325543716
2014-09-25,9.59039929188,0.827757537842,0.892171054059
2014-09-25,9.58679643068,0.827757538147,0.89217105412
2014-10-04,9.69668370875,0.904318337036,0.959233725262
2014-10-20,9.26828235934,0.899814760803,0.96822322124
2014-10-27,9.69668370875,0.904318336121,0.981751614178
2014-11-21,9.69668370875,0.902516909729,0.951127286907
2014-12-07,9.69668370875,0.865587565247,0.945751247864
2015-01-15,9.69668370875,0.848473969482,0.890397868409
2015-01-15,9.69668370875,0.850275400696,0.890397867188
2015-01-24,9.69668370875,0.838566098633,0.861984703491
2015-03-20,9.69668370875,0.747593813965,0.775487729595
2015-03-20,9.69668370875,0.749395246094,0.775487731365
2015-03-29,9.63292724874,0.77461528064,1.08742136752
2015-04-21,8.05772096518,0.599018187705,1.22396991486
2015-04-21,7.76555718148,0.530563808738,1.11587344793
2015-05-07,9.69668370875,0.781863382774,1.70718785037
2015-05-07,9.69668370875,0.784565529746,1.71259214615
2015-06-08,9.69668370875,0.927019855753,2.81100600545
2015-06-08,9.69668370875,0.927920571757,2.80650242616
2015-07-03,8.18376711717,0.698238083414,3.14320029823
2015-07-10,9.69668370875,0.951339184122,3.56052147965
2015-07-10,9.69668370875,0.95223989921,3.56232291354
2015-07-19,9.69668370875,0.955842762552,2.9057789805
2015-07-26,9.69668370875,0.973857083292,3.43928514675
2015-07-26,9.69668370875,0.973857082132,3.43839857444
2015-08-04,9.69668370875,0.951197920188,1.91328220381
2015-08-11,9.69668370875,0.934985046165,1.96888637439
2015-08-11,9.69668370875,0.935885763694,1.96528351281
2015-08-27,9.69668370875,0.94124767334,2.43455288998
2015-09-05,9.69668370875,0.928637657532,1.26708057277
2015-09-21,9.69668370875,0.916027639954,1.01327664402
2015-10-07,9.69668370875,0.906119769226,0.966439449383
2015-10-23,9.69668370875,0.89350975177,0.970943028668
2015-11-08,8.38341295445,0.697153830505,0.87819763501
2015-11-24,9.69668370875,0.897112613831,0.953829433941
2015-12-10,9.69668370875,0.886304026917,0.94932585661
2015-12-17,9.69668370875,0.876396152588,0.94304910498
2015-12-17,9.69668370875,0.875495438049,0.941247672058
2015-12-26,8.70319783475,0.817849623535,0.877296851074
2016-01-02,9.69668370875,0.87729686908,0.918701532391
2016-01-02,9.69668370875,0.878197585205,0.920502964398
2016-01-11,9.41948614226,0.828658249023,0.949269363824
2016-01-18,9.69668370875,0.887204741394,0.966930426739
2016-01-18,9.69668370875,0.886304024719,0.964228280804
2016-01-27,8.7425678868,0.881800449036,0.937616549542
2016-02-28,9.69668370875,0.904318337158,0.969141593731
2016-03-22,9.3588269869,0.754799556763,1.66964050306
2016-04-07,9.69668370875,0.92143192981,1.3888785088
2016-04-07,9.69668370875,0.920531215759,1.39321253697
2016-05-09,8.73209920226,0.941247677185,3.55230241712
2016-05-18,9.69668370875,0.957502925437,2.32226007613
2016-05-25,9.69668370875,0.955842779337,2.67986892578
2016-05-25,9.69668370875,0.956743494364,2.68137718248
2016-06-26,7.76745486977,0.818750392761,3.97437433313
2016-06-26,9.68677583974,0.895311178162,5.23038421457
2016-07-05,9.69668370875,1.00177926359,3.02765816314
2016-07-28,9.41295841139,0.780019625183,2.6298492064
2016-07-28,9.14549202003,0.741288867371,2.43357813637
2016-08-29,9.69668370875,0.912424772278,1.26534979041
2016-08-29,9.69668370875,0.912424772644,1.26354836139
2016-09-07,8.97133590959,0.929495985507,1.53192269673
2016-09-14,9.69668370875,0.916928350952,1.0276880892
2016-09-14,9.69668370875,0.916027636536,1.02498594357
2016-10-25,9.69668370875,0.891708318787,0.952928718121
2016-11-01,9.69398156282,0.77461530072,0.988957345257
2016-11-01,9.37152538417,0.774615303955,0.952028006634
2016-11-26,9.69668370875,0.88089973468,0.912424780396
2016-12-03,9.69668370875,0.86558756665,0.903417621643
2016-12-03,9.69668370875,0.866488282959,0.902516907532
2016-12-12,9.69668370875,0.830459656799,0.869190433167
2017-01-04,9.69668370875,0.78542387085,0.792629595032
2017-01-04,9.69668370875,0.783622439392,0.789927449097
2017-01-20,8.41568000124,0.0,0.495393493347
2017-01-29,9.69668370875,0.769210990784,0.769182735089
2017-02-21,9.69668370875,0.75930311731,0.772785595013
2017-02-21,9.69668370875,0.758402402222,0.775487743328
2017-03-02,9.69668370875,0.761104548523,0.969689069421
2017-03-25,9.69668370875,0.728678785889,0.973676948058
2017-03-25,9.69668370875,0.726877355164,0.978194654388
2017-04-10,9.69668370875,0.712465903015,1.15624311291
2017-04-10,9.69668370875,0.710664473389,1.15984597735
2017-04-19,9.69668370875,0.706203282066,1.24852228199
2017-06-06,9.69668370875,0.766692481608,2.49089167989
2017-06-13,9.69668370875,0.439690454547,1.56677897213
2017-06-13,9.48861835957,0.373938195086,1.45361726722
2017-06-29,9.69668370875,0.771196051676,2.83449170647
2017-06-29,9.69668370875,0.771196055643,2.83204388096
2017-07-24,9.69668370875,0.710848122599,2.00119555993
2017-07-31,8.12666505957,0.468371993347,2.55855831296
2017-08-09,9.69578299336,0.644954619468,1.4247269697
2017-09-01,9.69668370875,0.638607233337,0.82357532492
2017-09-01,9.69578299336,0.639507950745,0.823575324615
2017-09-10,9.69668370875,0.606181464233,0.736615642181
2017-09-17,9.69668370875,0.661125119629,0.792880370729
2017-09-17,9.69668370875,0.658422973938,0.792050299835
2017-10-03,9.69668370875,0.65301868219,0.665628705322
2017-10-03,9.69668370875,0.656621544922,0.662025842285
2017-10-28,9.69308084706,0.653919398437,0.665600448712
2017-11-20,9.69668370875,0.695352314209,0.718770921631
2017-11-20,9.69668370875,0.693550883301,0.708863049377
2017-11-29,9.69668370875,0.729579506226,0.735856259136
2017-12-06,9.69668370875,0.707962331238,0.719671637146
2017-12-06,9.69668370875,0.70886304718,0.723274498413
2017-12-15,9.69668370875,0.700756607056,0.698926923565
2017-12-31,9.69668370875,0.678238717712,0.676437289551
2018-01-07,9.32099688223,0.651217252319,0.661997588116
2018-01-07,9.47328151045,0.647614390381,0.726506526654
2018-01-16,9.69668370875,0.644011528992,0.645812960937
2018-02-01,9.69668370875,0.693550880066,0.708863046204
2018-03-05,8.8280020193,0.668330843262,0.797496952246
2018-03-12,9.69668370875,0.667430129639,0.680954991031
2018-03-12,9.69668370875,0.666529414856,0.682756423709
2018-03-28,8.95303160789,0.553039285095,0.762471595659
2018-04-22,9.69668370875,0.705302568137,1.53104670768
2018-05-08,9.41911141501,1.47069858877,2.51455021578
2018-05-15,9.69668370875,0.719855290812,2.35427956119
2018-05-15,9.69668370875,0.722557436747,2.3615418041
2018-05-31,9.69668370875,0.731564581278,2.55872431802
2018-05-31,9.69668370875,0.727961720621,2.55422073721
2018-07-02,7.86097640877,0.0,7.86097640877
2018-07-11,9.69668370875,0.724358858072,2.21393046269
2018-08-03,9.69668370875,0.606365137003,1.9136813959
2018-08-03,9.69668370875,0.610868713175,1.91007853836
2018-08-12,9.69218013179,0.584606681236,1.22361310858
2018-08-19,9.68947798244,0.509804918945,6.84292206586
2018-09-04,9.69668370875,0.544932820007,0.661012067904
2018-09-04,9.69668370875,0.545833535706,0.66281350046
2018-09-20,9.69668370875,0.572855002014,0.640239104095
2018-09-20,9.69668370875,0.571053570984,0.638437673431
2018-09-29,9.69308084712,0.566549993469,0.573727464214
2018-10-06,8.39718121115,0.479180614868,0.581703260834
2018-10-06,8.62554970575,0.408924818726,0.532552467139
2018-10-22,9.69668370875,0.553939975098,0.574656437317
2018-10-22,9.69488227803,0.553039259644,0.575557151733
2018-11-07,9.69668370875,0.534124233154,0.544932823669
2018-11-07,9.69668370875,0.533223518982,0.546734254883
2018-11-23,9.6957829933,0.535925665283,0.539528531067
2018-11-23,9.69668370875,0.537727095276,0.543131393921
2018-12-18,9.69668370875,0.555741405823,0.581833903607
2019-01-03,9.69668370875,0.5602449823,0.589968598511
2019-01-19,9.68317297304,0.499897027832,0.531393818768
2019-01-26,8.73350040419,0.554625224904,0.606319218432
2019-01-26,8.65022474843,0.552837922884,0.635407059696
2019-04-25,9.69668370875,0.735926910117,2.02496394119
2019-05-02,9.69668370875,0.721473060303,1.4331831458
2019-05-02,9.69668370875,0.721473061523,1.4250519854
2019-05-11,9.69668370875,0.753941212364,1.88002289065
2019-06-12,8.2447326934,0.712465908264,2.84327600518
2019-07-05,9.66498208081,0.881040993779,4.04781533847
2019-07-05,9.69668370875,0.872934559636,4.06806905165
2019-07-14,9.69668370875,0.886487679056,3.53996368727
2019-07-21,9.69668370875,0.836948311564,2.59136552135
2019-07-21,9.69668370875,0.840551175821,2.59105822103
2019-08-15,9.69668370875,0.751239059226,1.51825308206
2019-08-22,9.69668370875,0.720572347412,1.18765868138
2019-08-22,9.69668370875,0.718770916626,1.19027605749
2019-09-07,9.69668370875,0.699855889404,0.747565541227
2019-09-07,9.69668370875,0.698054458984,0.747565543608
2019-09-16,9.69668370875,0.680040147766,0.71702598764
2019-09-23,9.69668370875,0.673735137268,0.711169573856
2019-09-23,9.69668370875,0.66923155957,0.705765280277