Date,Rarea,NDWI,MNDWI
2013-07-11,5.52062740352,0.688221999689,1.88873959107
2013-08-12,4.58908622972,0.684784087146,1.87452663869
2013-12-18,5.52062740352,0.414901838013,0.437401930298
2013-12-18,5.52062740352,0.414901846802,0.43290191864
2014-01-03,5.52062740352,0.400501763184,0.422648922609
2014-01-03,5.52062740352,0.399601766052,0.41994890558
2014-02-04,5.52062740352,0.41490183606,0.469530142861
2014-02-04,5.52062740352,0.412201826904,0.46863014103
2014-04-09,5.52062740352,0.433900990578,0.864878263158
2014-04-09,5.52062740352,0.433000979896,0.868478252293
2014-04-25,5.52062740352,0.469957829985,1.04781187842
2014-04-25,5.52062740352,0.471757861174,1.05274604412
2014-05-11,5.52062740352,0.56128918966,1.64538884184
2014-05-11,5.52062740352,0.563989206201,1.6412700357
2014-06-12,5.52062740352,0.733938740448,2.01159508933
2014-06-12,5.52062740352,0.731238728241,2.00459627092
2014-06-28,5.52062740352,0.762880122989,2.2583154698
2014-06-28,5.52062740352,0.764722472786,2.26011901287
2014-07-14,5.52062740352,0.732968146225,2.10432355272
2014-07-14,5.52062740352,0.724853974119,2.10552002032
2014-07-30,5.52062740352,0.644379291213,1.88610679843
2014-07-30,5.52062740352,0.639893385324,1.88330791835
2014-08-31,5.52062740352,0.463502299133,0.781008894309
2014-08-31,5.52062740352,0.462602297241,0.784608897849
2014-10-02,4.5641048338,0.325801335999,0.383440190749
2014-10-02,4.60131168663,0.33030137439,0.431687360062
2014-10-18,5.52062740352,0.419401847778,0.437934843802
2014-10-18,5.52062740352,0.413101824524,0.437034852469
2014-11-19,5.52062740352,0.415801832214,0.432548967653
2014-11-19,5.52062740352,0.419401851135,0.431101914307
2014-12-05,5.06081004001,0.412201823547,0.434108939211
2014-12-05,5.09087713271,0.411301815674,0.435008947512
2015-01-06,5.52062740352,0.391501721375,0.401048806154
2015-01-06,5.52062740352,0.390601718506,0.396548792787
2015-01-22,5.52062740352,0.375301643066,0.39114870746
2015-01-22,5.52062740352,0.37710165332,0.391681644035
2015-02-07,5.52062740352,0.360901571655,0.379910889656
2015-02-07,5.52062740352,0.361801582336,0.380066193821
2015-02-23,5.51882738759,0.328501406067,0.379441190967
2015-02-23,5.5197273976,0.330301417664,0.381241194934
2015-03-11,5.31002698647,0.244801003601,0.347379650866
2015-03-11,5.50442732234,0.307801340637,0.432879924792
2015-04-12,5.51972739809,0.294188585681,0.534538141637
2015-04-12,5.52062740352,0.291488574329,0.533638123815
2015-05-14,4.55592360331,0.348464787652,1.40463465497
2015-05-14,4.43137068643,0.344864763421,1.33975718633
2015-07-01,5.52062740352,0.750615457509,1.79425601493
2015-07-01,5.51792738698,0.749715452993,1.79155600187
2015-09-03,5.52062740352,0.464289351001,0.767448432976
2015-09-03,5.52062740352,0.462489350574,0.767631960149
2015-09-19,5.52062740352,0.436502000488,0.592946617916
2015-09-19,5.52062740352,0.435601995483,0.590373694048
2015-10-05,5.50103562,0.429301898193,0.515468845385
2015-10-05,5.49886854931,0.426601893066,0.510068845141
2015-11-06,5.52062740352,0.415801825928,0.587568216303
2015-11-06,5.52062740352,0.415801830444,0.590465880676
2015-11-22,5.52062740352,0.409501801697,0.433981860405
2015-11-22,5.52062740352,0.407701793884,0.433081862663
2016-01-09,5.51972739858,0.336601443176,0.346850779516
2016-01-09,5.51972739858,0.333001434082,0.351506077516
2016-02-10,5.52062740352,0.26820111853,0.316204441328
2016-02-10,5.52062740352,0.266401116394,0.318283267288
2016-03-29,5.51972739858,0.237488214832,0.531710480579
2016-03-29,5.51522737191,0.237488219531,0.53261048186
2016-04-14,5.51882739266,0.261844965494,0.659782985375
2016-04-14,5.51882739095,0.264544988748,0.659782979577
2016-06-01,5.51882739864,0.61173577004,1.74078447529
2016-06-17,5.38652666768,0.207000867065,1.90627842328
2016-07-03,5.52062740352,0.789329685043,1.79033147547
2016-07-03,5.52062740352,0.789329718307,1.7928938193
2016-07-19,4.4712630524,0.474577275416,1.63063589251
2016-08-04,5.52062740352,0.62751560975,1.3581610567
2016-08-04,5.52062740352,0.630215638254,1.36626109655
2016-09-21,5.52062740352,0.432901935486,0.524355878864
2016-09-21,5.52062740352,0.431101930786,0.524648820244
2016-10-23,5.24499561544,0.351001662659,0.401789975293
2016-10-23,5.23320038859,0.351901672852,0.402689972302
2016-12-26,5.52062740352,0.374401638184,0.383948726197
2016-12-26,5.52062740352,0.375301642456,0.383048726686
2017-01-11,5.52062740352,0.348301513916,0.42830595167
2017-01-11,5.52062740352,0.350101520508,0.427405953929
2017-02-28,5.52062740352,0.30060129541,0.354816364266
2017-02-28,5.52062740352,0.299701293335,0.355716375496
2017-03-16,5.5197273976,0.279001251343,0.369918596991
2017-03-16,5.52062740352,0.279901257263,0.369018595588
2017-04-01,5.52062740352,0.256388259753,0.582181785407
2017-04-01,5.34692527339,0.255488243762,0.575782879712
2017-04-17,5.51972739785,0.288972191956,0.586392340727
2017-04-17,5.51972739833,0.288072190125,0.5881923356
2017-05-19,5.5192509217,0.419138160006,1.00869493723
2017-05-19,5.52062740352,0.412852241802,1.01187141508
2017-07-06,4.75692901931,0.424113984608,1.19497282149
2017-07-06,5.50802732283,0.561561343406,1.42849865707
2017-07-22,4.70804578736,0.385301873575,0.717668720368
2017-08-23,4.86481551855,0.530307525053,0.853779447547
2017-08-23,4.71361600922,0.529407516325,0.843484202251
2017-10-10,5.52062740352,0.425701894531,0.461302984557
2017-10-10,5.52062740352,0.425701898804,0.461302984313
2017-11-11,5.52062740352,0.42210187439,0.434701939209
2017-11-11,5.52062740352,0.423001881226,0.432001934082
2017-11-27,5.52062740352,0.422101862488,0.435248974183
2017-11-27,5.52062740352,0.419401849976,0.435248980958
2017-12-29,5.52062740352,0.38610170874,0.403734718009
2017-12-29,5.52062740352,0.387001714905,0.403734718009
2018-01-14,5.52062740352,0.377101648682,0.388981672295
2018-01-14,5.52062740352,0.376201645142,0.390781682915
2018-03-03,5.5170273813,0.30330129657,0.373017743564
2018-03-03,5.5197273976,0.308701335632,0.372396562321
2018-05-06,5.5134273586,0.392988276208,0.94898427921
2018-05-06,5.52062740352,0.392988274255,0.94268425388
2018-06-07,5.52062740352,0.711801941039,2.64973451081
2018-06-07,5.52062740352,0.709101906554,2.64793446503
2018-07-09,5.52062740352,0.771329573227,1.622995308
2018-07-09,5.52062740352,0.767729572861,1.62109650918
2018-08-10,5.52061328571,0.571937418987,1.11749368927
2018-08-10,5.51009207238,0.572837426616,1.12182428284
2018-09-11,5.52062740352,0.44190205304,0.559717295381
2018-09-11,5.52062740352,0.439202053894,0.557511398955
2018-10-13,5.52062740352,0.423001876953,0.443881903374
2018-10-13,5.52062740352,0.421201872986,0.44298190551
2018-11-14,5.52062740352,0.41850184491,0.437048998109
2018-11-14,5.52062740352,0.419401854675,0.436149000978
2018-11-30,5.52062740352,0.412201823303,0.429301912781
2018-11-30,5.52062740352,0.413101824707,0.428401914246
2019-01-01,5.52062740352,0.388801704285,0.391148773927
2019-01-01,5.52062740352,0.386101700562,0.390248771119
2019-01-17,5.52062740352,0.364501584656,0.369548640382
2019-01-17,5.52062740352,0.366301598633,0.372248663636
2019-02-18,5.51882739168,0.369086629343,0.307801289246
2019-02-18,5.517927386,0.367286618661,0.307801296814
2019-03-06,5.52062740352,0.381895184862,0.304239985538
2019-03-06,5.52062740352,0.378295153551,0.303339975528
2019-04-07,5.52062740352,0.42452739288,0.390904995981
2019-04-07,5.52062740352,0.420027371396,0.387304998606
2019-05-09,5.5197273976,0.623563245469,0.958531926163
2019-05-09,5.51342735457,0.628963284409,0.954931910354
2019-06-26,5.52062740352,0.98031103321,1.59157702169
2019-06-26,5.51972739546,0.978511022651,1.59149233515
2019-08-13,5.52062740352,0.64999102117,0.741720529313
2019-08-13,5.51972739333,0.650891075064,0.736320490006
2019-09-14,5.52062740352,0.445502123352,0.459902111755
2019-09-14,5.52062740352,0.446402127136,0.461702118347