Date,Rarea,NDWI,MNDWI
2013-09-29,12.426347499,2.80855553852,3.12978947503
2013-12-18,13.2894314933,2.76009993727,2.92298234567
2014-01-03,13.2885316035,2.78529748935,2.93108189426
2014-02-04,13.2858319336,2.7735991481,2.94188127408
2014-04-09,13.2894314933,2.59057407602,2.91453858908
2014-04-25,13.2786328289,2.43219170908,2.73645729939
2014-06-12,13.281332488,2.75549124608,4.14856848484
2014-06-28,13.288531603,3.00407221065,4.79622693324
2014-07-14,13.2885315689,2.9707757693,4.48701751496
2014-07-30,13.2894314933,2.96357659035,4.49159843202
2014-08-31,13.2894314933,2.90685457303,3.1814200045
2014-09-16,10.7139365124,0.658939534637,1.25674205593
2014-10-02,13.2894314933,2.85638947428,3.03457006772
2014-10-18,13.2894314933,2.83479186832,2.98417565537
2014-11-19,13.2876317135,2.76100026914,2.9004851348
2014-12-05,13.2858319331,2.74570228366,2.90138573166
2015-01-06,13.143522608,2.66921232285,2.81679655325
2015-01-22,13.2885316045,2.6933714953,2.82475753113
2015-02-07,13.2759331442,2.55457738834,2.60857188943
2015-02-23,13.2777329087,2.52308173233,2.60407307083
2015-03-11,13.2894314933,2.43309203,2.64799911791
2015-04-12,13.2660342635,2.20991396744,2.41239187198
2015-05-14,12.7163288362,2.5613247498,5.46221283435
2015-07-01,13.2750332552,2.53771350468,4.21829439525
2015-08-02,13.2556336076,2.81679441196,4.21231253056
2015-09-19,13.2894314933,2.84199107303,3.01657223984
2015-10-21,13.2894314933,2.85099049271,2.98957554447
2015-11-22,13.0953234452,2.55201371179,2.60420807459
2015-12-24,12.9357666527,2.26674354627,2.28654136371
2016-01-09,13.0059622892,2.24590987112,2.2504093566
2016-02-10,13.2894314933,2.27200890054,2.29180664719
2016-04-14,13.2713064739,1.9138486243,2.10372798581
2016-06-17,13.2219388435,2.05253190962,4.94918528084
2016-07-03,13.1131665656,2.49798433796,3.75031449466
2016-08-04,13.2867318289,2.88338790225,3.58679695501
2016-08-20,11.1335167283,2.64650458582,3.27802255199
2016-09-21,11.5309867469,2.70340691452,2.9256833234
2016-10-23,13.2822323771,2.61410833014,2.6681023822
2016-11-24,11.2349851528,1.83848817215,2.02782804082
2016-12-10,13.2894314933,2.10891926287,2.17116366953
2016-12-26,12.6703758642,2.06414702532,2.07854525615
2017-01-11,13.283132174,2.14152413541,2.15412271201
2017-02-28,13.2849320015,1.80676019687,1.82205841916
2017-03-16,13.2525358252,1.80136079434,1.8211587009
2017-04-01,12.5294803964,1.91204860165,2.40125883464
2017-04-17,13.2803055344,1.69157264786,1.79866103616
2017-05-19,13.2606349989,1.9265460301,2.50685520818
2017-10-10,13.2741333893,2.6465785672,2.73566870648
2017-11-11,13.2831322694,2.78606177118,2.80226013519
2017-11-27,12.9339630882,2.70147016022,2.75996374786
2018-01-14,13.1826476926,2.55097906619,2.590574798
2018-03-03,13.2867318279,2.48528869479,2.5745305035
2018-03-19,13.0445130841,2.24231328751,2.29990696921
2018-05-06,13.1382489178,1.87885070112,2.18921825699
2018-07-09,13.2795327367,3.01555979339,3.73670359934
2018-08-10,11.8458145208,2.70430551822,3.03259645623
2018-09-11,13.2894314933,2.85638959958,3.01927182211
2018-10-13,13.2885316035,2.5979079964,2.63480369312
2018-11-14,13.2840320882,2.22624766419,2.24941916389
2018-11-30,13.2849320067,2.09756166059,2.09756140961
2018-12-16,13.1213078243,2.25324540991,2.27484291529
2019-01-01,12.6755257053,2.25954500598,2.26044482642
2019-01-17,12.6080597922,2.06336450263,2.05641938412
2019-02-02,13.2243165367,2.24115545856,2.29562688432
2019-02-18,13.1067541027,2.21171408432,2.20541466702
2019-03-06,13.1201249664,2.24051067337,2.23781095828
2019-04-07,13.2876316999,2.17751872256,2.26750869083
2019-05-09,11.855399576,2.05807741315,2.9434199441
2019-06-26,13.2786327766,2.31613257752,4.04719952567
2019-09-14,13.2894314933,2.66900055359,2.7779586244