Date,Rarea,NDWI,MNDWI
2013-04-19,7.03588312383,0.559586323059,0.663946194702
2013-05-05,7.03588312383,0.549690133789,0.643254148682
2013-06-06,7.03588312383,0.540693596069,0.631558623779
2013-07-08,6.65213903665,0.493012001587,0.595770011365
2013-07-24,7.03588312383,0.514603640076,0.588375160645
2013-08-09,7.03588312383,0.496610517212,0.578478939392
2013-08-25,7.03588312383,0.472319707397,0.509205473694
2013-09-10,7.03588312383,0.447129345947,0.483115454956
2013-09-26,7.03588312383,0.417440730652,0.44532996759
2013-10-12,7.03588312383,0.394049686096,0.403945903748
2013-10-28,7.03588312383,0.360762445068,0.380554849426
2013-11-13,7.03588312383,0.343668988708,0.348167254761
2014-04-22,7.03588312383,0.539793838074,0.63785613916
2014-05-24,7.03588312383,0.536195263916,0.627959931152
2014-06-25,7.03588312383,0.528098382019,0.606368200928
2014-07-27,7.03588312383,0.509205653931,0.581177885071
2014-08-12,7.03588312383,0.480416652771,0.534395801514
2014-08-28,7.03588312383,0.456125884521,0.487613652832
2014-09-13,6.99180002574,0.41923996814,0.473219024841
2014-09-29,6.56266400249,0.109758040344,0.126851398926
2014-10-15,7.03588312383,0.376956248169,0.380554832581
2014-10-31,7.03588312383,0.349966571167,0.347267565796
2015-04-09,7.03588312383,0.555987650085,0.653150259155
2015-05-11,7.01305638396,0.561385542786,0.653150227905
2015-05-27,7.03588312383,0.564984152222,0.64145469873
2015-06-12,7.03588312383,0.557786950562,0.622561971497
2015-06-28,7.03588312383,0.554188276672,0.610866445679
2015-07-14,7.03588312383,0.537094842957,0.571281633179
2015-07-30,7.03588312383,0.50380756311,0.538894014343
2015-08-15,7.03588312383,0.484015108704,0.502008104309
2015-08-31,7.03588312383,0.457025439697,0.473219167297
2015-09-16,7.03588312383,0.432734825806,0.427336865479
2015-11-03,6.32875481371,0.014394552124,0.0206921412354
2016-01-06,7.03588312383,0.275295239014,0.27799417804
2016-01-22,6.04212337959,0.0854673692017,0.10795875293
2016-02-23,7.0302630125,0.129550804382,0.202422983337
2016-03-26,7.03588312383,0.40304628363,0.44263104425
2016-05-13,7.03588312383,0.499309319946,0.546091300842
2016-05-29,7.03588312383,0.49661034375,0.537994408691
2016-06-14,7.03588312383,0.498409596008,0.537094749817
2016-08-01,7.03588312383,0.489413072327,0.52359986261
2016-08-17,7.03588312383,0.451627572693,0.480416428162
2016-09-18,7.03588312383,0.410243441406,0.457025369446
2016-10-04,6.15526617756,0.372457917236,0.38865177887
2017-04-30,6.89603263596,0.558686465515,0.655418841524
2017-06-01,6.73057097922,0.553288557739,0.64955163739
2017-07-19,7.03588312383,0.547890679871,0.610866458252
2017-08-04,7.03588312383,0.525399318604,0.593773016724
2017-08-20,7.03588312383,0.508305891479,0.574880229187
2017-09-05,7.02448761983,0.486714103516,0.524750087227
2017-09-21,6.5682537321,0.440831660767,0.507406192322
2017-10-07,6.38051002464,0.0260899467163,0.106158965393
2017-10-23,7.03498346446,0.394049670471,0.405745173645
2017-11-08,7.03588312383,0.388651760315,0.39225035675
2018-04-17,7.03588312383,0.569482376221,0.670243656799
2018-05-19,7.03588312383,0.575779904541,0.666644989746
2018-06-04,7.03588312383,0.583876820251,0.665745352295
2018-06-20,7.03588312383,0.587475382996,0.66484569104
2018-08-07,7.03588312383,0.584776476074,0.652250533752
2018-08-23,7.03588312383,0.573980647461,0.65225054303
2018-09-08,7.03588312383,0.555987575378,0.618963321594
2018-09-24,7.03588312383,0.531696905212,0.590174364807
2018-10-10,7.03588312383,0.512804175049,0.559586180725
2018-10-26,7.03588312383,0.495710724304,0.528098268127
2018-11-11,7.03588312383,0.475918306213,0.502907861633
2018-12-13,6.18294785013,0.381454269714,0.435433546387
2019-03-19,5.93765750305,0.520001575439,0.628859742737
2019-04-04,7.03588312383,0.220415426147,0.571281725952
2019-04-20,7.03588312383,0.483115721558,0.597371684265
2019-05-06,7.03588312383,0.469620833496,0.587475463074
2019-05-22,7.03588312383,0.455226271545,0.571281661926
2019-06-07,7.03588312383,0.457025485779,0.555987519287
2019-06-23,7.03588312383,0.457925130676,0.530797115784
2019-07-09,7.03588312383,0.460624056458,0.511004630066
2019-07-25,7.03588312383,0.45432649469,0.472319517761
2019-08-26,7.03588312383,0.441731336853,0.448028891907
2019-09-11,7.03588312383,0.418340357361,0.419239996399
2019-09-27,7.03588312383,0.39764833606,0.394949327576