Date,Rarea,NDWI,MNDWI
2013-04-19,45.3788344842,3.61421666272,4.11176244635
2013-05-05,45.3788344842,3.69699141656,4.02448950366
2013-05-21,41.5342759027,2.52014088959,3.16433846625
2013-06-06,45.3788344842,3.70688820435,4.00649479138
2013-06-22,45.0497867606,3.75381750287,4.07801954495
2013-07-08,45.3788344842,3.72398263629,4.00649457013
2013-07-24,45.3788344842,3.69699071265,3.8940295564
2013-08-09,45.3788344842,3.68079541022,3.96060898193
2013-08-25,45.3788344842,4.52291783948,3.86433731891
2013-09-10,45.3788344842,3.7521196455,3.84443112976
2013-09-26,45.3788344842,3.56293291559,3.72488125189
2013-10-12,45.3779347495,3.41087767554,3.54223640021
2013-10-28,45.3770349955,3.25972398608,3.42707154736
2013-11-13,44.5816697693,2.57502460278,2.68119123279
2013-12-15,44.9496448695,2.45176959027,2.84405143408
2014-01-16,37.8801438255,3.1436557511,3.6525322556
2014-04-22,45.3788344842,3.61601644403,4.05777925964
2014-05-24,45.3788344842,3.63670982135,3.99569769946
2014-06-25,45.3788344842,3.65020544104,3.9884999942
2014-07-11,44.6251056253,3.71547128007,4.06922308227
2014-07-27,45.3788344842,3.7526860062,3.97050523163
2014-08-12,45.3788344842,3.59982048474,3.82565057556
2014-08-28,45.3788344842,3.58452481897,3.79416029224
2014-09-13,44.8317995022,3.36052136624,3.56295839633
2014-09-29,42.0016660265,2.17195213599,2.26282394354
2014-10-15,45.3788344842,3.40610896855,3.39018262744
2014-10-31,45.3617396047,3.09057486249,3.24082795752
2014-11-16,42.4728851095,1.8798180047,2.10501361258
2015-04-09,45.3788344842,3.65020418927,4.14685053778
2015-04-25,45.2420803293,3.68259415479,4.27281359235
2015-05-11,45.3788344842,3.67899536584,4.10366349054
2015-06-12,45.3788344842,3.72128204279,4.09106685828
2015-06-28,45.3788344842,3.74107604547,4.11356003992
2015-07-14,45.3788344842,3.75547142297,4.06407554761
2015-07-30,45.3788344842,3.74557482159,4.033485422
2015-08-15,45.3788344842,3.76200602986,4.03618462659
2015-08-31,45.3788344842,4.98036297918,4.54631537909
2015-09-16,45.3788344842,3.71588402582,3.83374719348
2015-10-18,40.1574324749,2.77386483221,3.01498866742
2016-01-06,45.0630267893,3.26691993591,3.55393055737
2016-05-13,45.3788344842,3.63041116339,4.06227667511
2016-05-29,45.3788344842,3.64030817169,4.05867775775
2016-06-14,45.3788344842,3.66190159399,4.0604772085
2016-08-01,45.3788344842,3.58002641736,3.9543101792
2016-08-17,45.3788344842,3.54403756396,3.88654857478
2016-09-02,45.0201637301,3.58160234422,3.86002276817
2016-09-18,44.7463189792,3.07077541162,3.38657727509
2016-10-20,39.4721612441,2.32221701715,2.57774007855
2016-12-23,45.2425433668,3.05764483296,3.34322906845
2017-03-29,44.0672675107,3.58272485913,4.2206271778
2017-04-30,43.4566903148,3.59712050629,4.04001876587
2017-06-01,42.8663361112,2.94300708923,3.57335731163
2017-07-19,45.3788344842,3.71588454529,4.00289515137
2017-08-04,45.3788344842,3.71858387183,3.98939963666
2017-08-20,45.3788344842,3.6924916524,3.96870584448
2017-09-21,45.1773002637,3.48735410272,3.76176859277
2017-10-07,36.7067721658,0.103468859619,0.217354377991
2017-10-23,45.3788344842,3.25425031664,3.36049108533
2017-11-08,45.3788344842,3.3243619576,3.29121089471
2018-04-17,37.9911683961,2.76845825305,3.34602259444
2018-05-19,45.3788344842,3.72848134656,4.12885658636
2018-06-04,45.3788344842,3.75547293646,4.11985890826
2018-06-20,45.3788344842,3.76177076233,4.12345775256
2018-07-22,45.3788344842,3.7842637536,4.0694749425
2018-08-07,45.3788344842,3.78696304144,4.15674805908
2018-08-23,45.3788344842,4.56527458455,4.23822320889
2018-09-08,45.3788344842,3.79326160797,3.98580080768
2018-09-24,45.3788344842,3.73028024579,3.91562214008
2018-10-10,45.3788344842,3.53324033539,3.75187240302
2018-10-26,45.3725363818,3.44416655786,3.61241461401
2018-11-11,44.8030082971,3.01049732251,3.15715193524
2018-12-13,37.4365686713,2.69648708832,2.92591607233
2019-03-03,44.7497724406,3.62771178491,4.17417582261
2019-04-04,45.2335510782,2.93851797632,3.90212593152
2019-04-20,45.3788344842,3.68169477246,4.0694749079
2019-05-06,45.3788344842,3.6583019845,4.01549143451
2019-05-22,45.3788344842,3.62951089612,3.99479759967
2019-06-07,45.3788344842,3.63490895062,3.97590316821
2019-06-23,45.3788344842,3.60521785754,3.91922052728
2019-07-09,45.3788344842,3.61151587579,3.93361569836
2019-07-25,45.3788344842,3.59532096039,3.84274409485
2019-08-26,45.3788344842,3.92092986164,3.81394961554
2019-09-11,45.3788344842,3.57552276892,3.59801875922
2019-09-27,45.3788344842,3.39648068524,3.48375396973