Date,Rarea,NDWI,MNDWI
2013-04-19,11.6644407979,0.49944191308,0.725655013746
2013-05-05,11.6644407979,0.505629401473,0.712161478956
2013-06-06,11.6644407979,0.468083432829,0.710771489165
2013-06-22,11.6644407979,0.507467381438,0.7134702471
2013-07-08,11.6644407979,0.600380335159,0.806453072713
2013-07-24,11.6644407979,0.797080179506,0.760485811027
2013-08-09,11.5906761196,0.474184787606,0.718315859139
2013-08-25,11.6644407979,0.498669185514,0.689181621368
2013-09-10,11.6644407979,0.499191386372,0.695478610747
2013-09-26,11.6644407979,0.508747776926,0.698205380685
2013-10-12,11.6644407979,0.482998937946,0.657894080289
2013-10-28,11.6644407979,0.442518183247,0.627072165755
2013-11-13,11.6635412192,0.42529904332,0.612678962325
2014-01-16,10.1399262009,0.49435452043,0.707256644858
2014-04-22,11.6644407979,0.534455650848,0.767035755567
2014-05-08,11.6536457064,0.128638215454,0.223992370544
2014-05-24,11.6644407979,0.540050583402,0.741847669325
2014-06-09,11.6644407979,0.536254754363,0.732851988661
2014-06-25,11.6644407979,0.550647859771,0.711262263441
2014-07-11,11.3756759432,0.458019522726,0.785312386194
2014-07-27,11.6644407979,0.549748343719,0.709872309478
2014-08-28,11.6644407979,0.511027742598,0.690279220365
2014-09-13,11.6644407979,1.08394904324,1.415318854
2014-09-29,10.614737968,0.697460441805,1.10007905176
2014-10-15,11.6644407979,0.364241448341,0.66689032443
2014-10-31,11.6644407979,0.370426099899,0.651456464664
2014-11-16,10.0707354747,0.3315164834,0.665477683657
2015-02-20,10.8869754612,0.336549888457,0.809280645969
2015-03-08,11.6644407979,0.0458779509277,0.780938493743
2015-03-24,11.6644407979,0.55766456551,0.830415227386
2015-04-09,11.6644407979,0.57835464925,0.842600268141
2015-04-25,10.9289720476,0.445359009871,0.712572448089
2015-05-11,9.89313801899,0.314258613126,0.576637455633
2015-05-27,11.6644407979,0.580531253873,0.826407981947
2015-06-12,11.6644407979,0.576033479032,0.840801198194
2015-06-28,11.6644407979,0.579631724332,0.853395323499
2015-07-14,11.6644407979,0.594726889861,0.825018160125
2015-07-30,11.6644407979,0.566138158048,0.830415599273
2015-08-15,11.6644407979,0.599641853057,0.840999487224
2015-08-31,11.6644407979,0.540558079567,0.826817368011
2015-09-16,11.6644407979,0.614985745481,0.790834444427
2015-10-18,11.6644407979,0.22930617289,0.739755985502
2015-12-21,9.5699175474,0.163285736638,0.277377106351
2016-01-06,11.6644407979,0.430301831327,0.648701084319
2016-01-22,11.6644407979,0.419309476531,0.650091198011
2016-02-23,11.3890300194,0.181121381498,0.647801489776
2016-03-26,11.3427230676,0.443418190693,0.801344112999
2016-05-13,11.6644407979,0.487677076629,0.723856563917
2016-05-29,10.6213794135,0.707966305237,1.2126326181
2016-06-14,11.6644407979,0.503167523832,0.757141027601
2016-06-30,11.6644407979,0.554151657073,0.798176469485
2016-08-01,11.6644407979,0.515761902555,0.74585589981
2016-08-17,11.6644407979,0.962159088503,0.831451571908
2016-09-18,11.6626416756,0.484797897907,0.796449369509
2016-10-20,11.6626416407,0.335469030598,0.600067217373
2016-11-05,11.6635412289,0.257978902084,0.503689234882
2016-12-07,11.0998217869,0.361556533833,0.513725624129
2016-12-23,11.6416088547,0.547948716399,0.717559615187
2017-03-13,11.6644407979,0.460651982893,0.730153299757
2017-03-29,11.6644407979,0.56750333287,0.777351211716
2017-05-16,10.8884738952,0.789003972605,1.05044137148
2017-06-01,11.1494742614,0.543398729555,0.774882052477
2017-06-17,11.6644407979,0.530818435103,0.72565555171
2017-07-19,11.6644407979,0.52527992989,0.727863960601
2017-08-20,11.6644407979,0.517183659199,0.719767801482
2017-09-05,11.6644407979,0.767615803507,0.68184408822
2017-09-21,11.6644407979,0.558750008113,0.755946848767
2017-10-23,11.6635412237,0.157339930885,0.520259251859
2017-11-08,11.6644407979,0.152856317341,0.478878680265
2018-01-27,11.0464301443,0.282380267677,0.440718926899
2018-03-16,10.1227284897,0.352036025686,0.597601495041
2018-04-01,9.45221108026,0.558334620313,1.06338423437
2018-05-19,11.6644407979,0.602822715057,1.13046594417
2018-06-04,11.6644407979,0.591128080291,1.06569649769
2018-06-20,11.6644407979,0.577634407806,0.973939307813
2018-07-22,11.5196083253,0.539150081632,0.917265633863
2018-08-07,11.6644407979,0.563438738371,0.988332118788
2018-08-23,11.6644407979,0.602822480376,0.954557184417
2018-09-08,11.6644407979,0.804531913799,0.932851300256
2018-09-24,11.6644407979,0.577242242691,0.833113826324
2018-10-10,11.6644407979,0.470024028675,0.744630969449
2018-10-26,11.6644407979,0.408588386206,0.697475343473
2018-11-11,11.6644407979,0.348962507832,0.672287209318
2018-12-13,11.0914940958,0.536917239304,0.779121996291
2019-01-14,11.3250237612,0.309522665877,0.760964933981
2019-03-19,10.9679605835,0.496365640121,0.879330910463
2019-04-20,11.6644407979,0.521680742085,0.743156251128
2019-05-06,11.6644407979,0.53517443581,0.726064389068
2019-05-22,11.6644407979,0.53067654726,0.731461901519
2019-06-07,11.6644407979,0.534274848469,0.727863597564
2019-06-23,11.0293386813,0.46963245375,0.68118422554
2019-07-09,11.6644407979,0.543648046537,0.699076850494
2019-07-25,11.6644407979,0.56665534081,0.637835136713
2019-08-10,11.4278793218,0.528901337046,0.655896600494
2019-08-26,11.6572442708,0.490195564961,0.604705330741
2019-09-11,11.6572442686,0.586595271222,0.562340044891
2019-09-27,11.6644407979,0.279020369236,0.301662763517