Date,Rarea,NDWI,MNDWI
2013-04-19,9.66997955662,0.451047998889,0.67407265988
2013-04-19,9.66997955662,0.451946738758,0.674072684111
2013-05-05,9.66997955662,0.482320839626,0.740915089205
2013-05-05,9.66997955662,0.480523369472,0.740016331881
2013-05-21,9.66997955662,0.451946875537,0.663485623617
2013-05-21,9.66997955662,0.453744320606,0.663485644735
2013-06-06,9.66997955662,0.54762685937,0.622171118768
2013-06-06,9.66997955662,0.546728158198,0.62037365014
2013-06-22,9.66997955662,0.470820109363,0.624881556304
2013-06-22,9.66997955662,0.46812392638,0.625780289824
2013-07-08,9.66997955662,0.622707614551,0.668920057586
2013-07-08,9.66997955662,0.623606300708,0.668920067473
2013-07-24,9.66997955662,0.505871356433,0.59390530377
2013-07-24,9.66997955662,0.507668847278,0.592107845518
2013-08-09,9.66997955662,0.562097951424,0.773435924678
2013-08-09,9.66997955662,0.562112040998,0.771638443721
2013-08-25,9.66997955662,0.482320610866,0.561578720369
2013-08-25,9.66997955662,0.480523127895,0.562477468965
2013-09-10,9.66997955662,0.457339279407,0.570703651483
2013-09-10,9.66997955662,0.453744318653,0.568007415216
2013-09-26,9.66997955662,0.450864823818,0.574496054551
2013-09-26,9.66997955662,0.450864818996,0.575394773789
2013-10-12,9.66997955662,0.427346190506,0.534754187371
2013-10-12,9.66997955662,0.428244936661,0.535652930841
2013-10-28,9.66997955662,0.375935067437,0.49491724472
2013-10-28,9.66997955662,0.377732481072,0.491657182131
2013-11-13,9.66997955662,0.346012493835,0.470943953241
2013-11-13,9.66997955662,0.341518773743,0.470986214175
2013-11-29,9.66997955662,0.0790883717651,0.650249231225
2013-11-29,9.66997955662,0.0781896342163,0.652511811511
2013-12-15,9.66997955662,0.0,9.66997955662
2013-12-15,9.66997955662,0.0,9.66997955662
2013-12-31,9.66997955662,0.0,9.66997955662
2014-01-16,9.66997955662,0.168329557,4.3981075969
2014-01-16,9.66997955662,0.17120904567,4.3855535368
2014-02-01,9.66997955662,0.0,9.66997955662
2014-03-05,9.66997955662,0.408922786743,1.03950973646
2014-03-05,9.66997955662,0.408024062012,1.04316111273
2014-03-21,9.66997955662,0.416113719971,1.29640416817
2014-03-21,9.66997955662,0.418809894409,1.2955053829
2014-04-06,9.66997955662,0.00269621691895,0.498498171395
2014-04-22,9.66997955662,0.442060669361,0.681262581511
2014-04-22,9.66997955662,0.442959437793,0.686905276218
2014-05-08,9.66997955662,0.0,0.0
2014-05-08,9.66997955662,0.0,0.0
2014-05-24,9.66997955662,0.457339140186,0.654300361174
2014-05-24,9.66997955662,0.454642888477,0.656996579619
2014-06-09,9.66997955662,0.460934010059,0.642813998617
2014-06-09,9.66997955662,0.460934027942,0.644611455709
2014-06-25,9.66997955662,0.464529031116,0.618590341338
2014-06-25,9.66997955662,0.464529036182,0.617691629363
2014-07-11,9.66997955662,0.464543158288,0.608506962318
2014-07-11,9.66997955662,0.464543130883,0.609405727699
2014-07-27,9.66997955662,0.478010023303,0.614054341329
2014-07-27,9.66997955662,0.478908781055,0.615851806356
2014-08-12,9.66997955662,0.45895335635,0.59303434604
2014-08-12,9.66997955662,0.460750823757,0.593933085908
2014-08-28,9.66997955662,0.547649837969,0.596107762079
2014-08-28,9.66997955662,0.548548589312,0.597862988388
2014-09-13,9.66997955662,0.521149768848,0.668930647372
2014-09-13,9.66997955662,0.523845941455,0.668930600009
2014-09-29,9.66997955662,0.471578037701,0.636325646147
2014-09-29,9.66997955662,0.471578050823,0.633629415862
2014-10-15,9.66997955662,0.443858143238,0.560637659386
2014-10-15,9.66997955662,0.443674866176,0.559738960533
2014-10-31,9.66997955662,0.426598809291,0.530122896943
2014-10-31,9.66997955662,0.425700044765,0.530122893342
2014-11-16,9.66997955662,0.000898732727051,9.17733685341
2014-11-16,9.66997955662,0.000898732727051,9.18076605606
2014-12-02,9.66997955662,0.157278443359,0.351454932986
2014-12-02,9.66997955662,0.15637971344,0.345163759096
2014-12-18,9.66997955662,0.0,0.0
2014-12-18,9.66997955662,0.0,0.0
2015-01-19,9.66997955662,0.470805997041,0.901763371886
2015-01-19,9.66997955662,0.470805999055,0.899067124022
2015-02-04,9.66997955662,0.0,8.75723429406
2015-02-20,9.66997955662,0.428061215508,0.662836582117
2015-02-20,9.66997955662,0.429858752434,0.661039092554
2015-03-08,9.66997955662,0.202214152649,0.582249428498
2015-03-08,9.66997955662,0.20131539801,0.580451978608
2015-03-24,9.66997955662,0.399301717705,0.614981174859
2015-03-24,9.66997955662,0.399301717705,0.615879919488
2015-04-09,9.66997955662,0.0,0.743075278497
2015-04-09,9.66997955662,0.0,0.745771545343
2015-04-25,9.66997955662,0.46544217257,0.70982159234
2015-04-25,9.66997955662,0.466340905236,0.70802412414
2015-05-11,9.66997955662,0.448168646694,0.683507697352
2015-05-11,9.66997955662,0.448168682827,0.683507697352
2015-05-27,9.66997955662,0.451763773342,0.654539992888
2015-05-27,9.66997955662,0.453561222805,0.655438725615
2015-06-12,9.66997955662,0.436485105495,0.660337762005
2015-06-12,9.66997955662,0.437383857326,0.658582630727
2015-06-28,9.66997955662,0.43828249496,0.650493888418
2015-06-28,9.66997955662,0.43828249496,0.654088886037
2015-07-14,9.66997955662,0.437383704372,0.613705331086
2015-07-14,9.66997955662,0.438282414028,0.614604087678
2015-07-30,9.66997955662,0.450878887452,0.622185250255
2015-07-30,9.66997955662,0.453575109437,0.62308398933
2015-08-15,9.66997955662,0.631214638203,0.636944982767
2015-08-15,9.66997955662,0.628518464009,0.639768040803
2015-08-31,9.66997955662,0.490489320302,0.647335600458
2015-08-31,9.66997955662,0.49492649396,0.644639363397
2015-09-16,9.66997955662,0.44637104153,0.557983612092
2015-09-16,9.66997955662,0.447269776271,0.558882353059
2015-10-02,9.66997955662,0.13802089523,2.55779184154
2015-10-02,9.66997955662,0.147008298245,2.5645339396
2015-10-18,9.66997955662,0.395143018764,0.531737029672
2015-10-18,9.66997955662,0.395143044155,0.526527857515
2015-11-03,9.66997955662,0.0529129251874,4.81589858566
2015-11-03,9.66997955662,0.0565078373578,4.83131822141
2015-11-19,9.66997955662,0.000898732727051,9.66997955662
2015-12-05,9.66997955662,0.31006298761,0.451749545968
2015-12-05,9.66997955662,0.309164235413,0.449952042367
2015-12-21,9.66997955662,0.371819903336,0.848302272488
2015-12-21,9.66997955662,0.369123678849,0.844707219754
2016-01-06,9.66997955662,0.317252780701,0.442423962274
2016-01-06,9.66997955662,0.313657859009,0.440443221346
2016-01-22,9.66997955662,0.0638100124512,2.28324656765
2016-01-22,9.66997955662,0.0638100084229,2.27818911566
2016-02-07,9.66997955662,0.0323550018311,1.92275106687
2016-02-07,9.66997955662,0.0287599729004,1.93014206815
2016-02-23,9.66997955662,0.0,2.96954651031
2016-02-23,9.66997955662,0.0,2.96954652612
2016-03-10,9.66997955662,0.0,0.000898757751465
2016-03-10,9.66997955662,0.0,0.000898757751465
2016-03-26,9.66997955662,0.169860220032,0.77929246077
2016-03-26,9.66997955662,0.173455147278,0.781988625016
2016-04-11,9.66997955662,0.150986877869,0.635652582625
2016-04-11,9.66997955662,0.150986891479,0.64036828087
2016-04-27,9.66997955662,0.0,5.5968169646
2016-04-27,9.66997955662,0.0,5.5932220694
2016-05-13,9.66997955662,0.287594665833,0.443872699792
2016-05-13,9.66997955662,0.290290908081,0.443872699792
2016-05-29,9.66997955662,0.297480769226,0.434885381921
2016-05-29,9.66997955662,0.299278268494,0.435784112267
2016-06-14,9.66997955662,0.303771890503,0.406125734948
2016-06-14,9.66997955662,0.302873184875,0.406125758752
2016-06-30,9.66997955662,0.305569418091,0.384358650905
2016-06-30,9.66997955662,0.308265671448,0.384358671108
2016-07-16,9.66997955662,0.0,0.0
2016-08-01,9.66997955662,0.389215385724,0.376570070862
2016-08-01,9.66997955662,0.390114144269,0.377468811951
2016-08-17,9.66997955662,0.302873368042,0.324442913208
2016-08-17,9.66997955662,0.301075899109,0.321746671082
2016-09-02,9.66997955662,0.278607225586,0.285796826843
2016-09-02,9.66997955662,0.278607212463,0.285796834045
2016-09-18,9.66997955662,0.228277812927,0.262429449402
2016-09-18,9.66997955662,0.227379078613,0.261530708252
2016-10-04,9.66997955662,0.0188170674568,0.0190002987513
2016-10-04,9.66997955662,0.0206145037361,0.0198990175013
2016-10-20,9.66997955662,0.161771990662,0.14469583728
2016-10-20,9.66997955662,0.164468184875,0.141999626465
2016-11-05,9.66997955662,0.146493218933,0.133910883057
2016-11-05,9.66997955662,0.144695721252,0.133910880249
2016-11-21,9.66997955662,0.0,0.00449361932373
2016-11-21,9.66997955662,0.0,0.00539234326172
2016-12-07,9.66997955662,0.142898024719,1.06258338621
2016-12-07,9.66997955662,0.143796769409,1.05808977916
2016-12-23,9.66997955662,0.591625602476,0.92195172043
2016-12-23,9.66997955662,0.594321790159,0.922850470674
2017-01-24,9.66997955662,0.436709700648,1.37718295548
2017-01-24,9.66997955662,0.434013417018,1.38167665225
2017-02-09,9.66997955662,0.532636375649,3.29376489037
2017-02-09,9.66997955662,0.540076371381,3.30227315109
2017-02-25,9.66997955662,0.155481723572,0.771499752765
2017-02-25,9.66997955662,0.159076697327,0.76324191509
2017-03-13,9.66997955662,0.559919090203,0.759111342411
2017-03-13,9.66997955662,0.556324104486,0.756415102604
2017-03-29,9.66997955662,0.571852976438,0.763774368806
2017-03-29,9.66997955662,0.570055501035,0.763605189762
2017-04-14,9.66997955662,0.56196670709,0.728233373838
2017-04-14,9.66997955662,0.561067984739,0.726435901609
2017-04-30,9.66997955662,0.611351780859,1.0863384815
2017-04-30,9.66997955662,0.609751636685,1.0872371911
2017-05-16,9.66997955662,0.554526278741,0.739930827487
2017-05-16,9.66997955662,0.558121217401,0.736335895602
2017-06-01,9.66997955662,0.569804966241,0.728695196832
2017-06-01,9.66997955662,0.568007443597,0.727796441461
2017-06-17,9.66997955662,0.561913682724,0.71476640842
2017-06-17,9.66997955662,0.559217394028,0.715665158664
2017-07-03,9.66997955662,0.461956154168,0.616789483701
2017-07-03,9.66997955662,0.463753643975,0.616789529051
2017-07-19,9.66997955662,0.584241290933,0.680614245273
2017-07-19,9.66997955662,0.582965427934,0.684209159457
2017-08-04,9.66997955662,0.0,0.0
2017-08-04,9.66997955662,0.0,0.0
2017-08-20,9.66997955662,0.52868833799,0.649158374484
2017-08-20,9.66997955662,0.52599209214,0.647360899509
2017-09-05,9.66997955662,0.51933808487,0.538211653596
2017-09-05,9.66997955662,0.518439353364,0.532819214509
2017-09-21,9.66997955662,0.418693887256,0.535531123889
2017-09-21,9.66997955662,0.420491385669,0.536415787385
2017-10-07,9.66997955662,0.000898726745605,9.66997955662
2017-10-07,9.66997955662,0.000898726318359,9.66997955662
2017-10-23,9.66997955662,0.333807443627,0.330734023132
2017-10-23,9.66997955662,0.334706153649,0.334329023987
2017-11-08,9.66997955662,0.320847829163,0.330733932251
2017-11-08,9.66997955662,0.320847805725,0.32983523938
2017-11-24,9.66997955662,0.0,0.329873593619
2017-11-24,9.66997955662,0.0,0.329186376481
2017-12-10,9.66997955662,0.173454403503,1.37172985862
2017-12-10,9.66997955662,0.171656949585,1.37532484239
2018-01-11,9.66997955662,0.0,0.699953045364
2018-01-27,9.66997955662,0.153683097839,0.427484538243
2018-01-27,9.66997955662,0.153683098572,0.425687051732
2018-02-28,9.66997955662,0.622131744174,1.25599909099
2018-03-16,9.66997955662,0.523961092712,1.01210830687
2018-03-16,9.66997955662,0.523960991577,1.01390570653
2018-04-01,9.66997955662,0.50497193761,0.801491121149
2018-04-01,9.66997955662,0.502275687427,0.800592394464
2018-04-17,9.66997955662,0.453913536759,0.837411098178
2018-04-17,9.66997955662,0.455696869444,0.842803478
2018-05-03,9.66997955662,0.409705299384,1.4366352803
2018-05-03,9.66997955662,0.404312966681,1.43304035775
2018-05-19,9.66997955662,0.480705832752,0.707575862765
2018-05-19,9.66997955662,0.485199602893,0.702183438998
2018-06-04,9.66997955662,0.484117663845,0.685107485812
2018-06-04,9.66997955662,0.483218913662,0.685107470737
2018-06-20,9.66997955662,0.481421334316,0.665084927886
2018-06-20,9.66997955662,0.480522546352,0.66328746646
2018-07-06,9.66997955662,0.0,0.0
2018-07-06,9.66997955662,0.0,0.0
2018-07-22,9.66997955662,0.46722475426,0.557476128692
2018-07-22,9.66997955662,0.46632605846,0.557476105681
2018-08-07,9.66997955662,0.48340205791,0.572740901605
2018-08-07,9.66997955662,0.483137720515,0.571842159357
2018-08-23,9.66997955662,0.794022167308,0.560454029196
2018-08-23,9.66997955662,0.797617164256,0.560453965658
2018-09-08,9.66997955662,0.382144875023,0.40341529076
2018-09-08,9.66997955662,0.381246129539,0.403415291858
2018-09-24,9.66997955662,0.319050272705,0.350506185913
2018-09-24,9.66997955662,0.31905027948,0.348708723694
2018-10-10,9.66997955662,0.323314476442,0.33409886548
2018-10-10,9.66997955662,0.321516995912,0.336795123231
2018-10-26,9.66997955662,0.261530742676,0.265125523621
2018-10-26,9.66997955662,0.260631994873,0.264226780945
2018-11-11,9.66997955662,0.218392125916,0.204910982727
2018-11-11,9.66997955662,0.216594671631,0.204012244141
2018-12-13,9.66997955662,0.259918144127,0.323992909195
2018-12-13,9.66997955662,0.259019413353,0.323094152237
2018-12-29,9.66997955662,0.0,7.27135071089
2018-12-29,9.66997955662,0.0,7.27404698701
2019-01-14,9.66997955662,0.05122784198,0.480903235773
2019-01-14,9.66997955662,0.0485316374512,0.475708093919
2019-01-30,9.66997955662,0.134810573547,1.60070997734
2019-01-30,9.66997955662,0.13301310968,1.60977841833
2019-02-15,9.66997955662,0.236368397461,0.807784214777
2019-02-15,9.66997955662,0.236368403442,0.806885461847
2019-03-03,9.66997955662,0.530700772232,1.2519574118
2019-03-03,9.66997955662,0.53070078328,1.24720996601
2019-03-19,9.66997955662,0.347301871449,1.0058062661
2019-03-19,9.66997955662,0.341909468129,1.00554191097
2019-04-04,9.66997955662,0.450529814812,0.660827696226
2019-04-04,9.66997955662,0.450529820366,0.659928978636
2019-04-20,9.66997955662,0.447453020008,0.624642115264
2019-04-20,9.66997955662,0.445655540637,0.624642060759
2019-05-06,9.66997955662,0.454642939258,0.578792420404
2019-05-06,9.66997955662,0.45374417583,0.577009001616
2019-05-22,9.66997955662,0.457339286975,0.559273853301
2019-05-22,9.66997955662,0.460035487476,0.559273853301
2019-06-07,9.66997955662,0.459136701892,0.538225841742
2019-06-07,9.66997955662,0.458237940662,0.533732184271
2019-06-23,9.66997955662,0.448351971668,0.513061259039
2019-06-23,9.66997955662,0.445655739795,0.513061223273
2019-07-09,9.66997955662,0.498695708276,0.50318941488
2019-07-09,9.66997955662,0.500493189233,0.504088133691
2019-07-25,9.66997955662,0.457325792695,0.442959808356
2019-07-25,9.66997955662,0.454629569062,0.44384445749
2019-08-10,9.66997955662,0.396239780541,0.407923278405
2019-08-10,9.66997955662,0.395341011926,0.406125824059
2019-08-26,9.66997955662,0.426447852433,0.512204922402
2019-08-26,9.66997955662,0.421055358841,0.511641036022
2019-09-11,9.66997955662,0.323544234253,0.337025297241
2019-09-11,9.66997955662,0.324442955078,0.337025297241
2019-09-27,9.66997955662,0.297480921387,0.300176960632
2019-09-27,9.66997955662,0.298379707397,0.30107570282