Date,Rarea,NDWI,MNDWI
2013-05-05,4.61473340486,0.0341430236206,0.0395340244141
2013-05-21,4.61473340486,0.0350415253906,0.0386355239258
2013-06-06,4.61473340486,0.0350415253906,0.0386355239258
2013-06-22,4.61473340486,0.0350415253906,0.0386355239258
2013-07-08,4.61473340486,0.0323460247803,0.0386355239258
2013-07-24,4.61473340486,0.0323460247803,0.0368385246582
2013-08-25,4.61473340486,0.0368385919189,0.0323460239258
2013-09-10,4.61473340486,0.0251580183716,0.0296505237427
2013-09-26,4.61473340486,0.0197670154419,0.0224625186157
2013-10-12,4.61473340486,0.0143760125122,0.0170715144043
2013-10-28,4.61473340486,0.00988351049805,0.0125790115356
2013-11-13,4.61473340486,0.00628950683594,0.0125790119629
2013-11-29,4.61473340486,0.0727787388916,0.116805345398
2014-01-16,4.05704463712,0.0359400232544,0.0718800606079
2014-03-05,4.61473340486,0.0233610236816,0.220133825989
2014-05-24,4.61473340486,0.0296505233154,0.0503160495605
2014-06-09,4.61473340486,0.0296505216064,0.0521130531006
2014-06-25,4.61473340486,0.0314475297852,0.047620548584
2014-07-11,4.61473340486,0.030549024231,0.0440265360718
2014-07-27,4.61473340486,0.0278535223389,0.0449250323486
2014-08-12,4.61473340486,0.025158020874,0.0386355289917
2014-08-28,4.61473340486,0.0575043577881,0.0485191461182
2014-09-13,4.61383490394,0.0314475637817,0.0413310236816
2014-09-29,4.61293640175,0.0341430285645,0.0413310265503
2014-10-15,4.61473340486,0.0260565209351,0.0332445205688
2014-10-31,4.61473340486,0.0224625189819,0.0341430219116
2015-01-19,4.26381558457,0.0539100328979,0.104226154663
2015-02-20,4.61473340486,0.0341430231934,0.0637935352783
2015-03-08,4.61473340486,0.0,0.040432527832
2015-03-24,4.61473340486,0.0278535189209,0.0521130315552
2015-04-25,4.61473340486,0.0736770328369,0.117703611145
2015-05-11,4.61473340486,0.0503160339355,0.0997335852661
2015-05-27,4.61473340486,0.0359400296021,0.0736770690918
2015-06-12,4.61473340486,0.0314475221558,0.0772711127319
2015-06-28,4.61473340486,0.0296505224609,0.0673875687256
2015-07-14,4.61473340486,0.0296505233154,0.0566055592041
2015-07-30,4.61473340486,0.0296505224609,0.0530115556641
2015-08-15,4.61473340486,0.0287520291138,0.0485190405884
2015-08-31,4.61473340486,0.0260565192261,0.050316038208
2015-09-16,4.61473340486,0.045823742981,0.0395340289917
2015-10-18,4.61473340486,0.0215640197754,0.0350415232544
2015-12-05,4.61473340486,0.0,0.00988350836182
2016-01-06,4.61473340486,0.0,0.0051795846773
2016-04-11,4.54894261908,0.0224625189819,0.0386355618286
2016-05-13,4.61473340486,0.0224625189819,0.030549024231
2016-05-29,4.61473340486,0.0224625206909,0.0287520219727
2016-06-14,4.61473340486,0.0215640185547,0.0260565247192
2016-06-30,4.61473340486,0.0215640353394,0.0206655176392
2016-08-01,4.61473340486,0.0134775128784,0.0152745151367
2016-08-17,4.61473340486,0.00808650738525,0.0143760146484
2016-09-02,4.61473340486,0.00359400366211,0.00988350964355
2016-09-18,4.61473340486,0.0,0.00718800732422
2016-10-04,4.61473340486,0.0116804638672,0.0170714885254
2016-10-20,4.61473340486,0.0,0.00269550231934
2016-11-05,4.61473340486,0.0,0.000898500915527
2016-12-07,4.4575610276,0.0,0.00359400366211
2016-12-23,4.61473340486,0.0,0.00898499468994
2017-03-13,4.61473340486,0.00718800817871,0.0134775128784
2017-03-29,4.61473340486,0.0116805106201,0.0143760150146
2017-04-14,4.61473340486,0.0125790119629,0.0143760150757
2017-04-30,4.61473340486,0.0116805101929,0.016173017334
2017-05-16,4.61473340486,0.0125790119629,0.0152745184937
2017-06-01,4.61473340486,0.0125790119629,0.0134775137329
2017-06-17,4.61473340486,0.00718800732422,0.0134775137329
2017-07-03,4.61473340486,0.00359400366211,0.0116805114746
2017-07-19,4.61473340486,0.0,0.00988350964355
2017-08-20,4.61473340486,0.0,0.00718800817871
2017-09-05,4.61473340486,0.0,0.00718800817871
2017-09-21,4.61473340486,0.0,0.00449250415039
2017-10-23,4.61473340486,0.0,0.00179700140381
2017-11-08,4.61473340486,0.000898499633789,0.000898500915527
2018-01-27,4.61473340486,0.00269550274658,0.00808650823975
2018-03-16,4.30371344697,0.0116805101929,0.0341430720825
2018-04-01,4.61473340486,0.00988350878906,0.0215640206909
2018-04-17,4.61473340486,0.0116805093384,0.0377369940796
2018-05-03,3.99327043123,0.0278535249023,0.16683185748
2018-05-19,4.61473340486,0.0134775115967,0.022462519043
2018-06-04,4.61473340486,0.0134775115967,0.0206655180664
2018-06-20,4.61473340486,0.0354288835803,0.0215640177002
2018-07-22,4.61473340486,0.0134775124512,0.0179700157471
2018-08-07,4.61473340486,0.0134775124512,0.0179700170288
2018-08-23,4.61473340486,0.0134775124512,0.0161730147705
2018-09-08,4.61473340486,0.0141928311196,0.0161730303345
2018-09-24,4.61473340486,0.0161730012817,0.0134775128784
2018-10-10,4.61473340486,0.00449250457764,0.0125790119629
2018-10-26,4.61473340486,0.0,0.00988350964355
2018-11-11,4.61473340486,0.0,0.00898500958252
2018-12-13,4.61293639332,0.030549020813,0.0386355281372
2019-01-14,4.61473340486,0.0161730142822,0.132574211629
2019-01-30,3.80406627446,0.00089850177002,0.121011549744
2019-02-15,4.61473340486,0.0098835100708,0.0233610241699
2019-03-03,4.61473340486,0.0125790111084,0.0251580259399
2019-03-19,3.8357658228,0.0,0.000912584219181
2019-04-04,4.61473340486,0.0143760133667,0.0224625211182
2019-04-20,4.61473340486,0.0134775120239,0.0251580259399
2019-05-06,4.61473340486,0.0143760133667,0.0206655176392
2019-05-22,4.61473340486,0.0116805101929,0.0161730164795
2019-06-07,4.61473340486,0.0,0.0143760146484
2019-06-23,4.61473340486,0.0278533672485,0.0125790123901
2019-07-09,4.61473340486,0.0238648078039,0.0116805123291
2019-07-25,4.61473340486,0.00433401732321,0.00808650909424
2019-08-10,4.61473340486,0.0,0.00628950640869
2019-08-26,4.61473340486,0.0,0.00539100549316
2019-09-11,4.61473340486,0.0,0.000898500915527
2019-09-27,4.61473340486,0.0,0.0