Date,Rarea,NDWI,MNDWI
2013-03-28,43.5771480243,4.93728869814,5.18424255682
2013-04-28,46.2580279141,5.67120858778,5.86211873775
2013-05-30,46.259828954,5.70322111967,5.8429535304
2013-06-15,46.2589284241,5.72932203056,5.84655563227
2013-07-01,46.259828954,5.70907276602,5.80574980572
2013-07-17,46.259828954,5.64558806059,5.73518807388
2013-08-18,46.259828954,5.60832489881,5.70411894777
2013-09-03,46.259828954,5.33043548535,5.48034192178
2013-09-19,46.259828954,5.25431275497,5.26511859634
2013-10-21,46.259828954,4.43795278938,4.46185716489
2013-11-06,46.1625731277,4.20659064807,4.18629912582
2013-12-24,40.4696917719,3.46185984662,3.55413327359
2014-02-10,38.3884679998,5.68789811662,6.54190770223
2014-03-30,42.5153884121,5.72073706416,6.10280826019
2014-05-01,46.259828954,5.73202366228,5.92605570149
2014-05-17,46.259828954,5.77434799046,5.9890919388
2014-06-02,46.259828954,5.76354191014,5.95281700647
2014-06-18,46.259828954,5.81671490252,5.96657910359
2014-07-20,46.259828954,6.12430253028,6.01705101144
2014-08-05,46.259828954,5.85994010162,5.92429720212
2014-08-21,46.259828954,5.81174655118,5.87927129465
2014-10-08,46.259828954,5.71315528717,5.86576328201
2014-10-24,44.8496187597,5.56423091021,5.738772669
2014-11-09,46.259828954,5.51206082916,5.62982767215
2014-11-25,46.1499650562,5.2563132088,5.39479200113
2015-03-17,46.0563142694,5.64959631935,5.90623013618
2015-04-02,46.259828954,5.6153766097,5.86726782453
2015-05-04,46.259828954,5.65590001314,5.88978083313
2015-05-20,46.2589284231,5.64557402537,5.81863975629
2015-06-05,46.259828954,5.65504188602,5.82890919883
2015-07-23,45.7249196708,5.83335891836,6.0300083701
2015-08-08,46.259828954,5.86552694697,5.85225564413
2015-08-24,46.259828954,5.71890814555,5.8711664111
2015-09-09,46.259828954,5.64603646963,5.79912486136
2015-09-25,46.259828954,5.54760111301,5.64333517886
2015-10-11,46.259828954,5.49294855191,5.6379321365
2015-11-12,46.259828954,4.98013426843,5.01837636905
2015-11-28,40.5226450639,0.588036576904,0.642766838836
2016-01-15,45.0791918578,3.7722621825,4.11719471306
2016-02-16,43.2064776856,3.58343222235,3.85123256295
2016-03-19,46.259828954,4.06673173163,4.73137842289
2016-04-20,46.259828954,4.72120573044,4.80289895705
2016-05-06,46.259828954,4.77751795831,4.81640646517
2016-07-25,46.259828954,4.94903687234,4.9887692127
2016-08-10,46.259828954,4.82656650662,4.79594892477
2016-08-26,46.259828954,4.77703800876,4.72841004239
2016-09-11,46.259828954,4.70922010379,4.71400181686
2016-09-27,46.259828954,4.63925887649,4.64286108847
2016-10-13,46.259828954,4.47716578982,4.55010787381
2016-10-29,46.0609044844,4.13320156276,4.29261195004
2016-11-14,41.7342997198,0.422341389587,0.546612922302
2017-04-07,46.259828954,5.7194160974,5.96027504677
2017-04-23,46.259828954,5.32475256866,5.81709251833
2017-05-09,46.259828954,5.71263229811,5.96124631924
2017-05-25,46.2580279141,5.73784678603,5.96639517885
2017-07-12,46.259828954,5.7694357283,5.94032244345
2017-08-13,46.259828954,5.74599406674,5.87123697185
2017-08-29,46.259828954,5.68753120671,5.81270334599
2017-09-14,46.259828954,5.62719630888,5.75687124687
2017-09-30,46.259828954,5.54795077971,5.6982669335
2017-10-16,46.259828954,5.50105330398,5.64153448526
2017-11-01,46.259828954,5.41480495489,5.5127603948
2017-12-03,46.259828954,5.32205177148,5.47951212877
2017-12-19,46.259828954,5.16945479173,5.29760770756
2018-01-20,40.6640803206,4.38759440893,4.65864981909
2018-03-09,46.2439587011,5.56471069766,6.04205290395
2018-03-25,46.259828954,5.77268819313,6.14225701737
2018-04-26,46.259828954,5.72842150755,5.96992657569
2018-05-12,46.259828954,5.73652612492,6.01135040027
2018-05-28,46.2589284431,5.73964802651,6.02755955927
2018-06-29,46.259828954,5.78107190541,5.9942406211
2018-07-15,46.0501419823,5.94406540938,6.09689943286
2018-07-31,46.259828954,5.79055760441,5.91078922653
2018-08-16,46.259828954,5.96346886214,5.93870558926
2018-09-01,46.259828954,5.79646995067,5.77604705335
2018-09-17,46.259828954,5.64243458291,5.81803590549
2018-10-03,46.259828954,5.51386181085,5.57399544113
2018-11-04,45.4739120783,5.37408191983,5.5983507621
2018-11-20,46.250823743,5.11943550977,5.13364272336
2018-12-06,44.7781526731,4.82406535083,4.9526384888
2019-02-24,46.259828954,4.82856864185,4.92292230246
2019-03-12,46.259828954,4.74662164697,4.81936268313
2019-05-15,46.1040397839,5.50215554602,5.6811577294
2019-05-31,46.259828954,5.73026521344,5.93157188878
2019-06-16,46.259828954,5.76130309799,5.93276550605
2019-07-02,46.259828954,5.77439061017,5.94655570961
2019-07-18,46.259828954,5.79563713225,5.81983714023
2019-08-03,46.259828954,5.67395304098,5.83244426364
2019-08-19,46.259828954,5.55376378601,5.60101105441
2019-09-04,46.259828954,5.44930361224,5.47043607547
2019-09-20,46.259828954,5.32385295178,5.31692790881