Date,Rarea,NDWI,MNDWI
2013-04-02,5.36084215225,0.427450191356,0.523868876954
2013-04-07,6.34489781834,0.442762316478,0.533734343455
2013-05-23,6.34489781834,0.448166594005,0.57249327213
2013-06-08,6.34489781834,0.448166595531,0.565962218072
2013-06-24,6.34303281354,0.456273013743,0.572267207574
2013-07-26,6.34489781834,0.464379432262,0.564203179244
2013-08-27,6.34489781834,0.449968023143,0.515522282891
2013-09-12,6.33318854899,0.418443066295,0.713283594869
2013-10-30,6.34489781834,0.395504903584,0.467109831112
2013-11-15,6.34489781834,0.409015598408,0.466661239521
2014-03-07,6.34489781834,0.436457326121,0.526556894741
2014-05-10,6.34489781834,0.426577740048,0.574111022506
2014-05-26,6.34489781834,0.453570875682,0.552493906722
2014-06-27,6.34489781834,0.457173726756,0.547990337996
2014-07-13,6.34489781834,0.460776577647,0.548891050033
2014-08-14,6.34489781834,0.454471585399,0.521827269341
2014-08-30,6.34489781834,0.471585132884,0.515762462953
2014-09-15,6.34489781834,0.460776578502,0.504953909669
2014-10-01,6.34489781834,0.395476644381,0.657117915837
2014-10-17,6.34489781834,0.428350906077,0.493244637391
2014-11-02,5.8377399276,0.411043085038,0.548484852509
2014-12-04,6.34489781834,0.436457322459,0.491400825999
2015-03-10,6.34489781834,0.437358038463,0.549791760726
2015-03-26,6.34489781834,0.441861603648,0.518464607057
2015-04-11,6.34489781834,0.438258749583,0.537379580384
2015-04-27,6.34489781834,0.440960890758,0.538940817498
2015-05-13,6.34489781834,0.429251620006,0.582273952165
2015-05-29,6.34489781834,0.440060178477,0.550650088311
2015-06-14,6.34489781834,0.452670161876,0.566905312362
2015-06-30,6.34489781834,0.454471587047,0.575912441756
2015-07-16,6.34489781834,0.463478718577,0.554252943841
2015-08-17,6.34489781834,0.46708156953,0.531777498763
2015-09-02,6.34489781834,0.453570873302,0.575011736861
2015-09-18,6.34489781834,0.457173724437,0.557898185164
2015-10-04,6.34489781834,0.447265880687,0.508514377025
2015-10-20,6.34489781834,0.426549483409,0.482591499882
2015-12-07,6.34489781834,0.399107756367,0.467081578502
2016-01-08,6.34489781834,0.267112671216,0.435136280171
2016-01-24,6.34489781834,0.359886112256,0.440950296826
2016-03-28,6.34489781834,0.383248141081,0.475216247372
2016-04-29,6.34489781834,0.42925162202,0.525430120537
2016-05-15,6.34489781834,0.428350909434,0.561002989375
2016-05-31,6.34489781834,0.431953760814,0.537139392815
2016-06-16,6.34489781834,0.448166596812,0.547990337813
2016-07-02,6.34489781834,0.446365170787,0.562486521516
2016-08-03,6.34489781834,0.44996802119,0.531074590883
2016-08-19,6.0182215716,0.368903857493,0.456735747352
2016-09-04,6.34489781834,0.43915946461,0.540081725221
2016-10-06,6.34489781834,0.420272748044,0.463478720225
2016-10-22,6.34489781834,0.366738598025,0.468883000194
2016-11-07,6.34489781834,0.379348585696,0.4180227383
2016-11-23,6.34489781834,0.372496102613,0.404512042439
2017-01-26,6.34489781834,0.0,0.476131088929
2017-05-18,6.34489781834,0.449067311473,0.546188910689
2017-06-03,6.34489781834,0.452670161632,0.545288197005
2017-07-21,6.34489781834,0.45267016151,0.542586057418
2017-08-06,6.34489781834,0.453570874034,0.549876537568
2017-08-22,6.34489781834,0.456273013438,0.517563892946
2017-09-07,6.34489781834,0.456273012828,0.522968171632
2017-09-23,6.34489781834,0.438258750255,0.522968173036
2017-10-25,6.34489781834,0.427450192576,0.522968171571
2017-12-12,6.34489781834,0.418443059947,0.515818980076
2017-12-28,6.04860566534,0.374862659141,0.51808663098
2018-01-13,5.5689422747,0.291831040955,0.39901587207
2018-04-03,6.34489781834,0.441861603221,0.520223644298
2018-04-19,6.34489781834,0.43735803889,0.533536538201
2018-06-22,6.34489781834,0.450868736156,0.561501034347
2018-09-10,6.34309639158,0.450868735484,0.508556759828
2018-09-26,6.34489781834,0.436457324901,0.551790995179
2018-10-12,6.34489781834,0.43015233369,0.525670311891
2018-10-28,6.34489781834,0.433755186656,0.503152482362
2019-02-01,6.34489781834,0.423003143183,0.514017553745
2019-03-21,6.33183216718,0.440060177135,0.543949491016
2019-07-11,6.34489781834,0.469783709483,0.541741861223
2019-08-12,6.34489781834,0.470684425242,0.522826884294
2019-08-28,6.34489781834,0.468882996165,0.565245181645
2019-09-13,6.34489781834,0.463478717845,0.583185271948
2019-09-29,6.34489781834,0.466180858043,0.510414702976