Date,Rarea,NDWI,MNDWI
2013-05-14,500.921068656,24.6733113437,26.1129556875
2013-05-30,500.912916963,25.8330012422,26.5928121797
2013-06-15,500.912916963,25.9529710625,26.632794375
2013-07-01,500.912916963,26.0729451797,26.4728429141
2013-07-17,500.921068656,25.9929806133,25.9911066114
2013-08-18,500.401210453,23.7935585352,24.3533941562
2013-09-03,500.483726633,23.9534983047,24.0734584258
2013-09-19,500.912916963,22.5938851172,22.5138913672
2013-11-06,473.599468911,16.0358338125,15.4759746211
2014-04-15,492.663678753,47.7070456445,49.5465602188
2014-05-01,500.921068656,48.5468216914,49.9064076719
2014-05-17,500.921068656,49.0667030703,50.6662158945
2014-06-02,500.912916963,49.3865968828,51.146059082
2014-06-18,499.161511281,48.7867554414,49.6246131661
2014-07-04,453.339508106,25.3531529453,25.2331240859
2014-08-05,500.921068656,50.2263860469,49.7064620234
2014-08-21,494.84070633,44.2683819922,43.6684639219
2014-09-06,494.998782316,49.3066315625,48.5467413984
2014-10-08,500.921068656,46.6673250898,45.7475406602
2014-10-24,497.201830738,43.0682107305,43.1481810664
2014-11-09,498.055059241,43.3482210117,42.4684392461
2014-11-25,500.872926158,42.3485161641,42.3884841367
2014-12-11,446.269504482,40.6689084531,42.5490377989
2015-02-13,467.328988142,46.7473327617,49.426564082
2015-03-17,500.921068656,46.787327293,49.2665929805
2015-04-02,444.483833579,44.8678327617,47.5588426422
2015-05-04,500.921068656,49.6265312461,51.9058526328
2015-05-20,500.921068656,49.4665907578,50.9861276641
2015-06-05,500.921068656,48.5868470234,50.1045037989
2015-07-23,500.921068656,47.0671998047,46.9053618224
2015-08-08,500.872926642,45.4276527266,45.1477173945
2015-09-09,500.921068656,43.4681533828,43.1882012266
2015-09-25,500.912916963,42.3084711602,41.7885983516
2015-10-11,500.921068656,41.6686319609,41.5486531016
2015-11-12,500.921068656,37.82967725,36.5500352461
2016-02-16,498.633780549,29.7119020312,30.2317625234
2016-03-03,406.988754755,26.9926159023,29.272050457
2016-04-20,500.921068656,28.5922406875,30.7916831602
2016-05-06,500.921068656,28.2323446484,28.8321932148
2016-07-09,472.117104586,12.8765285742,13.7762719293
2016-07-25,500.921068656,24.7133005508,25.1113389005
2016-08-10,500.912916963,24.2734020937,24.0334734844
2016-08-26,500.912916963,23.5935796094,23.1936909453
2016-09-11,500.921068656,22.1139836602,21.8340668281
2016-09-27,500.921068656,20.1945332461,19.754631668
2016-10-13,407.579150336,12.3454251658,11.7968616328
2016-10-29,500.912916963,16.6754957383,15.5558065625
2016-11-30,500.921068656,14.3561562422,13.7163393906
2017-05-25,500.921068656,45.9475454922,47.427118332
2017-07-12,500.921068656,47.4671527188,47.9851031935
2017-08-13,500.752968076,47.4271404727,46.58734275
2017-08-29,498.681726035,46.7073281484,46.1874280117
2017-09-14,500.921068656,46.2274576836,45.9075145547
2017-09-30,500.912916963,46.3474492109,45.5876098281
2017-10-16,500.912916963,46.2674598359,45.4676358555
2017-11-01,445.824280117,38.9492614766,39.0292306406
2017-12-03,500.553016756,43.1882705273,44.627864043
2017-12-19,496.829308058,44.1880021914,45.4276253242
2018-01-20,500.912916963,43.5881481289,44.5478777617
2018-03-09,500.921068656,49.0267274727,52.6656550391
2018-04-26,500.881080516,54.6251622695,57.0244533711
2018-05-28,437.444013029,50.6658698125,54.0580245856
2018-06-13,403.054932386,43.8680663281,46.7872524141
2018-06-29,500.912916963,57.2644433437,59.0844184898
2018-07-31,477.219438988,58.7040104492,58.3440352148
2018-08-16,500.872928365,57.1444425195,57.3843014141
2018-09-01,500.912916963,55.9048018086,56.3046070469
2018-09-17,500.912916963,55.9047840312,56.8644335312
2018-10-03,500.921068656,54.3452118125,54.6650474141
2018-11-20,500.912916963,53.38541575,53.5453265898
2019-02-24,500.921068656,50.6261846406,52.6655882031
2019-03-28,470.15129032,50.7462198047,53.7554388072
2019-05-31,460.914194114,49.5864160937,53.9851488047
2019-06-16,500.921068656,53.345482418,54.9831482911
2019-07-02,500.912916963,53.2655197461,54.7674725715
2019-07-18,500.912916963,53.4254817266,54.3451503555
2019-08-03,500.921068656,53.3454938281,54.7032096935
2019-08-19,500.921068656,52.3857513125,52.665600582
2019-09-04,500.921068656,51.3860194102,51.2659939063
2019-09-20,500.872926642,49.5865008047,50.1862676758