Date,Rarea,NDWI,MNDWI
2013-04-02,143.411756485,8.84242500122,10.4801449561
2013-04-28,125.123259878,9.18752056738,10.8716909597
2013-05-14,145.37678095,8.9774626853,9.96693704332
2013-05-30,147.150356669,8.69488556567,9.75251197686
2013-06-15,147.150356669,8.34478995874,9.42421426605
2013-07-01,147.150356669,7.97468954761,8.99405724064
2013-07-17,147.150356669,7.85465702539,8.50459557112
2013-08-18,147.132851634,7.05443897607,7.36178790926
2013-09-03,147.150356669,6.54680017212,6.75162168221
2013-09-19,147.150356669,6.08167330542,6.18396617073
2013-10-05,147.150356669,5.50901611914,5.64381847835
2013-10-21,135.212332296,1.04278444141,2.60296063924
2013-11-06,147.150356669,4.05861898193,4.33596061458
2014-02-10,126.851349947,16.6045212432,19.4714315254
2014-04-15,147.150356669,20.0453105603,21.2991224285
2014-05-01,147.150356669,20.0687080242,21.30412246
2014-05-17,147.150356669,20.1628417876,21.641634042
2014-06-02,147.150356669,20.1755021707,21.8591112188
2014-06-18,147.150356669,20.1277538748,21.9242051497
2014-08-05,147.150356669,19.9829503406,20.7079119852
2014-09-06,147.150356669,19.570102995,19.852680159
2014-10-08,147.150356669,18.8451412083,19.0349577027
2014-10-24,144.549825769,18.1574550793,18.4873094644
2014-11-09,147.150356669,17.8773773335,18.0771973465
2014-11-25,146.97536448,17.4197534014,17.8396332108
2014-12-11,130.123488802,17.0721589348,17.9037843376
2015-02-13,136.908049848,17.6398101392,18.6559436577
2015-03-17,147.150356669,17.2872175676,17.7396063389
2015-04-02,146.655970773,16.9771334885,17.4470260926
2015-05-04,147.150356669,16.4945031423,17.1594483167
2015-05-20,147.150356669,16.2069249617,17.1236905913
2015-06-05,147.150356669,15.9143456228,16.5792866387
2015-06-21,138.897933415,14.3589577683,15.9488224569
2015-07-23,147.150356669,15.124131553,15.6483682607
2015-08-08,147.150356669,14.6640071667,14.716285776
2015-09-09,147.150356669,13.8835600838,13.8610540963
2015-09-25,147.150356669,13.3661550374,13.2959004744
2015-10-11,147.145355291,12.6884713301,12.6932376846
2015-11-12,147.150356669,11.5631667415,11.4579024173
2016-02-16,147.150356669,8.75990423633,9.01973951155
2016-04-20,147.150356669,9.21502737427,9.9850007198
2016-05-06,147.150356669,9.06498756519,9.62240243001
2016-06-07,147.150356669,8.66988011108,9.68092124884
2016-07-09,146.520829796,8.27477286475,9.49932654347
2016-07-25,146.093758228,8.07812441714,9.73054241283
2016-08-10,147.150356669,7.31200977173,7.49182186873
2016-08-26,147.150356669,6.75162147908,6.68910407088
2016-09-27,147.150356669,5.52151985059,5.51651767969
2016-10-29,147.150356669,4.39371144214,4.51874369019
2016-11-30,147.150356669,3.33091995947,3.60575888777
2017-05-09,146.764193003,19.9364091052,21.5185167602
2017-05-25,147.150356669,20.0813687161,21.4840897781
2017-06-26,146.372780939,20.0764456548,22.3045933588
2017-07-12,147.150356669,20.1354911299,21.9484960126
2017-07-28,143.312048251,19.9979562668,22.1454101498
2017-08-13,147.150356669,19.9379375762,20.6628995199
2017-08-29,145.685412109,19.7851227978,20.3666842814
2017-09-14,147.150356669,19.5025845636,19.8701845172
2017-09-30,147.150356669,19.1549897567,19.5250905867
2017-10-16,147.150356669,18.8701476863,19.1274823997
2017-12-03,147.150356669,17.7398398545,18.2572458826
2017-12-19,145.575487152,17.4547629539,18.0421899415
2018-01-20,146.121556757,16.8871087271,17.419518232
2018-04-26,147.015316154,18.8749131695,19.4510400347
2018-05-28,147.150356669,18.8652237697,20.4488063211
2018-06-29,147.150356669,18.9277405776,21.3240254605
2018-08-16,147.150356669,19.0126861094,19.40255616
2018-09-01,147.150356669,18.8026292798,19.037457224
2018-09-17,147.075335951,18.4700383931,18.7223716407
2018-10-03,147.150356669,17.9946741031,18.1947287542
2018-11-20,141.331267133,11.1980553789,11.4778962269
2018-12-06,147.150356669,16.3669664111,16.7720766814
2019-02-24,147.150356669,16.2594382114,16.7420683467
2019-03-12,147.150356669,15.9618575303,16.376735723
2019-03-28,144.012711333,17.744684243,19.0407518513
2019-04-29,147.150356669,17.5797960073,18.2307077474
2019-05-31,147.012822789,17.215852952,18.5082469004
2019-06-16,147.150356669,17.1396752134,18.1824824804
2019-07-02,147.150356669,16.8045851726,17.7340092638
2019-07-18,147.150356669,17.0222222158,17.6120660255
2019-08-03,147.14785597,16.6245368306,17.3538309005
2019-08-19,147.150356669,16.2194274045,16.4792629918
2019-09-04,147.150356669,15.8893377031,16.0066345684
2019-09-20,147.150356669,15.5492452471,15.7240573905