Date,Rarea,NDWI,MNDWI
2013-04-02,11.091190109,1.1052643979,1.36262339883
2013-05-14,11.091190109,1.1232625171,1.36194937049
2013-05-30,11.091190109,1.08816625483,1.26232459117
2013-06-15,11.091190109,0.999075714794,1.06926853962
2013-07-01,11.091190109,0.848975019019,0.875072347449
2013-07-01,11.091190109,0.850774852637,0.870572841102
2013-07-17,11.091190109,0.972078619762,1.02607300526
2013-07-17,11.091190109,0.971178714061,1.0233733329
2013-09-03,11.091190109,0.67588603796,0.690874006597
2013-09-03,11.091190109,0.674086234737,0.698973171819
2013-09-19,11.091190109,0.590814989352,0.589915084322
2013-09-19,11.091190109,0.589915081087,0.589015203646
2013-10-05,11.091190109,0.355463074402,0.327566005127
2013-10-05,11.091190109,0.354563166687,0.328465920288
2013-11-06,11.091190109,0.121487392883,0.125986884827
2013-11-06,11.091190109,0.120587489258,0.125986884827
2014-01-25,10.2804639071,1.16015864827,1.43295737845
2014-01-25,9.97483474951,1.16105856831,1.4275579404
2014-02-10,11.091190109,1.10976392201,1.71341377714
2014-02-10,11.0875905077,1.10886402925,1.7133150113
2014-04-15,11.091190109,1.17725684877,1.5102891115
2014-04-15,11.091190109,1.17815675502,1.50937507267
2014-05-01,11.091190109,1.19435504341,1.48609049874
2014-05-01,11.091190109,1.19075544062,1.4871174448
2014-05-17,11.091190109,1.18445611665,1.47923001857
2014-05-17,11.091190109,1.18445610469,1.48101576498
2014-06-02,11.091190109,1.16645798158,1.35363844661
2014-06-02,11.091190109,1.16105855683,1.35286560483
2014-06-18,11.091190109,1.11966290321,1.30144394831
2014-06-18,11.091190109,1.119662886,1.29424465303
2014-07-04,10.1360545028,0.832413005249,0.957500483948
2014-08-05,11.091190109,1.07016811177,1.17815690956
2014-08-05,11.091190109,1.07016811177,1.18085662123
2014-09-06,11.091190109,0.906568877234,0.921122849314
2014-09-06,11.091190109,0.90582426301,0.916623345163
2014-10-08,11.091190109,0.805161922734,0.788063825017
2014-10-08,11.091190109,0.805161915593,0.791663457402
2014-10-24,11.091190109,0.706172287725,0.705272428838
2014-10-24,11.091190109,0.706172314153,0.70797216126
2014-11-09,11.091190109,0.486736442101,0.452539993615
2014-11-09,11.091190109,0.486736437219,0.451640083337
2014-12-11,9.5814435463,0.67107610822,0.838459454961
2015-02-13,10.0958793022,1.12866188282,1.44138109065
2015-02-13,10.0237452642,1.12776197102,1.44318092659
2015-03-17,11.091190109,1.05396980787,1.19075567561
2015-03-17,11.091190109,1.05037020912,1.19435528834
2015-04-02,11.091190109,0.919167661292,0.950664456946
2015-04-02,11.091190109,0.921867352271,0.945265016944
2015-05-04,11.091190109,1.08096702937,1.17365743299
2015-05-04,11.091190109,1.08276685304,1.17545726258
2015-05-20,11.091190109,1.03777160206,1.13586151075
2015-05-20,11.091190109,1.04047132624,1.13766132649
2015-06-05,11.091190109,0.964879246532,1.03237234809
2015-06-05,11.091190109,0.967578985118,1.03147242884
2015-06-21,11.0857906914,0.928393858558,1.03761862222
2015-06-21,10.9805022771,0.895097520972,0.999822792018
2015-07-23,11.091190109,1.14306054969,1.22765182814
2015-07-23,11.091190109,1.14036082026,1.23035154267
2015-08-08,11.091190109,1.11696328852,1.17102833891
2015-08-08,11.091190109,1.11606338771,1.16915795668
2015-09-25,11.091190109,1.0314721988,1.05396991194
2015-09-25,11.091190109,1.02787256385,1.0539698982
2015-10-11,11.091190109,0.873272381202,0.88947082212
2015-10-11,11.091190109,0.871472591956,0.887671011023
2015-11-12,11.091190109,1.21145322847,1.27804642646
2015-11-12,11.091190109,1.20785359486,1.27804646992
2015-12-30,10.2674556822,0.779964396855,0.795262971501
2015-12-30,10.088997877,0.718770698552,0.731369520268
2016-02-16,11.091190109,1.15655895869,1.35003896925
2016-02-16,11.091190109,1.1583587823,1.34823916249
2016-04-20,11.091190109,1.15385922291,1.46990972907
2016-04-20,11.091190109,1.15295931489,1.46990975111
2016-05-06,11.091190109,1.18895554328,1.40900909929
2016-05-06,11.091190109,1.19255517189,1.40726579014
2016-06-07,11.0905336997,1.25644860084,1.5392171438
2016-06-07,11.0907842636,1.25464879072,1.54003236174
2016-07-09,11.091190109,1.20965351442,1.32232528785
2016-07-09,11.091190109,1.20695380659,1.32495444859
2016-08-10,11.091190109,1.22495184602,1.27804637092
2016-08-10,11.091190109,1.2240519972,1.27174705159
2016-08-26,11.091190109,1.22135228419,1.28974523695
2016-08-26,11.091190109,1.22225220106,1.28614561152
2016-09-27,11.091190109,0.965218005564,0.973878371898
2016-09-27,11.091190109,0.96971756373,0.973878382152
2016-10-29,11.091190109,0.651278001409,0.59891413785
2016-10-29,11.091190109,0.650378115911,0.598183634099
2016-11-30,11.091190109,1.30054403352,1.41123245222
2016-11-30,11.091190109,1.29244484913,1.4139321728
2017-05-09,11.091190109,1.17905679585,1.39861974313
2017-05-09,11.091190109,1.17905680317,1.39502009109
2017-05-25,11.091190109,1.18805581526,1.37703603462
2017-05-25,11.091190109,1.18625600441,1.38256253641
2017-06-26,11.091190109,1.18085647053,1.41753112001
2017-06-26,10.8983049486,1.17275738057,1.34656628451
2017-07-12,11.091190109,1.14845991944,1.32034196247
2017-07-12,11.091190109,1.15295948658,1.32214178291
2017-07-28,10.814021063,1.15225718463,1.32580836338
2017-07-28,10.4883349359,1.10976427443,1.27572458015
2017-08-13,11.091190109,1.13586125135,1.25284902626
2017-08-13,11.091190109,1.13676117903,1.25464882844
2017-08-29,11.091190109,1.08816616273,1.16465826765
2017-08-29,11.091190109,1.08726627546,1.1682579178
2017-09-14,11.091190109,0.995659523963,1.01831253565
2017-09-14,11.091190109,0.994759625281,1.02011237696
2017-09-30,11.091190109,1.1205629311,1.2069539416
2017-09-30,11.091190109,1.12056292939,1.20245439985
2017-10-16,11.091190109,0.950664208289,0.983060970862
2017-10-16,11.091190109,0.953363944983,0.98666058451
2017-12-03,11.091190109,0.894870114722,0.940765453711
2017-12-03,11.091190109,0.893070267859,0.940765451148
2017-12-19,11.091190109,0.728669945928,0.786264036199
2017-12-19,11.091190109,0.73136967133,0.788063852971
2018-01-20,11.091190109,0.916467924476,0.99925934751
2018-01-20,11.091190109,0.913768200538,0.993859920081
2018-03-25,11.091190109,0.83383114625,1.30803610166
2018-03-25,10.9733029941,0.802334621775,1.2342440933
2018-04-26,11.091190109,1.06566870839,1.3203419983
2018-04-26,11.091190109,1.06296900557,1.32034199836
2018-05-28,11.091190109,1.10706437172,1.34552519546
2018-05-28,11.091190109,1.10886419734,1.34732504458
2018-06-29,9.95049907681,1.04947077522,1.42582676098
2018-06-29,9.79476214044,1.01167474745,1.35351297986
2018-08-16,11.091190109,1.10706433149,1.23665073024
2018-08-16,11.091190109,1.10796423127,1.23485091627
2018-09-01,11.091190109,1.01651269325,1.06296905262
2018-09-01,11.091190109,1.01741259449,1.0593694073
2018-09-17,11.0704923638,1.11606330476,1.22585193043
2018-09-17,11.0713922402,1.11336359803,1.22135238191
2018-10-03,11.091190109,0.946164735267,0.965062843909
2018-10-03,11.091190109,0.947064655921,0.963263038672
2018-11-04,9.92654994273,0.566687280156,0.576586286138
2018-11-04,10.8860127609,0.672286557186,0.671976001103
2018-11-20,11.091190109,0.938965533973,0.938965626075
2018-11-20,11.091190109,0.936265819068,0.940765442359
2019-02-24,11.091190109,1.03147213368,1.38513517665
2019-02-24,11.091190109,1.02877241255,1.38333537471
2019-03-28,11.091190109,1.02877262098,1.2636480254
2019-03-28,11.091190109,1.03057242903,1.2636480254
2019-04-13,9.71467745868,0.96577921101,1.2757278021
2019-04-29,9.79592200257,0.578386562749,0.718772908208
2019-04-29,9.42122343054,0.577486684697,0.698975274358
2019-05-31,11.091190109,1.03147237818,1.09176610908
2019-05-31,11.091190109,1.03057248152,1.08906638649
2019-06-16,11.091190109,0.911068504554,0.933566218604
2019-06-16,11.091190109,0.915568026038,0.932666311438
2019-07-02,11.091190109,0.873272466651,0.882553898015
2019-07-02,11.091190109,0.876872099341,0.881654005681
2019-07-18,11.091190109,0.867255515813,0.864555831609
2019-07-18,11.091190109,0.864555854619,0.861856135076
2019-08-03,11.091190109,0.687274271672,0.678105846102
2019-08-03,11.091190109,0.68637436469,0.680974969304
2019-08-19,11.091190109,0.938065663794,0.929966626563
2019-08-19,11.091190109,0.937165761512,0.926366986792
2019-09-04,11.091190109,1.07286796467,1.09176607453
2019-09-04,11.091190109,1.07466774574,1.09176609419
2019-09-20,11.091190109,1.10976402845,1.18265637141
2019-09-20,11.091190109,1.10616443733,1.18805585572