Date,Rarea,NDWI,MNDWI
2013-05-14,29.7168081532,2.04805271648,5.88586852516
2013-05-30,32.6927182005,2.1284149059,5.84298945332
2013-06-15,32.6936172664,2.17849440048,5.76216051533
2013-07-01,32.6936172664,2.18595475045,6.09921496603
2013-07-17,32.6909200498,2.1833845487,7.75596086757
2013-08-18,32.6936172664,2.08762596851,2.73040856624
2013-09-03,32.6918191129,2.02199457495,2.66212490179
2013-09-19,32.6936172664,1.97524359729,2.63155662158
2013-10-05,32.6855255963,1.96175770313,2.13168061078
2013-11-06,32.6936172664,1.9033186225,2.06155368994
2014-03-30,32.6918191324,1.99052748163,3.18504363419
2014-04-15,32.1703211217,2.01300404987,2.98299369951
2014-05-01,32.6936172664,2.05174810331,4.7497954646
2014-06-02,32.6918191416,2.13201129922,5.6619796344
2014-06-18,32.6936172664,2.16308351733,6.39667487474
2014-08-05,32.6927181994,2.11935746848,3.87168012498
2014-08-21,32.6936172664,2.06245236682,4.25715736868
2014-09-06,32.6936172664,2.02019653693,2.35374772888
2014-10-08,32.6936172664,1.95906050818,2.09302081213
2014-10-24,32.6936172664,1.93298768146,2.08762647809
2014-11-09,32.6936172664,1.91320835437,2.0426733916
2015-03-17,29.0949596894,1.47895452649,2.11117411009
2015-05-04,32.6909200317,1.96715191815,4.67469920839
2015-05-20,32.6936172664,2.0312495936,5.44704525855
2015-08-08,32.6936172664,1.98961420684,4.01597312485
2015-09-25,32.6936172664,1.8583660675,1.97884021246
2015-10-11,32.6891219672,1.80262418066,2.37210702449
2015-11-12,32.6936172664,1.74328617096,1.8970265517
2015-12-30,32.687324058,1.69653509589,1.77770109676
2016-02-16,32.6909199879,1.65697659357,1.75137829016
2016-04-20,32.6918190886,1.66866440454,3.13324402531
2016-05-06,32.6936172664,1.67764068121,3.70580952043
2016-05-22,30.6856239169,1.72711408604,5.73745426853
2016-07-09,32.6909200046,1.73333345367,5.7323627851
2016-08-10,32.6936172664,1.59223017053,2.77844991788
2016-08-26,32.6936172664,1.51942032855,1.75692566971
2016-09-27,32.6936172664,1.38725840381,1.61469184188
2016-10-29,32.6936172664,1.28206806726,1.30634250928
2016-11-30,31.2512355529,1.19845527405,1.26228871497
2017-05-25,32.6927181828,2.08975552035,5.79485153397
2017-06-26,29.2360295141,2.02355799732,6.49855019809
2017-07-12,32.2094272143,2.03997623895,7.97570599681
2017-08-13,32.6936172664,2.06784665277,4.3077077868
2017-08-29,26.8174791945,1.77115215082,3.44389775602
2017-09-14,32.6936172664,1.97883977307,2.33573795107
2017-09-30,32.6927181737,1.92399702411,3.73476322565
2017-10-16,32.6936172664,1.92849233679,2.11459840015
2017-12-03,32.6936172664,1.87634684528,2.06514997754
2017-12-19,32.6936172664,1.88443827521,2.07503976154
2018-01-20,32.6936172664,1.90601575507,2.09571811487
2018-03-25,32.1496715759,1.81790566144,2.53442622262
2018-04-26,32.6936172664,2.01839809344,3.53544150735
2018-05-12,32.690920006,2.05822121091,5.24327575261
2018-06-29,26.2859239455,1.5481821217,8.87725955735
2018-08-16,32.6936172664,2.07863556824,5.93859916307
2018-09-01,32.6936172664,2.0273889538,2.59710844179
2018-09-17,32.6936172664,1.98063780035,3.22541627344
2018-11-04,29.4231765625,1.34230914813,1.84848263245
2018-11-20,32.6936172664,1.88623634692,2.08133315833
2018-12-06,29.6981569967,1.71631567834,2.42120741691
2019-02-24,32.6936172664,1.97254625958,3.45442676742
2019-05-15,30.0841221644,1.61048109275,4.48498811359
2019-05-31,32.6927181684,2.06064034338,7.54847371324
2019-06-16,32.6936172664,2.15808394582,7.26668613219
2019-07-02,32.6936172664,2.1771335315,6.16520942244
2019-07-18,32.6936172664,2.14459797902,5.59884657288
2019-08-03,32.6927181799,2.07322687811,6.4995790947
2019-08-19,32.6927181799,2.02289360132,3.85255311101
2019-09-04,32.691819093,1.96625287347,2.65620870311
2019-09-20,32.2512783851,1.89342888226,3.0880489417