Date,Rarea,NDWI,MNDWI
2013-05-14,10.71640348,0.568585969194,0.753163373831
2013-05-30,10.71640348,0.566788321183,0.710919927969
2013-06-15,10.71640348,0.570496387628,0.681259866018
2013-07-01,10.71640348,0.581282057733,0.681259997671
2013-07-17,10.71640348,0.575889179926,0.695640724539
2013-08-18,10.71640348,0.552520441828,0.594076934561
2013-09-03,10.71640348,0.54353249035,0.601267318411
2013-09-19,10.71640348,0.52825312359,0.586886583731
2013-10-05,10.71640348,0.485110880548,0.523970807913
2014-03-30,10.71640348,0.397814962236,0.588684218069
2014-04-15,10.71640348,0.432082093805,0.530949802911
2014-05-01,10.71640348,0.437474870355,0.543744367361
2014-06-02,10.71640348,0.428486792474,0.525557001764
2014-06-18,10.71640348,0.428486870477,0.51318534728
2014-08-05,10.71640348,0.423094148432,0.484423979177
2014-09-06,10.71640348,0.386243482172,0.443978229116
2014-10-08,10.71640348,0.35208919787,0.382860162527
2014-10-24,10.71640348,0.344000094232,0.381062542715
2014-11-09,10.71640348,0.336809662409,0.371175742666
2015-03-17,10.2329279789,0.248727697077,0.308260017385
2015-05-04,10.71640348,0.233448329706,0.300171058401
2015-05-20,10.71640348,0.242436370477,0.296575878714
2015-06-05,10.71640348,0.240638779596,0.320842995779
2015-08-08,10.71640348,0.233448474664,0.255231210073
2015-09-25,10.71640348,0.205585678888,0.236356485891
2015-10-11,10.71640348,0.202889317438,0.244445729849
2015-11-12,10.71640348,0.189407260309,0.21748173815
2016-02-16,10.71640348,0.140759338822,0.167836299127
2016-04-20,10.71640348,0.118402318598,0.16873513299
2016-05-06,10.71640348,0.121997507807,0.166937584284
2016-05-22,10.71640348,0.127390304498,0.166250253164
2016-07-09,10.71640348,0.139973538324,0.158161123648
2016-08-10,10.71640348,0.141771150263,0.152556872553
2016-08-26,10.71640348,0.127390367426,0.143568793939
2016-09-27,10.71640348,0.116604776483,0.142669991998
2016-10-29,10.71640348,0.0941349199159,0.108515699579
2016-11-30,8.84947563177,0.0294212102601,0.037510376642
2017-05-25,10.71640348,0.448260370599,0.559023794607
2017-06-26,10.71640348,0.436576002313,0.541735203241
2017-07-12,10.71640348,0.431183286493,0.551833546499
2017-08-13,10.71640348,0.428487020624,0.488917978262
2017-09-14,10.71640348,0.391636312006,0.445775673758
2017-09-30,10.2905292597,0.381749598078,0.497905952566
2017-10-16,10.71640348,0.369166477289,0.4161154121
2017-12-03,10.71640348,0.312542400812,0.378366080618
2017-12-19,10.71640348,0.308947177545,0.376568493216
2018-01-20,10.71640348,0.283780800409,0.352988261163
2018-03-25,10.71640348,0.246817327653,0.363773755487
2018-04-10,9.65626465156,0.24479414209,0.590830289001
2018-04-26,10.71640348,0.267602476068,0.325125558893
2018-05-12,10.71640348,0.261310931329,0.306250915582
2018-05-28,10.71640348,0.25052535174,0.360390129385
2018-08-16,10.71640348,0.256817166681,0.284891477224
2018-09-01,10.71640348,0.2397400133,0.255231121878
2018-09-17,10.71640348,0.238841238825,0.259513635919
2018-10-03,10.71640348,0.219067707391,0.241749187735
2018-11-04,9.83099726827,0.101564075317,0.113248382141
2018-11-20,10.71640348,0.192315435049,0.209392675161
2019-03-28,10.71640348,0.109301547624,0.178833594351
2019-05-15,10.71640348,0.101325242792,0.151869576834
2019-05-31,10.71640348,0.0986288414247,0.143780530752
2019-06-16,10.71640348,0.106718037714,0.147375760244
2019-07-02,10.71640348,0.10581927453,0.141982921987
2019-07-18,10.71640348,0.104920523065,0.14108418627
2019-08-03,10.71640348,0.0986289849794,0.14288177355
2019-08-19,10.71640348,0.102224151849,0.129399735281
2019-09-04,10.71640348,0.0914386523378,0.116816565908
2019-09-20,10.1064621288,0.0959326433046,0.12109909643