Date,Rarea,NDWI,MNDWI
2013-03-28,7.33414663322,0.272769245051,0.488646630376
2013-04-02,7.41460258813,0.233574710197,0.292740175705
2013-04-28,7.44654384694,0.259752623047,0.29390687561
2013-05-14,7.44654384694,0.272335761597,0.295704473572
2013-05-30,7.44654384694,0.275032179626,0.287615348267
2013-06-15,7.44654384694,0.282222571716,0.290311702026
2013-07-01,7.44654384694,0.289412920715,0.295704522522
2013-07-17,7.44654384694,0.297502083252,0.291210507629
2013-08-02,7.35915803756,0.289412953247,0.286716538696
2013-08-18,7.44654384694,0.278627422058,0.274133407227
2013-09-03,7.44654384694,0.271437081238,0.271437053833
2013-09-19,7.44654384694,0.227396144043,0.268740665527
2013-10-05,7.44654384694,0.191444304443,0.23997924353
2013-11-06,7.44654384694,0.157289943176,0.21211654834
2014-01-25,7.43845474245,0.224699382568,0.462879045227
2014-03-30,7.44654384694,0.27862732489,0.436814587219
2014-04-15,7.44654384694,0.273234612122,0.404458214478
2014-05-01,7.44654384694,0.280424975159,0.377494426514
2014-05-17,7.44654384694,0.28402018158,0.377494452026
2014-06-02,7.44654384694,0.291210545898,0.371202951355
2014-06-18,7.44654384694,0.300198498474,0.360417475037
2014-07-04,7.44654384694,0.313680373718,0.37030417511
2014-07-20,7.44654384694,0.320870725464,0.373899347961
2014-08-05,7.44654384694,0.319073140137,0.366708947571
2014-09-06,7.44654384694,1.54844593754,0.4639853099
2014-09-22,6.79041309719,0.607420970445,0.408053597656
2014-10-08,7.44654384694,0.244473202759,0.315477728271
2014-11-09,7.44654384694,0.154593575806,0.260651373108
2015-02-13,7.44654384694,0.163581436523,0.351429569092
2015-04-02,7.44654384694,0.212116365295,0.308287509521
2015-05-04,7.44654384694,0.237282694214,0.288514122192
2015-05-20,7.44654384694,0.245371858948,0.286716588074
2015-06-05,7.44654384694,0.241776697937,0.269639482178
2015-06-21,7.44654384694,0.246270735596,0.263347921143
2015-07-23,7.44654384694,0.243574395447,0.257955157898
2015-08-08,7.44654384694,0.243574406555,0.241776811646
2015-08-24,7.44654384694,0.237282838745,0.239979227783
2015-09-09,7.44654384694,0.236384067932,0.231890061462
2015-09-25,7.44654384694,0.218408136414,0.22200332019
2015-10-11,7.4456450472,0.749261289375,0.335767599238
2015-12-30,7.44654384694,0.171670708923,0.180658688049
2016-01-31,7.44654384694,0.161783937439,0.172569520752
2016-02-16,7.44654384694,0.153694779907,0.172569550842
2016-03-03,7.44654384694,0.158188758362,0.170771944702
2016-03-19,7.44654384694,0.171670701477,0.19863462854
2016-04-04,7.44654384694,0.159986355896,0.293008092163
2016-04-20,7.44654384694,0.164480344116,0.172569544983
2016-05-06,7.44654384694,0.166277952576,0.170771959961
2016-05-22,7.44654384694,0.167176762512,0.16897435968
2016-06-07,7.44654384694,0.164480367615,0.169873171204
2016-06-23,7.44654384694,0.164480384399,0.165379185364
2016-07-09,7.44654384694,0.16088518811,0.158188780701
2016-08-10,7.44654384694,0.140212824402,0.138415231201
2016-08-26,7.44654384694,0.127629638916,0.12493325177
2016-09-11,7.44654384694,0.110552467896,0.110552469482
2016-09-27,7.44654384694,0.0970704849854,0.101564484497
2016-10-29,7.44654384694,0.0548268909302,0.0620173123779
2016-11-30,7.44654384694,0.113248844055,0.155492250183
2017-01-01,7.03556295478,0.117742839294,0.265145643127
2017-02-02,7.44654384694,0.125832051941,0.135718844482
2017-03-22,7.44654384694,0.338846422546,0.411648466248
2017-05-25,7.44654384694,0.331656240723,0.377494607849
2017-06-10,7.44654384694,0.339745426758,0.37659583313
2017-06-26,7.44654384694,0.341543002319,0.375697032593
2017-07-12,7.44654384694,0.344239407837,0.380190977173
2017-07-28,7.44654384694,0.342441804077,0.371202977356
2017-08-13,7.44654384694,0.344239383606,0.372101824158
2017-08-29,7.44654384694,0.338846597961,0.360417436401
2017-09-14,7.44654384694,0.318174310669,0.347834324646
2017-09-30,7.44654384694,0.288514103333,0.349631918213
2017-10-16,7.44654384694,0.280424918945,0.32626327832
2017-11-01,7.44654384694,0.272335714172,0.317275367065
2017-11-17,7.44654384694,0.262448980286,0.31637655127
2018-01-04,7.44654384694,0.290311388794,0.416142354797
2018-01-20,7.44654384694,0.257954914856,0.400862937073
2018-03-25,7.44654384694,0.322667889282,0.425130143799
2018-04-10,7.44654384694,0.315477702515,0.405356936218
2018-04-26,7.44654384694,0.318174184814,0.393672687317
2018-05-12,7.33179947504,0.381861822957,1.00117835757
2018-05-28,7.44654384694,0.341542843201,0.385583588257
2018-06-29,7.44654384694,0.343340416382,0.384684778748
2018-07-31,7.44654384694,0.348733214966,0.364911313538
2018-08-16,7.44654384694,0.744267210567,0.359518660156
2018-09-01,7.44654384694,0.324465729187,0.330757309265
2018-09-17,7.44654384694,0.303793582397,0.300198440918
2018-10-19,7.44654384694,0.276829830017,0.278627420898
2018-11-04,7.44654384694,0.264246696228,0.275032211365
2018-12-06,7.44654384694,0.254359891846,0.27233585199
2019-01-23,7.44654384694,0.265145460266,0.284020168762
2019-02-24,7.44654384694,0.271437013916,0.302894884766
2019-03-28,7.44654384694,0.273234606018,0.30559127771
2019-04-13,7.44654384694,0.291210520569,0.320870783142
2019-04-29,7.44654384694,0.302894767395,0.337048995361
2019-05-15,7.44654384694,0.310983948242,0.319073121704
2019-05-31,7.44654384694,0.310085188843,0.319073129517
2019-06-16,7.44654384694,0.309186383972,0.310085159485
2019-07-02,7.44654384694,0.313680371399,0.313680354126
2019-07-18,7.44654384694,0.313680377258,0.309186399719
2019-08-03,7.44654384694,0.311882799377,0.303793629272
2019-08-19,7.44654384694,0.309186421631,0.298400866516
2019-09-04,7.44654384694,0.296603277222,0.292109283203
2019-09-20,7.44654384694,0.284918970947,0.292109324219