Date,Rarea,NDWI,MNDWI
2013-04-02,71.3473733903,7.87477926969,8.03216539079
2013-04-02,71.347199852,7.93953591325,8.10296007462
2013-04-21,68.3192223661,8.1525499426,8.61341807199
2013-04-28,71.3473733903,8.29197966837,8.53292755742
2013-05-14,71.3473733903,8.55924925676,9.58778876011
2013-05-23,71.3473733903,8.71280701532,9.35706319147
2013-05-30,71.3473733903,8.76855057225,9.07441495469
2013-06-08,71.3473733903,8.84908132926,9.13749747805
2013-06-15,71.3473733903,9.29872257781,9.18999912407
2013-06-24,71.3473733903,9.53100233676,9.43466189625
2013-07-01,71.3473733903,9.54057406893,10.190372185
2013-07-01,68.628140787,9.49508695416,10.0933050947
2013-07-26,71.3473733903,9.13418402577,8.90809264337
2013-08-02,71.3473733903,9.08383738632,8.90586876998
2013-08-02,68.1557073753,9.05355167682,8.87549078016
2013-08-18,71.3473733903,8.62923683561,8.54929647331
2013-08-18,67.4579191963,8.64548048454,8.56713022248
2013-08-27,71.3473733903,8.61174979655,8.54679757389
2013-09-03,71.3473733903,8.52930839518,8.47684695963
2013-09-03,66.2504769838,8.56093119952,8.49357850836
2013-09-19,71.3473733903,8.43687576188,8.48184353751
2013-09-19,68.4441834403,8.43344659026,8.5172412442
2013-10-05,71.3473733903,8.43187888175,8.3644263881
2013-10-05,68.9510394346,8.42097371916,8.37256132697
2013-10-30,71.3473733903,8.32445707316,8.37192188761
2013-11-06,71.2324557226,8.26200071403,8.29947313249
2013-11-06,68.4693446065,8.23626326429,8.32017758478
2013-11-15,68.8864249936,7.28521564811,7.49216175176
2014-01-02,71.3473733903,8.77026412201,8.90516707953
2014-02-26,59.6527310657,7.90964549553,8.51112332337
2014-03-23,71.3473733903,9.39618718717,9.73207277459
2014-03-30,71.2053293606,9.07641281095,10.6113993256
2014-03-30,70.9108459848,9.12941412859,10.5415586607
2014-04-15,66.5271118674,8.69647063682,9.58908990735
2014-04-15,66.9684126325,8.59804307626,9.7739318589
2014-05-01,71.3473733903,9.34622466935,9.6171579848
2014-05-01,70.8753290762,9.37137492937,9.63355697418
2014-05-10,71.3473733903,9.35371851872,9.62352637223
2014-05-26,71.3473733903,9.4061803422,9.74499111041
2014-06-02,71.3473733903,9.44419312134,10.1045718987
2014-06-02,66.6699910214,9.41900490519,9.98612140815
2014-06-18,71.3473733903,9.6864428164,10.3255581007
2014-06-18,67.4207386901,9.618238477,10.1892139922
2014-07-04,71.3473733903,9.91198601491,11.6554491103
2014-07-04,67.7293757098,9.74639308528,11.4654688183
2014-07-13,71.3473733903,9.89180226844,10.0588340603
2014-08-05,71.3473733903,9.69003680124,9.87479280242
2014-08-05,67.1435599096,9.63457843351,9.82687879788
2014-08-14,71.3473733903,9.51610039835,9.61747247537
2014-08-21,71.3473733903,9.52359652238,10.2960453559
2014-08-21,67.6246120326,9.50735940348,10.2041736104
2014-08-30,71.3473733903,9.4597683952,9.43865699186
2014-09-06,71.3473733903,9.48362449601,9.6171589179
2014-09-06,67.9620857083,9.47863813323,9.63090459107
2014-09-15,71.3473733903,9.37982701947,9.38619469132
2014-09-22,70.8859590287,9.35871500773,9.71005193994
2014-09-22,69.5455119831,9.32647237419,9.68726220159
2014-10-01,71.3473733903,9.33985547796,9.3587142714
2014-10-08,71.3473733903,9.32873671305,9.38119909391
2014-10-08,68.3768357911,9.29392709608,9.36876171815
2014-10-24,71.3473733903,9.27877248551,9.43366079191
2014-10-24,68.2280437059,9.26648815418,9.41615799036
2014-11-09,71.3473733903,9.10389887858,9.28376939665
2014-11-09,67.7618020045,9.11182759974,9.3014103661
2014-12-04,71.3473733903,9.07142206803,9.35371785465
2014-12-20,62.4623447449,9.0006596332,9.30294165249
2015-02-13,71.3224006255,8.71667608927,8.98510945819
2015-02-13,70.6061915999,8.70522717542,9.02490576715
2015-03-10,71.3473733903,8.60925319401,8.76276908661
2015-04-02,71.3473733903,8.49683377946,8.63423443717
2015-04-02,71.0509414551,8.48820748939,8.65443845441
2015-04-11,71.3473733903,8.43480912599,8.65422041496
2015-05-04,71.3473733903,8.33444896647,8.44187355729
2015-05-04,67.3084917014,8.37346093616,8.4823181236
2015-05-13,71.3473733903,8.29491001296,8.72833901755
2015-05-20,70.4750518292,8.41939778629,12.3432158788
2015-05-20,65.6933017697,8.50596506947,12.5324830162
2015-05-29,71.3473733903,8.19954832609,8.28740805473
2015-06-05,71.3473733903,8.18455997892,8.28077611209
2015-06-05,66.153509236,8.24374425257,8.34078432932
2015-06-14,71.3473733903,8.27511716491,8.24677311085
2015-06-21,71.3473733903,8.19042630304,8.91069157297
2015-06-21,67.1360767009,8.18335119649,8.72138453152
2015-07-16,71.3473733903,8.05045222944,8.24609635204
2015-07-23,71.3473733903,7.89721119483,9.46208928703
2015-07-23,66.5859652946,7.88534960427,9.23996374117
2015-08-01,71.3473733903,7.6785447453,7.60609882928
2015-08-08,71.3473733903,7.66492714884,7.57499385148
2015-08-08,69.0059157393,7.68284309061,7.57896161217
2015-08-17,71.3473733903,7.49617584539,7.47869006317
2015-08-24,71.3473733903,7.41011005143,7.4101110319
2015-08-24,68.0094782967,7.42683919519,7.42196610124
2015-09-09,71.3473733903,7.35015326774,7.32267320329
2015-09-09,68.1507186553,7.35083918352,7.33836543523
2015-09-25,71.3473733903,7.16029016984,7.17028300456
2015-09-25,66.7348450651,7.19107362806,7.14866771985
2015-10-04,71.3473733903,7.12824510134,7.03830872756
2015-10-11,70.552952852,6.52076001701,6.58071641935
2015-10-11,68.5015543583,7.06634821961,7.12270449075
2015-11-05,71.3473733903,6.92839002907,6.86843265676
2015-11-21,71.3473733903,6.81597064553,6.83302574674
2015-12-07,71.3473733903,6.80347947731,6.83802137907
2015-12-30,71.3348820319,6.67064282365,6.76057744279
2015-12-30,68.5183880811,6.63480595521,6.71712569837
2016-01-31,71.3473733903,6.73309769499,6.87549456486
2016-01-31,68.5140260297,6.73469982732,6.85443695696
2016-02-25,71.1532806614,6.69312683732,6.94794186393
2016-03-03,71.3473733903,6.64316354386,6.78805866056
2016-03-03,69.2710910159,6.64727560413,6.79706325774
2016-03-19,71.3473733903,6.83802278947,7.0914664494
2016-03-19,69.4421853921,6.83314748083,7.10913902178
2016-03-28,71.3264290681,6.91409566864,7.03150940814
2016-04-20,71.3473733903,6.74059353458,6.95757426758
2016-04-20,69.1680883959,6.76700996229,6.93701823028
2016-04-29,71.3473733903,6.77806637736,6.88911332953
2016-05-06,71.3473733903,6.74059344694,6.95156994452
2016-05-06,61.5070432938,6.76202060462,6.89461191216
2016-05-22,71.3473733903,6.73809481779,7.03580588261
2016-05-22,65.9911009825,6.76202116297,6.99574965929
2016-05-31,71.3473733903,6.75808086637,7.21255628044
2016-06-07,71.3473733903,6.76557737687,7.48602963787
2016-06-07,67.7193980145,6.75204333973,7.35022250587
2016-06-16,71.3473733903,6.77307130387,7.00614246009
2016-07-09,71.3473733903,6.77450833951,7.02152436506
2016-07-09,67.5129916054,6.73209124427,6.92281829989
2016-07-18,71.3298856361,6.89708039804,7.41924741188
2016-08-03,71.3473733903,6.59612812795,6.69913496874
2016-08-10,71.3473733903,6.62067716789,6.55322612443
2016-08-10,69.858274789,6.62993302702,6.54589261002
2016-08-19,63.1881317126,1.52925626945,1.56173325626
2016-08-26,71.3473733903,6.62067776701,6.56571776115
2016-08-26,68.4441835729,6.63480423646,6.55260251799
2016-09-04,71.3473733903,6.61318437931,6.58570261613
2016-09-11,67.0875403678,6.15895077834,6.20212685703
2016-09-11,65.0564203287,6.20075124915,6.29171290926
2016-09-20,71.2199610277,6.53074008634,6.55481959527
2016-09-27,71.3473733903,6.56821717374,6.6081881713
2016-09-27,69.358159386,6.58740586268,6.64739015617
2016-10-06,71.3473733903,6.56072189298,6.50326235319
2016-10-22,71.3473733903,6.57683688885,6.57610117708
2016-10-29,69.8359314526,5.18668192228,5.22700468026
2016-10-29,64.3398360759,4.00229332965,4.04719457428
2016-11-30,65.811278268,1.97394990519,2.09881974309
2016-11-30,64.1779984907,3.71645048552,3.87009396442
2017-01-01,70.2955893691,6.83552559391,7.00652926434
2017-01-01,67.6611898992,6.82687748719,6.99439072735
2017-02-02,71.3473733903,6.94294836222,7.04146443086
2017-02-02,69.8857127468,6.93791507361,7.07172004595
2017-02-11,62.8286111149,6.89716860488,7.23304905876
2017-03-22,71.3473733903,7.15029952311,7.22882970722
2017-03-22,71.0459528955,7.18857710267,7.27479042082
2017-03-31,70.8789464712,7.17321348146,7.2363623908
2017-05-02,71.3473733903,7.1303130883,7.25634982635
2017-05-18,70.9201989672,7.17278167545,7.40166857013
2017-05-25,71.3473733903,7.05286936198,7.20377305809
2017-05-25,67.1082472558,7.05637031263,7.20571351675
2017-06-03,71.3173943615,7.18277450114,9.47547860503
2017-06-10,71.3473733903,7.21775368742,7.6061451503
2017-06-10,66.3552405749,7.19368440862,7.51232746718
2017-06-19,68.9581035763,6.41532087178,9.52240694949
2017-07-05,71.3398784701,8.14028139397,9.57990381946
2017-07-12,71.3473733903,7.6804163939,9.32744110239
2017-07-12,69.1680885172,7.53595115247,9.17793098368
2017-07-21,71.3473733903,7.20408717912,7.0194459776
2017-07-28,71.3473733903,7.52893191893,7.2384718805
2017-07-28,68.1457298355,7.51547419695,7.20957222531
2017-08-06,71.3473733903,7.1295575721,7.13015101954
2017-08-13,71.3473733903,6.81304005167,7.12378511011
2017-08-13,67.8027194344,6.77827026721,7.0458106109
2017-08-22,71.3473733903,6.5168798974,6.49189707367
2017-08-29,71.3473733903,6.42082075675,6.49290667725
2017-08-29,67.8975054994,6.44023387342,6.51712240954
2017-09-07,71.3473733903,6.35199704242,6.32451717254
2017-09-14,71.3473733903,6.29840875065,6.2520689743
2017-09-14,69.7609946992,6.31180299499,6.25941929016
2017-10-16,71.3473733903,6.22095892741,6.05720880926
2017-10-16,65.5466818225,6.21573847034,6.0523769696
2017-10-25,71.1015242458,6.07719476019,6.28789091692
2017-11-01,71.3473733903,6.0910581862,6.07219800311
2017-11-01,65.6490684666,6.09220914179,6.04731052802
2017-11-10,70.1157048159,5.83874066959,6.14963902193
2017-11-17,70.9626419772,5.86871168205,5.91980122186
2017-11-17,67.7169037352,6.12094113221,6.14467392053
2017-12-12,69.3574285422,6.63929459539,6.90768683147
2017-12-28,71.3473733903,6.98541776847,7.03400865033
2018-01-13,71.3473733903,7.38013337809,7.4387172597
2018-01-20,71.3473733903,7.3501548859,7.46865674409
2018-01-20,69.7709720615,7.37067492762,7.49680054655
2018-03-02,65.3436491462,7.77653580849,7.8326228903
2018-03-25,71.3473733903,7.90226352995,8.24310522968
2018-03-25,71.1511069045,7.9518845658,8.31895928375
2018-04-03,68.8940872763,8.12628557925,8.50714066227
2018-04-10,61.5298099348,6.73215453841,9.42093980244
2018-04-19,69.4752640818,8.36861084658,8.52462820036
2018-04-26,71.3473733903,8.38191509074,8.74465938257
2018-04-26,70.3824145474,8.42085627576,8.77200758175
2018-05-05,71.3473733903,8.38803822308,8.67384553712
2018-05-12,71.3473733903,8.36942504557,10.4665904506
2018-05-12,69.5423120489,8.41714746911,10.2953520628
2018-05-21,70.3630614655,8.22702237443,9.89595392322
2018-05-28,71.3473733903,8.47934576408,9.17851094278
2018-05-28,69.7859381919,8.48450026916,9.08595452457
2018-06-06,71.3473733903,8.5479266662,9.05377848463
2018-06-13,71.3473733903,8.49433848063,11.2931426609
2018-06-13,68.0908538433,8.47074528528,11.1056002025
2018-06-22,71.3473733903,8.86088887562,9.22800686223
2018-06-29,71.3473733903,8.76761332196,10.0886434166
2018-06-29,67.3883123215,8.73106451287,9.94799655967
2018-07-24,71.3473733903,8.84121272528,8.72834160908
2018-08-16,71.3473733903,8.65172827873,9.96222335231
2018-08-16,68.2280438384,8.66421206681,9.8652529258
2018-08-25,71.3473733903,8.40302803021,9.67345205549
2018-09-01,70.5279888468,7.93974393424,8.09076365301
2018-09-01,67.9552483148,7.9643487638,8.13525564807
2018-09-10,71.3473733903,8.36555445623,8.32558448968
2018-10-19,63.6317086404,5.89915189357,6.08401854982
2018-10-19,60.9718510821,6.15088359554,6.41280715804
2018-10-28,71.3473733903,7.8048289882,7.80482860539
2018-11-04,71.3473733903,7.74487206144,7.83230847575
2018-11-04,66.3477573876,7.78725552918,7.88741705718
2018-11-13,71.3473733903,7.62995385172,7.67604728119
2018-12-06,71.2499446186,7.4176069987,7.43759187174
2018-12-06,69.0183873797,7.47045563343,7.51785162684
2019-02-17,62.8772191072,7.08246035205,7.49387498033
2019-02-24,71.3473733903,7.57249585807,7.86876101378
2019-02-24,71.1326781431,7.60394440222,7.94245531596
2019-03-28,71.3373807675,7.45008445695,7.94831320429
2019-03-28,70.5215201702,7.49290322205,7.98969003448
2019-04-13,71.3473733903,7.4607717426,7.73170422211
2019-04-13,69.7984102876,7.49789434339,7.80260254083
2019-04-29,71.3473733903,7.39762061173,9.03243102353
2019-04-29,66.7996987502,7.44551008216,8.93800189987
2019-05-08,71.3473733903,7.35015439933,7.98406932437
2019-05-15,71.3473733903,7.33016892033,7.76949650196
2019-05-15,65.7107624037,7.3631924994,7.7412449362
2019-05-31,71.3473733903,7.23523828165,9.25439598361
2019-05-31,65.1237725408,7.27588653748,8.78073780226
2019-06-16,71.3473733903,7.21275032414,7.68549284193
2019-06-16,65.516749169,7.19236327097,7.6210724045
2019-06-25,71.289914215,7.23763378391,11.6731310903
2019-07-02,71.3473733903,7.19169516214,7.29421192332
2019-07-02,66.9001677253,7.11701960284,7.20208238058
2019-07-11,71.3473733903,7.23147481098,7.10989364834
2019-07-18,71.3473733903,7.59037385313,7.37743603384
2019-07-18,69.1630998232,7.58573194894,7.33629814685
2019-07-27,71.3473733903,6.90371680787,7.02434111672
2019-08-03,71.3473733903,6.88311560552,7.03374745858
2019-08-03,68.728776553,6.87426369129,6.95387733599
2019-08-12,71.3473733903,6.31452585955,6.35200175457
2019-08-19,71.3473733903,6.09355553703,6.09468363202
2019-08-19,68.7711808235,6.0811462094,6.12096792662
2019-08-28,68.970775209,5.81621094881,6.10464187949
2019-09-04,71.3473733903,5.7374377243,5.69746564032
2019-09-04,69.4005636162,5.75802724988,5.73058755163
2019-09-13,71.3473733903,5.57755158075,5.51259864496
2019-09-20,71.3473733903,5.41903805143,5.50510345184
2019-09-20,68.4591496942,5.41628225867,5.49871712711