Date,Rarea,NDWI,MNDWI
2013-04-02,118.612944202,17.1517543863,17.8035310669
2013-04-07,118.610248721,17.1252688219,17.7337507722
2013-04-21,118.607917943,17.6465480188,19.0474437245
2013-04-21,118.610248721,17.7040189504,19.0723396188
2013-05-23,118.610248721,17.4006055773,18.3937964084
2013-05-23,118.610248721,17.4142872231,18.4026118748
2013-06-08,118.610248721,17.6467528807,18.670444956
2013-06-08,118.610248721,17.6598957209,18.6554611203
2013-06-24,118.544585599,18.212266946,18.6397021835
2013-06-24,118.610248721,18.2111423562,18.6896516716
2013-07-10,118.610248721,3.65561985907,50.1771460491
2013-07-26,118.610248721,19.3037494768,18.1861401681
2013-07-26,118.610248721,19.285338681,18.218134851
2013-08-11,118.610248721,17.5945722159,17.5641397145
2013-08-11,118.610248721,17.587746655,17.5691357574
2013-08-27,118.610248721,18.6417668467,17.9772699843
2013-09-28,118.610248721,0.0,117.679988864
2013-09-28,118.610248721,0.0,117.67792173
2013-10-14,118.610248721,20.9933234041,28.7634414193
2013-10-14,118.610248721,21.0079562303,28.790795725
2013-10-30,118.610248721,16.3004789924,18.2484460183
2013-10-30,118.610248721,16.3129661995,18.2209755378
2013-11-15,118.610248721,0.0,118.610248721
2014-01-02,118.610248721,14.2650811765,16.5251299226
2014-01-02,118.610248721,14.2675785706,16.4926624709
2014-02-19,118.610248721,0.0024974440918,108.320002097
2014-02-19,118.610248721,0.00249744067383,108.079368683
2014-03-07,118.610248721,0.0674306940918,22.4715799988
2014-03-07,118.610248721,0.0724255283203,22.489452994
2014-03-23,118.610248721,17.1427500814,17.8832914295
2014-03-23,118.610248721,17.1452479862,17.8733030599
2014-04-08,118.610248721,0.0,101.356335137
2014-04-08,118.610248721,0.0,101.3334264
2014-04-24,118.610248721,17.1152805084,17.9482023568
2014-04-24,118.610248721,17.1352599327,17.9520618845
2014-05-10,118.610248721,0.0,118.610248721
2014-05-26,118.610248721,17.1839190447,18.0321499438
2014-05-26,118.610248721,17.1889154622,18.020907257
2014-06-11,118.610248721,18.7759521025,18.7962053573
2014-06-11,118.610248721,18.7949526557,18.7512130645
2014-06-27,118.610248721,15.512051576,108.154344947
2014-06-27,118.610248721,15.4941884391,108.191273783
2014-07-13,118.610248721,19.929733337,18.5082308465
2014-07-13,118.610248721,19.9203710856,18.547717316
2014-07-29,118.610248721,18.825599194,17.6080490593
2014-07-29,118.610248721,18.7932111468,17.6194016177
2014-08-14,118.610248721,18.1337745563,16.9798367582
2014-08-14,118.610248721,18.1247160097,16.9668397238
2014-08-30,118.610248721,15.8506175237,16.0429968593
2014-08-30,118.610248721,15.8927980857,16.0605985632
2014-09-15,118.610248721,16.82018563,16.7005998542
2014-09-15,118.610248721,16.8263077163,16.7355642109
2014-10-01,118.610248721,8.68279522505,71.9190395991
2014-10-01,118.610248721,8.68275675704,71.920206161
2014-10-17,118.610248721,2.12770390674,64.2971828709
2014-10-17,118.610248721,2.10522820264,64.1798066773
2014-12-04,118.610248721,15.226609259,15.4020857655
2014-12-04,118.610248721,15.2390965649,15.3891292565
2014-12-20,118.610248721,14.8120288477,15.7187949184
2014-12-20,118.610248721,14.8270138445,15.693820671
2015-01-05,118.610248721,15.3264980142,16.1896163084
2015-01-05,118.610248721,15.3065194802,16.1271817562
2015-01-21,118.610248721,8.17392939087,15.6445994944
2015-01-21,118.610248721,8.18391927393,15.6112409231
2015-02-06,118.610248721,12.843620389,25.2842503423
2015-02-06,118.610248721,12.8586037224,25.3110840532
2015-03-10,118.610248721,15.6609949029,16.0058239353
2015-03-10,118.610248721,15.6485086383,16.0008292339
2015-03-26,118.610248721,0.0,118.610248721
2015-04-11,118.610248721,15.996455962,16.363682148
2015-04-11,118.610248721,15.9614949435,16.3660235284
2015-04-27,118.610248721,0.00749237573242,118.610248721
2015-04-27,118.610248721,0.00749237573242,118.610248721
2015-05-13,118.610248721,16.1238231893,17.0735120781
2015-05-13,118.610248721,16.1158614093,17.0565411035
2015-05-29,118.610248721,16.2128662418,16.5928167603
2015-05-29,118.610248721,16.2330322649,16.6130310963
2015-06-14,118.610248721,3.10915579037,69.3537993905
2015-06-14,118.610248721,3.10166439584,69.2944149118
2015-06-30,118.610248721,11.9475308884,25.3125727896
2015-06-30,118.610248721,11.9475326459,25.2922417239
2015-07-16,118.610248721,18.2855340029,17.3918223119
2015-07-16,118.610248721,18.2824101426,17.3526884196
2015-08-01,118.610248721,18.040219804,15.9965399025
2015-08-01,118.610248721,18.0701880391,16.001065632
2015-08-17,118.610248721,15.9664614147,16.1117152025
2015-08-17,118.610248721,15.956473068,16.1332414276
2015-09-02,118.610248721,15.4036708402,17.6904396504
2015-09-02,118.610248721,15.3905191284,17.6938767061
2015-10-04,118.610248721,14.3949825308,14.3926717091
2015-10-04,118.610248721,14.4024751582,14.427636351
2015-10-20,118.610248721,14.1452432109,14.1753995121
2015-10-20,118.610248721,14.1527359807,14.1808640167
2015-11-05,118.610248721,13.9729245391,14.0010538519
2015-11-05,118.610248721,13.9829135608,13.9980859391
2015-11-21,118.610248721,2.95191671631,74.6266012353
2015-12-07,118.610248721,13.6782335867,14.246103375
2015-12-07,118.610248721,13.6832278848,14.2560936389
2015-12-23,118.610248721,12.9689706782,14.3302534569
2015-12-23,118.610248721,12.9889499878,14.3452402296
2016-01-24,118.610248721,0.149843270752,32.9198721075
2016-01-24,118.610248721,0.147345890625,32.8658348686
2016-02-09,118.610248721,10.0951254703,24.3102691517
2016-02-09,118.610248721,10.0751461876,24.3932814594
2016-02-25,118.610248721,13.2661663396,13.5484041069
2016-02-25,118.610248721,13.2611717556,13.5279153863
2016-03-12,118.610248721,1.82809946313,19.881629707
2016-03-12,118.610248721,1.82809958618,19.9948647445
2016-03-28,118.610248721,13.188747478,13.4386744174
2016-03-28,118.610248721,13.1993937372,13.4511626198
2016-04-13,118.610248721,13.1263135684,13.6846465721
2016-04-13,118.610248721,13.1288114485,13.6533956634
2016-04-29,118.610248721,13.2543359149,13.5280196783
2016-04-29,118.610248721,13.2643259713,13.4847815746
2016-05-15,118.610248721,13.3966848749,14.2219430021
2016-05-15,118.610248721,13.398350515,14.2245191786
2016-05-31,118.610248721,13.6352680945,13.8731998943
2016-05-31,118.610248721,13.6502529217,13.8916210171
2016-06-16,118.610248721,6.22617914189,31.8469974851
2016-06-16,118.610248721,6.21998161219,31.6971251169
2016-07-02,118.610248721,5.8834717105,112.774039062
2016-07-18,118.610248721,15.0985918489,14.9766850383
2016-08-03,118.610248721,12.9739627063,13.2636603635
2016-08-03,118.610248721,12.9814550239,13.2586658564
2016-08-19,118.610248721,0.0,118.610248721
2016-08-19,118.610248721,0.0,118.610248721
2016-09-04,118.610248721,14.4641037344,27.5222780938
2016-09-04,118.610248721,14.4690982227,27.486454134
2016-09-20,118.610248721,13.409174735,13.4890925787
2016-09-20,118.610248721,13.4216620438,13.5135972357
2016-10-06,118.610248721,13.3510770251,13.4666154461
2016-10-06,118.610248721,13.3767072103,13.484097628
2016-10-22,118.610248721,13.3660609412,13.5640155462
2016-10-22,118.610248721,13.3610667002,13.5989793619
2016-11-07,118.610248721,4.05576479272,58.9048202068
2016-11-23,118.610248721,0.0,118.610248721
2016-12-09,118.610248721,13.430992698,13.7781294524
2016-12-09,118.610248721,13.4309940537,13.7856212117
2017-01-10,118.610248721,2.49618002931,40.0497508716
2017-01-10,118.610248721,2.44865084957,40.0181020739
2017-01-26,118.610248721,0.0,118.600258442
2017-02-11,118.610248721,14.0028922859,14.4900714159
2017-02-11,118.610248721,14.0328620132,14.4900723519
2017-02-27,118.610248721,0.00249739038086,115.071082304
2017-03-15,118.610248721,0.0,104.444771651
2017-03-15,118.610248721,0.0,104.411825192
2017-03-31,118.610248721,15.3364933403,15.7237741229
2017-03-31,118.610248721,15.3514780989,15.6888115729
2017-04-16,118.610248721,15.5987169607,16.0098276988
2017-04-16,118.610248721,15.5957505288,15.9818091819
2017-05-02,118.610248721,15.5139913053,16.2979728277
2017-05-02,118.610248721,15.5339720663,16.3085897939
2017-05-18,118.610248721,16.0041045849,16.6607376774
2017-05-18,118.610248721,16.0041050144,16.6584358016
2017-06-03,118.610248721,17.109623488,17.565932642
2017-06-03,118.610248721,17.0771586372,17.5684304443
2017-06-19,118.610248721,17.051743104,17.3701061083
2017-06-19,118.610248721,17.0642302727,17.3370122505
2017-07-05,118.610248721,17.2817339625,17.482796735
2017-07-05,118.610248721,17.2917224554,17.4678144337
2017-07-21,118.610248721,16.3691978901,16.5086913535
2017-07-21,118.610248721,16.4016632917,16.4630336446
2017-08-06,118.610248721,2.95447686382,11.931866636
2017-08-06,118.610248721,3.05343192139,12.0601838108
2017-08-22,118.610248721,0.0,78.8614535054
2017-08-22,118.610248721,0.0,78.86603677
2017-09-07,118.610248721,17.3319187141,16.1512938094
2017-09-07,118.610248721,17.284654455,16.1633125795
2017-10-09,118.610248721,8.55377251377,52.1360546997
2017-10-25,118.610248721,15.6160415226,15.7635351223
2017-10-25,118.610248721,15.6210366088,15.7386018037
2017-11-10,118.610248721,4.21810697998,27.7492053533
2017-11-10,118.610248721,4.23808604297,27.7634424381
2017-11-26,118.610248721,11.9400247141,13.8292978364
2017-11-26,118.610248721,11.9450194617,13.811660076
2017-12-12,118.610248721,7.82187363281,14.990220863
2017-12-28,118.610248721,15.7710354521,16.1483289516
2017-12-28,118.610248721,15.7635445806,16.138339838
2018-01-13,118.610248721,15.880920884,16.2906794708
2018-01-13,118.610248721,15.8909113123,16.2781941513
2018-01-29,118.610248721,9.5326244624,43.4400170072
2018-01-29,118.610248721,9.54511257373,43.5087810587
2018-02-14,118.610248721,0.0674290551758,39.0003935543
2018-02-14,118.610248721,0.0724238349609,38.777087419
2018-03-02,118.610248721,14.5648237214,24.0529341577
2018-03-02,118.610248721,14.6072783242,24.0441184921
2018-04-03,118.610248721,0.00249726831055,118.610248721
2018-04-19,118.610248721,1.21374585181,62.4659424857
2018-04-19,118.610248721,1.23122783887,62.4965779738
2018-05-05,118.610248721,17.1419376759,18.0352852994
2018-05-05,118.610248721,17.1789287541,18.049496215
2018-05-21,118.610248721,17.3090538073,18.2077106551
2018-05-21,118.610248721,17.3240389487,18.2077894468
2018-06-06,118.610248721,17.4515881126,18.7679332405
2018-06-06,118.610248721,17.4890492835,18.7757402188
2018-06-22,118.610248721,18.0015592922,18.6116040197
2018-06-22,118.610248721,18.0340267026,18.6287338059
2018-07-08,118.610248721,18.7954984166,18.9610763346
2018-07-08,118.610248721,18.7750507855,18.9860498522
2018-07-24,118.610248721,19.839815195,19.0426317552
2018-07-24,118.610248721,19.8647898044,19.0513384394
2018-08-09,118.610248721,3.87440689292,114.590202609
2018-08-25,118.610248721,19.4835097681,19.5601538365
2018-08-25,118.610248721,19.4687116278,19.5546469893
2018-09-10,118.610248721,17.2792903729,17.3563918631
2018-09-10,118.610248721,17.2899370537,17.3788669641
2018-09-26,118.610248721,3.82580644668,11.3808956075
2018-09-26,118.610248721,3.8020072108,11.3224753883
2018-10-28,118.610248721,16.989753116,17.3775063668
2018-10-28,118.610248721,16.959784906,17.4149681456
2018-11-13,118.610248721,16.9373089292,17.3150708207
2018-11-13,118.610248721,16.9323147588,17.3400454149
2018-11-29,118.610248721,16.7333842738,20.7739363999
2018-11-29,118.610248721,16.7673396291,20.8149119906
2018-12-15,118.610248721,16.7974534763,17.2326571537
2018-12-15,118.610248721,16.7974539456,17.2501395782
2018-12-31,118.610248721,10.3616137166,32.3807414252
2019-02-01,118.610248721,0.976480090576,78.9040670758
2019-02-17,118.610248721,15.664969667,23.5119645484
2019-02-17,118.610248721,15.6666047391,23.5414225253
2019-03-05,118.610248721,0.0224765549316,107.352171996
2019-04-06,118.610248721,0.0,118.610248721
2019-04-06,118.610248721,0.0,118.610248721
2019-05-08,118.610248721,12.3196731143,64.4764409818
2019-05-08,118.610248721,12.3221714729,64.4598207882
2019-05-24,118.610248721,17.1652243322,18.5563134842
2019-05-24,118.610248721,17.1777115251,18.5663026013
2019-06-09,118.610248721,17.4013295016,18.7347377583
2019-06-09,118.610248721,17.4113195458,18.7277546931
2019-06-25,118.610248721,2.07783259595,29.6842709757
2019-06-25,118.610248721,2.04286953979,29.6053047726
2019-07-11,118.610248721,18.04024561,18.3689002461
2019-07-11,118.610248721,18.0302556051,18.3574622307
2019-07-27,118.610248721,19.2339382945,19.585201825
2019-07-27,118.610248721,19.2608244566,19.5954269671
2019-08-12,118.610248721,0.0,118.587379816
2019-08-12,118.610248721,0.0,118.592374755
2019-08-28,118.610248721,0.0,117.212259653
2019-09-13,118.610248721,15.8138193314,24.6500387335
2019-09-13,118.610248721,15.7756541431,24.604222572
2019-09-29,118.610248721,1.34109941455,87.280913772
2019-09-29,118.610248721,1.34359696313,87.2809154115