Date,Rarea,NDWI,MNDWI
2013-04-07,6.60652066992,0.481135561185,0.648236005719
2013-04-21,6.60652066992,0.4141850301,0.894054927362
2013-05-23,6.60652066992,0.662908457311,1.07331780784
2013-06-08,6.60652066992,0.726613497443,1.19352421619
2013-06-24,6.6047213883,0.807856166375,1.24840245041
2013-07-26,6.60562102722,0.695814161253,1.06162259009
2013-08-11,6.60652066992,0.627078238478,0.866654485355
2013-10-14,6.55531546098,0.414184884165,0.480123331467
2013-10-30,6.60652066992,0.428229938782,0.522378313819
2014-01-02,6.60652066992,0.394943152771,0.471747960113
2014-03-23,6.60652066992,0.334328334924,0.606954885363
2014-04-08,6.57953154522,0.28338730304,0.636050300687
2014-04-24,6.60652066992,0.550118433593,0.753486759977
2014-05-26,6.60652066992,0.614793487885,1.07503217275
2014-06-11,6.60472138421,0.823922705215,1.07883897725
2014-07-13,6.59932352716,0.841142943902,1.16185668893
2014-07-29,6.60652066992,0.753137096123,0.889046586238
2014-08-14,6.51131642202,0.902864930219,1.54035011318
2014-09-15,6.60652066992,0.511116623528,0.642376034473
2014-10-01,5.66072612613,0.376400171335,0.461823548605
2015-03-10,6.60652066992,0.257844627557,0.575862727889
2015-04-11,6.60652066992,0.292545648223,0.691164687293
2015-05-13,6.60652066992,0.609688610485,0.927971116666
2015-05-29,6.60652066992,0.730730647919,0.973372733145
2015-06-30,6.60562102691,0.823809754191,1.16213884328
2015-07-16,6.60652066992,0.789207230499,1.20203025073
2015-08-01,6.60652066992,0.726401890013,0.906619620515
2015-08-17,6.60652066992,0.577107617187,1.040299658
2015-10-04,6.60652066992,0.408984609979,0.517220296935
2015-10-20,6.60652066992,0.402140289185,0.482822277573
2015-11-05,6.60652066992,0.389545295227,0.472940360977
2015-12-23,6.1145618785,0.331968298279,0.467800112875
2016-04-29,6.60652066992,0.587875135793,0.755892827596
2016-05-15,6.60652066992,0.625882083386,1.05310598482
2016-05-31,6.60652066992,0.732011341621,1.07889549311
2016-07-18,6.6047213836,0.76455008904,1.13280013118
2016-09-20,6.60652066992,0.448526340127,0.618145784347
2016-10-06,6.60652066992,0.429478821298,0.536112762328
2016-12-09,6.60652066992,0.396742449402,0.469599381185
2017-02-11,5.78523516145,0.272591761841,0.540608844706
2017-03-31,6.60652066992,0.461357640368,0.636078579456
2017-04-16,6.60652066992,0.541587841336,0.69776907173
2017-05-02,6.60652066992,0.586975558767,0.906196969526
2017-05-18,6.60652066992,0.669724555418,0.910948349185
2017-06-03,6.60652066992,0.766716283295,1.07346939513
2017-06-19,6.60652066992,0.792830430049,1.18804500016
2017-07-05,6.60652066992,0.805944085163,1.30129811868
2017-09-07,6.60652066992,0.512901792575,0.639659424371
2018-05-05,6.60652066992,0.598935377536,0.821054989531
2018-05-21,6.60652066992,0.680901260778,0.997663258231
2018-06-06,6.60652066992,0.760641008893,1.08833994189
2018-06-22,6.60652066992,0.814813381144,1.11662395021
2018-07-24,6.60472138067,0.779311343109,1.08321398444
2018-08-25,6.605621031,0.407538182007,0.734050936912
2018-09-10,6.60652066992,0.502624684139,0.623483590565
2018-11-13,6.60562103161,0.393143880554,0.477438609085
2018-11-29,5.56908347117,0.355358862976,0.444056613583
2019-05-24,6.60652066992,0.431278253855,1.21596256741
2019-06-09,6.60652066992,0.770847511953,1.16621370882
2019-06-25,6.60652066992,0.528149547653,1.31591803562
2019-07-11,6.60652066992,0.768515500336,1.16343376561
2019-07-27,6.60652066992,0.708409077879,1.057209019