Date,Rarea,NDWI,MNDWI
2013-04-21,89.2311592749,3.61584847063,5.79004019248
2013-05-23,89.2311592749,13.0046350418,15.0721238379
2013-06-08,88.9910496318,10.6478699508,13.4979473797
2013-06-24,89.2086492388,5.72553794999,10.5931250092
2013-07-10,89.2311592749,3.66928672986,9.18375049806
2013-07-26,89.2311592749,2.78578229613,4.65440210048
2013-08-11,89.1648073306,2.1345251264,5.20732299202
2013-08-27,87.4889869069,2.15488072572,3.44217387684
2013-09-12,87.24082366,1.51164819115,3.53809937363
2013-09-28,89.2311592749,1.68922699974,3.65992861138
2013-10-14,89.2311592749,2.13565727061,5.12580618634
2013-11-15,89.2311592749,7.2731675601,7.40279800529
2013-12-01,89.2311592749,8.32971633831,7.81258730583
2013-12-17,89.2311592749,9.95528692305,10.3156989544
2014-01-02,89.2311592749,10.3762842181,10.2840696369
2014-01-18,89.2311592749,9.15648295702,8.45401689275
2014-04-08,89.2311592749,5.13147939025,7.57853360167
2014-04-24,87.6629761787,3.02061410453,7.66331956033
2014-05-10,89.2311592749,9.99688724151,13.6716561933
2014-05-26,89.2311592749,6.95130169246,8.87035050153
2014-06-11,89.2111508045,8.38786818089,10.7829455331
2014-06-27,89.0385728618,7.8230851659,14.4916820927
2014-07-13,89.2261571255,5.93547179162,11.4158469333
2014-07-29,89.2211548655,3.9163525654,6.83658010117
2014-08-14,89.2311592749,3.02358536126,3.7018039841
2014-08-30,89.2311592749,2.66676301987,3.60429909374
2014-09-15,89.2311592749,2.71595079045,3.24913407571
2014-10-01,89.2123763722,3.03920326812,3.68483684577
2014-10-17,89.2311592749,4.61713664773,5.14877871441
2014-11-18,74.1888096337,7.2189781834,7.19233742911
2014-12-04,88.8511219667,9.31744032395,8.99613874777
2015-02-22,89.2311592749,5.10487402399,6.63492323112
2015-03-10,89.2311592749,6.91497396335,8.28480035337
2015-04-11,89.2311592749,4.9425395977,7.05233452882
2015-04-27,89.2311592749,1.91221213608,9.23267900769
2015-05-13,88.6881425628,12.3315583248,15.8560701147
2015-06-14,89.2236559788,5.93985254752,12.3493542936
2015-06-30,89.1836381882,5.67003676148,11.8789651697
2015-07-16,89.2311592749,1.56416551315,7.63917060569
2015-08-17,89.2311592749,3.7563537967,5.06029170686
2015-09-02,89.2311592749,2.59919314696,3.24296571033
2015-09-18,89.2311592749,1.92894313775,2.60507403358
2015-10-04,89.2311592749,3.10479805425,3.53402298473
2015-10-20,89.2311592749,3.47586350241,6.15392575701
2015-11-05,89.2311592749,6.14493107851,7.54650339365
2015-12-07,89.2311592749,9.94173860925,11.2035425002
2015-12-23,89.2311592749,10.4634558709,11.2184720203
2016-01-08,89.2311592749,11.4149111254,10.5134513072
2016-01-24,89.2311592749,9.30512764371,8.50084510776
2016-02-25,89.2311592749,4.41266306908,4.71566968525
2016-04-29,89.2311592749,4.73354139179,6.27949515083
2016-05-15,89.2311592749,9.28781991216,12.156392955
2016-05-31,89.0885963723,6.07216634422,9.02493118516
2016-06-16,89.1386186394,5.09495248183,8.17972717499
2016-07-02,89.2311592749,4.89623531375,9.710077972
2016-07-18,89.2311592749,2.50649694973,7.29772425563
2016-08-19,89.2311592749,2.21359339613,2.74670921237
2016-09-04,89.2311592749,2.19108345545,2.65306886946
2016-09-20,89.2311592749,2.14356363465,2.66420142577
2016-10-06,89.2311592749,2.02382562547,2.83927801952
2016-10-22,89.2311592749,3.43422200686,3.5558715424
2016-11-07,89.2311592749,5.40724033249,4.85896523236
2016-11-23,84.7724858917,7.08792678504,11.0024804237
2016-12-09,89.2311592749,10.4160817948,12.2495355555
2016-12-25,89.2311592749,10.1931728006,8.61101622508
2017-01-10,89.2311592749,11.2120229152,9.60219232669
2017-02-27,89.2311592749,5.4433976814,5.17808696943
2017-03-31,89.2311592749,4.00439779619,5.15870326262
2017-04-16,89.2311592749,3.82221424808,4.96741987747
2017-05-18,89.2311592749,5.62716601029,7.75079889566
2017-06-03,89.2286581475,4.93331765578,6.360828796
2017-06-19,89.2311592749,4.64413267993,6.10334654321
2017-07-05,89.2311592749,3.58621431172,8.17475084452
2017-07-21,82.9507530156,2.16724339738,8.21263625926
2017-08-06,89.2311592749,1.71525861572,2.72545647702
2017-08-22,88.5408100408,1.94237312401,3.10824049741
2017-09-07,89.2311592749,1.70673912523,2.38713304847
2017-09-23,89.2311592749,1.78888168715,2.24003842902
2017-10-09,89.2311592749,2.12906923292,2.55716702942
2017-10-25,89.2311592749,3.36841150734,3.30873896925
2017-11-10,85.1219356628,1.57390775289,18.7141489485
2017-11-26,89.2311592749,8.43795589387,7.83403189922
2017-12-12,86.5242137213,13.9947952567,19.8767125352
2017-12-28,89.2311592749,9.07955313581,7.87330303321
2018-01-13,89.2061481267,8.72279337598,8.03718793579
2018-04-03,89.2311592749,1.36005907629,3.69183330862
2018-04-19,89.2311592749,1.25507147516,5.79953543177
2018-05-05,89.2311592749,3.18564635324,4.56415825733
2018-06-06,89.226157094,8.63491702982,11.0613627792
2018-06-22,89.2311592749,4.72401448042,6.16622603029
2018-07-08,89.2311592749,3.3417004657,7.82858281286
2018-07-24,89.2311592749,2.57874888197,5.68443596602
2018-08-09,89.2311592749,1.57770185774,2.24912225123
2018-08-25,89.2311592749,1.47515773567,1.87411613298
2018-09-10,89.2311592749,1.44373051112,2.13288380478
2018-09-26,85.6469965814,1.60919596312,2.22248826104
2018-10-12,89.2311592749,1.58730951528,4.52116783839
2018-10-28,89.2311592749,3.38943839819,3.63469149995
2018-11-13,89.2311592749,6.00411538651,6.16052534486
2018-12-15,89.2311592749,10.2957299971,10.0156239016
2018-12-31,89.2311592749,10.1678549089,9.52712773393
2019-02-01,85.7877659406,12.5705991497,17.225267622
2019-03-05,89.2311592749,4.92112856133,5.16733853573
2019-03-21,89.2311592749,3.19190035974,5.37348737584
2019-04-06,89.2311592749,5.24443736812,7.0779689424
2019-04-22,89.2311592749,7.31449862991,10.0717590513
2019-05-08,89.2286581133,5.24658215611,6.52547308182
2019-06-09,89.0810980603,6.95766985739,8.96348274695
2019-06-25,89.2311592749,6.21750625637,9.32444056513
2019-07-11,89.2311592749,5.67262538742,11.9205779842
2019-07-27,84.7264409467,0.414824287135,7.69542423468
2019-08-12,89.2311592749,2.87840964302,4.5689286783
2019-08-28,89.2311592749,1.92238237019,2.8753678591
2019-09-13,88.0674232115,1.72852640312,3.43366592395
2019-09-29,87.87154083,2.07411497932,6.47321181015