Date,Rarea,NDWI,MNDWI
2013-04-14,56.1174438065,13.4361169303,14.0955726367
2013-04-30,55.5078069954,12.8659535893,14.0490235678
2013-05-16,56.1124470103,13.6103080531,14.4642479863
2013-06-01,50.4382385868,9.91020701187,10.7497119621
2013-07-03,56.1224408841,14.360610627,16.6784737492
2013-07-19,50.880095948,12.4114446408,14.3832588886
2013-08-04,52.2718828566,10.6294674739,16.2544027847
2013-08-20,53.7411674769,11.8925018993,16.9845692878
2013-09-05,45.2671070613,5.8705282751,7.24271625842
2013-10-07,46.3607987974,8.23053249075,9.51058610841
2013-10-23,51.458887151,9.07963920918,12.7056049222
2013-11-24,55.0192058514,13.6460391825,14.6020021072
2013-12-10,56.0849622503,14.4906679746,15.7148608865
2013-12-26,56.1124466473,13.8928169791,14.7805036138
2014-01-11,56.0125029119,13.0347528384,13.9148865936
2014-01-27,54.3109854349,10.1683420862,10.8623518979
2014-02-12,56.1224409014,14.0668135558,14.672388653
2014-02-28,56.1224409014,13.7282858728,14.7045845431
2014-03-16,54.0997246064,11.6533832193,13.2810861876
2014-04-01,56.1224409102,13.0236837181,13.8667706863
2014-04-17,56.1199424996,13.5146367735,14.8781637716
2014-05-19,56.0823464199,13.4704750687,14.5120892228
2014-06-04,53.8382613263,11.3572551611,12.9102778383
2014-07-06,55.0854062206,13.8111962558,16.5179269153
2014-07-22,45.0362470206,5.9373887913,7.50216456288
2014-09-08,56.1249394998,3.83400782064,16.4306597645
2014-09-24,50.2739593497,10.7789028608,11.95853599
2014-10-10,53.5943913075,11.9810185518,14.1456502729
2014-11-11,56.1149456165,14.5486660371,15.5234730728
2014-11-27,56.0849622569,14.8689811956,17.2104499438
2015-01-14,56.1249394998,10.7361147613,12.7348636674
2015-01-30,56.1249394998,10.7963331808,11.9194276692
2015-03-19,56.1249394998,12.2490131474,13.5163030964
2015-04-04,56.1249394998,5.25085600091,13.9423378954
2015-04-20,56.1224409088,12.7714429939,14.3526551254
2015-05-06,56.1124466825,13.1250208329,14.144492514
2015-05-22,54.6033308748,11.8591555404,12.9376995667
2015-06-07,55.0430513219,14.5640031591,16.0088153288
2015-08-26,50.9231716151,11.3458253209,14.6790222903
2015-09-11,55.0955607924,13.4013205951,15.1226909486
2015-09-27,56.1149451546,13.7220879602,15.18906262
2015-10-13,51.7061226803,10.9759828932,13.3613120072
2015-10-29,56.1224410745,13.5697258595,14.6881612699
2015-11-14,56.0100041351,14.1338343884,15.0745484998
2015-11-30,49.4711354589,12.661121032,15.2934409667
2015-12-16,56.1249394998,14.2137667314,15.4464611984
2016-01-01,53.3674709992,11.7400679974,12.6168086941
2016-02-02,55.2715783112,12.5709035368,13.0695872345
2016-02-18,55.8173478083,13.7525166569,14.0919565065
2016-03-21,56.1249394998,13.3399988422,13.826626215
2016-04-06,47.8827655081,0.182393316406,13.3477473466
2016-04-22,56.1224409058,13.169289495,13.9670961436
2016-05-08,55.2768191327,12.7293653045,13.5880785727
2016-05-24,55.5452701251,13.1628355307,14.0161219155
2016-07-11,54.1598118254,12.9293592305,14.1403135519
2016-08-28,56.1249394998,13.6289737464,15.0216289449
2016-09-29,45.2633504922,7.40894635255,8.51201917563
2016-10-15,53.3791583014,11.5460031192,11.9713722641
2016-10-31,55.2750909546,13.0329534923,16.204888628
2016-11-16,55.2316400994,13.0734062901,14.2726849596
2016-12-02,54.4068403251,13.1324746015,13.8200843993
2017-01-19,56.1249394998,11.9383584982,14.2551395586
2017-02-20,55.8286335671,13.6311566161,13.8394787029
2017-04-09,55.9850183336,13.0463547563,13.4939085551
2017-04-25,56.1049508992,13.2919227662,13.947275007
2017-05-11,54.6618433835,11.5968110869,12.743510347
2017-05-27,53.1389916227,11.4436540004,12.1038927558
2017-08-15,56.0949568453,13.6697247325,15.850691705
2017-09-16,56.112446869,13.4063405639,14.7434683216
2017-10-02,45.0890392524,6.56410497737,7.11180109583
2017-10-18,49.1813487578,9.14793622193,9.77551378729
2017-11-03,55.4126224223,13.3006709976,23.4406378823
2017-11-19,56.1249394998,14.0364248436,15.4344999308
2017-12-05,56.1224409014,13.9503171173,15.3964999482
2017-12-21,56.0999537325,13.6900656331,14.7550453062
2018-01-06,56.1249394998,13.0033941367,14.7473608408
2018-01-22,54.7617551831,10.5633231108,12.9181833434
2018-02-07,48.8491629575,6.71254097927,7.05286586815
2018-04-12,56.1249394998,12.7303366032,13.7554751443
2018-04-28,53.8773256341,11.6891677631,12.2754608939
2018-05-14,55.8553697071,12.3919133508,13.6835179448
2018-07-01,53.5905747967,11.5580347464,12.8825937355
2018-08-02,48.5664306998,3.91467933675,9.66637283785
2018-09-19,55.5277787867,12.9503440558,14.5953004875
2018-10-21,53.299973112,10.9722283764,11.7659546659
2018-11-06,56.062563457,13.1802690234,14.3256385197
2018-12-08,56.1249394998,13.3532478869,15.8274137007
2018-12-24,56.1249394998,13.2600682369,15.8216583863
2019-01-09,56.1024525504,11.5605404633,13.045507639
2019-01-25,56.1224409991,10.9348493672,12.0579762841
2019-02-10,56.1249394998,11.4720165171,12.0393684901
2019-03-14,55.9050670521,12.9082164248,13.6474044333
2019-03-30,56.0949566409,13.0424533224,13.5136210349
2019-04-15,47.3138551951,9.6796284184,10.5369708148
2019-05-01,56.1199423656,13.123074363,13.8807865034
2019-07-20,49.4721615462,9.98386539681,11.9709501255
2019-08-05,54.3627900678,13.0561847679,15.1267163956
2019-08-21,53.9970998774,12.9368275178,15.1321314249
2019-09-22,46.5532525625,7.72965142404,9.24664913265