Date,Rarea,NDWI,MNDWI
2013-04-09,76.5756226437,10.6732713071,11.2250597732
2013-05-02,76.5756226437,9.03203314086,9.76350316155
2013-05-18,76.5756226437,7.93183389185,8.531041896
2013-06-03,69.2026523332,5.95442716699,6.63258503244
2013-10-25,76.40031456,36.0337774262,37.0708070239
2013-11-10,76.4674211188,36.1103187609,37.2432168158
2013-11-26,76.1187548729,35.9395771439,36.7170023378
2013-12-12,76.5756226437,36.1220899404,36.8342286474
2013-12-28,76.5756226437,36.0322080153,36.5592807231
2014-01-13,76.5631398578,35.9624950434,37.0744296254
2014-01-29,76.5631402157,35.4697978021,36.0645815456
2014-02-14,76.5756226437,34.765926305,35.2591697841
2014-03-02,76.5681331459,34.3548285227,34.7649772317
2014-03-18,76.5756226437,33.1711944269,33.5024685354
2014-04-03,76.5756226437,31.5605767869,31.9266461057
2014-05-05,76.5756226437,24.1881669229,25.0935397664
2014-05-21,76.5756226437,21.7958025641,22.6258994654
2014-06-06,76.5756226437,20.3948612492,21.4441001513
2014-09-26,76.5645877779,31.6474950849,32.7281633807
2014-10-12,76.5756226437,31.5615972081,32.3911123812
2014-10-28,76.5731259801,31.5386547412,32.2207821372
2014-11-29,75.7966179737,30.8254162618,31.4208638706
2014-12-15,74.7202732098,29.8589197206,30.4991197502
2014-12-31,63.5284509931,20.5365938399,21.0138996056
2015-01-16,64.8227427359,21.3619401384,21.8296190558
2015-02-01,76.5756226437,27.6606320498,28.1297398142
2015-02-17,76.5756226437,27.1939447569,27.6980763684
2015-03-05,76.5756226437,23.1726983238,23.9413413287
2015-03-21,76.5756226437,22.2229952128,22.9710647713
2015-04-06,76.5756226437,20.9898280542,21.9008927196
2015-04-22,76.5756226437,20.3755775382,21.2876578113
2015-05-08,76.5756226437,19.0440818007,20.1189934046
2015-05-24,76.5727831239,14.277532449,15.8927138929
2015-09-29,76.1425138372,35.8618142298,37.3631122168
2015-10-15,76.5756226437,35.9691661709,37.0028596001
2015-10-31,76.5756226437,36.0671593974,36.8502501696
2015-11-16,76.5756226437,36.0197223501,36.7643138709
2015-12-02,76.5731261444,35.9261000039,36.6919486226
2015-12-18,76.5756226437,35.7568707471,36.4030375496
2016-01-19,76.5731261444,33.5848577962,34.1078279565
2016-02-04,76.5681331459,32.9980955627,33.5054203481
2016-03-07,76.5756226437,28.9338262623,30.0404016411
2016-03-23,76.5756226437,24.3604266531,25.2839760424
2016-04-08,76.5756226437,19.5965438795,20.6252762559
2016-04-24,76.5756226437,18.3656275216,19.4641928732
2016-05-26,65.4937435809,9.13464903118,13.0756299917
2016-09-15,76.4108457101,23.4168271256,24.8763015186
2016-10-17,76.5681327406,33.2441862333,34.2809843232
2016-11-02,76.0632237313,33.0372413306,33.9614911698
2016-11-18,76.5731259801,33.3376460494,33.8989618108
2016-12-04,75.7619549093,32.828330536,33.4559974545
2016-12-20,76.5756226437,33.0264942516,33.7233313596
2017-01-05,76.503221046,32.809279912,33.7599691177
2017-02-06,76.4557898869,31.8412237059,32.2771233945
2017-02-22,76.5756226437,30.2805383665,30.6750854124
2017-03-10,76.5595461584,29.6272181481,30.23445627
2017-03-26,76.5756226437,25.6436914849,26.447753476
2017-04-11,76.5756226437,24.5252305347,25.1859220117
2017-04-27,76.5756226437,20.8194332831,21.6387182155
2017-10-04,76.5756226437,32.9391191742,33.9234617977
2017-10-20,76.5756226437,33.0489730448,33.8967347369
2017-11-05,76.4582830331,32.9366237006,33.75992207
2017-11-21,74.2071213027,31.5631959778,32.2700444848
2018-01-08,68.5102294481,27.3703811847,28.0112905211
2018-01-24,76.5531529596,31.5391197223,32.1214631578
2018-02-09,76.5731261444,29.8168889751,30.2823904504
2018-02-25,69.1932446189,24.269879224,24.7229710406
2018-03-13,76.5756226437,24.2281009366,25.3474753969
2018-03-29,76.5756226437,22.2440100674,23.1427210831
2018-04-14,76.5756226437,21.0894446293,22.0117886311
2018-04-30,76.5756226437,19.4617327357,20.7401455846
2018-05-16,76.5756226437,17.200076843,19.2320136718
2018-06-01,74.4734405656,13.8464568024,16.0614897635
2018-09-21,76.5756226437,30.7734540035,31.6789244383
2018-10-07,76.5756226437,30.6959700857,31.5753477167
2018-10-23,76.5756226437,30.429324353,30.9600343219
2018-11-08,76.5756226437,29.5431100613,30.1539377243
2018-11-24,76.5756226437,25.5377697345,26.3103026908
2018-12-10,76.5606436151,24.8923605751,25.7977181411
2018-12-26,76.5656359037,24.1232368865,25.1359154472
2019-01-11,76.4183423893,23.3916900127,24.3902131515
2019-01-27,76.5656366466,22.6684655325,23.699270254
2019-02-12,76.5681331459,21.8994481331,22.8009689658
2019-02-28,76.5756226437,20.8154942477,21.7721012461
2019-03-16,72.3179148363,18.9947017758,20.0349071486
2019-04-01,76.5756226437,18.1312372499,18.9598508102
2019-04-17,76.5756226437,14.2849995827,15.1733002321
2019-05-03,76.5756226437,11.6145236206,13.3643688439
2019-06-04,76.2036051449,8.81066815088,9.70874118236