Date,Rarea,NDWI,MNDWI
2013-03-27,109.078377895,18.372956949,19.454928343
2013-04-18,110.522003215,10.9672241436,11.3673963789
2013-05-04,119.290171923,19.1707855623,19.4684134365
2013-05-20,115.326569268,11.9901635061,12.6604550747
2013-11-12,119.57843373,24.9310781096,27.4318754328
2013-11-28,119.583435862,25.5381283374,27.1751312205
2013-12-14,119.583435862,25.583246613,27.4949051163
2014-01-15,119.583435862,25.2859817618,28.5119154153
2014-01-31,100.852353469,19.7272695632,22.8213988888
2014-02-16,119.52585376,23.6710286314,24.7293336607
2014-03-20,115.07938619,21.604173125,23.181785814
2014-04-05,119.583435862,21.7976884221,22.3131046653
2014-04-21,119.578433596,20.7663131543,21.1626097786
2014-05-07,114.218652438,15.196595696,15.6050465549
2014-05-23,119.583435862,20.1487047139,20.6371892695
2014-06-08,102.180970899,4.26183990161,4.8378632409
2014-09-28,108.076956141,24.260787654,26.4131802953
2014-10-14,119.460881084,24.7535019136,26.0548287633
2014-10-30,119.583435862,24.5209012378,25.921692397
2015-01-18,119.583435862,24.9663911402,28.6188692502
2015-02-03,111.25888662,23.2487896286,26.2205446386
2015-02-19,119.583435862,22.9814693336,23.886856392
2015-03-07,119.583435862,22.0379846663,22.5963002052
2015-03-23,119.580934824,21.7451657468,22.7088478781
2015-04-08,119.575932728,21.1616421633,21.8178940169
2015-04-24,119.575932512,20.902303788,21.2951686743
2015-05-10,113.780902472,14.9664435278,15.5426648255
2015-06-11,99.6366762269,9.84929127539,10.1927136794
2015-10-01,117.371312764,22.0320155937,23.8729626034
2015-11-02,119.583435862,22.1545682324,23.7213224598
2015-11-18,119.583435862,22.3046322354,24.3722860373
2015-12-04,119.583435862,22.6872944497,25.5966840227
2015-12-20,119.583435862,22.7382887949,27.5094638489
2016-01-05,119.580934811,22.9741232797,26.0353869801
2016-01-21,119.583435862,22.5423756199,24.5048186249
2016-02-06,119.517800733,21.7777196753,24.3768049522
2016-02-22,119.024024351,21.2115027236,22.3998478243
2016-03-09,119.583435862,21.105083117,21.8838470273
2016-03-25,114.501218677,16.1469557693,17.2184496179
2016-04-10,119.583435862,19.7968281222,20.4873185852
2016-04-26,119.583435862,16.5479342101,16.7930406567
2016-05-12,119.583435862,12.7980495498,13.1855592293
2016-11-04,119.580934745,24.8610445866,26.3963730253
2016-11-20,119.583435862,25.1091977123,26.4128603314
2016-12-06,119.470686279,25.2131846217,27.4071378699
2016-12-22,119.583435862,25.748353459,27.4270990361
2017-01-07,119.583435862,25.0000219309,26.7358682871
2017-01-23,119.583435862,24.3672581189,26.5332802935
2017-02-08,119.583435862,23.8768525443,25.8145526453
2017-02-24,119.583435862,23.3584323977,23.9893970631
2017-03-12,119.583435862,22.1505349099,22.5687904279
2017-03-28,119.583435862,21.4025194518,21.827778971
2017-04-13,119.443374415,20.6914378684,21.0850773758
2017-04-29,119.583435862,19.74853477,20.1920020776
2017-05-15,106.300169563,3.52652147168,4.17007179974
2017-11-07,119.583435862,24.856237461,26.2716347082
2017-11-23,119.57593242,25.0197787269,26.9214714593
2017-12-09,119.583435862,25.5870928566,28.8735507899
2017-12-25,119.583435862,26.0405900079,28.9766427601
2018-01-10,117.973780178,25.1488220324,32.0700369147
2018-01-26,119.583435862,25.5665994131,27.0843936947
2018-02-11,119.580934811,24.2915730453,27.4528784203
2018-02-27,99.621152777,19.0641645252,20.0676668844
2018-03-31,118.613003547,21.0290709805,21.6626915552
2018-04-16,98.574376706,3.25140426343,3.82750255665
2018-05-02,119.580934726,21.271690813,21.7393914587
2018-10-09,119.583435862,23.6505267314,25.1721424419
2018-10-25,117.387474911,23.009935865,25.0646999272
2018-11-10,119.583435862,23.6852253552,25.3812897551
2018-12-12,119.583435862,23.6863794901,26.0955466796
2018-12-28,119.426311142,23.5218576432,25.8381676853
2019-01-13,119.583435862,23.5154136524,27.3712339381
2019-01-29,119.580934798,23.2758950313,25.9847343639
2019-02-14,119.518408537,22.3296439778,25.7619576572
2019-03-02,119.583435862,22.390438779,23.1368851125
2019-03-18,119.583435862,21.6851386308,22.2261427433
2019-04-03,119.583435862,20.9698334797,21.4201033997
2019-04-19,119.583435862,18.7013597077,18.9816799126
2019-05-05,118.870630127,13.7834729016,14.3146362023
2019-05-21,119.583435862,8.64876942896,9.37001275041
2019-06-22,108.090939048,5.80004325464,6.72543867334