Date,Rarea,NDWI,MNDWI
2013-03-27,65.0113958885,6.77341588047,8.80549978616
2013-04-18,65.0113958885,4.67744910962,6.35717568817
2013-05-04,64.9163465875,5.13103968388,6.38165210419
2013-05-20,64.9938868026,7.1012428538,8.19351674474
2013-11-12,64.9688736749,10.2649600182,12.6186498776
2013-11-28,65.0063933775,10.0293158411,11.3069106752
2013-12-14,64.9963883204,9.16610033789,10.2605122035
2013-12-30,64.9913856849,8.81210987036,25.021853588
2014-01-15,65.0088946283,11.0078438268,13.1746635681
2014-01-31,55.853060213,7.31105231396,11.3316741861
2014-02-16,65.0088945975,10.341712595,11.4524653508
2014-04-05,65.0113958885,8.75475888697,9.85639826455
2014-04-21,63.8757934361,8.55049665581,9.70818663736
2014-05-07,65.0113958885,7.21251709605,9.03645598132
2014-05-23,65.0113958885,5.54039538818,6.48420157001
2014-06-08,64.2459962623,4.17468583203,5.3277831936
2014-09-28,64.2468429734,9.80530634864,11.5769501495
2014-10-14,65.0113958885,10.2728950264,11.7113166399
2014-10-30,65.0113958885,10.2180232168,11.9139221863
2015-01-18,65.0113958885,10.6903361522,12.7138828832
2015-02-19,65.0113958885,9.98695465574,11.1333136682
2015-03-07,65.0113958885,8.03792672521,9.47272108192
2015-03-23,64.9888842127,7.90481903625,10.6021996579
2015-04-08,65.0113958885,7.37342462218,9.04863605111
2015-04-24,65.0088945719,8.27935519218,9.28227675664
2015-05-10,65.0088945789,6.67934669047,7.88517943057
2015-05-26,63.8482882359,4.38229353955,5.87708177527
2015-10-01,55.0650954178,9.08993636866,12.0545770544
2015-10-17,54.781971371,9.2707255368,12.0790960509
2015-11-02,65.0113958885,10.3480030282,12.4414903063
2015-11-18,65.0113958885,10.4251996329,12.4865122303
2015-12-04,65.0113958885,10.5115291282,12.4202335577
2015-12-20,65.0038920218,8.12864732831,10.446213437
2016-01-05,64.9688738133,7.10202591474,8.61442143825
2016-01-21,65.0113958885,6.33603544379,7.4100545156
2016-02-06,65.0113958885,7.25115932976,8.63942869227
2016-02-22,60.5171878763,6.84094516375,7.98874445563
2016-03-09,65.0113958885,6.23911431743,7.37911624301
2016-03-25,62.6826830763,4.97260049365,6.23506984206
2016-04-10,65.0113958885,8.06654583186,8.78831063045
2016-04-26,65.0113958885,8.98323327129,9.73501587407
2016-05-12,65.0113958885,6.26663023417,7.3735575185
2016-05-28,52.2574369834,4.26430805431,5.18005980217
2016-06-13,52.5576179867,3.44680198608,4.622585527
2016-11-04,65.0113958885,8.89959040399,10.3533734155
2016-11-20,65.0113958885,8.8649239984,10.0382481156
2016-12-06,65.0088945975,10.5705479241,11.9829369151
2016-12-22,65.0113958885,8.77080714782,9.83884244599
2017-01-07,65.0113958885,7.87964705878,8.87650696138
2017-01-23,65.0088945975,7.97343993463,9.38594733986
2017-02-08,65.0088945975,9.97875057598,11.6225316535
2017-02-24,65.0113958885,9.71430874827,10.4969208799
2017-03-12,65.0113958885,6.96366969657,7.80628370332
2017-03-28,65.0113958885,5.9013995329,6.65748876881
2017-04-13,65.0113958885,6.93565343922,7.67223135289
2017-04-29,65.0113958885,7.9723515802,8.91639041857
2017-05-15,63.2279638358,4.86504234473,6.25395046911
2017-05-31,53.0907700951,5.03720918297,6.33926969678
2017-10-22,65.0113958885,9.94460145063,12.9198218879
2017-11-07,65.0113958885,10.5632631334,12.2552196349
2017-11-23,65.0088946263,10.5921119339,12.4298784317
2017-12-09,65.0113958885,10.582262707,12.915248774
2017-12-25,64.9213493397,9.07647652757,10.9108819287
2018-01-10,64.9031826487,6.71057552257,15.6068704484
2018-01-26,65.0113958885,7.22778804699,8.70629171198
2018-02-11,64.8963359583,7.95984620764,10.7703889542
2018-02-27,65.0063932345,10.5304309703,12.1125630768
2018-03-31,65.0113958885,7.54897478349,8.65292077536
2018-04-16,64.6812249803,5.97397771293,7.24400003915
2018-05-02,65.0113958885,8.72395948456,9.79018820009
2018-05-18,55.6290002259,0.0925495217285,1.56650029382
2018-06-19,62.3130458701,9.30926683979,11.5613957425
2018-10-09,65.0113958885,9.92708852265,11.680005651
2018-10-25,64.9288531622,9.2673742935,12.1102997604
2018-11-10,65.0113958885,9.24551650451,10.8017364126
2018-11-26,59.3001711009,8.96287616589,10.6187791833
2018-12-12,65.0013908341,8.48261722253,9.92627930978
2018-12-28,60.9349524206,6.42417356,7.51738100036
2019-01-13,64.9763777337,6.73554871778,9.95049666241
2019-01-29,65.0113958885,7.32870119255,9.70393322051
2019-02-14,64.9863828648,8.35169519222,11.2067101324
2019-03-02,65.0113958885,8.78011427418,9.74320897682
2019-03-18,65.0113958885,7.13954581488,8.29134120443
2019-04-03,65.0113958885,6.91598490911,7.85083224289
2019-04-19,65.0113958885,7.30075535624,8.59124946953
2019-05-05,65.0113958885,6.55036359891,7.69644067066
2019-05-21,65.0113958885,4.72703965392,5.53361785227
2019-06-22,63.0228400158,2.42127740649,3.61939937378