Date,Rarea,NDWI,MNDWI
2013-05-22,100.749640965,0.155019061523,3.03669728241
2013-10-13,107.222845469,9.35925318698,10.7137179735
2013-10-29,107.222845469,9.02601276709,10.7176681046
2013-11-14,107.222845469,8.99851056152,10.3110175236
2013-11-30,107.222845469,8.90600007227,10.543544154
2013-12-16,107.222845469,8.47844572314,13.0029737089
2014-01-01,107.222845469,8.64878548292,12.1740621746
2014-02-18,107.146335344,9.5310758186,19.1510856453
2014-03-06,107.222845469,9.44887828322,12.4272020681
2014-03-22,107.222845469,9.24353193677,18.9525513465
2014-04-07,95.6175336325,8.66595708179,19.5511271787
2014-04-23,107.222845469,8.81347485352,16.2702035873
2014-05-09,107.222845469,7.93837773584,11.2368607726
2014-06-10,107.222845469,4.52549818311,8.09695885866
2014-06-26,107.20534378,2.71279696582,7.39041172976
2014-08-29,102.398368664,14.1766285107,20.8515297986
2014-09-14,90.5909885288,13.9166217676,19.8723411873
2014-10-16,107.222845469,12.9239496099,15.9707780288
2014-11-17,107.222845469,13.3064897286,15.7667739367
2014-12-03,107.222845469,13.3443500005,16.8494516636
2015-01-04,106.736235623,14.5850322384,30.7946453208
2015-02-21,107.222845469,13.6268855147,16.3846862732
2015-03-09,107.222845469,13.9725845197,20.1050032067
2015-03-25,107.222845469,13.5190125316,28.2054673742
2015-04-10,107.222845469,13.2389762962,23.8973876922
2015-05-28,106.332524098,9.63606635547,15.3466708974
2015-09-01,93.0004305979,11.6938580142,16.5671230826
2015-09-17,102.211874583,12.0688681809,20.0523863191
2015-10-03,107.222845469,11.9738573569,15.5786217504
2015-10-19,107.222845469,11.6413149741,16.6438000476
2015-11-04,107.222845469,12.4364058489,20.7351510132
2015-11-20,107.222845469,12.3742164985,14.6951817577
2015-12-06,107.222845469,12.3213971951,20.5063615451
2015-12-22,107.222845469,11.3887490999,21.2414142935
2016-01-07,101.35906849,10.3589865901,35.0881523465
2016-02-08,107.222845469,10.6165208159,44.1522173596
2016-02-24,107.222845469,10.3789919522,17.2091325053
2016-04-12,107.217844869,8.78348184839,17.59814779
2016-04-28,107.22034521,8.44844376611,15.0208931307
2016-05-14,99.9220459555,0.647578283203,3.9758052092
2016-10-21,107.222845469,14.1241214456,21.0364938564
2016-11-06,107.222845469,14.2766441055,18.2325188951
2016-11-22,107.222845469,14.4966344654,17.5605129116
2016-12-24,107.222845469,14.1769493794,17.705814081
2017-01-09,107.015326373,11.6591659182,28.9986458602
2017-02-10,107.222845469,13.1943306004,17.5573471519
2017-02-26,107.220345144,12.6342589263,15.6538576125
2017-03-14,107.205342949,11.873846765,21.329152594
2017-03-30,107.222845469,11.5563080676,22.8653107155
2017-04-15,106.947810691,9.54855544214,18.2188353429
2017-05-01,107.222845469,9.0284962793,12.0111375232
2017-06-02,107.222845469,7.59792555433,11.4283359556
2017-06-18,102.640741795,3.13285806055,10.3170680175
2017-07-20,106.915462246,10.6508579654,35.9345787158
2017-09-06,104.713806877,16.8919972837,22.9474767153
2017-10-08,107.222845469,15.2517687173,19.6011953004
2017-10-24,107.222845469,14.3566575864,19.1494036272
2017-11-09,107.222845469,14.5391797295,18.0769895844
2017-11-25,107.222845469,15.0845619011,18.6659464462
2018-02-13,107.222845469,10.979056282,14.616963437
2018-03-17,107.222845469,9.26593875992,17.788757144
2018-04-02,106.225207214,7.14361602662,18.4628691497
2018-04-18,107.222845469,6.788268021,12.9038547405
2018-05-04,104.373979951,4.76552272339,9.03215563645
2018-05-20,101.234688159,0.182521651855,3.41015408027
2018-06-21,107.222845469,4.09295640723,9.61797073159
2018-08-08,98.3748195608,7.8040542664,20.3217795689
2018-10-11,107.100071435,13.9141040879,20.9553920959
2018-10-27,107.222845469,15.5468095396,19.8809862561
2018-11-12,107.222845469,16.1018810569,20.4047928495
2018-12-14,107.222845469,16.104340116,22.8817332844
2018-12-30,107.222845469,16.6394108433,22.8571736466
2019-03-04,107.222845469,15.7418005025,19.5912879648
2019-03-20,107.222845469,15.041709212,23.4374048589
2019-04-05,107.222845469,14.6191929871,25.5674297483
2019-04-21,107.222845469,14.6691598482,22.5567979535
2019-05-07,107.222845469,14.0365750538,20.5621931783
2019-06-08,107.222845469,10.2936551733,13.8886235355
2019-08-11,93.4345749714,6.38821663354,24.3659790997
2019-08-27,107.222845469,8.89095602644,14.4001016169