Date,Rarea,NDWI,MNDWI
2013-04-26,53.0331943603,9.07153977117,12.7496418748
2013-05-12,53.0331943603,10.3664836467,12.8801708392
2013-05-28,53.0331943603,10.0161710294,17.6601968009
2013-06-13,53.0331943603,10.8348841912,14.1708853187
2013-09-17,53.0331943603,9.54220622358,11.7718760105
2013-10-19,53.0331943603,9.30117981293,11.331558696
2013-11-04,52.7239794373,1.4484705335,7.27829771979
2013-11-20,53.0331943603,8.09731138066,9.99166279429
2013-12-06,53.0331943603,7.97442352321,10.5661503486
2013-12-22,53.0331943603,7.42842477851,13.1693642544
2014-01-07,53.0331943603,0.0,4.76163945887
2014-01-23,53.0331943603,6.50998660142,7.6534771858
2014-02-08,52.15809705,12.1921172168,37.4572113077
2014-02-24,53.0331943603,5.83012945437,7.60596492432
2014-03-12,53.0331943603,6.7746851765,8.91187462164
2014-03-28,53.0331551356,6.27509638144,10.9258235732
2014-04-13,53.0331943603,7.4348651206,12.8366718866
2014-04-29,53.0331943603,7.99505369018,15.1562858795
2014-05-15,53.0331943603,11.1486437036,16.7121698109
2014-06-16,53.0331943603,10.787521318,14.938647822
2014-09-04,52.7730067504,10.5399572311,13.2820690197
2014-10-06,53.0331943603,8.57823362379,10.7631691609
2014-10-22,53.0331943603,8.91499659341,10.5825669763
2014-11-07,53.0331943603,8.66932688613,10.2506741234
2014-11-23,53.0331943603,7.13058981948,15.7439438719
2014-11-23,42.9787872269,5.65855769346,13.5824955968
2014-12-09,52.3552491954,8.92253024687,18.6097705153
2014-12-25,53.0331943603,7.54997254805,9.17515472145
2015-01-10,53.0331943603,6.71619912797,12.7611943282
2015-01-26,53.0331943603,6.73721038119,12.8245941606
2015-02-27,53.0331943603,6.1499163747,7.95610796811
2015-03-15,53.0331943603,7.55862453437,10.2563078704
2015-03-31,52.8056413091,10.3775339872,13.3376755117
2015-05-02,53.0331943603,6.90104837766,13.4543226424
2015-05-18,53.0331943603,8.97904578393,17.7627457854
2015-09-07,53.0331943603,11.5046784544,20.5475909127
2015-10-09,44.9927488872,9.00861853654,20.9998594544
2015-10-25,53.0331943603,8.86771572647,10.9911796425
2015-11-10,53.0331943603,7.90690495329,10.3569149565
2015-11-10,43.1788231556,5.93762065951,7.97523287591
2015-11-26,53.0331943603,8.9511986822,10.3323133102
2015-12-12,53.0331943603,12.66301383,43.8427838082
2015-12-28,53.0331943603,8.30752896096,10.2514497634
2016-01-13,53.0331943603,7.09110330094,22.2904697464
2016-01-13,42.9379586869,5.95763598335,19.7782181339
2016-01-29,53.0331943603,5.58614847866,8.86638648154
2016-02-14,53.0331943603,8.16236720616,23.192146774
2016-02-14,42.8121828771,5.67008377729,19.3177519977
2016-03-01,53.0331943603,7.09113031553,9.86348509866
2016-03-17,53.0331943603,7.06702504987,10.3480726625
2016-04-18,53.0331943603,6.52045942448,11.3069525754
2016-06-05,52.8081521948,7.77595365485,10.5406784651
2016-08-08,52.5105946482,1.97199902893,35.9554703227
2016-10-27,53.0331943603,10.0985991485,11.5684069228
2016-11-12,53.0331943603,6.95402510559,8.90572098111
2016-11-28,53.0331943603,8.79042356633,10.7044726434
2016-12-14,53.0331943603,8.66651905993,10.7493482599
2016-12-30,53.0331943603,7.23936693156,8.61072531198
2017-01-15,53.0331943603,7.52049383016,9.30848007141
2017-01-31,53.0331943603,6.48118848273,15.513788873
2017-02-16,53.0331943603,7.32620915779,10.5034793606
2017-03-04,53.0331943603,7.11197855874,9.39951058328
2017-03-20,53.0331943603,6.85407911406,14.5025137197
2017-04-05,50.1364211133,3.9132417439,11.8147900002
2017-05-07,52.7031336289,7.60253087017,14.3642285411
2017-06-24,53.0281933616,11.9243628579,15.9173262034
2017-09-28,53.0331943603,11.8835563954,18.1754411866
2017-10-14,53.0331943603,3.12774509287,21.2116243378
2017-10-30,53.0331943603,8.89894483147,11.354973639
2017-12-01,53.0331943603,7.82146974215,9.7798464389
2017-12-17,53.0331943603,6.15956619895,30.2898470845
2018-01-02,53.0331943603,7.9043192018,9.441876768
2018-01-18,53.0331943603,7.55539826226,14.4108340373
2018-02-03,53.0331943603,6.14931815612,32.9553991002
2018-02-03,45.0374114845,5.72185637594,29.2527497986
2018-02-19,53.0331943603,7.31844752021,15.0632208719
2018-03-07,53.0331943603,8.32698932044,10.11598757
2018-03-23,53.0331943603,7.19739047928,21.053526457
2018-04-24,53.0331943603,8.50939319248,13.0292731555
2018-05-10,53.0331943603,8.89866435597,13.0189709593
2018-08-14,53.0281641147,13.5578290716,18.5552357845
2018-10-01,53.0331943603,2.35056332877,37.9012784569
2018-10-17,53.0331943603,8.34755082395,21.398209661
2018-11-02,53.0331943603,9.52459747837,10.7757752373
2018-11-18,53.0331943603,8.70535792136,35.8503786636
2018-12-04,53.0331943603,8.22793169372,12.4511834778
2018-12-20,53.0331943603,2.61189949102,9.29980462192
2019-01-05,53.0331943603,7.25236778777,9.09662737998
2019-01-21,53.0331943603,7.72468790048,11.055523812
2019-01-21,44.7826730817,6.74459029363,9.78943499597
2019-02-06,53.0331943603,7.61632545605,22.8422094916
2019-02-22,53.0331943603,7.19932155296,9.89204419877
2019-02-22,44.549472303,6.4986805455,8.87201324341
2019-03-10,53.0331943603,7.41776594786,10.2659192484
2019-04-11,53.0331943603,9.4975708457,11.0922832129
2019-04-27,50.351476189,6.45074279797,20.0141898295
2019-06-30,53.0331943603,10.2071811829,14.6023531904
2019-08-17,53.0331943603,5.6572494387,36.2709492401
2019-09-02,52.7856486789,11.5124904813,13.6006850771