Date,Rarea,NDWI,MNDWI
2013-05-06,38.8970569242,2.52240964331,2.96785756879
2013-05-06,38.8970569242,2.52420947052,2.96695763947
2013-05-22,38.8970569242,2.07876156104,2.63489646265
2013-05-22,38.8970569242,2.07156234283,2.63939591772
2013-06-07,37.3213441502,0.00719922149658,0.815310913025
2013-06-07,35.9247017545,0.0,0.0872904900513
2013-08-26,35.32569267,15.1220871799,16.3752073347
2013-09-11,34.3002803799,13.9526904145,14.6888415251
2013-09-11,33.6987409247,13.7761565025,14.4695483384
2013-09-27,38.8970569242,16.3430530036,16.8167119096
2013-09-27,38.8970569242,16.3448527266,16.8174987289
2013-10-13,37.0789256417,16.0800184155,16.6530619623
2013-10-13,37.7641135693,16.2910586659,16.9221563085
2013-10-29,38.8970569242,16.3170661767,16.8385356933
2013-10-29,38.8970569242,16.3152664818,16.83583599
2013-11-14,34.1166426562,14.325222146,14.6536823262
2013-11-30,38.8970569242,14.2484275498,15.0414334767
2013-11-30,38.8961570186,14.2493274986,15.0423333309
2013-12-16,38.8736596187,11.3388018611,11.8074055055
2013-12-16,38.820566109,11.3263303918,11.7939074041
2014-02-18,38.8970569242,10.2673512381,10.9123357037
2014-02-18,38.8970569242,10.2682511171,10.916835242
2014-03-06,38.8970569242,10.146021523,10.973542189
2014-03-06,38.8970569242,10.146021457,10.9735422143
2014-03-22,38.8961570307,9.95740776053,10.5856785663
2014-03-22,38.8961570307,9.95920753092,10.5847786616
2014-04-07,38.6756860658,9.38867779483,10.0935522353
2014-04-07,38.8772593126,9.47776606241,10.2009912495
2014-04-23,38.8970569242,9.52456061228,9.88782961951
2014-04-23,38.8970569242,9.52276071811,9.89157041782
2014-05-25,32.0695823086,2.00228063284,3.0268179413
2014-06-10,38.8970569242,4.36268871381,8.09184178351
2014-06-10,38.8970569242,4.35548957593,8.08374267889
2014-07-12,31.3001167832,0.00719917687988,1.07227589919
2014-07-12,31.3496087553,0.00629929089355,1.05877667068
2014-07-28,37.5341745772,6.50607529579,8.14650230591
2014-07-28,38.0287980551,6.55826906801,8.32569223544
2014-09-30,38.8970569242,4.11203173621,9.0655201015
2014-09-30,38.8970569242,4.11293147058,9.0655200354
2014-10-16,38.8970569242,4.69786217121,8.93185651119
2014-10-16,38.8970569242,4.71327328158,8.93545601162
2014-11-01,38.3673053455,5.32107989227,9.0143199088
2014-11-01,37.7119610701,5.30758148529,8.61504258446
2014-11-17,38.8970569242,2.45941650146,4.7946418056
2014-11-17,38.8970569242,2.46121630499,4.79284201813
2014-12-03,38.8970569242,2.65199476068,4.32219764966
2014-12-03,38.8970569242,2.65559432629,4.32579713037
2015-02-05,38.3778138562,2.97505462042,4.33076859548
2015-02-05,38.2968230587,2.96785507611,4.30557096987
2015-02-21,38.8970569242,2.87336904407,4.31049841748
2015-02-21,38.8970569242,2.86886956921,4.31139833575
2015-03-09,38.8970569242,3.28462065442,4.16201637463
2015-03-09,38.8970569242,3.28372076379,4.15571705927
2015-03-25,38.8970569242,3.19193136737,3.7876608985
2015-03-25,38.8970569242,3.19283124957,3.78946058759
2015-04-10,38.8970569242,2.97055682214,3.53029110107
2015-04-10,38.8970569242,2.97055682111,3.52219213025
2015-04-26,37.6309025726,0.975486654297,2.0139663714
2015-04-26,37.4914230105,1.03488184595,1.94827733484
2015-05-12,37.0108801425,0.271770498169,1.23646170313
2015-05-12,36.8651002733,0.350061720032,1.29765544446
2015-05-28,38.8970569242,2.30373482251,2.77527998529
2015-05-28,38.8970569242,2.30553458832,2.77797963525
2015-06-13,36.2180682331,0.0386957990723,0.317664770996
2015-06-13,38.8970569242,1.641410612,2.49631237732
2015-09-01,33.7154696385,1.77369423993,2.90904400828
2015-09-01,38.8970569242,5.88531262176,7.60109145939
2015-10-03,38.8970569242,6.31995867554,7.04307495236
2015-10-03,38.8970569242,6.31905869659,7.04037527169
2015-10-19,38.8970569242,5.9375043479,6.85679761068
2015-10-19,38.8970569242,5.9420037735,6.85589771731
2015-11-04,38.8934573808,5.59554573077,6.81540322555
2015-11-04,38.3310288946,5.47136145734,6.55393150909
2015-11-20,38.8736596802,3.25762047882,4.46978056604
2015-11-20,38.2422016129,3.17303016052,4.29250108618
2015-12-06,38.8970569242,2.85626619513,4.27540301636
2015-12-06,38.8430633712,2.84996694275,4.26280458478
2015-12-22,37.9800562444,3.11723794824,4.31226696098
2015-12-22,36.9517298101,2.97865403894,4.05027058536
2016-01-07,38.8961570374,2.42701889288,3.73726689905
2016-01-07,38.8970569242,2.4333181167,3.74086649854
2016-01-23,38.8970569242,2.45311613116,3.40340599292
2016-01-23,38.8970569242,2.44861660675,3.41060507635
2016-02-08,38.880858776,2.13275450574,6.43462296532
2016-02-08,36.6158181993,1.67470777155,5.24856250828
2016-02-24,38.8970569242,2.01126813098,2.77528032013
2016-02-24,38.8970569242,2.01666746179,2.76898097424
2016-03-11,38.8970569242,1.80969181177,2.40812272406
2016-03-11,38.8970569242,1.81059168823,2.40542305353
2016-03-27,36.3989510083,0.259172056702,0.494945831665
2016-03-27,34.9888148043,0.340160509216,0.395054368042
2016-04-12,38.8970569242,1.0879741333,1.94197665735
2016-04-12,38.8970569242,1.09067384546,1.94287651538
2016-04-28,38.8970569242,0.823404559387,1.74129965948
2016-04-28,38.8970569242,0.829703818115,1.7430994278
2016-05-14,38.8970569242,1.18786382739,1.60451555963
2016-05-14,38.8970569242,1.18696393347,1.60271575525
2016-10-05,37.8380032136,15.0565766046,15.5016542086
2016-10-21,38.8970569242,15.0752598749,15.4336157895
2016-10-21,38.8970569242,15.0797592171,15.4327158695
2016-11-06,38.8880580947,13.8601597607,14.4942525035
2016-11-06,33.7830182614,11.2070633214,11.4860132892
2016-11-22,38.8970569242,10.3578473882,10.6491329789
2016-11-22,38.8970569242,10.3632467704,10.6572319994
2016-12-08,38.8880580215,7.90910491339,8.31381251726
2016-12-08,38.8934573332,7.90820502429,8.31651220524
2016-12-24,38.8916575188,4.60705437123,5.03891920922
2016-12-24,38.8961570222,4.61065397365,5.04974613415
2017-01-09,37.6158061631,4.15391975616,32.4917836389
2017-01-09,32.1402365632,3.76696813129,27.1777711074
2017-01-25,37.8162863664,3.51008470411,4.10213039556
2017-01-25,38.118652041,3.68106502418,4.30370694744
2017-02-10,38.8970569242,2.67768255025,3.03848377941
2017-02-10,38.8970569242,2.67408293745,3.03935544177
2017-02-26,38.8970569242,2.33212247255,2.68128214338
2017-02-26,38.8970569242,2.33302231495,2.67408297853
2017-03-30,38.8970569242,1.75346125556,2.09454980147
2017-03-30,38.8970569242,1.74716194873,2.08915043635
2017-04-15,38.8970569242,1.16356635126,1.75796023548
2017-04-15,38.8970569242,1.16716592493,1.75976001282
2017-05-01,37.8855766989,0.191678528381,0.586734324951
2017-05-01,37.8054880507,0.201577435913,0.665925071228
2017-05-17,38.8970569242,0.553436118164,1.17706466846
2017-05-17,38.8970569242,0.550736413208,1.16716578363
2017-06-02,38.8970569242,1.01868272729,1.1442308252
2017-06-02,38.8970569242,1.0231822215,1.14333095166
2017-06-18,36.9498036618,0.0449949885864,0.0823530715349
2017-06-18,36.9055425824,0.0413954005737,0.0841528705461
2017-07-20,38.5666391656,0.746913398865,20.1418562348
2017-09-06,32.1028036864,0.272667546265,0.571655231161
2017-09-06,34.1011656916,0.789206516296,1.2536719399
2017-10-08,33.2615777454,1.52982404242,2.14709724052
2017-10-08,33.5724461637,1.62971254218,2.20739022868
2017-10-24,38.8970569242,1.46953104169,1.66259950349
2017-10-24,38.8970569242,1.47673021362,1.66529921242
2017-11-09,38.8961570343,1.28325223102,1.73813464898
2017-11-09,37.6039057475,0.762212281433,1.04071509649
2017-11-25,38.895257138,1.09833613983,1.56811086067
2017-11-25,38.8970569242,1.09833614624,1.5699106432
2017-12-11,38.7368760224,0.893159724794,1.68076806888
2017-12-11,37.5735148202,0.476508557619,1.08143831168
2017-12-27,38.8961570333,0.84590275824,1.25404711323
2017-12-27,38.8943572436,0.84590275824,1.25584690089
2018-01-12,38.8970569242,0.717217529175,1.02007403377
2018-01-12,38.8943572403,0.72081711554,1.02457351668
2018-01-28,38.8970569242,0.644788177797,0.825696045545
2018-01-28,38.8970569242,0.646587963014,0.823896227796
2018-03-17,38.8970569242,0.287066784729,0.400916019472
2018-03-17,38.8970569242,0.288866590576,0.402715829958
2018-04-02,38.8970569242,0.242971685547,0.303727104067
2018-04-02,38.8970569242,0.24207178595,0.301927310182
2018-04-18,38.8970569242,0.160181395813,0.206975962585
2018-04-18,38.8970569242,0.159281503418,0.206975960022
2018-05-04,38.8970569242,0.14758285675,0.171442473757
2018-05-04,38.8970569242,0.145783070068,0.172342356447
2018-05-20,38.8970569242,0.0,0.0638925917969
2018-05-20,38.8970569242,0.0,0.0638925917969
2018-06-05,38.8970569242,0.0134984439697,0.0926892214355
2018-06-05,38.8970569242,0.0161981300049,0.0908894283447
2018-06-21,38.8970569242,0.0539937489624,0.0746913284302
2018-06-21,38.8970569242,0.0530938536987,0.0755912305908
2018-07-07,31.4811959872,0.350958757996,0.437348424744
2018-09-25,35.3531104503,13.2909659987,13.9914404441
2018-09-25,34.3428453636,12.9886001998,13.5934746458
2018-10-11,38.5199998586,14.8542606473,15.350346099
2018-10-11,38.2732897851,14.8317643322,15.2648574978
2018-10-27,38.8970569242,15.0552248672,15.4164786747
2018-10-27,38.8970569242,15.0564776603,15.4165351984
2018-11-12,38.8385642381,13.8054660376,14.2113134171
2018-11-12,38.6900817251,13.7775694283,14.099727054
2018-12-14,38.8970569242,8.36640479783,9.21213025971
2018-12-14,38.002953597,8.26111735996,9.02765292213
2018-12-30,38.8961570186,5.17758605946,5.57258316582
2018-12-30,38.8970569242,5.18565683899,5.56718381176
2019-01-15,38.2329355852,3.77956148206,4.12471095875
2019-01-15,38.8961570358,4.11162235236,4.47206993641
2019-02-16,38.8844584081,2.84367260107,5.50098025787
2019-02-16,37.9101302462,2.39462426733,4.93168470979
2019-03-04,38.8610620227,2.45761771661,3.32492669274
2019-03-04,35.2247428753,1.29854841217,1.72670880792
2019-03-20,37.7739944491,1.64141521753,1.98330186822
2019-03-20,37.4932311955,1.71790622839,2.0534937033
2019-04-05,38.8970569242,2.08552283777,2.35461984035
2019-04-05,38.8970569242,2.07832369904,2.35282001985
2019-04-21,38.8970569242,1.99913289398,2.21060835498
2019-04-21,38.8970569242,1.99913285852,2.20790869031
2019-05-07,38.8970569242,1.40833888287,1.84388818689
2019-05-07,38.8970569242,1.40743896509,1.84028858972
2019-05-23,38.8970569242,1.33904679974,1.69586738471
2019-05-23,38.8970569242,1.33364743396,1.69316771607
2019-06-08,38.8970569242,1.07357708801,1.45919465106
2019-06-08,38.8970569242,1.06997750409,1.45829471314