Date,Rarea,NDWI,MNDWI
2013-04-03,7.53703602299,0.299744138367,0.363639415168
2013-04-03,7.63065020029,0.35195203717,0.423048408698
2013-04-08,7.63065020029,0.333949442993,0.371754965698
2013-04-15,7.63065020029,0.325848238403,0.35645280249
2013-05-01,7.63065020029,0.316846946655,0.345651139038
2013-05-17,7.63065020029,0.246636571045,0.263739125305
2013-09-06,7.63065020029,0.401459673401,0.567084030823
2013-09-22,7.62254899247,0.385257079224,0.494173086731
2013-10-24,7.63065020029,0.479771171204,0.624678274299
2013-11-25,7.63065020029,0.453667262817,0.637280006904
2013-12-11,7.63065020029,0.464468853943,0.603074979194
2013-12-27,7.63065020029,0.473470096802,0.563469128303
2014-02-13,7.63065020029,0.450066550659,0.508560973578
2014-03-17,7.63065020029,0.418561955994,0.467169074951
2014-04-02,7.63065020029,0.374455442688,0.419462023987
2014-05-04,7.63065020029,0.302444755127,0.357352874817
2014-06-05,7.63065020029,0.275440775146,0.321347563293
2014-09-25,7.63065020029,0.348351696594,0.469869560852
2014-10-27,7.63065020029,0.342050707275,0.613608243292
2014-11-28,7.63065020029,0.396958809875,0.509475202148
2015-01-31,7.63065020029,0.395158340637,0.466254626105
2015-02-16,7.20783661673,0.356452633728,0.483357159736
2015-03-20,7.63065020029,0.328548536133,0.37715570575
2015-04-05,6.71378007636,0.032404715271,0.0486070784912
2015-04-21,7.63065020029,0.21513186554,0.265539345215
2015-05-07,7.63065020029,0.0,0.171025345398
2015-05-23,7.63065020029,0.18092675885,0.214231732544
2015-06-08,7.63065020029,0.185427446716,0.22683357843
2015-07-26,7.0845434488,0.274540744507,0.459967950317
2015-09-28,7.63065020029,0.31234639447,0.465368837769
2015-10-30,7.63065020029,0.327648532349,0.83045635724
2015-11-15,7.63065020029,0.321347649231,0.526563646674
2015-12-01,7.63065020029,0.352852214294,0.504060239448
2015-12-17,7.63065020029,0.377155764282,0.64641574155
2016-01-02,7.62434927054,0.360053181458,0.68086809892
2016-02-03,7.63065020029,0.358252926086,0.413160957581
2016-03-22,7.63065020029,0.263738996216,0.275440780212
2016-04-23,7.63065020029,0.208830898865,0.213331598511
2016-05-09,7.36241047611,0.0612091244507,0.104415546265
2016-05-25,7.63065020029,0.0909134519653,0.103515339905
2016-06-10,7.63065020029,0.158423444031,0.196229064514
2016-10-16,7.63065020029,0.413161327454,0.538265506965
2016-11-01,7.63065020029,0.407760523315,0.584959413817
2016-11-17,7.63065020029,0.477070791382,0.647068581908
2016-12-19,7.63065020029,0.555382245789,0.710077898253
2017-01-20,7.63065020029,0.54636674018,0.688587570807
2017-02-05,7.63065020029,0.565283617798,0.594973785712
2017-02-21,7.63065020029,0.501374224304,0.527463817634
2017-03-25,7.63065020029,0.414961469849,0.467169079102
2017-04-10,7.63065020029,0.407760384277,0.4239627948
2017-04-26,7.63065020029,0.309645917786,0.344751112305
2017-05-12,7.63065020029,0.346551339966,0.394258370239
2017-05-28,7.63065020029,0.229533932739,0.296143767151
2017-06-13,7.62074873014,0.266439479126,0.309645885803
2017-07-31,6.64230082718,0.361853291199,0.604614137103
2017-08-16,7.63065020029,0.410460919678,0.571570450385
2017-09-17,6.4543098727,0.351052200012,0.673802901122
2017-11-04,7.63065020029,0.406860326477,0.508575111267
2017-11-20,7.61984860898,0.416761771667,0.561668788642
2017-12-06,7.63065020029,0.447083760748,0.679416561055
2018-01-07,7.62074874711,0.45276697699,0.532864528571
2018-01-23,7.62975006852,0.451866857971,0.55986853028
2018-02-08,7.60814684769,0.374455389587,0.483357200385
2018-02-24,7.62344912015,0.345651135376,0.421248076118
2018-03-12,7.63065020029,0.349251661316,0.396058444153
2018-03-28,7.63065020029,0.294343615967,0.32224774707
2018-04-13,7.62975006937,0.288942795532,0.323147878845
2018-04-29,7.62884993516,0.185427464294,0.23943552533
2018-05-15,6.91144317539,0.0,0.0
2018-06-16,7.63065020029,0.0,0.0
2018-10-06,7.63065020029,0.428463646606,0.570670390143
2018-10-22,7.63065020029,0.383456880676,0.526563738227
2018-11-07,7.63065020029,0.405060059021,0.571570339545
2018-11-23,7.63065020029,0.432964197021,0.585072337165
2018-12-09,7.63065020029,0.441065371765,0.612076275703
2018-12-25,7.63065020029,0.467169220581,0.645970691474
2019-01-10,7.63065020029,0.465368924805,0.607575584357
2019-01-26,6.81541413,0.391557890015,1.0032990033
2019-02-11,7.63065020029,0.453667130371,0.523863225104
2019-03-31,7.63065020029,0.363653842834,0.403259715942
2019-05-02,7.63065020029,0.313246388428,0.362753695984
2019-05-18,7.63065020029,0.216031991089,0.282641918457
2019-06-03,7.63065020029,0.272740397217,0.342050647949
2019-07-21,7.63065020029,0.491473017212,0.672395596176