Date,Rarea,NDWI,MNDWI
2013-04-10,39.101227757,1.0177743205,1.12225373053
2013-04-26,39.101227757,0.911493483643,1.1555790929
2013-11-20,39.101227757,2.78491724274,3.33396699828
2013-12-06,38.2914512272,2.56334889056,3.16754879663
2013-12-22,39.101227757,2.47688329547,12.2749478307
2014-02-08,39.0922208973,2.23820179071,2.44570204938
2014-02-24,35.4949032889,1.25375285382,2.98981796952
2014-03-12,39.101227757,1.98060606787,2.11841087225
2014-03-28,39.101227757,1.80046917279,1.92296230109
2014-04-13,39.101227757,1.5960138205,1.79326374255
2014-04-29,39.101227757,1.50684605963,1.64375011566
2014-05-15,38.4950664161,0.679116384155,0.951123155396
2014-06-16,39.1003270716,0.643089399048,1.83379454004
2014-08-19,39.0985257039,0.860154570618,6.4264440147
2014-10-22,31.4174453526,2.32106502173,3.5991638547
2014-11-23,39.101227757,2.43365045856,3.59841484037
2014-12-09,39.0976250128,2.54983868427,3.8562117376
2015-01-26,39.101227757,2.1562395871,4.349433103
2015-03-15,39.101227757,1.66446589313,1.92926714819
2015-04-16,39.101227757,1.4960378595,1.72120900342
2015-05-18,37.5040444881,0.524198609985,1.30952489185
2015-06-03,39.101227757,1.02407907861,1.42218171466
2015-09-07,39.101227757,3.69190620966,5.02852077307
2015-10-09,38.9967484147,4.01795377625,4.96547316357
2015-10-25,38.0639129484,3.66128290558,4.96970492843
2015-12-12,36.4041014027,3.58832740381,9.07803504035
2015-12-28,39.101227757,3.61895068903,5.30596634312
2016-01-13,39.101227757,3.48745082697,6.29881030395
2016-01-29,39.101227757,3.39377975409,13.0450263069
2016-02-14,39.101227757,3.01999579218,3.42658974218
2016-03-01,39.101227757,2.80653366614,3.08595081335
2016-03-17,39.101227757,2.5840646496,2.68494129846
2016-09-09,36.9845297196,2.42464356934,4.19931811929
2016-11-12,39.101227757,2.29944842841,3.31451944507
2016-11-28,39.101227757,1.86892121472,9.06280688483
2017-01-15,39.101227757,2.38411271057,3.18354225555
2017-02-16,39.101227757,2.04095195435,2.36069502612
2017-03-20,39.101227757,1.6788768244,1.9310685033
2017-05-07,38.9904434081,1.08172289618,1.48072608459
2017-05-23,39.101227757,1.05740452911,1.5266611463
2017-10-14,39.101227757,2.7128626333,4.67282912386
2017-12-01,39.0994263882,3.12537594275,4.65850906518
2017-12-17,39.101227757,3.10826292645,4.63235727938
2018-01-02,36.5462342214,2.96955758514,5.15367986286
2018-02-03,39.101227757,3.09475268951,9.5312202845
2018-02-19,38.9787344207,2.63720499976,3.02349625069
2018-03-07,39.101227757,2.59127014819,2.76690359412
2018-03-23,39.101227757,2.4444585993,2.71376318237
2018-04-08,39.101227757,2.35529081866,2.641708414
2018-04-24,39.101227757,2.05356150897,2.44265720831
2018-05-26,39.101227757,1.49964066516,2.42734546802
2018-10-01,39.101227757,3.03440674591,3.55680350916
2018-10-17,39.101227757,2.68133848492,3.22985519067
2018-11-02,38.8863918516,2.57685912262,3.00457797838
2018-11-18,39.101227757,2.36249621637,2.97515543702
2018-12-20,39.101227757,2.36159546979,5.54207850434
2019-01-21,39.101227757,2.0904896095,3.89468563479
2019-02-06,39.1003270716,1.99771908789,2.22458914772
2019-02-22,39.0976250173,1.90224653528,2.05806497382
2019-03-10,39.101227757,1.80227057043,1.94367802985
2019-04-27,38.4779535117,0.80791431897,1.1880031969
2019-05-13,38.7432731101,1.05290095612,1.91526184998
2019-05-29,39.101227757,1.38795573132,1.8193836438
2019-06-14,39.101227757,0.884472907959,1.95980525383
2019-07-16,39.0967243341,0.381890616272,1.7212089649