Date,Rarea,NDWI,MNDWI
2013-05-06,58.4000286955,5.39768315234,7.10115267871
2013-05-22,58.4000286955,4.92060934277,6.52916696338
2013-09-11,57.9978869064,20.6926816059,22.2126502817
2013-09-27,58.4000286955,21.134786634,22.4721052297
2013-10-29,58.3700556427,21.2226005346,22.4271460061
2013-11-30,57.5089642072,19.6287139271,20.4431027251
2013-12-16,57.6441878909,18.9849585358,19.5845401273
2014-02-18,57.8419566497,14.6854886386,15.6907926731
2014-03-06,58.4000286955,13.4902105983,14.4945253012
2014-03-22,58.4000286955,12.8921204036,13.7133132563
2014-04-07,57.5657904845,12.0703611921,12.9931613365
2014-04-23,58.4000286955,12.1656250595,12.9300850725
2014-05-25,53.018811368,8.30757784619,9.90279472187
2014-07-12,50.0300292568,0.312220025146,1.9232849563
2014-09-30,58.4000286955,19.4546543871,20.2790331831
2014-10-16,58.4000286955,19.209873765,19.9568218721
2014-11-01,50.4522805038,16.4294029289,17.1712447847
2014-11-17,57.3452279517,16.1618164173,16.7373782618
2014-12-03,57.6882558273,12.5724127127,14.2517410567
2014-12-19,56.1192893288,12.134832805,13.8581444606
2015-02-05,58.052838474,12.1477129538,13.8478094711
2015-02-21,58.247664186,11.4147819141,13.4617932892
2015-03-09,58.3950332743,10.3981947065,11.6139247214
2015-03-25,58.4000286955,9.53147159253,10.6503004235
2015-04-10,58.4000286955,8.96447944824,10.1808886306
2015-04-26,58.4000286955,8.5298689729,9.79732059419
2015-05-12,58.3750511154,7.49079897461,9.17179435425
2015-05-28,58.4000286955,6.81140866724,7.71560322021
2015-06-13,54.5559688078,2.97234250879,3.82408387598
2015-07-15,49.4830046716,0.00749324536133,0.197322594727
2015-10-03,58.4000286955,8.16339756965,10.0616917662
2015-10-19,58.4000286955,7.18966055219,9.77234362861
2015-11-04,57.9065419035,8.13131654609,9.59250572065
2015-11-20,56.357643751,7.54824868872,9.03051065498
2015-12-06,56.7599764191,7.81801125366,8.74576550361
2015-12-22,50.4369004982,7.07867481274,7.98820111948
2016-01-07,57.2961714842,7.02621940698,8.13772427051
2016-01-23,57.5654661403,7.02871844629,7.92899974604
2016-02-08,48.3152436275,4.75574853394,9.51978334361
2016-03-11,58.4000286955,6.43175346265,7.23103660254
2016-03-27,53.8940632184,3.96645256738,4.30473743672
2016-04-12,58.4000286955,5.03300434155,6.07457446338
2016-04-28,58.4000286955,3.79910808301,5.50758327393
2016-05-14,58.4000286955,3.11471960889,4.95557712354
2016-05-30,58.2726436884,2.34540724976,4.00392762109
2016-10-21,58.4000286955,20.8957071051,22.1692490793
2016-11-06,54.3217326231,18.9732009674,19.8655264711
2016-11-22,57.9692570998,18.6927612386,19.5213112401
2016-12-08,47.2593925135,14.2903850388,15.139928048
2016-12-24,57.5614599329,15.7882799975,16.4439384515
2017-01-25,57.671903142,12.4711233273,13.3057873061
2017-02-10,57.498237414,10.4318296838,10.9125264564
2017-02-26,58.3450776293,8.74178922229,9.24789444947
2017-03-14,58.4000286955,8.50309203474,8.96409062097
2017-03-30,58.4000286955,7.98496872815,8.47203242469
2017-04-15,58.4000286955,6.95378596582,7.65315927954
2017-05-01,57.887995632,4.80821045898,6.72399324854
2017-05-17,58.4000286955,4.6783251062,6.50668732471
2017-06-02,58.4000286955,4.74326478101,6.03460945166
2017-10-24,58.4000286955,16.5126764342,17.0519083319
2017-11-09,49.6072999964,11.1857903082,11.4405631507
2017-11-25,56.3441956107,13.3027975054,13.7731893382
2017-12-11,50.8028920831,9.89635867387,10.6497411622
2017-12-27,55.0886083385,10.3107713303,10.8242516679
2018-01-12,56.9222553089,10.1559100884,10.8480144551
2018-01-28,57.6428989635,8.07777787891,8.91561328559
2018-03-01,58.4000286955,7.80552275879,8.78822801216
2018-03-17,58.4000286955,7.37341059277,8.35752672681
2018-04-02,58.3975309233,6.9038322688,7.97395908149
2018-04-18,58.4000286955,6.43675148633,7.37590718384
2018-05-04,58.4000286955,5.96967123779,6.96877200977
2018-05-20,58.4000286955,2.73256320703,6.11703649487
2018-06-21,58.0103783469,2.44032375903,4.95308062866
2018-07-07,57.0187623906,0.696879912354,3.56182286719
2018-09-25,57.396293886,20.3624595642,21.7473026013
2018-10-11,57.0887085834,20.6262292158,21.4741067298
2018-10-27,58.4000286955,21.1757368098,22.1899434511
2018-11-12,57.915460163,20.206097954,20.8285488177
2018-12-14,47.0625587672,13.6573686935,14.4169175746
2018-12-30,55.3837671059,15.471271264,16.1130385478
2019-01-31,53.3188999058,11.659780971,12.5785309639
2019-02-16,58.3800464291,11.5146902563,13.4633592527
2019-03-20,53.2387183157,4.68831350342,5.34264926402
2019-04-05,58.4000286955,7.81301607446,8.47741860864
2019-04-21,58.4000286955,7.50579154834,8.20516333398
2019-05-07,58.4000286955,6.16699462329,7.58930391255
2019-05-23,54.0987829416,4.10382584888,5.95965485303
2019-06-08,58.4000286955,4.0863530061,6.58411775635