Date,Rarea,NDWI,MNDWI
2013-04-15,113.466526679,2.38142726688,2.57099178287
2013-05-01,113.466526679,2.31318819006,2.4263602879
2013-05-17,111.703483907,1.77380964315,1.9713408601
2013-09-06,99.1793592038,11.7677358668,13.6888132657
2013-09-22,113.466526679,11.8609995648,12.6238865214
2013-10-24,108.267457221,11.5413403428,12.3848786677
2013-11-09,112.156338339,9.82283480419,12.6972988129
2013-11-25,111.825116532,10.3035207121,11.3567357495
2013-12-11,113.201706306,11.048031248,12.1821759648
2014-03-01,96.1101671634,6.77287907159,7.62994348233
2014-03-17,113.466526679,8.67371659001,9.0461688751
2014-04-02,113.466526679,8.21902277653,8.53163130492
2014-05-20,113.466526679,6.65265564273,7.02015244725
2014-06-05,113.466526679,5.47387698392,5.82845013475
2014-08-24,113.466526679,7.99179632266,9.96178804166
2014-09-25,113.466526679,6.46326193419,7.28295145674
2014-11-28,113.466526679,4.35521493436,4.82717726911
2014-12-30,113.451536246,4.15995313272,4.77749076171
2015-01-15,109.097507211,4.02449381312,4.91501574392
2015-01-31,113.464028253,3.96203566663,4.56445973311
2015-02-16,113.451536221,3.74467817762,4.29463766987
2015-03-20,113.466526679,3.57728660755,3.79246323604
2015-04-21,113.466526679,2.81056565082,2.91518342144
2015-05-07,111.972485457,1.01953221226,1.45893608323
2015-05-23,113.466526679,1.343705992,1.50246878708
2015-06-08,113.466526679,1.26188599205,1.42310908719
2015-09-12,92.9436043592,6.75899882879,10.059383357
2015-10-30,105.989912073,2.5178254885,11.3130889698
2015-11-15,109.244410452,1.01511936585,2.10726491633
2015-12-01,111.391502065,1.71833735368,2.45767327655
2015-12-17,113.14673478,2.35542763615,3.47170432669
2016-01-02,112.195077174,1.92570362443,2.8465568194
2016-01-18,113.466526679,2.07025910296,5.14705838609
2016-02-03,113.466526679,2.1107446266,2.57958318963
2016-02-19,108.655513562,1.98832455921,2.39833687198
2016-03-22,113.466526679,1.67403558813,1.82089435007
2016-04-23,113.466526679,1.3497542814,1.46643651908
2016-05-09,113.466526679,0.984988678375,1.20711543281
2016-05-25,113.466526679,0.462204322998,0.597117074463
2016-06-10,104.622970105,0.0251799124588,0.0851409678788
2016-06-26,102.8972821,0.486828305376,2.35581013254
2016-10-16,113.466526679,14.7805039897,15.9968413404
2016-11-01,113.439044758,12.4645769675,13.5523401619
2016-11-17,113.416560461,12.514538792,13.2546012561
2016-12-19,113.46402832,12.3402089997,13.6511943092
2017-01-20,110.302528657,9.17816877766,10.0889108095
2017-02-05,113.466526679,9.88113474514,10.3276439599
2017-02-21,113.466526679,8.84090577836,9.20317218886
2017-03-25,113.466526679,7.58195930593,8.03431890045
2017-04-10,113.466526679,7.34212131706,7.68970375292
2017-04-26,105.699414153,1.22448662483,1.54927235408
2017-05-12,113.466526679,6.17345300141,6.46053089794
2017-05-28,111.685162725,3.66305495487,3.98932024065
2017-06-13,107.527887088,0.492476160229,0.916334862715
2017-11-04,101.936917948,1.77384988252,2.80511204201
2017-11-20,109.135839277,1.2149926117,2.13601289435
2017-12-22,113.466526679,2.27118680533,3.78243091311
2018-01-07,113.466526679,2.23066577064,2.62069290299
2018-01-23,113.449037905,2.10075003504,2.6975599084
2018-02-08,112.05945615,1.46912925037,2.01096648038
2018-02-24,113.466526679,1.80695949405,2.1319899785
2018-03-12,113.466526679,1.67381024803,1.92591681496
2018-03-28,113.466526679,1.39379320153,1.58581992964
2018-04-13,113.466526679,1.31884221423,1.48869765578
2018-05-15,113.337153749,0.0,0.282319717285
2018-05-31,98.2208453948,0.0,0.000195959577972
2018-06-16,113.466526679,0.452211373779,0.901874251302
2018-10-06,110.978714291,11.5876716377,12.3588405122
2018-10-22,113.464028197,7.54151612447,8.34907006295
2018-11-07,112.827807014,6.23942347701,6.93549491537
2018-11-23,113.311433591,6.18113734523,6.91382660753
2018-12-09,113.404066993,5.92650382651,6.78033057475
2018-12-25,113.393181834,5.78800884603,6.62200464715
2019-01-10,113.458835458,5.59629245987,6.41877558379
2019-02-11,113.466526679,3.7129778646,4.14149900222
2019-03-31,113.466526679,2.96741382059,3.19008683506
2019-05-02,113.466526679,2.58832486884,2.80045710839
2019-05-18,113.466526679,1.64143640625,1.8216379192
2019-06-03,112.829432256,0.944541371981,1.18649713524
2019-06-19,111.879016542,0.569583689046,0.799243980945
2019-07-21,98.68025102,6.08827260732,7.3714667149
2019-09-23,95.8109159345,9.35766921321,12.3441029479