Date,Rarea,NDWI,MNDWI
2013-04-11,47.2776040741,4.47906252406,4.64020369746
2013-05-13,47.2785042978,4.31882097151,4.38093721235
2013-05-29,39.7995129102,1.29542395306,1.41425408473
2013-06-30,47.277604065,1.84367861035,4.202692438
2013-09-18,47.2785042978,7.20168665861,7.79042915716
2013-10-20,47.2785042978,7.52482230387,7.8789056762
2013-11-05,47.2595995281,7.56972118508,8.91507467295
2013-11-21,47.2785042978,7.39551335307,7.5164054225
2013-12-07,47.2776040845,7.05432549248,7.11788880118
2014-01-08,47.2785042978,6.50393380687,6.90805074926
2014-02-09,47.2776040739,6.18505400566,6.355647191
2014-02-25,47.2785042978,5.72627483644,5.96114455514
2014-03-13,47.274003163,5.62910618828,5.69632700447
2014-03-29,47.2785042978,5.58229386607,5.60209915015
2014-04-14,47.2785042978,5.45716183885,5.50037305211
2014-05-16,39.9989773044,1.61860451044,1.70952896985
2014-06-01,47.2510350631,5.03990631001,5.08311760095
2014-06-17,39.2856878047,2.89104789015,2.96531552324
2014-08-20,47.0300421844,6.59692070423,7.58360254557
2014-09-21,47.2785042978,7.3609977557,7.94110222437
2014-10-07,47.2785042978,7.22101064401,7.77429529321
2014-10-23,47.2785042978,7.18524155283,7.62386139797
2014-11-08,47.2785042978,7.2685389798,7.66071136109
2014-11-24,47.2785042978,7.01332459702,7.21585894908
2014-12-26,47.2776040741,6.55164618193,6.81428569375
2015-01-11,47.2785042978,6.38060217778,6.47222463746
2015-02-12,47.2785042978,5.70832649438,5.90143557328
2015-02-28,46.6582465003,4.56910015435,5.18734772718
2015-04-01,47.2785042978,4.35482883009,4.37193367366
2015-04-17,47.2785042978,4.08475952974,4.17478310054
2015-05-03,47.2785042978,3.9074137884,3.94972514936
2015-05-19,47.2785042978,3.79218382978,3.84979923726
2015-06-04,47.2785042978,3.7318682043,3.77057850758
2015-09-08,47.2785042978,7.28717926723,7.69309118017
2015-09-24,42.3427107014,6.85231235875,7.376955879
2015-10-10,47.2785042978,7.43934630064,7.79500073327
2015-10-26,47.2776040745,7.40423761503,7.96566425922
2015-11-27,47.2785042978,6.94141875964,7.12011293592
2015-12-13,47.2740031784,6.59215694823,6.89847648492
2015-12-29,47.2785042978,6.21508647448,6.23039035149
2016-01-14,47.0606490053,5.60750098016,6.00805191925
2016-01-30,47.2785042978,5.17898930028,5.27294856912
2016-02-15,45.0110274968,3.55092415882,4.52036277654
2016-03-02,47.2785042978,3.16202168403,3.34206745131
2016-03-18,47.2785042978,2.5998577923,2.72949097192
2016-04-19,47.2785042978,2.34959373102,2.410809487
2016-05-05,47.2785042978,1.3647465061,1.62851284808
2016-05-21,47.2785042978,1.82476092065,1.94359100684
2016-06-06,47.2785042978,1.86617087152,1.98410076965
2016-09-26,39.3201434839,6.53297742206,7.20274765906
2016-10-12,47.2785042978,7.47670409898,7.83191006652
2016-10-28,47.2722027234,7.53777884644,8.83781529823
2016-11-13,47.2785042978,7.56042533696,7.92392847548
2016-11-29,47.2785042978,7.24054634408,7.36474972497
2016-12-15,47.2785042978,6.84050749502,6.92545034187
2016-12-31,47.2785042978,6.36619856517,6.45328057829
2017-01-16,47.2577990143,5.87171687751,6.06076591475
2017-02-01,47.2767038716,5.47066442418,5.57419184235
2017-02-17,42.9784442441,2.6133545788,2.77141356741
2017-03-05,47.2785042978,3.55722263923,3.69135720387
2017-03-21,47.2785042978,3.01258373835,3.09630522712
2017-04-06,47.2785042978,2.79070715668,2.90122358057
2017-04-22,47.2785042978,2.63766781775,2.75983094403
2017-05-08,47.2785042978,2.42341321594,2.54224360608
2017-05-24,47.2785042978,2.39010451617,2.45582129474
2017-06-25,41.1738222656,1.50153086565,1.7725117786
2017-09-29,47.2785042978,7.34839434121,7.861038185
2017-10-15,47.2785042978,7.36313368598,7.83314560255
2017-10-31,47.2334928713,7.36763534931,8.33728230972
2017-12-02,47.2785042978,7.1039086394,7.44316930715
2018-01-03,47.2731030043,6.40472483794,6.52565236244
2018-01-19,47.2785042978,6.01196917324,6.06457818269
2018-02-04,46.8833024211,5.23030309868,5.57701432408
2018-02-20,47.2785042978,4.76578294627,4.87402256315
2018-03-08,47.260499814,4.15047625148,4.3446862711
2018-03-24,47.2785042978,4.02354333589,4.0678668531
2018-04-09,47.2785042978,3.78498232502,3.85790131971
2018-04-25,47.2785042978,3.72466666853,3.77868071022
2018-05-11,47.2785042978,3.44523192286,3.54822183711
2018-05-27,47.2785042978,3.38485967958,3.46089909224
2018-09-16,45.5887537445,6.59579395864,7.27087577709
2018-10-02,47.2785042978,7.42613590651,7.88243572063
2018-10-18,47.2785042978,7.36912837022,7.83693011932
2018-11-19,47.2785042978,7.3804921302,7.96798524404
2018-12-05,47.2740031597,6.96761033326,7.3439603721
2018-12-21,47.2767038712,6.69513235964,6.77326858419
2019-01-06,46.7072876774,6.01600846519,6.35640249114
2019-01-22,47.275803598,5.94373567256,6.56786058162
2019-02-07,47.2785042978,5.46976494231,5.62601048669
2019-03-11,47.2785042978,4.19278748945,4.31431881038
2019-03-27,47.2785042978,4.15137641218,4.2143929026
2019-04-12,47.2785042978,3.91461582295,3.96862990358
2019-04-28,47.2785042978,3.79668550837,3.85340025264
2019-05-14,47.2785042978,3.64814739393,3.71386438423
2019-05-30,47.2785042978,3.50236627625,3.61393839564
2019-07-01,46.2774418838,2.03271048993,2.5048490135