Date,Rarea,NDWI,MNDWI
2013-04-13,753.904773449,150.768690411,159.493709493
2013-04-29,762.383151448,141.924138153,149.008213899
2013-10-22,756.351038519,241.867457281,262.141048377
2013-11-07,767.466016827,243.484707591,267.121197686
2013-11-23,768.386581323,243.84493145,258.709085946
2013-12-09,768.38626819,242.067589597,253.077113543
2013-12-25,768.38626819,239.545997531,271.913420416
2014-01-26,704.616220772,209.886158767,226.908689031
2014-02-11,768.386581323,213.587369466,223.455554598
2014-02-27,768.38626819,205.246229855,220.929085717
2014-03-15,768.386581323,189.430005419,197.754658019
2014-03-31,768.38626819,173.141223454,182.193386116
2014-04-16,713.597733714,105.025231719,113.950407743
2014-05-18,668.231055329,53.38162419,62.7070305416
2014-06-03,669.528347064,102.794299748,111.205138608
2014-09-23,711.907399972,206.607570835,232.592738979
2014-10-09,725.494811667,235.720139044,269.836580312
2014-11-10,768.386581323,239.842535126,254.940612793
2014-11-26,768.386581323,236.240429173,249.339819279
2014-12-28,768.38626819,227.899340339,234.903375398
2015-01-13,721.247153074,207.280358982,222.369008935
2015-02-14,768.38626819,201.320249,211.930245745
2015-03-18,760.996681713,177.623345232,187.906023538
2015-04-03,768.026402608,161.399907255,171.099793322
2015-04-19,733.04855089,115.907377772,124.996353875
2015-05-05,724.843328276,98.9410678793,106.225284911
2015-05-21,768.38626819,120.747937721,129.652408223
2015-09-10,696.990700295,189.532354546,209.147837741
2015-09-26,768.38626819,227.018990902,248.009666631
2015-10-12,768.38626819,226.658691827,243.508313706
2015-11-13,768.38626819,229.01996439,246.143528335
2015-12-15,768.38626819,225.898119913,235.183454468
2015-12-31,768.38626819,222.976417499,231.421322241
2016-01-16,768.346556968,220.271085602,278.192408193
2016-02-01,768.186168589,211.609910788,218.573993675
2016-02-17,763.625432853,199.836211779,213.4041671
2016-03-04,768.226188526,193.712834461,201.124065874
2016-03-20,768.386581323,182.826221255,189.109895197
2016-04-21,744.733428523,145.871187392,152.56939131
2016-05-07,643.871410145,49.0698800097,52.3917788886
2016-05-23,731.967355046,109.821482762,117.030542521
2016-10-14,768.386581323,238.962106141,264.32301732
2016-10-30,768.386581323,237.281667386,256.547758387
2016-11-15,768.38626819,233.782710148,247.590698007
2016-12-01,762.175529367,228.579895792,239.826369874
2016-12-17,768.386581323,225.7143902,236.292290369
2017-01-02,767.825940741,221.335573042,243.133972529
2017-01-18,737.097989484,198.29883061,231.988884843
2017-02-03,768.38626819,199.679403965,206.367128632
2017-02-19,768.38626819,189.553679023,196.961766269
2017-03-23,768.386581323,171.700019626,176.782998689
2017-04-08,768.386581323,162.734961947,168.698472021
2017-04-24,723.3229404,110.737922068,117.392309309
2017-05-26,768.266522015,128.908799641,135.953513114
2017-10-01,760.904869772,219.230524583,248.475977198
2017-10-17,768.38626819,226.578577077,240.226379007
2017-11-02,768.38626819,226.898746531,240.860489923
2017-12-04,696.474156797,218.910716138,234.976228965
2017-12-20,659.977813947,168.20420079,182.882177069
2018-01-05,768.386581323,221.431825954,234.822049735
2018-01-21,768.38626819,215.652217343,224.577443257
2018-02-22,768.386581323,205.679141404,213.227275458
2018-03-10,752.109714875,195.073581305,205.883696418
2018-03-26,768.18645548,198.555099462,203.421682606
2018-04-27,712.037754698,133.557978358,139.48522761
2018-05-13,694.347796976,104.690392927,112.669411372
2018-05-29,768.38626819,164.328286437,172.300763942
2018-09-18,715.515492211,227.090461361,255.009995131
2018-10-04,768.346247522,236.144062417,257.679604799
2018-10-20,768.226187569,229.980501382,246.583786534
2018-11-21,766.105011581,224.857666738,239.179642712
2018-12-07,734.971389629,213.587351681,285.992559225
2018-12-23,768.38626819,217.49337046,227.699290437
2019-01-08,768.38626819,213.130827159,254.871470074
2019-01-24,767.546113819,202.03704606,267.862437543
2019-02-09,768.38626819,192.512150465,202.524918788
2019-02-25,768.386581323,185.547827857,193.656269794
2019-03-13,767.105899058,177.463285404,188.213227345
2019-03-29,768.386581323,174.101378595,180.024819923
2019-04-14,768.386581323,168.77839963,174.221543458
2019-04-30,768.266209081,160.334044512,165.777195434
2019-05-16,766.145469565,152.56078599,159.253318755
2019-07-19,698.931871027,147.762389107,162.78389791