Date,Rarea,NDWI,MNDWI
2013-04-11,12.6644651795,0.808613667664,0.9238725
2013-05-13,12.6644651795,0.807713260132,0.890555537598
2013-05-29,12.6499024444,0.69605621344,0.828423794128
2013-09-18,12.0679506318,0.764491224854,1.4228031486
2013-11-05,12.6644651795,0.862641304565,1.17600123248
2013-11-21,12.6644651795,0.912166612976,1.09676076514
2013-12-07,12.6644651795,0.935578578369,1.07154788873
2014-01-08,12.6635647176,0.923872608582,1.23813290405
2014-02-09,12.6644651795,0.965293812134,1.04093229547
2014-02-25,12.6644651795,0.9508864599,1.15710216996
2014-03-13,12.6644651795,0.974298452698,1.05714056409
2014-03-29,12.6644651795,0.949085531494,1.0598419491
2014-04-14,12.6644651795,0.924773076233,1.00941619885
2014-05-16,12.2520556353,0.705961663818,0.787800957575
2014-06-01,12.6644651795,0.82482208551,0.879750086853
2014-10-07,12.6644651795,0.83832891156,1.11206866919
2014-10-23,12.6644651795,0.854537183044,1.11747142297
2014-11-08,12.6644651795,0.894157392883,1.11657092322
2014-11-24,12.6644651795,0.921171211304,1.12107320605
2014-12-10,12.6644651795,0.930175818481,1.18500578278
2014-12-26,12.6644651795,0.948185014893,1.15889245996
2015-01-11,12.6644651795,0.969796076721,1.10486490485
2015-02-12,12.6644651795,0.958990590637,1.14628601379
2015-03-16,12.6644651795,0.963492895752,1.04363367139
2015-04-01,12.6644651795,0.940080911133,1.01301805475
2015-04-17,12.6644651795,0.916668971619,0.983302864258
2015-05-03,12.6644651795,0.832926194702,0.909465180908
2015-05-19,12.6644651795,0.841030377563,0.904962939331
2015-06-04,12.6644651795,0.77799813208,0.868944537415
2015-06-20,10.4465875166,0.184594243042,0.397102700134
2015-09-08,10.3616851091,0.653734375793,0.930990764091
2015-09-24,10.4789786337,0.554684561951,0.747383157166
2015-10-10,12.6644651795,0.840129867859,1.10396462012
2015-10-26,11.6598404873,0.0,1.47315186749
2015-11-27,12.6644651795,0.877048750183,1.23182973596
2015-12-13,12.6644651795,0.903162076294,1.07244844305
2015-12-29,12.6644651795,0.925673619629,1.06794616895
2016-01-14,12.6644651795,0.90946529303,1.12467503961
2016-01-30,12.6644651795,0.914868050232,1.03192773474
2016-02-15,10.6980204063,0.240422917114,0.513629072762
2016-03-02,12.6644651795,0.903162084412,1.00041168951
2016-03-18,12.6644651795,0.867143719177,0.958990466492
2016-04-03,12.6644651795,0.853636850098,0.942782246948
2016-04-19,12.6644651795,0.788803697571,0.895057877197
2016-05-05,12.6644651795,0.803211093933,0.884252401306
2016-05-21,12.6644651795,0.624019467773,0.680748429688
2016-09-26,11.9880278146,0.625820782349,1.08934608293
2016-10-28,12.6644651795,0.833826631531,1.11116827979
2016-11-13,12.6644651795,0.872546469177,1.14988801685
2016-11-29,12.6644651795,0.924773187744,1.06794622601
2016-12-15,12.6644651795,0.933777785583,1.09766134131
2016-12-31,12.6644651795,0.947284686584,1.12107325549
2017-01-16,10.8481227079,0.150376886902,0.365586543274
2017-02-01,12.6644651795,0.933777774597,1.04903651837
2017-02-17,12.6644651795,0.920270850586,1.01391855078
2017-03-05,12.6644651795,0.901361202698,0.996809797424
2017-03-21,12.6644651795,0.886053378723,0.952687312622
2017-04-06,12.6644651795,0.837428567261,0.895057940002
2017-04-22,12.6644651795,0.682549392822,0.72667189801
2017-05-08,12.6644651795,0.546579927551,0.585299688843
2017-05-24,12.6644651795,0.48084624231,0.50786008197
2017-09-29,10.771856536,0.121562545105,0.194499943359
2017-10-15,12.6644651795,0.841930815125,1.11837204645
2017-10-31,12.6644651795,0.827523460754,1.09856182812
2017-11-16,12.6563610295,0.80411149585,1.35609323584
2017-12-02,12.6644651795,0.88245158667,1.12377456964
2018-01-03,12.6644651795,0.908564903625,1.17329987823
2018-01-19,12.6644651795,0.910365819824,1.0589415401
2018-02-04,12.6644651795,0.891456175293,1.05533969305
2018-02-20,12.6644651795,0.896858947693,1.01481907898
2018-03-08,12.6311481546,0.850035013611,1.04633509204
2018-03-24,12.6644651795,0.869845132324,0.934678126953
2018-04-09,12.6644651795,0.733875649963,0.814016586914
2018-04-25,12.6644651795,0.643829614441,0.67354477002
2018-05-11,12.6644651795,0.447529184021,0.494353172424
2018-05-27,12.6644651795,0.388098729614,0.432221325928
2018-10-02,12.6644651795,0.844632232056,1.1048650791
2018-10-18,12.6644651795,0.807713372192,1.10126319446
2018-11-03,12.6644651795,0.871646007751,1.09676082367
2018-11-19,12.6644651795,0.851835913879,1.14857789717
2018-12-05,12.644655097,0.84283127948,1.35410862002
2018-12-21,12.6644651795,0.90136122229,1.06974705334
2019-01-06,12.6626642627,0.903162137146,1.16339480975
2019-01-22,12.6644651795,0.8860534021,1.08145300342
2019-02-07,12.6644651795,0.881551078979,0.996809825928
2019-02-23,12.6644651795,0.89055572876,0.99680988385
2019-03-11,12.6644651795,0.861741002625,0.926574002991
2019-03-27,12.6644651795,0.737477485779,0.785201834595
2019-04-12,12.6644651795,0.596105235779,0.612313512695
2019-04-28,12.6644651795,0.425918085388,0.443026871521
2019-05-14,12.6644651795,0.33857340155,0.370089550232
2019-05-30,12.2925742043,0.0792404763794,0.132367635376
2019-06-15,12.6644651795,0.320564170532,0.344876636719