Date,Rarea,NDWI,MNDWI
2013-03-21,92.7250129783,8.20887573706,8.67409633472
2013-04-08,94.1681941077,7.1458703938,7.33345909473
2013-04-15,95.6438934629,7.95625535181,8.15635015723
2013-05-01,94.110666595,5.43256068262,5.71269308838
2013-05-17,95.4312928355,5.66767429565,6.00783493677
2013-11-09,95.6438934629,15.0521097749,17.7149332831
2013-11-25,93.4335277484,14.2142111802,16.889223852
2013-12-27,95.6438934629,14.8542416239,17.6115176743
2014-01-28,94.9635691531,14.2292195884,15.7899991316
2014-02-13,94.8610201624,14.3642835774,15.9098506361
2014-03-17,95.6438934629,13.4838672261,14.4073065023
2014-04-02,95.3587571817,12.243279678,12.7135027798
2014-05-20,86.7096702701,0.330154847656,0.552759606445
2014-06-05,88.7581419078,1.59575359082,1.88839147388
2014-09-25,95.6438934629,15.2146865295,18.1377897108
2014-12-30,95.6438934629,15.4422940073,18.5635278788
2015-01-15,95.6438934629,15.4623032231,18.3539888559
2015-01-31,95.6438934629,15.3147335513,17.6138563636
2015-02-16,95.6438934629,14.9320517302,16.6353916135
2015-03-20,90.6697017489,14.0891529102,15.4498002932
2015-04-05,95.6438934629,13.1236965872,13.4488506443
2015-04-21,91.0637297363,10.6750374524,11.1027396306
2015-05-07,89.940784753,6.54558480713,7.07833581372
2015-05-23,95.6438934629,8.60656238232,8.89920037524
2015-06-08,79.2542456158,0.235112169678,0.882667311169
2015-10-14,95.6438934629,15.0496078857,17.0105385107
2015-12-17,91.795678521,9.64955552588,11.78552772
2016-01-02,95.6438934629,10.0647509932,10.6390789437
2016-01-18,95.1386537584,9.71958920361,11.2558753717
2016-02-03,95.6138791326,9.87716218677,10.3302985018
2016-02-19,94.5458736126,9.12680815991,9.61207764016
2016-03-06,94.9835801124,9.28188147314,9.70208049023
2016-03-22,95.6438934629,9.3969354021,9.75960684106
2016-04-07,95.2437049168,8.7941514165,9.21935216626
2016-05-25,95.6413922693,8.01628373218,8.33393372046
2016-10-16,95.6438934629,15.672404947,18.6888370044
2016-11-01,95.6438934629,15.2497041516,18.8917468425
2016-11-17,95.5318215058,15.0371031753,19.3466472791
2016-12-03,94.6716714606,15.0070889888,19.1910203081
2016-12-19,95.6438934629,15.2872222664,18.9912039691
2017-01-04,95.6438934629,15.2772172336,19.9207006046
2017-01-20,95.6438934629,15.2271935454,19.0296936778
2017-02-05,95.6438934629,14.9295519771,17.3404123099
2017-02-21,95.6438934629,14.5093522769,16.9209204825
2017-03-09,81.7689045627,13.0886775464,15.199408858
2017-03-25,94.948560334,13.7264800857,14.8820284966
2017-04-10,95.6438934629,12.4833936292,12.9110962478
2017-04-26,95.4899123341,11.2077907234,11.542948563
2017-05-12,95.2662123865,9.30439029883,9.57952007788
2017-05-28,91.0141987754,4.18446704565,4.80225892407
2017-11-04,95.1896212145,12.0581919434,13.2576629138
2017-12-06,95.6438934629,11.390376967,11.9731522168
2017-12-22,95.6288863506,11.3753700354,12.5068327363
2018-01-07,95.4813169615,11.1977860195,13.0023245622
2018-01-23,95.6363898997,11.2578143147,12.0284896701
2018-02-08,95.6438934629,10.9901884414,11.3403534224
2018-02-24,95.6438934629,10.7850912522,11.2353038838
2018-03-12,92.8769438428,9.47197025,10.0572071619
2018-03-28,95.4963236014,10.3173705212,10.8176065557
2018-04-29,87.0098147769,1.18305764673,1.97843277612
2018-05-15,88.9957524444,1.29811153003,3.57918744043
2018-06-16,85.4315652425,0.202595605225,1.2580917854
2018-10-06,95.6238842166,15.147155719,19.2659835747
2018-10-22,95.6388911448,14.589390679,16.8770362533
2018-11-07,95.6413923086,14.4043027122,15.7627596667
2018-12-09,94.619213983,13.5639042927,19.5877971296
2018-12-25,95.6438934629,13.9590918828,14.6922517846
2019-01-10,95.6438934629,13.8515409375,15.018336252
2019-02-11,95.6438934629,12.836061436,13.976122515
2019-02-27,95.6413922891,11.9031197847,13.0608960172
2019-03-31,94.9460640459,9.67206599072,10.3924090381
2019-04-16,94.695944483,8.18636320728,8.67909653906
2019-05-18,95.6438934629,6.67565022119,6.87574465137
2019-06-19,89.581698914,1.70830276514,2.2364732384