Date,Rarea,NDWI,MNDWI
2013-04-29,30.3992040606,2.00475650873,2.1369687204
2013-09-04,29.8205357474,4.84958367548,5.88576721974
2013-09-04,29.0345324325,4.98989003436,6.14324911792
2013-11-07,30.2273560623,5.75528261993,6.42767125561
2013-11-07,29.6723900228,5.75618225732,6.44476021459
2013-12-25,30.3866124653,5.10680710864,5.41846388763
2013-12-25,28.7861453794,5.11220380914,5.41755075395
2014-01-10,28.8036590842,3.80896473279,4.25170643454
2014-01-10,29.2704680307,4.40347084253,4.94424811832
2014-01-26,30.194139757,3.86472484662,4.34714278877
2014-01-26,29.2816106395,3.99963597156,4.50274032289
2014-02-11,30.3992040606,3.02917674823,3.3358744353
2014-02-11,30.0154489574,3.03547273993,3.32238341174
2014-03-15,30.3992040606,1.91931337054,2.14956024811
2014-03-15,29.2906046329,1.91661523895,2.14236512219
2014-03-31,30.3992040606,1.68996626678,1.91571586871
2014-03-31,29.8612103549,1.68636876843,1.91931343781
2014-04-16,30.3992040606,1.57124558893,1.74482964032
2014-04-16,30.140106016,1.57214504907,1.73943338788
2014-05-02,30.3992040606,1.44532962048,1.59193161072
2014-05-02,29.6734010289,1.44353094226,1.59642868579
2014-09-23,29.9836730608,3.8899168764,6.27305741598
2014-10-09,28.615610789,5.04564868445,6.02459684799
2014-10-09,29.4367941048,5.15807636865,6.42909437156
2014-11-10,30.3749199669,5.03935134357,5.37393057782
2014-11-10,30.0046560667,5.04204961298,5.37876301393
2014-11-26,30.3992040606,4.53838085742,4.70117360828
2014-11-26,30.1843953536,4.54467683783,4.70567086145
2014-12-28,30.3992040606,2.66221990363,3.02587266764
2014-12-28,30.3992040606,2.6658176098,3.01838486865
2015-01-13,30.3983046704,2.10818771661,2.2964697579
2015-01-13,30.088857771,2.11268477948,2.30549218202
2015-01-29,30.3407433254,1.7592201333,1.99388977609
2015-01-29,30.1064897704,1.75832091888,2.00288387009
2015-02-14,30.3992040606,1.63240469995,1.73853394037
2015-02-14,30.3992040606,1.62790774664,1.73673526361
2015-04-03,30.3992040606,1.30952038043,1.42464333118
2015-04-03,30.3992040606,1.31041981409,1.42104589093
2015-04-19,30.3992040606,1.20159246069,1.39136565741
2015-04-19,27.0552149586,1.19979378369,1.38956688324
2015-05-05,30.3992040606,1.12874115253,1.30502341315
2015-05-05,28.0014464445,1.12424423041,1.30322475647
2015-05-21,30.3992040606,0.958754876892,1.06398447784
2015-05-21,30.241142289,0.958754902832,1.06668273761
2015-08-25,30.2096763891,4.98448962439,5.64768894154
2015-08-25,30.2193229168,4.98628873108,5.65307164075
2015-09-10,30.2454056277,5.33166172198,5.95617191223
2015-09-10,30.3992040606,5.37483342926,6.03172231836
2015-09-26,30.3844788286,5.19675005658,6.42263102941
2015-09-26,30.2603224757,5.19225339624,6.43675002182
2015-10-12,30.3992040606,5.3667392663,6.49880915915
2015-10-12,30.3992040606,5.36044361224,6.50150773166
2015-10-28,30.3992040606,5.38292781897,6.30424338868
2015-10-28,30.2621212715,5.39192217712,6.30514289978
2015-11-13,30.3956064837,5.18505544507,5.8578137868
2015-11-13,30.3938076445,5.19764745947,5.85871365967
2015-12-15,30.1869450646,4.31352928992,4.79048007201
2015-12-15,29.625326534,4.17052401337,4.61779439915
2015-12-31,30.3992040606,3.84044063239,4.10576616815
2015-12-31,30.3450390121,3.84853544751,4.0985710929
2016-01-16,25.5392769836,1.01631713812,1.54180366601
2016-01-16,28.1219562422,1.76461848914,2.80013903473
2016-02-01,30.3992040606,2.25299140961,2.74362895715
2016-02-01,29.9780444561,2.25928734125,2.75532136438
2016-02-17,30.3992040606,1.89413025891,2.07221179883
2016-02-17,30.3992040606,1.88873392487,2.0776084118
2016-03-04,30.3992040606,1.6683807215,1.87704168317
2016-03-04,30.0233742639,1.66748140155,1.86445014386
2016-03-20,30.3992040606,1.49839417603,1.65488970935
2016-03-20,30.0082537208,1.50558944708,1.65578919073
2016-04-05,26.6918659778,1.06668504938,1.6135215575
2016-04-05,27.6915104547,1.12784393762,1.96302585447
2016-04-21,30.3992040606,1.30412389355,1.45162534698
2016-04-21,29.7513633247,1.30322458838,1.44083262939
2016-05-07,30.3992040606,1.23936721893,1.36978010303
2016-05-07,28.1366777763,1.24566303839,1.36831636158
2016-05-23,30.3992040606,0.897595597717,1.14796367433
2016-05-23,30.1005499557,0.890400468201,1.14886315754
2016-10-14,30.3992040606,5.72920088794,6.44844129147
2016-10-14,30.2238561501,5.73549717993,6.46463095877
2016-10-30,30.3983046704,5.70491606116,6.68678453671
2016-10-30,29.9167898568,5.70131884613,6.68588563083
2016-11-15,28.4966339348,4.99617925409,5.87037775191
2016-11-15,29.9968295635,5.69052467902,6.95257419271
2016-12-17,30.3992040606,5.36223918781,5.5929493413
2016-12-17,30.2420416913,5.3685354068,5.60644087078
2017-01-02,30.2220215787,4.81809710205,5.27849221237
2017-01-02,30.0588565463,4.93052316168,5.40530890494
2017-01-18,29.4233515062,4.13814645117,4.70106057197
2017-01-18,29.5123264982,4.31532868054,4.94025978441
2017-02-03,30.3992040606,4.10666511688,4.50555043297
2017-02-03,30.3317878334,4.11206167725,4.49879290502
2017-02-19,30.3992040606,3.52025173138,3.69293776953
2017-02-19,30.3101457756,3.51845313098,3.69923384186
2017-03-07,30.3947071037,2.83580451923,3.16678560034
2017-03-07,30.2410012506,2.83850295685,3.16768525531
2017-03-23,30.3992040606,2.44996056635,2.64153343182
2017-03-23,30.3992040606,2.44096666321,2.64872880237
2017-04-08,30.3992040606,2.1450632666,2.29796164661
2017-04-08,29.9534819424,2.14146569928,2.29346470782
2017-04-24,30.3992040606,1.96428352643,2.12707525531
2017-04-24,29.8271494477,1.96428357715,2.1279746853
2017-05-10,29.0357224379,0.710524586182,0.863422873596
2017-05-10,30.3821154656,1.70975308337,1.88783444135
2017-05-26,27.989718897,0.0368753528442,0.106129407959
2017-05-26,27.9066740341,0.0314789678345,0.0962360636597
2017-10-01,30.3945696227,5.41800363751,6.21936273693
2017-10-01,29.9179715397,5.42699802716,6.2256589323
2017-10-17,30.3992040606,5.48635943304,6.21756478686
2017-10-17,29.2049955374,5.49445457593,6.22415381667
2017-11-02,30.3965058231,5.65634784357,6.35546656801
2017-11-02,29.2265812023,5.64915290436,6.36715937733
2017-11-18,30.3992040606,5.60328129688,6.03257860548
2017-11-18,30.0337720407,5.5987845675,6.03707603371
2017-12-04,30.3992040606,5.17696090344,5.64868434846
2017-12-04,30.3983046473,5.18415644922,5.65767866962
2017-12-20,30.3992040606,4.9889843371,5.27315495838
2017-12-20,29.4224324125,4.9817893382,5.26166062334
2018-01-05,30.273287838,4.66789607867,5.04309961808
2018-01-05,28.9248917607,4.430452284,4.78087809845
2018-01-21,30.3992040606,4.41875909534,4.56312630566
2018-01-21,30.3511655146,4.41156424768,4.57212046453
2018-02-22,29.9243194074,3.40153119916,3.7460035376
2018-02-22,30.3875118236,3.713624242,4.10306669537
2018-03-10,28.2927997076,1.88423587024,2.13175092454
2018-03-10,28.6471653932,2.24309773566,2.52241294418
2018-03-26,30.3992040606,3.01928279694,3.15419343152
2018-03-26,30.3992040606,3.01928279498,3.15779112482
2018-04-11,30.3992040606,2.76205333618,2.9536263349
2018-04-11,30.1776657264,2.76115406024,2.94103492334
2018-04-27,30.3992040606,2.54529735394,2.70089395538
2018-04-27,29.7967108606,2.54080040228,2.69909525775
2018-05-13,30.3992040606,2.13516993707,2.27008011499
2018-05-13,29.2382875779,2.13606935791,2.27008015527
2018-05-29,28.4565029161,0.322882575867,0.394834347412
2018-05-29,27.532040081,0.441602637451,0.511755597656
2018-06-30,30.3992040606,2.84839691431,3.59840607555
2018-06-30,28.6452768893,2.60375981396,3.02689924833
2018-09-18,30.3992040606,5.88568493285,6.39807465463
2018-09-18,30.3992040606,5.88208761364,6.40347113791
2018-10-04,30.3992040606,5.88388594042,6.4232576802
2018-10-04,30.3979590093,5.8856851281,6.43135257492
2018-10-20,29.9027386234,5.70132092767,6.17052665963
2018-10-20,29.7207248591,5.74449220813,6.3342172532
2018-11-21,29.8226862702,4.86576713446,5.48061694722
2018-11-21,30.0807348268,5.20034580377,5.86212982206
2018-12-07,30.12932684,4.8423813783,8.23018642104
2018-12-23,30.3983046791,4.70567043518,5.07465962614
2018-12-23,30.3992040606,4.71466467108,5.07735805027
2019-01-08,30.270588989,4.19030968542,4.81956329837
2019-01-08,29.7597310636,4.04910363153,4.65047604868
2019-01-24,28.3971379599,2.6676166087,3.14786844378
2019-01-24,29.2353799601,3.22075120374,3.81702635003
2019-02-09,30.3992040606,3.16498619202,3.41592045325
2019-02-09,30.3992040606,3.16048922443,3.4213171026
2019-02-25,30.3992040606,2.83760316217,3.09303387665
2019-02-25,30.3992040606,2.84479841418,3.09393331848
2019-03-13,28.6543700582,1.29243390955,2.09047552107
2019-03-13,28.4672983073,1.235773255,2.00383822611
2019-03-29,30.3992040606,2.28357099451,2.43826823132
2019-03-29,30.3897339146,2.28447048737,2.43736888922
2019-04-14,30.3992040606,2.06051949792,2.22331127069
2019-04-14,29.998628384,2.06501653815,2.22241199426
2019-04-30,30.3992040606,1.88243802258,2.02814101129
2019-04-30,30.3936771632,1.88423693549,2.03533631042
2019-05-16,30.3992040606,1.79159843781,1.89682834198
2019-05-16,30.0643093604,1.78800099762,1.89592899164