Date,Rarea,NDWI,MNDWI
2013-05-29,37.7761944698,2.14027583582,2.53444148193
2013-10-04,32.8498643235,4.3066437558,6.72026049736
2013-10-20,39.8570517945,5.17286751536,6.22222476083
2013-11-21,39.8570517945,5.29580455941,6.10105405105
2013-12-07,39.8516492743,5.3138129966,6.01670780819
2013-12-23,39.8561513743,5.27011637024,6.24127597131
2014-01-08,39.8543505533,5.16746911133,6.12782013039
2014-02-09,39.8570517945,4.9252573866,5.51137359104
2014-02-25,39.8570517945,4.84061822449,5.45290259888
2014-03-13,39.8570517945,4.86087587852,5.47638025284
2014-03-29,39.8570517945,4.73076725269,5.35295664459
2014-04-14,39.8570517945,4.49035566937,4.93538871563
2014-05-16,35.6378157866,0.652799509705,1.08698688731
2014-06-01,39.8570517945,3.67548036053,4.06046213846
2014-10-07,39.8462468058,4.91535297601,6.05382756737
2014-10-23,39.8570517945,4.98018326355,5.71897503444
2014-11-08,39.8543505463,4.86583023334,5.65417294879
2014-11-24,39.8552509671,4.79829873004,5.62826206926
2014-12-10,39.7048819148,4.74787528412,5.5588593826
2014-12-26,39.8570517945,4.76048118585,5.50206621319
2015-01-11,39.8516492743,4.73616991205,5.20591299925
2015-01-27,39.8570517945,4.60921098615,5.18714513252
2015-02-12,39.8570517945,4.54258016779,4.99278912537
2015-04-01,39.8570517945,4.13289056018,4.41111955054
2015-04-17,38.030105016,2.9447891019,3.26575704311
2015-05-03,39.8570517945,3.76552105743,4.24363793754
2015-05-19,39.8570517945,3.62775772815,4.11938486908
2015-06-04,38.6594970107,2.53015210327,2.88843169854
2015-08-23,32.8148960809,0.063929149292,0.449762590973
2015-10-10,39.8570517945,3.14423593323,3.71453417659
2015-11-11,39.6445526354,3.18205327228,3.4410873089
2015-11-27,33.6455397225,3.2387794715,3.72029840271
2015-12-13,39.8570517945,3.23067550751,3.4911013887
2015-12-29,39.8570517945,3.26062544928,3.40016966353
2016-01-30,39.8570517945,3.12082503162,3.26939372369
2016-03-02,39.8570517945,2.93263851752,3.48803057809
2016-03-18,39.8570517945,2.84259707086,3.07490372675
2016-04-03,39.8570517945,2.70573407782,3.02433176138
2016-04-19,39.8570517945,2.59408287122,3.05881524001
2016-05-05,39.8570517945,2.45361852649,2.69633482669
2016-10-12,39.8480475491,5.5600506524,6.41861419419
2016-10-28,39.8570517945,5.57580693744,6.15164389849
2016-11-13,39.6985774446,5.4844158056,6.22156841076
2016-11-29,39.8570517945,5.60597326422,5.97916311751
2016-12-15,39.8561513848,5.55825103436,6.2036564281
2016-12-31,39.8552509756,5.50332549292,6.20339159842
2017-02-01,39.8570517945,5.19988586377,5.73575390841
2017-02-17,39.8570517945,5.06842487103,5.3799700437
2017-03-05,39.8570517945,4.86853220245,5.13955851978
2017-03-21,39.8570517945,4.60470962988,4.86493097906
2017-04-06,39.8570517945,4.31207367957,4.52637357532
2017-04-22,39.8570517945,4.04014802478,4.31159376024
2017-05-08,39.8570517945,3.65927283588,3.92494836792
2017-05-24,34.8912751713,0.0666304828491,0.178281966492
2017-09-29,35.2442537447,4.72266264886,5.88731177422
2017-10-15,39.0020969376,4.25534973523,19.8724857329
2017-10-31,39.8570517945,5.40472737763,6.17168919745
2017-11-16,39.1258552928,5.04231023529,6.10882952157
2017-12-02,39.8147323961,5.44029573608,6.43140260951
2017-12-18,38.8624976618,5.21969521558,6.26019695353
2018-01-03,38.4473945727,4.7375197259,5.88806468088
2018-01-19,39.8570517945,5.37056869727,5.77268461619
2018-02-04,39.8570517945,5.17725838104,5.57476614545
2018-02-20,39.342911912,4.79997213619,5.56560355032
2018-03-08,39.2024464228,4.5227710802,5.13588328207
2018-03-24,39.8570517945,4.68484659216,4.94236669342
2018-04-25,39.8570517945,4.12343435236,4.36384569397
2018-05-11,39.8570517945,3.64756692651,3.97804830064
2018-05-27,37.2611654315,0.906714244873,1.18044032056
2018-10-02,32.4336636633,3.14783739307,4.00175786756
2018-10-18,39.827376717,3.07850562244,3.38367261769
2018-11-19,39.3771333243,2.27714085541,4.85184413996
2018-12-21,39.8570517945,2.8173854856,3.08287431532
2019-01-06,39.7985249516,2.67872192596,3.04946045993
2019-01-22,39.856151379,2.61029050214,2.9274275365
2019-02-07,39.8570517945,2.53195449994,2.7030332757
2019-02-23,39.8570517945,2.42390485669,2.65564656447
2019-03-11,39.8570517945,2.3176562207,2.44371405841
2019-03-27,39.8570517945,2.24922484424,2.38518728375
2019-04-12,39.8570517945,2.18439503119,2.28073929736
2019-04-28,39.8570517945,2.0169183042,2.15288066125
2019-05-14,39.8570517945,1.93137911633,2.05833720599
2019-05-30,39.8570517945,1.83053300928,1.92327537872