Date,Rarea,NDWI,MNDWI
2013-04-03,58.8024025838,11.4360080261,12.2839618582
2013-05-24,58.8024025838,8.30934962866,8.67204149731
2013-10-15,58.8024025838,16.372359094,19.0644733271
2013-10-15,58.8024025838,16.3698577217,19.0689264799
2013-10-31,58.8024025838,17.4512738161,20.0542685086
2013-10-31,58.8024025838,17.4508910403,20.0336691418
2013-12-18,58.3721745489,16.3261311224,18.7654453042
2013-12-18,58.1974741667,16.3361364585,18.7729493718
2014-01-03,58.8024025838,16.0487541759,18.765281739
2014-01-03,58.8024025838,16.0487540778,18.777788176
2014-01-19,58.8024025838,15.3858955062,18.932223706
2014-01-19,58.8024025838,15.3880827181,18.9306638146
2014-02-04,58.8024025838,14.8586224289,20.5469671471
2014-02-04,58.8024025838,14.8731595047,20.5738139784
2014-02-20,58.8024025838,13.617171156,21.2224077016
2014-02-20,58.8024025838,13.6371817688,21.1772375901
2014-05-11,53.2044799468,2.42377240234,3.40175040245
2014-05-11,49.7176546909,0.182597350098,0.845409658308
2014-06-12,58.0069840039,6.72351382617,7.24378849341
2014-06-12,50.2404326592,0.462745819092,0.77541165332
2014-10-02,58.8024025838,11.0257924348,12.8620959377
2014-10-02,58.8024025838,11.015787103,12.8687068377
2014-11-03,58.8024025838,9.40242870874,11.2061635167
2014-11-03,58.8024025838,9.38491929126,11.2136673734
2014-12-05,58.8024025838,8.50945640674,9.80510414488
2014-12-05,58.8024025838,8.51445883716,9.78509358629
2014-12-21,54.3800928843,2.84648939429,4.30726152832
2015-01-06,58.8024025838,8.49945249951,9.90269766919
2015-01-06,58.8024025838,8.49695114966,9.92270793335
2015-01-22,58.8024025838,8.13926147998,11.7070089787
2015-01-22,58.7823920845,8.1142483269,11.6574533241
2015-02-07,58.8024025838,7.48641730859,12.2230332692
2015-02-07,58.8024025838,7.50642784448,12.205523915
2015-02-23,58.8024025838,6.30329270459,10.1771783373
2015-02-23,58.8024025838,6.30829506274,10.1563046787
2015-03-11,58.8024025838,5.38781159448,8.52731857582
2015-03-11,58.7923973189,5.38030766064,8.52364011161
2015-03-27,56.5737300784,3.75695667725,5.94914607894
2015-03-27,56.6612749807,3.62939042358,6.02168607723
2015-04-28,56.3936522017,0.512767776611,3.1667778256
2015-04-28,58.7948987017,2.69890330029,5.49048449699
2015-05-30,58.8024025838,1.88347800635,4.70526818947
2015-05-30,58.8024025838,1.88097671924,4.72027600783
2015-07-17,55.8712141929,12.2839584663,14.6333374683
2015-07-17,56.7152179309,12.2689457966,14.7608987551
2015-09-03,55.8400115545,11.7511781248,15.1545337717
2015-09-03,55.6304565935,11.7386713601,15.0692129226
2015-10-05,56.7768660546,11.1383703459,17.449768731
2015-11-06,56.1262204085,11.5588468578,14.7102086624
2015-11-06,55.4012334182,11.5563453224,14.6018380362
2015-11-22,55.0361567887,11.023285522,13.9204919974
2015-11-22,56.8809613853,11.0783145054,14.504944479
2015-12-08,57.4621639385,10.9782639622,14.7481267737
2015-12-08,54.2667335856,10.7131256189,14.0676116806
2015-12-24,53.0456203003,10.1528282446,13.4077228085
2015-12-24,52.411484463,10.1053031362,13.3233343597
2016-01-09,54.6067856393,11.6361086064,14.8668935132
2016-02-10,57.9442618434,10.7256269045,16.4585796521
2016-02-10,51.3922015549,10.0652768789,12.3486371927
2016-03-13,58.8024025838,9.34739601099,11.8406799663
2016-03-13,58.8024025838,9.34239331226,11.870499681
2016-03-29,57.801873822,7.67901560376,8.82332943576
2016-03-29,56.1585078399,6.61345499707,7.49763088474
2016-04-14,51.7662324114,1.27817222974,1.70840031934
2016-04-14,58.8024025838,7.2938137439,7.79657953418
2016-04-30,58.6973481878,5.97312032642,6.26077195361
2016-04-30,58.6848417852,5.97312024219,6.24326290112
2016-05-16,48.9341548263,1.75591909424,2.01355442334
2016-06-01,52.9743040857,1.85847605786,2.08109352759
2016-06-01,53.003418114,1.56832433521,1.78593920581
2016-08-20,58.8024025838,11.3112556699,16.5346135661
2016-08-20,58.4747308081,11.0958286606,16.331947919
2016-10-23,58.8024025838,17.0625353099,18.7104701802
2016-10-23,58.8024025838,17.0600341268,18.7179739446
2016-11-08,58.8024025838,16.6115174696,18.6965508438
2016-11-08,58.8024025838,16.5940080116,18.7165222638
2016-11-24,58.8024025838,16.4959929798,18.3483616005
2016-11-24,58.8024025838,16.5060374042,18.3608681227
2016-12-10,58.8024025838,15.8311805069,18.3029040327
2016-12-10,58.8024025838,15.8233620239,18.2953604769
2016-12-26,58.8024025838,15.7231522245,18.493585905
2016-12-26,58.8024025838,15.7256533151,18.4948020861
2017-01-11,58.8024025838,15.1383062654,19.8732469275
2017-01-11,56.5561163594,14.9682126568,18.3439674713
2017-02-12,58.780283373,12.9217981328,21.9216684283
2017-02-12,58.410105544,12.8867790168,21.5936206764
2017-02-28,58.8024025838,11.7936969377,17.8481928948
2017-02-28,58.8024025838,11.7761877034,17.8238467262
2017-04-01,58.8024025838,9.09726394824,11.0758210222
2017-04-01,58.8024025838,9.09726391602,11.098332863
2017-04-17,58.8024025838,7.40887443188,8.84213283887
2017-04-17,58.8024025838,7.39386652856,8.83212766797
2017-05-03,58.8024025838,6.51840632471,7.19126103467
2017-05-03,58.7948986387,6.52591022607,7.17375174878
2017-05-19,58.8024025838,6.06066561353,6.65097601904
2017-05-19,58.8024025838,6.06066569653,6.63596807544
2017-08-23,52.7280561204,10.4092188551,13.6629559712
2017-08-23,52.9757879412,10.4167231513,13.7312771183
2017-09-08,50.0414387301,12.8742406444,18.0882470717
2017-09-08,48.2723813582,12.7291652901,17.7162588014
2017-11-11,58.8024025838,9.95768236461,12.325339067
2017-11-11,58.8024025838,9.93767160509,12.3128320106
2017-11-27,58.8024025838,10.1681481397,12.2753106144
2017-11-27,58.8024025838,10.1581426092,12.2502971825
2017-12-29,58.8024025838,10.5903636626,13.5330340856
2017-12-29,58.8024025838,10.5729720638,13.5105219067
2018-01-30,58.6750041219,9.87017670728,16.1891086824
2018-01-30,58.6224770084,9.88018200684,16.1415829111
2018-02-15,58.8024025838,9.23233735767,14.3618289554
2018-02-15,58.8024025838,9.22983590747,14.3247409434
2018-03-03,58.4972414334,8.02419675488,11.2384309484
2018-03-03,56.3306830605,7.70903075732,10.0168244538
2018-04-04,58.7999012923,5.72298676758,7.46140336841
2018-04-04,58.8024025838,5.72798923901,7.46140331543
2018-04-20,57.914440593,3.46180576807,5.46285647876
2018-04-20,58.8024025838,4.30474440405,6.32830674683
2018-05-06,54.2525321958,0.0250131433105,1.58333177295
2018-05-06,53.0769192276,0.0,0.585308325684
2018-05-22,56.1735361985,0.357687086914,2.83898702148
2018-05-22,52.4841076553,0.0,0.0875461464844
2018-09-11,58.799901262,16.947667349,20.6181624887
2018-09-11,58.789895948,16.9251552008,20.6606154384
2018-09-27,58.8024025838,15.8433747441,18.3684607021
2018-09-27,58.8024025838,15.8533798875,18.3717463346
2018-10-13,52.7456764444,13.3395363882,16.051299912
2018-10-13,52.5771950914,13.2594945107,16.0362898028
2018-10-29,58.8024025838,13.0918903169,14.9399929542
2018-10-29,58.8024025838,13.0943916025,14.9399930704
2018-11-14,58.8024025838,12.0513345452,13.8598073391
2018-11-14,58.8024025838,12.0438303125,13.8622688661
2019-01-01,58.8024025838,12.0463333567,14.9376367523
2019-01-01,58.8024025838,12.0321393447,14.9501041081
2019-02-02,53.9225562448,9.3599096853,16.4402094868
2019-03-06,58.8024025838,9.36990788013,14.7526550525
2019-03-06,58.8024025838,9.36490518091,14.7676231184
2019-04-07,58.4146990435,6.6759882063,7.45139963867
2019-04-07,58.8024025838,7.07119552783,7.82409504175
2019-04-23,58.4722321978,5.90308584839,6.19574012598
2019-04-23,58.67233549,6.12319967383,6.40584871509
2019-05-09,58.8024025838,5.16019319067,5.39781792383
2019-05-09,58.8024025838,5.16769702905,5.42032965308
2019-05-25,58.8024025838,4.89005108691,5.03012493872
2019-05-25,58.8024025838,4.90255757666,5.04013006592
2019-06-26,55.9218437018,2.76394109985,2.92652699707
2019-06-26,56.1618257295,2.72892279541,2.91390259475
2019-07-12,54.5376834903,1.01553336768,2.2684527507