Date,Rarea,NDWI,MNDWI
2013-04-03,122.216490974,19.6063466412,20.8322820235
2013-04-08,121.085629598,18.5261509194,19.7689720433
2013-04-15,120.939874628,18.7463191272,19.8096023286
2013-05-01,122.229000496,18.3785370317,19.5763234935
2013-05-17,98.6329019748,3.53970096531,4.34781805467
2013-05-24,122.229000496,16.3594951831,17.5854322224
2013-06-02,115.465061439,16.7598025928,17.7600073151
2013-06-18,102.186678361,14.1678201155,15.2555222478
2013-10-15,117.83859785,20.568483695,24.3571390683
2013-10-31,122.229000496,21.7749826468,25.5003628932
2013-11-09,114.269444185,20.5777153882,26.4111087758
2013-12-18,120.234986174,20.2399555525,23.9733028441
2014-01-03,122.229000496,20.4344789532,24.6269946308
2014-01-12,122.226498584,20.2743563008,24.371643941
2014-01-19,122.229000496,20.0992222986,24.1999361845
2014-02-04,122.229000496,19.9666204588,22.9364113943
2014-02-20,122.229000496,19.5488017627,21.7208041019
2014-03-08,119.774460683,17.8274850433,19.4712387681
2014-03-17,122.229000496,18.9258267437,20.1517619539
2014-03-24,122.221494768,18.31786292,19.881163607
2014-04-02,121.08831149,17.5428988891,19.5415329444
2014-04-18,116.889835582,16.9204336846,18.2425691699
2014-05-04,117.332771638,13.7675203608,14.4680554167
2014-05-11,105.974069143,4.31309537531,5.97617698588
2014-06-05,119.734600704,10.6656615935,11.8003911561
2014-06-12,108.878788717,0.743068456787,1.58320087351
2014-07-07,105.471617444,9.39719115674,10.4206609515
2014-10-02,118.167680818,16.0319417045,18.664915728
2014-10-18,104.096051794,14.4630465405,16.5047926992
2014-12-05,121.105640696,14.1778313359,15.8221654217
2014-12-21,122.229000496,14.9352839083,15.9397562005
2015-01-06,122.229000496,14.4899440376,15.2370725847
2015-01-22,122.183966047,13.7143516934,14.7895749972
2015-01-31,108.375879894,12.6616723616,15.4342655097
2015-02-07,115.099291303,9.94396653398,10.6302258042
2015-02-16,122.098900477,12.9112382903,13.6756752292
2015-02-23,122.229000496,12.5334500401,13.1378136311
2015-03-11,122.229000496,12.0330678794,12.6435331412
2015-03-27,119.797141119,9.38604487578,9.95858934264
2015-04-05,116.318305306,10.4374767529,10.9747590506
2015-04-21,99.8983552573,4.68057112058,5.0183292512
2015-04-28,107.736825053,1.65376251489,2.01403677222
2015-05-07,122.229000496,9.99463834178,10.6126100161
2015-05-23,122.229000496,9.24406482395,9.73694104197
2015-05-30,119.474393725,6.12969292456,6.97983246311
2015-07-17,104.961829917,13.0925096829,16.0973046362
2015-09-03,111.273887402,18.5636803298,24.8159006852
2015-10-14,121.446073815,19.0107338975,25.2971692171
2015-10-21,109.149520235,19.6762438936,25.633199316
2015-10-30,103.628654732,12.6121330427,18.4149028144
2015-11-06,112.534672389,20.157397862,24.7406880612
2015-11-22,122.229000496,19.8146356623,23.7194849563
2015-12-08,118.545083471,18.4335789814,22.470699315
2016-01-09,108.846358945,13.3351860752,16.1348210786
2016-01-18,122.229000496,18.8432653475,21.8245122508
2016-02-03,122.229000496,18.5455382603,21.369244007
2016-02-10,112.128429495,16.980281772,20.4233438819
2016-02-19,122.226498581,18.1927688099,20.0996941303
2016-03-06,122.229000496,17.4321882061,19.0284053848
2016-03-13,120.824464744,16.5189910247,18.2758609286
2016-03-22,122.229000496,16.7791902176,17.7480563528
2016-03-29,120.397601692,14.9002545821,15.9210334197
2016-04-07,122.229000496,16.2719301416,16.9824722517
2016-04-14,104.080132952,2.77661469041,3.15940730418
2016-04-23,122.229000496,15.5613879016,16.041754675
2016-04-30,122.229000496,14.8858717387,15.4913341719
2016-05-16,99.5049005992,8.32336083689,9.79198468089
2016-05-25,104.490438923,0.392290494364,0.594945128885
2016-06-01,105.969075553,1.49813809031,1.74332522752
2016-08-20,105.903361812,15.5668955723,20.6622696962
2016-09-05,107.455813764,18.9840075122,26.3113852133
2016-10-16,122.229000496,23.2487746582,26.3957428821
2016-10-23,122.229000496,23.1033503973,26.2554020338
2016-11-01,122.229000496,22.8106264515,26.2503577006
2016-11-08,121.066642186,21.9124407647,25.0742255565
2016-11-17,122.106406577,22.0868751794,31.0412099972
2016-11-24,120.149014642,21.3861414357,24.1051180013
2016-12-03,102.387317868,17.910352523,20.9279115582
2016-12-19,122.229000496,22.739050825,24.632131659
2016-12-26,119.807144794,21.7579855652,24.3382604093
2017-01-04,122.229000496,22.4109866634,25.4345327285
2017-01-11,121.189035107,21.9106039725,27.196119626
2017-01-20,122.216490919,21.9381259502,24.1053422832
2017-02-05,122.086390553,21.3351656851,24.1382222856
2017-02-21,122.229000496,20.5195430669,21.7980194825
2017-02-28,122.229000496,20.3444098687,21.1550285464
2017-03-25,122.229000496,18.9965085718,19.6738980894
2017-04-01,112.459750485,10.9297219407,12.0235670988
2017-04-10,122.229000496,18.1358521116,18.8513982834
2017-04-17,122.229000496,17.1676136072,17.9181863454
2017-05-03,105.035865254,3.36706626097,3.84493083152
2017-05-12,122.216490933,16.8398634614,17.300214666
2017-05-19,122.229000496,15.9742033315,16.6246997602
2017-07-22,103.398978225,7.58079407959,13.2989236544
2017-08-23,110.96839572,20.7490501758,28.300377217
2017-11-04,122.229000496,20.3900746499,24.0812820777
2017-11-27,119.483112308,18.1633699179,22.0096954783
2017-12-06,122.229000496,19.9272201699,24.1363219033
2017-12-22,122.229000496,20.1792849615,23.5833998928
2017-12-29,121.686268304,20.0867142161,23.2602522248
2018-01-07,122.229000496,19.9666222652,24.478076956
2018-01-23,122.229000496,19.904702166,23.6535382073
2018-01-30,108.812166791,18.7368177004,22.0035784291
2018-02-08,122.229000496,19.563814471,21.7150078948
2018-02-24,122.229000496,19.188528066,20.704685795
2018-03-03,122.193973821,18.9883757044,20.4119626517
2018-03-19,112.245773509,16.0636465398,16.921803138
2018-03-28,122.229000496,17.9582166438,18.9483450652
2018-04-13,122.229000496,17.1901306072,17.9006728979
2018-04-20,114.733271029,9.43920689671,10.2191750511
2018-04-29,104.689872902,3.43512967358,3.80283243133
2018-05-15,122.226498592,15.5388700696,16.5596496457
2018-06-16,110.940362089,5.51921155444,7.74751261449
2018-09-11,122.201479633,21.7536158428,27.0538754506
2018-10-06,121.467572555,21.5264515613,24.9772412132
2018-10-13,109.486249444,21.4809052505,24.846848317
2018-10-22,122.176460358,21.4408761784,24.6032112278
2018-10-29,122.226498599,21.4608918025,23.925232937
2018-11-07,119.892206243,20.512663803,23.9252019107
2018-11-14,122.229000496,21.173170841,23.1918978736
2018-12-25,105.37523445,20.6371337842,25.1859706497
2019-01-01,121.921263739,20.5845943011,22.5784822371
2019-02-02,116.488406483,19.0070256326,22.8809044182
2019-02-11,107.637239484,17.7035305698,22.3413757248
2019-03-06,122.143935533,17.8074747469,18.9108179515
2019-03-15,122.211487134,17.4622113111,18.4154391778
2019-03-31,122.229000496,16.6397111982,17.5497784527
2019-04-07,116.959976401,11.2849938458,11.9505018414
2019-04-16,122.229000496,15.7840582163,16.2068806338
2019-04-23,122.229000496,15.2811739333,15.7940653174
2019-05-09,122.229000496,14.0677475405,14.705734906
2019-05-18,122.229000496,14.2453835871,14.9008841128
2019-05-25,122.229000496,13.6124004265,14.3654753498
2019-06-19,122.229000496,13.074489936,13.3697152607
2019-08-29,120.529950876,20.9175046214,27.4231680896