Date,Rarea,NDWI,MNDWI
2013-04-03,38.966320308,2.32070555566,2.67639308871
2013-04-08,38.966320308,2.23695471661,2.6512059776
2013-05-24,38.966320308,0.0261158959351,0.613271295349
2013-10-15,38.966320308,3.58864592678,4.42853224464
2013-10-31,38.9654197585,3.54004465283,4.73596894053
2013-12-18,38.5572858385,3.4409842995,4.61080459476
2014-01-03,38.966320308,3.44728813483,4.47097183942
2014-01-19,38.966320308,3.43197887903,4.41232232481
2014-02-04,38.966320308,3.40763618539,4.13840255601
2014-02-20,38.966320308,3.30950517865,3.86704517432
2014-03-08,38.966320308,3.07806489301,3.54464598965
2014-03-24,33.4675539884,1.19682465967,1.9799453478
2014-04-25,36.6032890612,0.0225135963135,0.0918557746582
2014-05-11,38.710565416,1.45708215192,1.93794643392
2014-06-12,38.966320308,1.09596313867,1.72004157581
2014-11-03,38.9540692964,3.26627853723,4.06396032091
2014-12-05,38.4593463819,2.68452567291,3.90536141937
2015-01-06,38.966320308,2.06765220099,2.49956154589
2015-01-22,38.966320308,1.37510429061,2.01053321063
2015-02-07,38.966320308,0.991471925012,1.30950253103
2015-02-23,38.966320308,0.280069723389,0.603337547083
2015-03-11,38.966320308,0.0801204712771,0.573619794397
2015-03-27,38.2521890404,0.0189115039062,0.185484525049
2015-04-28,38.9564142177,0.143186606506,2.001913677
2015-05-30,38.966320308,1.24095102075,1.51831949414
2015-10-05,36.4437904733,0.0,4.55161714243
2015-10-21,32.8904452466,2.64039831012,3.43735368716
2015-11-06,38.1602761602,2.45398652563,3.0530449649
2015-11-22,38.966320308,1.97039318713,2.46476557656
2015-12-08,36.068518148,1.89654834985,2.49347091074
2015-12-24,38.8834700796,1.80289157983,2.31662050656
2016-01-09,38.966320308,1.73445009381,2.16019704526
2016-02-10,38.7862109022,1.4561813446,1.83907593841
2016-03-13,38.966320308,1.38683940015,1.63085922152
2016-03-29,38.966320308,1.13018395453,1.42373368771
2016-04-14,38.9618175841,1.0023064978,1.20673050403
2016-04-30,38.966320308,0.899644258301,1.06894701324
2016-08-20,38.8618572692,3.24556618402,7.20151571066
2016-09-05,37.6840038969,3.81921542975,7.33926994852
2016-10-23,38.966320308,3.45899555225,3.99694387743
2016-11-08,38.966320308,3.36263714825,3.94016349959
2016-11-24,38.966320308,3.20504174701,3.6517099497
2016-12-10,38.966320308,3.04384398022,3.68878808185
2016-12-26,38.9465083205,3.0105238222,3.61102672242
2017-01-11,38.9609170268,2.9123642522,3.64804435528
2017-02-12,38.966320308,2.62509019635,4.19443842438
2017-02-28,38.966320308,2.51342253815,3.63503181708
2017-03-16,32.0807595927,1.36522645892,1.8316887337
2017-04-01,38.966320308,2.1009723623,2.45575936373
2017-04-17,38.966320308,1.75156053192,2.05234295856
2017-05-03,38.966320308,1.47149077063,1.77317368958
2017-05-19,38.966320308,1.17250958307,1.50751273431
2017-08-23,33.0903123856,2.79979420453,5.29705310269
2017-09-24,35.7126257225,3.157311862,4.30733477296
2017-11-27,38.966320308,3.4067640531,3.78946857583
2017-12-29,38.966320308,3.35360359286,3.82562829403
2018-01-30,37.3459608342,3.12579366772,4.3108059196
2018-03-03,38.966320308,2.78088467657,3.48656421009
2018-04-04,35.8516249885,0.773568509338,1.01221244427
2018-04-20,38.966320308,1.98029924719,2.24956261176
2018-05-06,38.386416867,1.50300979675,1.91095731549
2018-05-22,38.966320308,0.926660754272,1.66330712579
2018-07-25,35.6258495252,0.49890283252,5.27984220466
2018-09-11,38.9609170505,3.71925375897,5.26553087515
2018-09-27,36.4233970452,3.25457259595,4.56426922524
2018-10-29,38.966320308,2.37293770398,2.76104538455
2018-11-14,38.966320308,0.371025247314,0.953650618189
2019-01-01,38.966320308,1.16890796466,1.63176142477
2019-03-06,38.966320308,0.887937336914,1.18421735901
2019-04-07,38.966320308,0.521415351868,0.74472263125
2019-04-23,38.966320308,0.441267006165,0.640287638306
2019-05-09,38.966320308,0.0657397979126,0.378229008362
2019-05-25,38.966320308,0.0423256652832,0.234141857361
2019-07-12,38.966320308,0.0,0.293983964699