Date,Rarea,NDWI,MNDWI
2013-04-03,79.8005233192,0.392575565186,0.472591161621
2013-05-24,77.4961846986,0.545110752441,0.697640283936
2013-10-15,89.898066096,10.0776918759,13.3233117995
2013-12-18,82.422328414,9.55385085824,10.6238818087
2014-01-03,90.5785724657,11.3049678817,13.7032063486
2014-01-19,79.5944706272,10.3314584405,22.6715806729
2014-02-04,90.5910749085,11.0853466558,24.3654458852
2014-03-24,90.3610323924,10.4119043938,11.179504606
2014-04-25,78.6428203998,0.913501832183,1.19855394133
2014-05-11,80.8791958573,0.173347041655,0.330250315878
2014-05-27,90.5485668138,7.35142881909,7.81740937814
2014-10-02,89.7537331654,10.8491399117,17.4068226744
2014-12-21,90.5910749085,10.977636668,12.6831062721
2015-01-06,90.5910749085,10.5509952883,14.7781412397
2015-01-22,90.5910749085,10.6600737586,22.2475868434
2015-02-07,88.8518672559,10.8498776687,20.0814839135
2015-02-23,90.5910749085,11.0649974089,12.7252854344
2015-03-11,90.586073909,10.5415425704,11.1295877172
2015-03-27,90.2660152611,9.60636179354,10.359047431
2015-04-28,73.4430814608,5.56057674862,6.05071160384
2015-05-14,86.481283445,7.14388673169,8.27476775471
2015-05-30,90.5810729749,6.97135402075,7.1363854978
2015-07-17,90.0309853841,5.87614145142,6.37033555296
2015-08-02,90.0184663568,5.15100276709,5.54357914014
2015-09-03,82.0399946089,6.28825963289,9.84119507513
2015-10-05,90.3935409227,7.57897157227,11.803826401
2015-10-21,90.5910749085,7.4076459627,8.36134047549
2015-11-06,90.5910749085,7.17072430208,7.52453598657
2015-12-08,90.5910749085,7.95767187067,8.26194432069
2015-12-24,88.3416671363,6.75989836505,7.1092188473
2016-01-09,90.5910749085,7.32754738336,10.9431575595
2016-02-10,89.8709366751,5.83273180955,7.45438376955
2016-03-13,90.5885744459,10.7541213297,11.197205692
2016-03-29,90.4835551915,10.3915531551,10.8691449161
2016-04-14,84.1598468297,2.91260822103,3.20516421126
2016-04-30,90.5910749085,7.94654274756,8.11106345247
2016-06-01,81.7243578858,0.155031443359,0.267553125244
2016-08-20,88.0130867118,6.86111041986,10.4167933575
2016-10-23,90.5910749085,9.20040985975,10.0722294764
2016-11-08,90.5885744352,10.9306337328,11.9470172971
2016-12-26,90.5592354892,11.4627665597,13.1457006765
2017-02-12,88.6473985238,10.4656684068,13.4730433845
2017-02-28,90.5910749085,11.2694130272,12.4370488732
2017-03-16,78.8323864264,7.73626765136,9.08437567677
2017-04-01,90.5910749085,7.7275135281,8.17404058044
2017-04-17,90.5910749085,7.04546746629,7.45749954166
2017-05-03,90.5910749085,9.7680269715,10.3114893255
2017-05-19,77.8163109633,0.897677797852,1.30959352205
2017-07-22,76.297588441,1.25525189478,1.52450218702
2017-08-07,85.6326288841,3.30709996795,5.55471701526
2017-09-24,83.5179175188,7.35345457796,9.44902712562
2017-10-10,87.9691728189,7.47500530861,14.3438461088
2017-10-26,84.2212222482,7.44948285435,8.63677089238
2017-11-27,86.4713877416,10.049987621,12.3089302247
2017-12-13,88.2006115313,10.774588975,13.103036287
2017-12-29,90.5860739835,11.2325689694,15.5405664346
2018-01-14,80.1992693133,10.8706650966,20.4188429703
2018-01-30,86.595501056,11.0681650574,24.0682091086
2018-02-15,79.8135772246,6.33284327018,8.11412155017
2018-03-03,90.5685708375,10.848750028,11.843539868
2018-04-04,90.5810730123,10.5920635515,11.7775268019
2018-05-06,90.5910749085,7.41644029102,7.73400187476
2018-09-11,90.5535679461,10.9541609356,26.3597233809
2018-10-29,90.5910749085,10.8630854024,12.2602674884
2018-11-14,90.5910749085,10.9281766788,11.6658190579
2019-01-01,90.5710711891,11.0994244245,12.8501851224
2019-01-17,88.767943813,11.0430003286,25.1409100081
2019-02-02,90.5760719618,10.8541414076,26.9290907249
2019-03-22,90.5285631253,8.25109369344,8.68871751155
2019-04-07,90.2560103868,9.51637883675,10.003972315
2019-04-23,90.5910749085,10.8441401451,11.3342367259
2019-05-09,87.922029783,7.76103585115,8.10360230135
2019-05-25,90.5910749085,7.78103841878,8.068593816