Date,Rarea,NDWI,MNDWI
2013-05-06,14.9616109873,0.775853483154,0.804655505432
2013-05-06,14.9616109873,0.773153261719,0.801955263367
2013-05-22,14.9616109873,0.617442175171,0.75695213678
2013-05-22,14.9616109873,0.614741992615,0.758752232056
2013-09-27,12.2441713041,0.841557965332,0.881160777405
2013-10-29,13.9615248562,0.760553617065,1.15169847567
2013-10-29,13.6703893203,0.755153249878,1.106694988
2013-11-14,14.9616109873,1.16108144275,1.35492759897
2013-11-14,14.9616109873,1.16288154346,1.35402748178
2013-12-16,14.9616109873,1.17024767355,1.28639147549
2013-12-16,14.9616109873,1.164847306,1.27829083547
2014-01-17,14.9616109873,1.0235650725,1.19716125874
2014-01-17,14.9616109873,1.02086487017,1.19762362869
2014-02-02,14.9616109873,1.00646392693,1.06977556301
2014-02-02,14.9616109873,1.00286366002,1.06707535147
2014-02-18,14.1507536119,0.816551285756,0.913758379506
2014-02-18,14.2441130969,0.8363525714,0.942560313222
2014-03-22,14.9616109873,0.889261433777,0.917442311671
2014-03-22,14.9616109873,0.888361352234,0.910397070866
2014-04-07,14.9616109873,0.824456806152,0.845158363708
2014-04-07,14.9616109873,0.828057058228,0.846058386597
2014-04-23,14.9616109873,0.774953340637,0.78575411969
2014-04-23,14.9616109873,0.774053248108,0.778553587158
2014-05-25,14.9616109873,0.780353700806,0.902762376282
2014-05-25,14.9616109873,0.777653521973,0.905462540222
2014-06-10,13.1839865245,0.0450033712158,0.522039259827
2014-06-26,14.9616109873,1.13677947314,1.29789164386
2014-06-26,14.9616109873,1.13587941101,1.29789162909
2014-09-30,14.4601950345,1.68852162299,1.91930526216
2014-09-30,14.7381790814,1.68042089374,1.92788584282
2014-11-17,14.9616109873,1.69932249707,1.98616859532
2014-11-17,14.9616109873,1.69392207233,1.99156893126
2014-12-03,14.9616109873,1.74284690473,1.95334259622
2014-12-03,14.9616109873,1.73744647193,1.95244238894
2015-01-04,14.9616109873,1.7212029479,2.13671529786
2015-01-04,14.9616109873,1.72030285946,2.13941553266
2015-02-05,13.9004408433,1.1181056161,1.18645443918
2015-02-05,13.9890598468,1.17840979274,1.24585849099
2015-02-21,14.9616109873,1.65202486545,1.70221686437
2015-02-21,14.9616109873,1.65001292125,1.69861657744
2015-03-09,14.9616109873,1.60481542383,1.80791605938
2015-03-09,14.9616109873,1.60931571826,1.79981541229
2015-03-25,14.6699892039,1.33029582147,1.50629993229
2015-03-25,14.9616109873,1.62191758148,1.78532062632
2015-04-10,14.9616109873,1.49140687714,1.55621179834
2015-04-10,14.9616109873,1.49410702869,1.55531169861
2015-04-26,14.9616109873,1.44820354327,1.54721102472
2015-04-26,14.9616109873,1.44730346484,1.54631096216
2015-05-12,14.9616109873,1.36179695343,1.52290906537
2015-05-12,14.9616109873,1.35999680634,1.52290906006
2015-06-13,13.9454573972,1.37979872095,1.59941506708
2015-06-29,13.6302496205,1.33209527783,1.58224335564
2015-06-29,12.8815757776,1.11158045874,1.33112655712
2015-09-01,14.1821538957,0.323122182678,1.08277797449
2015-09-01,12.12463489,0.0,0.30332399115
2015-10-19,14.3315532338,1.96754342377,2.23865842083
2015-10-19,14.3450544726,1.96124293188,2.23055769628
2015-12-22,14.9616109873,2.08564791295,2.46704397596
2015-12-22,14.9616109873,2.09192015298,2.47064431831
2016-01-07,14.9616109873,2.11082115292,2.38512307069
2016-01-07,14.9616109873,2.10632075454,2.38332289564
2016-02-08,14.6582879072,1.83973357129,2.10755543685
2016-02-08,14.9562105969,1.96785056078,2.25876692172
2016-02-24,14.9616109873,1.87884226481,1.94883586937
2016-02-24,14.9616109873,1.87524199241,1.95333617809
2016-03-27,14.9616109873,1.74882611859,1.75345384285
2016-03-27,14.9616109873,1.73982544226,1.75615403572
2016-04-12,14.9616109873,1.65431922235,1.67862109106
2016-04-12,14.9616109873,1.65071897705,1.67862108899
2016-04-28,14.9616109873,1.55081142255,1.57781350537
2016-04-28,14.9616109873,1.55891199591,1.57781351929
2016-05-14,14.9616109873,1.40770037079,1.45000359027
2016-05-14,14.9616109873,1.41310072894,1.45270375891
2016-05-30,14.9616109873,1.40049968799,1.42210138129
2016-05-30,14.9616109873,1.40229982751,1.4230014184
2016-10-21,14.9616109873,0.997269037231,1.04066639275
2016-10-21,14.9616109873,0.994568840881,1.0433666129
2016-11-06,14.9616109873,1.01930480396,1.07067556027
2016-11-06,14.9616109873,1.0184047417,1.07337575387
2016-11-22,14.9616109873,1.02433811545,1.0958773793
2016-11-22,14.9616109873,1.0225097599,1.10037764364
2016-12-08,14.9616109873,0.999390414008,1.11400224156
2016-12-08,14.9616109873,0.999390421027,1.11040190666
2016-12-24,14.9616109873,1.02477223507,1.07950686508
2016-12-24,14.9616109873,1.02477220919,1.07860676346
2017-01-09,14.9616109873,0.965932691495,1.14122673261
2017-01-09,14.9616109873,0.959632288296,1.1475271872
2017-01-25,14.9616109873,0.930830351468,1.00137072909
2017-01-25,14.9616109873,0.929030212918,0.995970311366
2017-02-10,14.9616109873,0.882255157399,0.926330101895
2017-02-10,14.9616109873,0.882226887295,0.923629888394
2017-02-26,14.9616109873,0.804161309301,0.8165504912
2017-02-26,14.9616109873,0.803049462636,0.818350583546
2017-03-14,14.9616109873,0.742085036747,0.75194343872
2017-03-14,14.9616109873,0.742985090336,0.750143300048
2017-03-30,14.9616109873,0.65164449176,0.688674205704
2017-03-30,14.9616109873,0.649844348083,0.6903472099
2017-04-15,14.9616109873,0.591340223328,0.629142896545
2017-04-15,14.9616109873,0.591340180115,0.623742498047
2017-05-01,14.9616109873,0.545436906799,0.570638737793
2017-05-01,14.9616109873,0.54723701532,0.571538802612
2017-09-22,13.8016501513,0.826257006531,1.06702821636
2017-09-22,13.5403104288,0.828057134338,1.05737094459
2017-12-11,14.9616109873,1.17474809848,1.31446309939
2017-12-11,14.9616109873,1.17564814492,1.31806329678
2017-12-27,14.9360881482,1.11987224926,1.74001907829
2017-12-27,14.9363458534,1.1171720288,1.75076342013
2018-01-12,12.6148280528,1.06837427173,1.73677407901
2018-01-12,13.4618871722,1.0773748916,1.85551719114
2018-01-28,14.9616109873,1.07846921306,1.31649938014
2018-01-28,14.9616109873,1.07666905224,1.31379923292
2018-02-13,14.950810256,1.00176943939,1.21190157459
2018-02-13,14.9616109873,1.00176941412,1.22213758081
2018-03-01,14.9616109873,0.988674432226,1.01906490899
2018-03-01,14.9616109873,0.984174107641,1.01996499193
2018-03-17,14.9607109117,0.949692765335,0.985074179113
2018-03-17,14.9616109873,0.95419307222,0.983274050451
2018-04-02,14.9616109873,0.882960991699,0.915490360428
2018-04-02,14.9616109873,0.87846065979,0.91459030983
2018-04-18,14.9616109873,0.861359428101,0.860459387878
2018-04-18,14.9616109873,0.857759159668,0.859559314514
2018-05-20,14.9616109873,0.578739660095,0.810055831604
2018-05-20,14.9616109873,0.576939525391,0.808255702332
2018-06-05,13.7500283438,0.733550446472,0.869908435533
2018-06-05,14.4564864934,0.738950756104,0.983553285312
2018-09-09,14.3373284587,0.695747606628,0.739077566238
2018-09-09,14.3359340373,0.696647669556,0.737277417923
2018-10-27,14.9616109873,0.873960351624,0.935358998402
2018-10-27,14.9616109873,0.873060283386,0.938959231984
2018-11-12,14.9616109873,0.882060920654,0.976168744167
2018-11-12,14.9616109873,0.882960987976,0.978868950038
2018-11-28,14.9598108361,0.903884878493,1.03977353811
2018-11-28,14.9598108361,0.900284600417,1.04671993848
2018-12-30,14.2408798827,0.91105712798,1.39539403276
2018-12-30,14.1026578836,0.913729062771,1.45735323671
2019-01-15,14.9616109873,0.907428694668,1.01971806501
2019-01-15,14.9616109873,0.902028308438,1.02170172089
2019-01-31,14.9616109873,0.839952166615,0.948267165859
2019-01-31,14.9616109873,0.841752284474,0.947367079372
2019-02-16,14.9616109873,0.787960207555,0.821022651578
2019-02-16,14.9616109873,0.790448616078,0.822822751248
2019-03-04,14.9616109873,0.714913728622,0.72585574613
2019-03-04,14.9616109873,0.70951335411,0.72315556394
2019-03-20,14.9616109873,0.650744431946,0.678349995198
2019-03-20,14.9616109873,0.651644498596,0.682807943008
2019-04-05,14.9616109873,0.602140957397,0.618469188248
2019-04-05,14.9616109873,0.599440762756,0.615768988113
2019-04-21,14.9616109873,0.540936643616,0.555337683167
2019-04-21,14.9616109873,0.53643634021,0.554437610779
2019-05-07,14.9616109873,0.474331985107,0.497733608948
2019-05-07,14.9616109873,0.474331977966,0.497733615356
2019-05-23,14.9616109873,0.453630516602,0.485132695129
2019-05-23,14.9616109873,0.451830381653,0.483332572571
2019-09-28,14.960936801,0.415827873474,0.475231985474
2019-09-28,14.960936801,0.414927793945,0.476132040771