Date,Rarea,NDWI,MNDWI
2013-04-20,218.833663398,20.5773975896,21.4978972961
2013-05-06,219.090259012,9.41751120898,20.0967800481
2013-10-29,176.237421201,36.6221399828,46.338589639
2013-11-21,219.090259012,44.3361774303,51.8370197925
2013-11-21,215.477661408,44.276129653,51.8170038628
2013-11-30,208.512074579,43.5364812279,53.8039618272
2013-12-07,219.083665561,43.6365616107,53.0138034007
2013-12-16,219.090259012,43.3562992465,49.9173347768
2013-12-23,219.080251015,42.5456922318,50.150071235
2013-12-23,210.884205746,42.5256763334,50.0800156461
2014-01-01,219.090259012,41.7240964177,48.8433834882
2014-01-08,219.090259012,41.8350873666,46.9672596869
2014-01-08,211.889632532,41.8551032465,46.8671799486
2014-02-02,219.090259012,38.5116932791,43.9428108061
2014-02-09,219.090259012,37.4316171928,43.2735750456
2014-02-09,212.982658247,37.4516332436,43.223535241
2014-02-18,219.090259012,35.7803008422,39.4564507362
2014-02-25,205.68399242,33.8687777299,36.766933783
2014-02-25,199.348757615,33.7686979457,36.4020150922
2014-03-06,194.881833498,32.8156227461,34.601321748
2014-03-13,219.090259012,33.1982431635,33.6488388217
2014-03-13,212.099171617,33.1482033402,33.5887910532
2014-03-22,186.346916445,26.7423077557,30.3428659946
2014-03-29,219.090259012,29.2941905827,30.3403982005
2014-03-29,214.830126979,29.2341427155,30.2903583187
2014-04-07,218.309635919,24.8107721385,27.812931926
2014-04-23,202.288387461,18.9260798318,24.6303961926
2014-11-01,204.930316781,40.9544240668,47.9233522728
2014-11-08,219.090259012,40.7234556053,50.3226007702
2014-11-08,212.94262645,40.7534794422,50.3025848474
2014-11-17,219.090259012,40.6932750212,46.1808273097
2014-11-24,219.090259012,40.5440974066,45.5566444402
2014-11-24,214.625297497,40.4540257719,45.4765804919
2014-12-03,219.090259012,39.6124137761,43.6390768702
2014-12-19,218.699949026,38.1121592855,44.2103175022
2015-01-04,204.444585696,37.178317057,41.9832475934
2015-01-11,219.090259012,37.4916259359,40.7802513537
2015-01-11,213.624423331,37.4215700785,40.779780313
2015-01-27,219.090259012,35.6602053959,39.1594311024
2015-01-27,214.22030888,35.6702133549,39.2290158176
2015-02-05,211.711769653,35.0489336082,37.0796920327
2015-02-12,219.090259012,34.8795831264,36.8484499104
2015-02-12,215.207446561,34.7895112816,36.8484497962
2015-02-21,219.090259012,33.3483626352,35.4631488851
2015-03-09,176.275998453,20.3962591855,31.754148057
2015-04-01,208.343020677,23.5297516111,28.3537970689
2015-04-01,212.180872041,24.9408757273,30.6908760792
2015-04-10,219.090259012,24.8007648191,26.2154233964
2015-04-17,206.133058728,19.6773446929,20.1307657251
2015-04-17,195.045577004,19.5272247457,20.0006619917
2015-04-26,218.413521796,22.3688257478,24.4489958095
2015-09-24,197.934807563,30.4552743348,41.2899072119
2015-09-24,183.226433115,29.4044353494,38.4142018056
2015-10-26,218.990179131,38.111374283,44.004191169
2015-10-26,213.139683915,38.0313105584,43.7668647204
2015-11-27,219.090259012,37.7018322982,42.2857639242
2015-11-27,213.424264277,37.7018322787,42.195692142
2015-12-06,217.330591728,37.3715691215,41.2999971911
2015-12-13,179.046626123,34.6326818958,42.6906766213
2015-12-13,185.755105137,34.9929686116,44.1297022964
2015-12-22,219.090259012,36.3790528194,42.651706247
2015-12-29,219.090259012,36.7990347631,39.7962119913
2015-12-29,214.130237248,36.7389869819,39.8062199816
2016-01-07,219.090259012,35.9292825275,39.9855404173
2016-01-14,218.870083009,35.3599661928,48.2120327795
2016-01-14,214.115831979,35.3699740717,48.0919368489
2016-01-23,219.070243072,33.767912993,44.0972568941
2016-01-30,219.090259012,35.0487770661,38.7549131414
2016-01-30,213.273202993,35.0087451511,38.6948651707
2016-02-08,219.090259012,33.1674342478,40.3779749441
2016-02-15,219.090259012,33.2673568805,37.7210311997
2016-02-15,216.209458835,33.1973011423,37.6267600503
2016-03-11,219.090259012,30.0357221195,31.5224382534
2016-03-18,219.090259012,28.5845654887,30.3112773423
2016-03-18,213.293218903,28.5245176361,30.2512294595
2016-03-27,219.090259012,26.7022809637,27.9630520041
2016-04-12,186.526537726,19.1362451023,21.2409442973
2016-04-19,193.604579994,4.74377981738,6.08308392067
2016-04-19,191.353037865,6.95554454297,8.49500844216
2016-04-28,193.661273407,19.827580474,21.216256956
2016-10-12,209.983203501,9.97796083398,160.229450131
2016-10-21,218.148957532,35.359966309,39.1157070149
2016-10-28,219.090259012,34.1382079549,38.9901959797
2016-10-28,212.441796967,34.1081841072,38.8600922863
2016-11-06,218.749987028,35.3599662465,37.5389598224
2016-11-13,216.708362587,33.9671320665,62.2595186702
2016-11-13,213.343258639,34.4975545255,62.9160416178
2016-11-29,219.090259012,34.9096076644,38.8072294974
2016-11-29,212.314911374,34.8185939977,38.7514595199
2016-12-08,219.090259012,34.2783200213,37.8663609735
2016-12-24,219.090259012,34.5793049398,37.0757304022
2016-12-31,219.090259012,34.0071625118,39.1367106382
2016-12-31,213.634431328,33.9771385469,39.0866706538
2017-01-09,219.090259012,33.0781473725,39.2827102394
2017-02-01,219.090259012,31.7771103617,34.5321352926
2017-02-01,214.330867317,31.7871183607,34.5921831363
2017-02-10,219.090259012,31.1156421813,33.6345950756
2017-02-17,219.090259012,30.4660654418,32.3270033077
2017-02-17,214.84013495,30.4160257006,32.3570273341
2017-02-26,203.468321971,29.3351637982,32.3249628561
2017-03-05,206.650339552,28.1041818109,31.605213788
2017-03-14,218.169368406,27.7639111361,28.7367667304
2017-03-21,218.844297598,26.2319058308,28.2562273289
2017-03-21,215.387745879,26.2226827953,28.2438645865
2017-04-06,217.203692171,20.7668018159,24.6178756501
2017-04-06,211.043103669,20.9647636089,24.8840095858
2017-05-01,206.877105931,21.6590444164,23.1928175309
2017-05-17,198.325368001,13.1167761386,22.8988493124
2017-10-31,211.587881221,35.4592627996,43.9577236608
2017-10-31,203.617937884,35.4192309139,43.7775803317
2017-11-09,219.090259012,37.3415451605,41.3219749464
2017-11-16,217.834319779,35.5693495125,57.6012814086
2017-11-16,212.576099523,35.5693494519,57.7514007231
2017-11-25,211.588342937,35.4447371803,42.7575506685
2017-12-11,219.090259012,36.1296384733,42.4728578505
2017-12-18,219.090259012,35.5083594737,43.4063868594
2017-12-18,211.949052579,35.5383834356,43.3163156534
2017-12-27,219.090259012,35.3399502035,39.4737206954
2018-01-03,219.090259012,34.7386868914,45.4826784065
2018-01-03,212.209259138,34.7086630594,45.5127025393
2018-01-12,219.090259012,34.0981760281,39.5927582955
2018-01-19,219.090259012,33.8278039704,39.2957009099
2018-01-19,214.230316812,33.7777641794,39.3257249734
2018-01-28,219.090259012,31.8363734676,41.963990505
2018-02-04,219.090259012,31.5969668129,34.0161159165
2018-02-04,217.178346699,31.6369987875,33.9360521206
2018-02-20,219.090259012,30.1758339144,33.379648799
2018-02-20,216.389602031,30.0557383588,33.3296087951
2018-03-01,219.078681124,29.0949724223,30.3220704169
2018-03-08,219.090259012,28.373456111,30.0488339958
2018-03-08,216.477789749,28.3034003083,29.9775223511
2018-03-24,218.759995351,25.4320523549,26.8100546658
2018-03-24,215.768323145,25.5821721566,26.8100547254
2018-04-09,217.048628286,21.8818864711,23.5069879587
2018-04-09,214.075799908,23.1028614008,24.8780827937
2018-04-25,185.329201822,9.41751357227,13.4064999204
2018-09-09,189.197968555,40.9744348158,48.8757487353
2018-10-18,212.767911812,42.0252743988,49.5419328843
2018-10-18,205.992601135,42.0653061127,49.4318450523
2018-10-27,219.090259012,42.8259146518,51.1526306567
2018-11-12,219.090259012,42.634978115,52.0674785899
2018-11-28,219.090259012,42.4356038324,51.5107614004
2018-12-14,218.20661107,38.231469159,67.7509798784
2018-12-21,219.090259012,40.783503074,58.8629087725
2018-12-21,216.477789749,40.6734154051,58.802861127
2018-12-30,218.880836605,40.3131288875,61.6914805519
2019-01-06,219.090259012,40.9444159818,48.0102104223
2019-01-06,216.607893203,40.864352265,48.0902744389
2019-01-15,218.500414689,39.903586517,45.4101758879
2019-01-22,208.809863088,38.9520440799,50.3149549431
2019-01-22,206.73476067,38.9120121531,49.8240926618
2019-01-31,214.128761439,37.8511668973,42.8082983714
2019-02-07,218.543589741,36.0897643963,47.3526727999
2019-02-07,217.446206692,36.1498123894,47.6594261538
2019-02-16,218.04609053,35.9704525189,39.1876080671
2019-02-23,219.090259012,35.4400297719,36.5372202021
2019-02-23,217.03823531,35.4600457641,36.5672440146
2019-03-04,217.70146197,28.3025682744,34.7384529348
2019-03-20,218.347704314,29.4844985203,31.5759319504
2019-03-27,219.090259012,26.5521607664,30.5461320648
2019-03-27,215.007442343,26.1118091717,30.0157086302
2019-04-05,219.090259012,26.6520840944,28.2032433049
2019-04-12,197.953401395,14.2431268734,18.135250421
2019-04-12,194.239158043,14.573390018,18.3454179151
2019-04-21,197.334680414,20.4172651844,22.1150914605
2019-06-08,188.531125795,13.6318575281,17.7551479799
2019-09-28,198.403333951,35.5693434432,45.3353255186