Date,Rarea,NDWI,MNDWI
2013-10-06,48.6615356919,15.7943231953,17.572118332
2013-10-06,49.7041497749,16.1993045662,18.0718595271
2013-11-07,46.9751457617,15.9167923162,18.611604082
2013-11-07,46.3447487239,15.6518122964,18.294325038
2014-01-10,54.3031223232,15.6568134612,16.7092122275
2014-01-10,48.2359099709,15.1893476055,16.0110060094
2014-01-26,48.2100422149,11.6107465721,11.8634358
2014-01-26,48.214463976,11.7107425177,11.9835867811
2014-02-11,54.6590262119,11.0195213958,11.1335253332
2014-02-11,54.6590262119,11.0245212712,11.1385252827
2014-03-31,54.5611242776,7.50467409692,7.78492775818
2014-03-31,54.4434968831,7.51217384692,7.74742784681
2014-05-02,54.4301832351,6.43721969043,6.70720759814
2014-05-02,54.4457714539,6.44221952197,6.71970725757
2014-08-22,54.6590262119,17.956707561,19.4192385567
2014-08-22,54.6590262119,17.9342083232,19.4092391759
2014-12-12,44.8916225226,15.3093329343,18.3253310254
2015-01-13,54.6590262119,15.0218397249,15.3854663864
2015-01-13,54.6590262119,15.0068401587,15.400465641
2015-01-29,53.6742800558,12.0669814368,12.8897628734
2015-01-29,52.4941525632,11.1945307124,12.0047345027
2015-02-14,54.6590262119,9.59208549243,9.93982279645
2015-02-14,54.6590262119,9.57208665479,9.95732244854
2015-03-18,54.6490262065,8.95711131372,9.10736861976
2015-03-18,54.6265262026,8.98211034839,9.0998689701
2015-04-03,54.6590262119,8.59462758667,8.94119956882
2015-04-03,54.6590262119,8.59712765918,8.94369965329
2015-04-19,44.2307410953,7.24721366821,8.91970173011
2015-04-19,45.3495709612,7.15471849951,9.33945537518
2015-05-05,54.6590262119,8.22464295483,8.77461898975
2015-05-05,54.6590262119,8.22464305273,8.78461901563
2015-05-21,53.250814511,8.13714274683,9.28745397682
2015-05-21,53.5518924908,8.22214013672,9.44244868092
2015-08-25,50.1547824758,14.5218648337,15.7049063803
2015-08-25,51.134298798,14.7618542363,16.0301269277
2015-09-26,47.0472758369,14.0844064998,16.9611162627
2015-12-15,49.3035411962,15.3743208247,17.9394808604
2015-12-15,49.7286112329,15.4593176973,18.2295245827
2015-12-31,53.2440421972,12.8794147551,13.3326843313
2015-12-31,50.9359620664,13.0944125093,13.6008955622
2016-01-16,54.6590262119,11.4420030388,11.8211003945
2016-01-16,54.6590262119,11.4445028022,11.8585212997
2016-03-20,54.6590262119,6.40971967285,6.63247633704
2016-03-20,54.6590262119,6.40971932959,6.63247616224
2016-05-23,54.3769875241,3.97482583789,4.19981496094
2016-05-23,54.611598106,3.97732574243,4.24981163232
2016-12-17,52.4958042907,10.7545429028,11.9560726394
2016-12-17,51.8199119187,10.4345617588,11.5648503165
2017-01-02,54.610224331,10.7970332424,11.1028599527
2017-01-02,54.6152633384,10.7495363809,11.1353591898
2017-01-18,54.6590262119,8.1496464668,8.35207687999
2017-01-18,54.6590262119,8.16964593945,8.35461608996
2017-02-03,54.6590262119,7.91242141248,7.99799505819
2017-02-03,54.6590262119,7.91992111927,8.00240611529
2017-03-23,46.6155653163,4.38731856421,4.99647670379
2017-03-23,47.402188741,4.60730771191,5.25111126637
2017-04-08,46.1028732869,4.86729348218,5.50554228531
2017-04-08,46.4569685466,4.85979366699,5.55209902578
2017-05-10,51.2589608774,3.89732029028,4.22985349724
2017-05-10,53.4435326446,4.29730924829,4.75758529558
2017-07-29,44.1437098388,7.88216360181,8.76988847138
2017-11-02,51.1608371034,15.1993146411,17.7125587458
2017-11-02,48.5556604056,14.829334697,16.7453471456
2017-11-18,54.0440689328,16.6767709358,18.4926535155
2017-11-18,53.9615746826,16.6767713538,18.4826545626
2017-12-04,54.6590262119,15.9567973608,17.0602157761
2017-12-04,54.6590262119,15.9342985413,17.0702152873
2018-01-05,54.6590262119,13.1094267891,14.326802122
2018-01-05,54.6590262119,13.0794290037,14.3119196765
2018-01-21,54.5340314055,10.929525467,11.2295301155
2018-01-21,54.071553748,10.6395391633,10.9295446379
2018-02-06,54.6590262119,7.97429169475,8.04616053879
2018-02-06,54.6590262119,7.98179103264,8.03616066892
2018-02-22,54.6590262119,7.41217774219,7.54430852458
2018-02-22,54.6590262119,7.40967819092,7.56180811223
2018-05-13,50.2703476654,5.79974992529,9.04633867398
2018-06-30,51.7744353043,13.6169038599,15.0791262886
2018-06-30,51.6005027155,13.6144040581,15.06831375
2018-11-05,51.3188965606,17.7617306289,20.1355020301
2018-11-05,51.0446552492,17.6742347163,20.1137756944
2018-11-21,54.4265297766,18.1972819502,20.2357433837
2018-11-21,54.6540263222,18.2022819798,20.2947717544
2018-12-07,49.8911978999,15.2893733435,18.2264902413
2018-12-07,47.5307702338,14.8744054717,17.1498500793
2019-01-08,54.2168528863,14.3943673337,14.7344092914
2019-01-08,54.2062642936,14.3768687703,14.7582714178
2019-01-24,49.3826655706,8.69711578418,9.05711777945
2019-01-24,50.8476108699,9.61707767188,10.0195784018
2019-02-25,54.6590262119,7.07371159208,7.16432541643
2019-02-25,54.6590262119,7.08371135893,7.17182493987
2019-03-13,54.6590262119,6.83220245142,6.9199629972
2019-03-13,54.6590262119,6.83970207324,6.92996259168
2019-03-29,48.8565175981,5.88474042407,6.4988821891
2019-03-29,49.1014692729,5.85974177075,6.53967364069
2019-04-14,47.426616196,5.88724231836,6.48170079456
2019-04-14,47.3543589151,5.88474261133,6.32827432377
2019-05-16,47.3106449462,3.21987527441,3.89734867725
2019-05-16,48.0170260032,3.2298742959,4.02346581423
2019-06-01,54.3265461403,4.17731652686,5.08978051489
2019-06-01,54.6590262119,4.38230404883,5.31976657202