Date,Rarea,NDWI,MNDWI
2013-08-30,160.288981974,20.1889131142,22.2402826657
2013-10-17,135.743909365,9.64754726318,11.3451121877
2013-11-18,149.122906651,15.6337968965,16.6895258734
2014-01-21,159.567583339,14.6054932613,15.7352334242
2014-02-06,161.156505391,12.6589714217,12.7970404328
2014-02-22,160.919504174,10.4832106365,10.7225656275
2014-03-10,144.510216819,7.91275565214,8.71790766484
2014-04-27,137.843089927,4.62112029224,6.23010429272
2014-05-29,161.166513168,5.55435148364,5.82310032364
2015-01-08,161.164011224,21.445944274,24.7064378721
2015-02-25,155.177460462,20.8844572234,22.5978300208
2015-03-29,159.607783827,17.5684344801,18.7965426154
2015-04-14,160.364400268,17.91620865,18.361204079
2015-11-24,142.12829719,18.551170073,22.652191062
2016-01-27,161.159007335,19.5567437403,21.452503422
2016-02-12,161.166513168,17.9962710858,18.9307294876
2016-02-28,130.746859013,11.628780253,13.3383163816
2016-03-15,161.166513168,14.975783304,15.0218289643
2016-04-16,143.06491395,11.8042431775,12.7147894558
2016-05-02,156.839724143,8.12136534082,10.0467624671
2016-09-07,161.166513168,15.3035379185,16.3693720664
2016-11-10,155.912952815,11.4955613982,12.6249865864
2017-01-13,160.065752273,7.81612289209,9.54084903597
2017-03-18,161.166513168,11.081178686,12.2796849833
2017-04-03,160.715356961,11.0986924226,12.2620925468
2017-04-19,160.482546851,9.78516463599,12.1554809223
2017-08-09,136.691383889,5.39422683374,6.74828940223
2017-10-28,145.756977111,12.9776633408,15.1691985032
2017-12-31,152.524589822,17.2350488792,20.3510522623
2018-02-01,153.980363487,17.1606167372,18.7070046824
2018-02-17,159.940613076,17.0004928497,18.9468498671
2018-03-05,160.877696737,17.0305161139,18.3756281366
2018-03-21,136.011487671,14.4403672332,16.4776472174
2018-04-22,143.408745259,13.1202734143,16.7056390129
2018-05-08,159.07798651,13.4255126885,14.2629914584
2018-05-24,133.063697901,12.957642083,16.9522897797
2018-09-13,154.343238903,18.3415413343,20.6655336077
2018-10-15,159.77988329,20.237039881,22.1580321255
2018-11-16,154.030935202,17.5582157971,21.8055097857
2018-12-02,160.654598659,20.9758910859,23.1017217921
2019-01-03,154.723659301,19.4348940367,21.1540368613
2019-03-08,160.17573354,12.5814110589,12.5838638305
2019-03-24,161.166513168,11.2863390439,11.1929026036
2019-05-11,160.420927376,7.78359756934,8.33058356816