Date,Rarea,NDWI,MNDWI
2013-03-27,51.1098176814,2.46007551231,3.05908602087
2013-04-01,51.1098176814,2.38112407435,2.72128342176
2013-04-18,51.1098176814,0.290035606689,32.0392091529
2013-05-04,51.1098176814,1.79746430145,4.04118710975
2013-05-20,51.1098176814,1.19268336588,1.4773162842
2013-06-05,51.1098176814,2.17406831918,7.12035626065
2013-08-24,51.1098176814,1.19029169329,2.85337730439
2013-09-25,51.1098176814,0.302537098389,5.18188035059
2013-10-11,51.1098176814,3.49183912632,3.99696044428
2013-11-12,51.1098176814,4.25790164781,4.90257014636
2013-11-28,51.1098176814,0.184113269582,22.1850027766
2013-12-14,51.1098176814,4.29343615647,5.71528678437
2013-12-30,51.1098176814,4.38746692433,5.62031337309
2014-01-15,51.1098176814,4.32074311466,5.32205949791
2014-01-31,51.1098176814,4.17994123964,4.55256572486
2014-03-20,51.1098176814,0.0,51.1098176814
2014-04-05,51.1098176814,0.0,51.1098176814
2014-04-21,51.1098176814,2.63797657556,3.20550778834
2014-05-07,51.1098176814,0.0,44.3883488474
2014-05-23,51.1098176814,1.69845401398,4.07858048234
2014-06-24,51.1098176814,0.823801582356,8.89855944482
2014-07-10,51.1098176814,0.00500057348633,17.8494519667
2014-07-26,51.1098176814,0.0,51.0848139978
2014-09-12,51.1098176814,3.69068770335,5.59145026483
2014-09-28,51.1098176814,4.15304488623,4.60117011911
2014-10-14,51.1098176814,0.309560306932,4.86224293785
2014-10-30,51.1098176814,5.39291782141,8.02334233505
2014-11-15,51.1098176814,2.43250754539,5.54629263062
2014-12-01,51.1098176814,5.71563112555,8.09693031
2015-01-02,51.1098176814,4.48399854691,5.39306917367
2015-02-03,51.1098176814,4.19076635493,4.57045931326
2015-02-19,51.1098176814,3.9940405359,8.22251353408
2015-03-07,51.1098176814,3.6672500285,3.88469837654
2015-03-23,51.1098176814,3.37037129047,3.98097735896
2015-04-08,51.1098176814,2.61170743037,3.17419712549
2015-04-24,51.1098176814,3.01592424761,6.39971505416
2015-05-10,51.1098176814,2.71964422322,3.10452609488
2015-05-26,51.1098176814,2.05717825067,2.48723440611
2015-06-27,51.1098176814,0.772592220703,7.89561206065
2015-07-13,51.1098176814,0.0,30.2425557188
2015-08-14,51.1098176814,2.4928908243,5.86523534268
2015-09-15,51.1098176814,0.147517178955,19.1265452966
2015-10-01,51.1098176814,1.22755958422,11.7856657248
2015-10-17,51.1098176814,3.85425064845,11.0656379202
2015-11-18,51.1098176814,0.250030702148,3.11067936163
2015-12-20,51.1098176814,4.94310292766,7.78153685389
2016-01-05,51.1098176814,5.04884112549,6.33228087131
2016-01-21,51.1098176814,0.0,50.0825294408
2016-02-06,51.1098176814,0.235027844482,4.93386913771
2016-02-22,51.1098176814,2.39998764115,9.88604835689
2016-03-09,51.1098176814,4.86109269537,5.40848055718
2016-03-25,51.1098176814,4.04408863178,4.38071903596
2016-04-10,51.1098176814,3.76413260417,4.46227133923
2016-04-26,51.1098176814,3.56213693392,4.91729267542
2016-05-12,51.1098176814,3.37926194925,3.82212115865
2016-05-28,51.1098176814,3.49297203269,4.48274214485
2016-06-29,51.1098176814,0.010001192627,51.1098176814
2016-07-31,51.1098176814,2.73839778834,9.30958825082
2016-09-17,51.1098176814,4.54111372081,11.1426969612
2016-10-03,51.1098176814,5.89989519382,6.51239254221
2016-10-19,51.1098176814,5.93099609313,9.29531981454
2016-11-04,51.1098176814,5.92107392646,6.50289148871
2016-11-20,51.1098176814,5.95420529273,6.82237085786
2016-12-06,51.1098176814,5.9310353906,8.05076328354
2016-12-22,51.1098176814,6.01324168315,7.65928409073
2017-01-07,51.1098176814,6.11427362216,7.28869074833
2017-01-23,51.1098176814,5.89918863531,6.61066779763
2017-02-08,51.1098176814,5.78452792963,6.3648539281
2017-02-24,51.1098176814,2.24026243555,8.42643303601
2017-03-12,51.1098176814,0.0,49.7022409397
2017-03-28,51.1098176814,4.94810171674,5.18512174776
2017-04-13,51.1098176814,4.38288393223,4.99745994586
2017-04-29,51.1098176814,4.32275033017,4.69525800041
2017-06-16,51.1098176814,2.83455476756,3.55636744879
2017-08-19,51.1098176814,0.539280446019,33.144880838
2017-09-04,51.1098176814,2.68810941296,11.6780045028
2017-09-20,51.1098176814,0.0,46.7559362811
2017-10-06,51.1098176814,1.05762915771,8.20585152434
2017-11-07,51.1098176814,4.67157881505,5.47837326508
2017-11-23,51.1098176814,0.562794574344,14.8841031558
2017-12-09,51.1098176814,0.00500066137695,51.0307092878
2017-12-25,51.1098176814,4.90781409136,6.60819632707
2018-01-10,51.1098176814,5.35230884502,6.21355022722
2018-01-26,51.1098176814,5.10544622213,5.68636930504
2018-02-11,51.1098176814,4.90610724004,5.50654318233
2018-02-27,51.1098176814,5.6746910087,7.19159919926
2018-03-15,51.1098176814,4.50071494798,4.78700560711
2018-03-31,51.1098176814,4.29585616542,4.62218176846
2018-04-16,51.1098176814,4.81805340566,5.58199326338
2018-05-02,51.1098176814,0.0,51.1098176814
2018-05-18,51.1098176814,3.930313079,5.10415180855
2018-06-19,51.1098176814,2.14993872776,12.8118766454
2018-07-05,51.1098176814,2.14776235938,4.39546726392
2018-07-21,51.1098176814,0.0,38.6782666837
2018-09-07,51.1098176814,3.88797172485,11.9219174556
2018-10-09,51.1098176814,0.282496488662,50.5381814454
2018-10-25,51.1098176814,5.84923044874,6.65734347892
2018-11-10,51.1098176814,5.74178680024,6.40053467018
2018-11-26,51.1098176814,5.69784014755,6.85923662092
2018-12-12,51.1098176814,4.45340293131,8.41587352676
2018-12-28,51.1098176814,5.13014457743,7.5311542607
2019-01-13,51.1098176814,5.64336398751,6.46846345718
2019-01-29,51.1098176814,6.5641954989,40.7275581727
2019-02-14,51.1098176814,5.14926356557,5.43779977889
2019-03-02,51.1098176814,4.79871134713,4.9987364504
2019-03-18,51.1098176814,4.3519802743,4.66290121003
2019-04-19,51.1098176814,3.1280446432,3.4643709369
2019-05-21,51.1098176814,2.40706313049,2.76311733839
2019-06-06,51.1098176814,2.17094537517,2.81953522648
2019-06-22,51.1098176814,1.94536887434,2.42605588489
2019-07-08,51.1098176814,1.93240674817,4.10257988768
2019-08-25,51.1098176814,3.93399757106,4.80634216007
2019-09-26,51.1098176814,1.38773258885,13.0198012319