Date,Rarea,NDWI,MNDWI
2013-04-14,10.6062702172,2.72501563214,2.92736786202
2013-07-03,9.13009349543,2.35660758836,3.07162456192
2013-11-08,10.6062702172,2.88006236504,3.24296091363
2013-11-24,10.6062702172,2.85525132275,3.18668479709
2013-12-26,10.3910868055,2.78933711792,3.36029789666
2014-01-11,10.6062702172,2.80994179101,3.12456686414
2014-01-27,10.6062702172,2.85317133758,2.98655405436
2014-02-12,9.61994988114,2.1589407193,2.63507298107
2014-02-28,10.6062702172,2.84693418156,2.90583788886
2014-03-16,10.6062702172,2.86484760743,2.96050693731
2014-06-04,10.1143848816,2.68070176232,2.96001592723
2014-08-07,10.2652343836,2.60382846084,3.18524052489
2014-10-10,10.407665619,2.53756049215,3.07123316181
2014-10-26,10.6062702172,2.6070633321,3.06620029306
2014-11-27,10.6062702172,2.7754606089,3.03549451617
2014-12-29,10.6062702172,2.9217522495,3.38180326466
2015-02-15,10.5321906227,2.71782472269,3.65942173074
2015-03-19,10.0091646516,2.81787776042,2.97833902173
2015-05-06,10.6062702172,2.67079515343,2.95869525566
2015-08-26,10.6062702172,2.90731786389,3.35426994903
2015-11-30,10.1837282141,2.86098028012,3.24307034106
2015-12-16,10.6062702172,2.75384945651,3.86432071179
2016-01-01,10.6035683678,2.93626451666,3.45669920625
2016-02-02,10.5918603313,2.82525222619,3.12615987082
2016-02-18,10.6062702172,2.83256676688,3.36482192246
2016-03-05,10.6062702172,2.76655697901,3.13069131222
2016-08-28,8.97726284544,2.31920583059,2.75758625498
2016-09-29,10.2584744687,2.78969061609,3.45304015885
2016-10-15,10.2544799664,2.82288269607,3.18711598641
2016-11-16,9.85626744229,2.57136753301,2.91073676785
2016-12-02,10.6062702172,2.95811588392,3.38335414675
2016-12-18,10.3378872284,2.85938390719,3.56369514645
2017-01-03,10.6062702172,2.88968332751,3.20341132063
2017-01-19,10.6062702172,2.8964679583,3.11994035892
2017-02-04,10.6062702172,2.90367289647,3.02505456014
2017-05-11,9.24183516311,1.58888966212,2.04913894066
2017-09-16,9.34172367083,2.70155756974,3.07907052754
2017-10-02,10.6062702172,2.93895572492,3.35850064728
2017-11-03,10.6046102575,2.9723384823,3.34490330065
2017-12-05,10.5492845256,2.82097166342,3.16456141631
2017-12-21,10.6026677489,2.8773077146,3.46874620855
2018-01-22,10.6053696005,2.85505381927,3.11874303681
2018-02-07,10.6062702172,2.85235196239,3.00596854332
2018-02-23,10.6062702172,2.8140034776,3.02362768451
2018-03-11,10.6062702172,2.8403614699,3.02596575946
2018-03-27,9.54796803119,2.67995653782,2.92327099788
2018-04-12,10.6062702172,2.77902431046,2.99093007001
2018-04-28,10.6062702172,2.59107838199,2.96844651721
2018-10-21,10.5522724172,2.79273141587,3.12575039933
2018-11-06,10.5810528999,2.33416201791,3.39204947363
2018-11-22,10.6062702172,2.79523537229,3.14936405213
2018-12-08,10.6035683667,2.84541197469,3.18514833453
2019-01-09,10.6062702172,2.83318476971,3.2045943623
2019-01-25,10.6062702172,2.86546561281,3.21958344193
2019-03-14,9.95661958925,2.57704612089,2.77761124935
2019-03-30,10.6062702172,2.80874453788,3.05678437763
2019-06-02,10.2044316159,2.55652986303,2.84179156272
2019-06-18,10.6062702172,2.51721401878,3.33009092068