Date,Rarea,NDWI,MNDWI
2013-04-20,139.897997116,4.83007656006,5.5484853037
2013-05-06,142.205917301,12.8666759443,14.5306832474
2013-05-22,142.96308306,5.5491941084,7.24180148201
2013-10-29,125.805596337,23.8883246477,28.407088712
2013-11-30,143.518252453,27.1726210444,29.8825607781
2013-12-09,140.995248982,32.0239412771,34.7933762755
2014-01-17,149.617861862,32.0375720608,33.8614736266
2014-01-26,125.96538399,29.9645245498,31.5216373853
2014-02-02,149.620359122,31.2581806164,32.8615624064
2014-02-18,149.524584937,30.2643190876,31.6296453661
2014-03-06,149.63534314,29.0305344788,30.3285938423
2014-04-07,149.63534314,25.8187351599,27.6747542771
2014-10-16,124.571064132,20.0495417222,23.8473630608
2014-12-19,141.151201017,16.7177451606,17.6118270486
2015-01-04,149.63034853,21.6228847173,22.5219759763
2015-01-20,149.617861904,21.0934097717,21.9250651399
2015-02-05,149.61286686,20.2967026987,21.3456428879
2015-03-09,146.274808416,18.5035141707,20.4480755675
2015-04-19,149.123757294,16.535991165,17.2690171929
2015-05-05,144.032691294,15.7032365723,16.4387575498
2015-05-12,126.262828255,5.10735169946,6.68977334118
2015-05-28,129.195383129,0.269731765625,0.709293016357
2015-10-19,141.651845242,17.4295818071,20.1360798627
2015-11-04,139.876976583,15.9636514751,18.0397882892
2016-01-23,137.531744006,16.942576679,20.7911964888
2016-02-08,149.63534314,16.5129908508,17.347146584
2016-03-11,149.612866246,15.1368757742,16.3530020717
2016-03-27,140.836763113,10.0021926855,11.2334012771
2016-04-12,141.838449559,6.31100353906,7.18261775537
2016-04-28,144.598138097,8.24403057324,9.18556783252
2016-05-07,139.156861097,11.6391796145,12.125381054
2016-06-15,140.300449866,8.05733779318,9.31210939928
2016-07-17,140.696999506,2.79459563037,4.0230994899
2016-10-21,132.946879809,11.2633514897,13.6434224849
2016-12-24,123.392798277,5.0248204585,5.9182396391
2017-03-14,149.63534314,13.6833410063,14.5138470906
2017-03-30,149.290669465,13.2038248186,14.0867799299
2017-11-25,149.607872382,22.7417882725,24.7986654773
2017-12-11,149.495495388,22.9415800366,25.630160997
2017-12-20,124.773567579,23.1827013338,25.2296747637
2018-01-12,149.61786187,23.4810678406,25.6027052058
2018-02-13,149.622856592,22.8947139849,24.3661508851
2018-03-01,149.110871108,22.2023194058,24.6978061849
2018-03-17,140.200610253,20.6739140308,21.9646073182
2018-04-18,129.935578876,3.86604769629,5.68604644754
2018-05-04,122.519818032,2.05789021924,4.31703326893
2018-12-14,149.173318134,27.4970658652,29.9700335075
2019-01-15,148.678091351,28.1039492607,30.6841610973
2019-01-31,149.363123745,27.9016484978,29.7708879409
2019-02-16,136.83344746,26.4256972737,29.0464731303
2019-03-04,122.952199008,20.8337472451,22.7366140501
2019-03-20,149.63534314,25.8237151326,27.0764673906
2019-04-05,143.686662073,21.6754561746,23.2427800817
2019-04-21,144.695398629,18.5186660803,20.0135671651
2019-05-23,138.980111136,22.6443900234,24.4456164716
2019-09-28,149.370630351,22.0374890715,23.8711338581