Date,Rarea,NDWI,MNDWI
2013-04-24,31.8351242867,2.78756726779,4.30898392959
2013-06-27,33.9096033572,3.26120681148,5.26715229872
2014-06-14,33.0033326627,0.446810723687,32.9691207054
2015-02-25,32.8698490617,3.21627242874,4.36712789912
2015-04-30,30.6425573186,0.0,30.6425573186
2016-01-11,28.5837320298,2.91202455633,4.44598962437
2016-09-23,28.3310862213,3.16660433392,3.99111427747
2017-04-19,30.267200105,2.58453385422,4.02563387994
2018-05-08,33.5417150194,3.45530464466,4.42305008537
2018-05-24,33.9096033572,3.54265450144,4.27784580965
2018-10-15,32.4762903046,3.28756668481,4.64805279044
2019-03-24,27.3712259044,2.89940433067,4.19078147675
2019-04-09,29.9279456724,0.265454039948,3.91221990321
2019-09-16,30.2742720041,2.54881800763,9.82808996139