Date,Rarea,NDWI,MNDWI
2013-09-29,802.505236082,161.430492195,215.141386544
2013-12-02,839.554740572,178.965089937,274.237892417
2013-12-18,784.385587494,183.326506727,272.485085663
2014-01-19,842.809099132,207.986181688,480.755987146
2014-05-11,841.648173432,95.9966495664,119.552829657
2014-08-31,766.876257691,153.642474397,203.470755027
2015-01-22,717.695694866,167.555323406,302.716661592
2015-08-18,724.813026501,107.886116629,149.765466151
2016-09-05,816.094866075,111.408917781,181.143705667
2016-10-07,834.57541274,128.862817848,188.377077205
2017-06-04,832.856865755,89.5515064805,115.612293336
2018-06-07,740.204276134,91.2327949609,115.861186195
2019-02-18,811.912920878,170.7428681,248.808990125
2019-08-13,722.146632495,102.321695406,137.177573396
2019-08-29,819.030839646,109.847697281,145.657409192
2019-09-14,695.317879699,125.980525023,184.194605754