Date,Rarea,NDWI,MNDWI
2013-04-02,40.4375121616,0.0198951281678,0.021691092035
2013-04-12,40.4378826096,0.0349872359382,0.0721630599329
2013-04-28,40.4342869637,0.0414635322297,0.0333731807892
2013-05-14,40.436983704,0.0702292492097,0.0477560433991
2013-05-30,40.4378826096,0.138459351698,0.074173854957
2013-06-15,40.4378826096,0.220821989523,0.160971036053
2013-07-01,39.3992971773,0.294121475627,0.247557948498
2013-07-17,40.4297921816,0.193949311048,0.100253116316
2013-08-02,40.4378826096,0.112869977097,0.0594420044587
2013-08-18,40.2607947029,0.0558463526642,0.0315753399689
2013-09-03,34.8148917827,0.201023162133,0.394075950426
2013-11-06,40.4342869637,0.0818015880737,0.0997798122559
2014-03-14,32.7811919097,0.0143827478638,0.0575311119385
2014-04-15,40.4369836964,0.037867747989,0.0450592244904
2014-05-01,32.634428374,0.063936298404,0.0819147226594
2014-05-17,40.4342869561,0.0473576986737,0.0278103982489
2014-06-02,40.3363030205,0.004494605896,0.00179784649658
2014-06-18,40.4369836964,0.275578976587,0.169971240231
2014-07-20,37.8650293523,0.254064116494,2.70336507475
2014-08-05,40.4360847241,0.133167696071,0.0668941012765
2014-08-21,39.1129669143,0.0481473409275,0.030676433902
2014-10-24,38.3114425746,0.010787180603,0.00359568011475
2014-11-25,40.4360847828,0.00269676086426,0.00719134283447
2014-12-27,32.9105685362,0.147445515807,0.184008050982
2015-01-28,40.3386016231,0.0755090510254,0.130342714478
2015-02-13,34.9768887074,0.053934947937,0.288551855591
2015-04-02,37.8623623421,0.0260687820435,0.0657340636017
2015-05-04,40.4369836964,0.0522505839265,0.0612398693879
2015-05-20,40.4378826096,0.0945001683991,0.0956740875594
2015-06-05,40.4378826096,0.153741129164,0.120156468331
2015-06-21,40.4378826096,0.216902011308,0.169960524273
2015-07-23,39.1153657191,0.190988489163,0.29274482567
2015-08-08,40.4378826096,0.075622786319,0.0679376469327
2015-08-24,40.4288931023,0.0594419329255,0.092208467001
2015-09-09,40.4378826096,0.0143827666016,0.0323611222534
2015-12-14,40.4333880429,0.0251696192017,0.0844980928345
2015-12-30,40.4378826096,0.0629241827393,0.124949389771
2016-01-15,40.1493489151,0.12854505072,0.215739589478
2016-03-03,40.4342869568,0.0755090001221,0.249898752075
2016-05-06,40.4315901615,0.0873081927521,0.107084402652
2016-05-22,40.4306912219,0.144751233168,0.119119608009
2016-06-07,40.436983696,0.185608374871,0.116239444424
2016-06-23,40.436084765,0.246185406572,0.144257717462
2016-07-09,40.4351858427,0.234428633007,0.152531359989
2016-07-25,40.4378826096,0.242775794385,0.117364092514
2016-08-26,40.4378826096,0.138548172611,0.0772508050482
2016-09-11,40.436983696,0.063936171756,0.0602275807495
2016-09-27,40.4351858613,0.0755090714722,0.0530361174927
2016-10-13,40.4369836873,0.0611263580322,0.0413501630859
2016-10-29,39.5478031159,0.0755086211548,0.0844978440552
2016-11-14,40.4306911669,0.0853972634888,0.085397215332
2017-02-18,40.4378826096,0.700258566223,0.713742270203
2017-04-23,40.4333880114,1.7187321405,1.71693419299
2017-05-09,40.4360847795,1.79345595813,1.74401548188
2017-06-26,40.436983704,2.04680043957,1.89277801809
2017-07-12,40.4360847908,2.00438550961,1.83440788648
2017-07-28,40.4378826096,1.93205551907,1.78575683238
2017-08-13,40.4378826096,1.84469432062,1.7601956261
2017-08-29,40.4342869215,1.82042291266,1.71687821789
2017-09-30,40.4351858404,1.71603555896,1.64322314142
2017-11-01,34.6463502235,0.84228805072,0.811724722107
2018-01-04,39.3021773387,1.77895941205,1.77895923108
2018-02-05,40.4378826096,2.3838312809,2.48900392995
2018-04-10,40.436983704,3.1102533147,3.09946608429
2018-05-12,40.4360847985,3.25059792426,3.15890796826
2018-05-28,40.4378826096,3.32177858065,3.2095227681
2018-06-29,40.4378826096,3.42767881492,3.23529550529
2018-07-15,39.9110165314,3.33796645953,3.14862223401
2018-07-31,40.4378826096,3.2103687064,3.03648556701
2018-08-16,39.965749365,3.20025882617,3.11036754322
2018-09-17,37.4817914415,2.95024593311,2.83878037415
2019-01-07,40.4378826096,2.63023237964,2.63922149139
2019-01-23,35.8350951637,2.78035183185,2.74888978949
2019-02-08,40.4378826096,2.95024645673,2.96642691608
2019-04-13,40.4378826096,3.36301787415,3.3774004502
2019-04-29,40.4351858925,3.38543452533,3.33869061927
2019-05-15,40.436983704,3.44695269298,3.37773570183
2019-05-31,40.4378826096,3.473441141,3.35569655458
2019-07-02,40.4378826096,3.53273557212,3.32685775304
2019-08-03,34.4931529307,3.33745978269,3.51864304102
2019-08-19,40.436084748,3.38014788473,3.18847022229
2019-09-20,40.4166546835,3.16328901538,3.05092439294