Date,Rarea,NDWI,MNDWI
2013-04-08,1037.01975224,91.1869342939,127.419827708
2013-04-15,1021.07148225,105.394750497,128.036037663
2013-06-18,1119.80512494,118.107262824,178.342675396
2013-09-06,1119.84011824,122.562440939,142.39201107
2013-10-08,1119.84011902,119.546934589,140.162252718
2013-11-09,980.226054588,70.2097975272,92.9838261225
2013-11-25,937.743620703,89.2967052294,111.482532191
2014-01-28,1119.64001116,110.906556472,134.628183703
2014-02-13,1081.60160316,102.433012839,131.680651211
2014-08-24,1119.84011824,122.291802722,147.982859351
2014-09-09,1119.84011902,121.628005803,142.703442872
2014-09-25,1116.83580442,116.528864085,137.389523941
2014-10-11,1114.37337925,115.318142846,147.298683953
2014-12-14,1106.80044915,109.546065628,130.275665099
2015-02-16,1080.98178454,106.811662585,135.920195446
2015-03-20,1119.35992646,112.486822437,134.98396089
2015-05-07,1097.96423275,115.402559865,150.875372458
2015-09-12,1001.54862729,107.561026503,130.544850066
2015-10-14,1093.48329909,105.823839106,135.630816127
2015-11-15,956.926078739,81.9335136131,105.467116032
2015-12-17,999.007084166,106.823356208,131.794359351
2016-01-18,1119.84011824,114.198219833,139.470527914
2016-02-19,1096.78511003,111.505478747,136.860448739
2016-03-06,925.075804323,98.6578832585,125.895979237
2016-04-07,1119.84011902,113.746652134,141.300807277
2016-09-14,1105.47222867,116.065569643,137.085850457
2017-03-09,1095.81308184,99.0457580195,130.584260792
2017-07-15,1097.47595696,110.584276102,158.342832287
2017-08-16,1106.05499064,122.150559962,149.753810531
2017-09-01,1118.07318009,118.449667976,152.656636864
2017-10-03,1115.51718344,113.717879485,135.477902884
2017-11-20,1114.68686538,111.465365184,132.43882638
2018-01-23,1119.71817364,111.58063728,138.510163453
2018-02-08,1119.84011902,110.064684489,136.300075864
2018-02-24,1119.68003759,109.944655618,133.738838712
2018-04-29,995.231273423,91.2983993943,125.492782684
2018-07-18,952.627033298,94.3112539886,161.75124728
2018-08-19,1119.37119787,114.248237217,139.884841483
2018-10-22,1119.80010494,117.629816362,143.432470894
2018-12-09,1119.84011824,111.386795257,136.469005738
2019-01-26,1116.95844914,106.017856592,137.429463562
2019-08-06,1118.30301225,121.332290125,157.69056979
2019-08-22,1119.80010366,118.930518451,142.632518935
2019-09-23,1119.68002932,114.488339834,132.476412701