Date,Rarea,NDWI,MNDWI
2013-05-04,187.497240818,6.3406977902,6.90938776194
2013-05-20,187.497240818,5.91230622663,6.81427245872
2013-09-09,187.497240818,17.3314075338,21.4276528116
2013-11-12,187.049745701,18.9605040122,31.1817824607
2013-11-28,187.497240818,19.0242018855,20.9863685801
2013-12-14,187.497240818,18.1886612512,18.9267414976
2014-01-15,187.497240818,15.9529128258,16.7323594959
2014-01-31,187.497240818,15.2887150887,15.9055317039
2014-02-16,187.492236816,13.7972186332,16.4047834915
2014-03-20,187.497240818,12.6620561189,12.995008521
2014-04-05,187.497240818,12.3538881958,12.9606967924
2014-04-21,187.497240818,11.8135346004,12.3030239321
2014-05-07,187.497240818,11.1732677852,11.7384352702
2014-05-23,187.497240818,10.7191596176,11.4475458245
2014-06-08,178.140984764,3.69975246234,5.07905118036
2014-09-28,187.497240818,17.8811019024,21.9720291211
2014-12-01,187.497240818,17.4990706526,19.6066574359
2014-12-17,159.891238136,3.80132387357,5.69586782569
2015-01-18,187.494738817,14.2514838248,15.7850823635
2015-02-03,184.638759064,11.1687149364,14.6436983958
2015-02-19,187.494738817,11.036727141,11.705389121
2015-03-07,187.497240818,9.39719073182,10.0138111525
2015-03-23,187.497240818,8.74682753594,9.195656967
2015-04-08,187.497240818,8.16981719174,8.67539785264
2015-04-24,187.497240818,7.36167104843,7.89653980429
2015-05-10,184.224624372,5.07968924186,6.38089592293
2015-05-26,187.497240818,4.73996677903,5.488212041
2015-09-15,184.923292561,16.696998326,20.1553512657
2015-10-01,187.497240818,18.6235286444,20.4878524747
2015-10-17,187.497240818,18.6393255829,20.2784007506
2015-11-02,186.471420796,18.8408984137,23.9125017105
2015-11-18,187.464714804,17.1761360632,21.3166029875
2015-12-04,187.497240818,15.6288204151,17.0809715012
2015-12-20,187.494738817,14.186932214,16.4620745437
2016-01-05,187.497240818,12.5146637521,14.0764024746
2016-01-21,187.497240818,11.2295774386,12.5770762402
2016-02-06,187.494738817,9.76453348346,11.9189322551
2016-02-22,185.815896052,7.21379756293,8.75745339463
2016-03-09,186.142150036,7.32679025441,8.17848096422
2016-03-25,187.497240818,7.45517716479,8.98470387779
2016-05-12,186.571500492,5.73412446235,8.23765532657
2016-10-19,187.497240818,19.3226464211,21.5068533765
2016-11-04,187.497240818,19.4928805336,24.461833177
2016-11-20,187.494738817,19.0437763573,21.8905523202
2016-12-06,187.497240818,17.7312171044,19.5565490016
2017-01-07,186.596520646,14.616059695,16.9246405541
2017-01-23,187.472220807,13.1885653346,15.3105264632
2017-02-24,187.497240818,9.97955838093,10.6873104685
2017-03-12,187.497240818,8.51124710314,8.96293174511
2017-03-28,187.497240818,8.15596303185,8.65886509337
2017-04-13,187.497240818,7.59129587495,8.21933720917
2017-04-29,187.497240818,7.12510941089,7.8721478401
2017-05-15,181.412374825,3.63165877741,4.65563432883
2017-05-31,163.335026006,2.91860818586,5.43410907998
2017-09-20,186.540809335,10.7126745346,20.6221455786
2017-10-22,187.497240818,17.0561871961,19.3765030133
2017-11-07,187.497240818,17.3824087288,20.2679607039
2017-11-23,186.772013726,15.3047376849,20.3441291642
2017-12-09,186.944691078,14.4107484548,18.6345662819
2017-12-25,187.497240818,13.9580433246,14.8326935485
2018-01-10,187.322100734,12.2012955417,14.5020466238
2018-01-26,187.497240818,11.1621215633,12.172360571
2018-02-11,170.622065722,8.64362737909,12.0232591691
2018-02-27,187.497240818,8.46098141303,9.37549686609
2018-03-31,187.497240818,7.47105268439,8.1646071766
2018-04-16,187.497240818,7.25318239385,7.91534906453
2018-05-02,187.497240818,6.49731333414,7.26377907689
2018-05-18,187.497240818,5.19228959752,6.78465088227
2018-06-03,179.301225858,0.0150120063477,1.1148324413
2018-10-09,187.497240818,16.3099435085,17.8844277535
2018-10-25,187.497240818,16.1513460885,17.4206549813
2018-11-10,187.497240818,15.6093539144,17.9851747672
2018-12-12,164.804819607,8.74279486063,11.9157529835
2018-12-28,187.497240818,11.1211476171,11.7116883186
2019-01-13,187.492236816,9.79978721353,10.7701904708
2019-01-29,187.497240818,8.32974903951,8.91110596298
2019-03-18,187.497240818,6.70399810181,7.22370773392
2019-04-03,187.497240818,6.29777131325,6.86072143043
2019-04-19,187.497240818,6.1153607434,6.70821712002
2019-05-05,154.654817958,2.49641768888,4.0093917426
2019-05-21,187.497240818,5.52328928433,6.14417788391
2019-06-06,187.497240818,4.95123383705,5.76594405234