Date,Rarea,NDWI,MNDWI
2013-04-11,449.293465569,22.1351167981,27.1855015362
2013-05-13,461.647841926,30.1286925515,33.6134938683
2013-10-20,457.823613792,29.8714754914,39.5468918698
2013-11-05,460.319458768,31.6150050048,43.6834894929
2013-11-21,461.587817162,34.080106298,42.4340739325
2013-12-07,461.637839525,34.7569069376,41.3016243078
2014-01-08,442.175907628,31.8328901884,43.5415837228
2014-02-09,375.39250058,12.4498491124,14.2880518987
2014-02-25,456.848664502,35.2431135099,42.1865350758
2014-03-13,461.647841926,34.5674902291,37.6884649502
2014-03-29,461.617830738,33.829091325,37.3371247334
2014-04-14,461.647841926,32.901277484,35.7307601964
2014-05-16,450.474856442,27.2369285547,31.74524721
2014-06-01,461.647841926,29.5277811592,33.9878384069
2014-08-20,414.896856616,12.4418833328,30.615127579
2014-10-07,434.43628176,27.7805229739,38.5565552357
2014-10-23,461.647841926,29.8413667239,37.9843437049
2014-11-08,461.557182029,31.3985649414,39.8972823411
2014-11-24,461.59782147,32.935987636,41.0482010609
2014-12-10,459.328959069,32.7544903687,44.9296525956
2014-12-26,433.345788664,25.1349596958,31.2063934033
2015-01-11,461.397733066,35.0434182749,40.4169083544
2015-02-12,461.527813236,33.9638933094,40.0510869564
2015-04-01,461.647841926,33.0684013668,35.4430752995
2015-04-17,461.257744001,37.9590518911,41.6392644959
2015-05-03,461.647841926,35.8074477757,40.4197338149
2015-05-19,461.647841926,34.1830571926,40.2416586466
2015-06-04,461.647841926,32.6724676526,39.7300920256
2015-06-20,461.257681748,28.5410525002,51.3364464432
2015-09-08,430.017365409,28.3375200371,41.6114830354
2015-10-10,461.647841926,36.2239251877,46.6398843004
2015-11-27,457.423870392,37.851825575,52.6032729495
2015-12-13,461.647841926,41.2061513163,47.3021206669
2015-12-29,461.647841926,42.9872044238,47.4982602391
2016-01-14,435.029246043,36.557453345,44.7792012802
2016-01-30,461.647841926,43.5871979437,47.7653053067
2016-03-02,461.647841926,42.5242787192,46.2584866406
2016-03-18,461.637839532,41.3473090146,44.0189063697
2016-04-03,461.527812574,41.4901704321,44.24153935
2016-04-19,461.647841926,40.6463798695,44.5416458295
2016-05-05,461.647841926,39.2244514788,42.6043314487
2016-05-21,461.307741418,33.4928760022,37.8746182473
2016-09-26,413.933066243,26.9470608481,42.8078857586
2016-10-12,461.374955135,34.4025198567,46.5838969178
2016-10-28,461.647841926,35.3529027132,50.1494440475
2016-11-13,461.247716294,35.956891226,50.7043322522
2016-11-29,461.627832978,38.1577308187,47.4771518205
2016-12-15,461.647841926,40.7574923913,49.0642295393
2016-12-31,461.607826069,42.3869812314,49.1447378109
2017-02-01,461.647841926,42.3446268537,46.1318211826
2017-02-17,461.540341584,43.1004197416,45.28123943
2017-03-05,461.647841926,43.8613756889,47.9792053076
2017-03-21,461.647841926,42.048145649,45.198131832
2017-04-06,461.647841926,39.7746621214,43.2797711381
2017-04-22,461.647841926,38.384758927,41.9555168772
2017-05-08,393.284172888,28.6245085643,33.294624436
2017-05-24,461.387734521,36.783481514,42.0791227916
2017-06-25,389.970353375,32.9126672317,47.0730086422
2017-09-29,454.98022215,34.2145975179,51.1160990492
2017-10-15,461.647841926,42.0344124019,57.0676785307
2017-10-31,461.647841926,44.1189780426,57.0259615069
2017-11-16,429.096419024,41.903705991,66.7831637223
2017-12-02,375.612607136,43.5101296476,57.2454153646
2017-12-18,458.535336855,45.8196636998,54.2253153875
2018-01-03,461.302191344,52.4347557934,61.6736098916
2018-01-19,461.637837385,52.1921413922,56.7838714625
2018-02-04,461.167639089,51.4818834332,57.3741007252
2018-02-20,461.647841926,48.8108372008,52.8924036598
2018-03-08,445.537246483,43.3442611609,49.087818924
2018-03-24,461.647841926,47.8404662164,49.8312379713
2018-04-09,461.647841926,45.5283473529,49.3110419625
2018-04-25,461.647841926,44.3215906489,47.9405189733
2018-05-11,461.647841926,38.6386789554,44.6763328936
2018-05-27,461.647841926,36.9735852581,44.7940126599
2018-09-16,419.566437775,32.9644047106,51.2491980908
2018-10-02,461.647841926,42.9284896373,57.1777823784
2018-10-18,461.547644513,39.21332248,56.4696965897
2018-11-03,461.607823809,44.6857892963,59.0771246829
2018-12-05,418.482445281,44.6034327465,69.8732822295
2018-12-21,461.647841926,52.3753689144,59.5739974284
2019-01-06,458.754725586,50.1648623421,57.7689569896
2019-01-22,460.884730338,48.0577815138,55.5906023136
2019-02-07,461.637837367,50.118559506,55.5206263849
2019-02-23,461.617832551,52.0421385143,56.983989109
2019-03-11,459.623724913,48.5907777584,52.9696729767
2019-03-27,461.647841926,49.461140982,52.9524661676
2019-04-12,461.647841926,47.5639006954,51.1590089386
2019-04-28,461.647841926,47.5966711558,52.0221208697
2019-05-14,461.647841926,42.7989224824,50.3549891719
2019-05-30,443.875490633,29.7332726674,40.8645742068
2019-06-15,407.249841013,3.42590148527,10.2990362112
2019-07-17,413.25322923,13.010102007,44.3777092852