Date,Rarea,NDWI,MNDWI
2013-04-03,1912.4303738,178.261490273,770.031065137
2013-04-08,1958.51451329,161.567026635,821.931222357
2013-04-22,1877.7519401,105.323853773,571.778205546
2013-06-09,1825.46248066,116.692584672,382.685241019
2013-08-12,1857.75934434,268.372585891,361.354625841
2013-08-28,1834.81116292,196.708492541,677.357713476
2013-09-29,1870.53412647,44.4755636563,1346.05569988
2013-10-31,1870.39771637,341.590618207,502.627012595
2013-11-16,1849.23835523,0.200159085937,1659.63510177
2013-12-02,1833.41027668,342.431350641,495.276030247
2013-12-18,1838.12202169,266.491304555,383.112146393
2014-01-03,1828.34564541,347.675357891,431.943965485
2014-01-19,1855.43260026,172.657875484,944.603551512
2014-02-04,1831.64723835,341.150291363,515.772907269
2014-02-20,1841.98512571,221.896539715,504.830900535
2014-03-08,1850.91960267,271.214804133,1213.15330267
2014-03-24,1846.44805244,83.265328582,320.624851089
2014-04-09,1840.14438473,162.010663829,1840.14438473
2014-04-25,1840.38456306,99.2788345352,820.88337776
2014-05-11,1830.24949534,65.8519621211,267.391953537
2014-05-27,1871.61445841,99.3591033516,248.1134616
2014-06-28,1885.81818991,43.7945775547,769.180533285
2014-07-14,1869.8956937,33.2262665742,1360.28655581
2014-07-30,1874.80332359,107.005242215,765.470837096
2014-08-15,1859.11438344,21.5370504375,1768.9252462
2014-08-31,1872.16137231,245.555262332,837.378999149
2014-10-02,1872.24143142,337.387223937,422.635723311
2014-10-18,1851.07972151,284.063639631,545.653688054
2014-11-03,1865.44723203,319.933513891,444.217524509
2014-11-19,1869.64358604,335.305641336,504.978007189
2014-12-05,1862.33166779,152.840375195,239.597522361
2014-12-21,1905.4442295,344.55296198,487.344152399
2015-01-06,1909.75468826,348.63617398,468.500966568
2015-01-22,1912.63381257,332.903809078,452.134054786
2015-02-07,1898.40188137,331.542684645,444.259962914
2015-02-23,1856.29174331,312.167439418,386.342566366
2015-03-11,1858.38207614,216.451648883,1001.67397853
2015-03-27,1851.19981065,221.535871969,464.664833866
2015-04-12,1829.38642124,235.346576371,281.792172477
2015-04-28,1790.67369155,29.5034568203,1502.36297176
2015-05-14,1825.4570575,79.3030483516,1096.30111625
2015-05-30,1877.63678401,172.176577867,233.825235612
2015-06-15,1858.30782929,115.972059367,220.187773783
2015-07-01,1867.25044797,106.564663965,230.279351165
2015-08-18,1878.15716794,138.189630566,590.777735558
2015-09-19,1861.17080845,193.553684023,806.254350253
2015-10-05,1863.57463087,43.3946738125,1716.44164472
2015-10-21,1868.80296443,312.727721227,417.748733682
2015-11-06,1869.40340838,15.2921286289,1326.8986825
2015-11-22,1865.20705457,284.305313562,475.736304202
2015-12-08,1877.63678401,226.259916258,288.066820266
2015-12-24,1866.44985596,314.114288128,359.200957882
2016-01-09,1882.59212548,55.1238704844,421.42627441
2016-01-25,1860.75559899,0.6004763125,1505.32803619
2016-02-10,1875.81787688,304.441235137,343.645481674
2016-02-26,1877.83693158,288.548651578,316.2101172
2016-03-13,1857.51853851,282.063577,768.234309846
2016-03-29,1871.33896059,232.824872582,703.878709678
2016-04-14,1861.15793993,230.782921508,327.304912909
2016-05-16,1865.55130501,146.556152266,178.31523619
2016-06-01,1873.08487368,119.245771886,492.586120162
2016-07-19,1879.67829006,39.3911469219,1122.90920204
2016-08-20,1890.78671597,44.555445082,1810.12130203
2016-09-21,1884.63284989,0.0,1884.63284989
2016-10-07,1878.61742934,129.702353348,868.787061374
2016-10-23,1858.34785904,247.508565537,988.881643648
2016-11-08,1865.28711369,0.0,1865.28711369
2016-11-24,1858.26685749,209.587296495,391.829947117
2016-12-10,1858.66228387,341.030133527,449.631134013
2016-12-26,1869.52349736,323.016103273,470.554333962
2017-01-11,1859.11438344,128.341560484,1223.35495877
2017-01-27,1869.63652609,61.9294642461,1035.4005935
2017-02-12,1878.23722706,306.04281409,545.280933149
2017-02-28,1866.75093749,316.330602016,360.394735601
2017-03-16,1873.56240729,14.0492955561,1862.77983276
2017-04-01,1867.28183991,267.211742469,312.191380177
2017-04-17,1855.27248175,139.110397543,863.565656007
2017-05-03,1909.1787329,188.258639396,416.389092632
2017-05-19,1883.69050787,0.0,1878.39773323
2017-06-04,1870.17590113,94.6737859086,761.837062082
2017-07-06,1884.8706681,0.0400319921875,1884.8706681
2017-07-22,1889.78895734,114.80149936,1050.23774881
2017-08-23,1877.1688347,56.1248447773,1403.8445225
2017-09-08,1884.23019606,79.7262171731,1480.71160183
2017-09-24,1874.14134417,0.0,1873.98121771
2017-10-26,1841.76598584,346.034020133,451.584783197
2017-11-11,1847.90246189,341.590656762,455.147157369
2017-11-27,1885.64112221,335.866006723,414.303172091
2017-12-13,1865.75145323,165.93146073,683.856954297
2017-12-29,1848.67276276,335.238392444,401.986133568
2018-01-14,1866.65000401,334.710113125,403.970427879
2018-01-30,1888.11353186,128.702610809,916.152199534
2018-02-15,1890.30949743,314.969547266,363.562672679
2018-03-03,1885.39481928,297.67594527,745.597418695
2018-03-19,1885.9213288,270.21410341,696.124967499
2018-04-04,1873.08205216,250.278343152,301.260391458
2018-04-20,1868.09106976,220.454762363,438.570295502
2018-05-06,1846.7282604,104.562757508,758.958468894
2018-05-22,1845.6474579,156.123860609,392.303158421
2018-06-23,1888.77267975,0.0,1570.27055911
2018-07-09,1889.4531808,95.0754706016,1269.26012314
2018-09-11,1893.34294983,318.593640132,700.290164123
2018-09-27,1888.2017497,257.033487287,1183.12256928
2018-10-13,1868.29498512,336.266337418,433.754927246
2018-10-29,1857.09657879,314.470222382,492.992419404
2018-11-14,1860.87616292,320.795267847,401.042932517
2018-11-30,1873.38501717,321.935058453,385.736505532
2018-12-16,1894.88557498,317.436901983,371.359482221
2019-01-01,1894.48528039,217.331998812,501.360342395
2019-01-17,1897.26065053,294.119321142,347.36810092
2019-02-02,1903.21074733,247.676043098,287.355146576
2019-02-18,1895.69761871,173.740030416,1000.48049604
2019-03-06,1896.2580309,253.000519258,295.079983975
2019-03-22,1883.67292254,229.501877703,345.022109495
2019-04-07,1868.49513339,211.887966367,285.677953691
2019-04-23,1856.23319387,184.226094156,192.672721313
2019-05-09,1873.34498757,93.5142614375,488.458989976
2019-05-25,1861.27645909,50.100869722,938.751576768
2019-06-10,1856.31325314,17.3738163125,966.922809905
2019-06-26,1863.8733616,0.24019065625,1822.87113303
2019-07-12,1884.070078,26.0207276289,1157.55491938
2019-07-28,1894.52530991,65.3718393164,333.22983941
2019-09-14,1886.79381051,308.049203092,661.791604398