Date,Rarea,NDWI,MNDWI
2013-03-29,122.007567436,8.14872926807,10.7925357578
2013-12-09,128.954651688,9.72348245923,12.1444755299
2014-01-26,128.764467191,8.57115970605,13.5873864059
2014-02-11,135.100154407,9.90095157324,11.5086618921
2014-02-27,136.205138585,8.89111725537,9.46450096939
2014-04-16,132.590025353,6.79894999414,7.50147499844
2014-06-19,124.491322214,7.1138779397,8.23844738074
2014-07-21,132.210171418,6.24902123633,22.0214916731
2014-10-09,120.701170656,8.7911278147,14.1269882051
2014-11-10,117.291660767,10.3508790295,14.1931146724
2014-11-26,134.328502999,10.3758792288,12.8665704814
2014-12-12,136.205138585,9.83846353516,11.7174455643
2015-01-13,136.205138585,10.2608999255,11.9681011797
2015-03-18,136.205138585,9.4735228457,10.7407875964
2015-05-21,115.188271072,8.44368211694,12.628518758
2015-07-08,130.538178433,0.0,96.1205064258
2015-07-24,122.745418613,9.66098892529,12.4036278135
2015-12-15,136.205138585,9.70348218115,11.6873414557
2015-12-31,114.229453824,7.64630795483,10.8735437507
2016-02-01,136.202638888,9.29104459326,11.5234239794
2016-02-17,132.388557176,9.9834395083,12.0563605508
2016-03-04,136.205138585,9.61849703149,11.0559723099
2016-03-20,133.552994122,7.50882292554,10.2142273581
2016-04-05,124.909163803,7.33386564209,9.35528604595
2016-04-21,129.644638501,0.0299947097168,2.64707511157
2016-05-07,122.795119849,5.36168078857,8.65845170058
2016-12-17,124.097950704,7.75630188794,12.4887852042
2017-01-18,135.748535254,8.31871211401,10.5840909279
2017-02-03,109.603877627,6.44898923828,11.0852713107
2017-02-19,123.193883169,5.40414732568,8.53360885556
2017-03-23,114.759095799,6.86892447461,10.3533351253
2017-04-08,134.101819404,8.02875236401,11.1584167513
2017-06-11,129.643410627,9.46601552905,12.4742997553
2017-07-13,130.890275324,7.92126420044,11.5468605327
2017-10-17,126.044945645,9.5743853551,13.577275714
2017-11-18,118.564869556,10.7004284402,14.0331539902
2018-02-06,136.205138585,10.7058204478,12.4190553344
2018-03-26,136.068488538,10.3558762178,12.0562285829
2018-04-11,123.922511785,7.92626453906,11.7566491067
2018-06-30,136.203540705,10.6458303394,12.1527640256
2018-07-16,131.462055213,8.70111692188,11.2069226612
2018-12-23,136.205138585,10.6783251453,13.0371243458
2019-01-24,136.205138585,10.4358631702,12.5179801182
2019-02-09,114.537731094,10.4383627063,15.2703297643
2019-02-25,136.205138585,10.4183686089,11.695631666
2019-08-04,120.85656824,6.92890533276,9.46428416075
2019-08-20,110.54687774,6.27651292432,9.58300596433
2019-09-21,128.732443076,3.77689729199,13.6183866974