Date,Rarea,NDWI,MNDWI
2013-04-10,120.373430836,12.4084482822,12.7348549637
2013-04-17,120.400915929,12.4215675992,12.7073637228
2013-05-03,120.435897702,12.2010515156,12.5538420447
2013-06-20,120.43339906,10.9641837922,11.6023003897
2013-07-06,114.850831695,10.9605028466,11.4255092682
2013-07-22,116.299076091,10.3305375,11.2850681423
2013-09-08,120.031117337,7.92576210449,8.47049547827
2013-09-24,120.136061594,8.0332038772,8.40552441235
2013-10-10,120.288480655,8.06318580127,8.40052280688
2013-11-11,120.270991662,8.08067684961,8.41364305718
2013-11-27,120.280982137,7.9707365957,8.2755903103
2013-12-13,120.435897702,7.97663571297,8.49888169637
2014-01-30,119.798686531,8.96522807617,9.55899969422
2014-02-15,115.124473692,9.25434080519,9.94127420303
2014-04-20,118.38628267,8.65259831641,9.45033310821
2014-05-06,120.408412472,7.55595270337,8.19563864966
2014-05-22,120.435897702,7.09119627759,7.80897048736
2014-06-07,119.931171689,6.62741312032,7.33721902923
2014-06-23,120.221014128,6.55647842285,7.22115090918
2014-07-09,119.943664145,6.4215500686,7.05374247803
2014-07-25,120.435897702,6.61144834229,7.16930758257
2014-08-10,120.378207527,7.1355349748,7.75523493134
2014-08-26,119.916168644,6.66891852148,7.15181216704
2014-10-29,119.95865684,5.9243131792,6.40657545996
2014-11-30,120.394175706,4.65831209257,5.35072127576
2015-01-01,120.435897702,3.4556269082,4.13028767993
2015-01-17,120.112331708,3.13080611694,3.95851171245
2015-02-18,120.435897702,5.99244041485,7.60100743644
2015-04-23,114.436157217,8.99358994579,10.7862160804
2015-05-09,119.979580915,9.20482510767,9.79285502177
2015-05-25,119.541365999,8.11566707471,8.54857922564
2015-06-10,120.423404478,8.41550294775,9.02676214002
2015-06-26,120.408412531,7.98822475562,8.54950857825
2015-07-12,120.218506475,7.98822551294,8.57606741118
2015-07-28,120.400916615,8.06568597339,8.53608461626
2015-08-29,119.80873293,7.81832282373,8.2156287959
2015-09-14,119.466428038,7.8433091543,8.24561592236
2015-09-30,108.619460417,7.08119787573,8.08819972632
2015-10-16,115.481643372,7.78653006387,8.44978509278
2015-11-01,120.066106764,7.72586632495,8.1237968333
2015-11-17,120.423404485,7.9332545498,8.30620273638
2015-12-03,120.283482687,7.9182621106,8.25809710254
2016-01-04,120.398418033,7.92325995264,8.24810178833
2016-02-05,120.435897702,7.91826135425,8.30807046948
2016-03-08,120.435897702,11.3639920413,12.0011766506
2016-03-24,120.425903123,11.4664365664,11.8918616185
2016-04-25,120.435897702,11.7512887559,12.1892075538
2016-05-11,120.395918606,11.7312959797,12.0511409856
2016-05-27,120.368432732,11.4314474875,11.7658153005
2016-06-12,118.116827296,11.1818463438,11.6730347462
2016-07-14,120.373430537,10.2265944946,10.726350873
2016-07-30,120.370931912,9.73981465503,10.2245784119
2016-08-15,119.428934608,8.87776799316,9.41500484668
2016-08-31,118.709314428,8.07818806226,8.46050267554
2016-09-16,120.295973998,8.18562018579,8.59994491423
2016-10-02,112.020286606,6.52900195947,7.23864426392
2016-10-18,120.435897702,7.69837550977,8.02321485034
2016-11-03,120.268491484,7.70836983398,8.05569861304
2016-11-19,120.131071692,7.59593028271,7.92576450879
2016-12-21,111.022800146,6.59396882642,7.07872133154
2017-01-22,107.657075027,10.2688495387,11.4402311899
2017-02-07,119.810452268,10.4419612004,10.8642569827
2017-04-28,110.136766204,10.9142540452,11.0132870602
2017-05-14,120.435897702,12.2160473562,12.9363168477
2017-06-15,120.36843271,12.0336369858,12.4329355306
2017-07-17,120.400915937,11.2390488396,11.7138203501
2017-08-02,119.296502809,10.2220747954,10.8392752004
2017-08-18,102.048636089,9.48744171484,10.4101033316
2017-09-03,118.514559382,9.43747258179,9.82180989617
2017-09-19,108.624533277,9.22017343783,10.1272573405
2017-10-05,118.641864131,7.42852910693,8.00324760425
2017-11-06,120.435897702,7.4135231626,7.8108311333
2017-11-22,120.430900397,7.1361705542,7.600942
2017-12-08,120.435897702,6.83383149146,7.18866086719
2017-12-24,114.971861683,4.03533337964,4.92238531982
2018-01-25,103.527829332,9.12830870635,11.6503393281
2018-03-14,120.435897702,11.8862351538,12.5092575528
2018-03-30,120.435897702,12.7389173741,13.3429892011
2018-04-15,120.4209056,12.2310379822,12.6527011505
2018-05-17,120.273485551,11.6713254617,12.0395777999
2018-06-02,120.375929434,11.5638789014,11.9143386646
2018-06-18,120.433399063,11.5338929131,11.898679142
2018-07-04,118.882229595,10.5718961663,10.9648305909
2018-08-05,120.43339906,10.9616896572,11.3839833982
2018-08-21,110.959861007,11.2895447488,11.8870968162
2018-09-06,120.026114531,10.2245728401,10.6068892302
2018-09-22,120.193528345,10.0721499431,10.3944946409
2018-10-08,109.889002585,9.9422191687,10.5282062902
2018-10-24,120.418407127,9.40499012891,9.87475738916
2018-11-09,119.806219195,8.79653044719,9.137533087
2018-12-11,120.073594962,8.33304295435,8.66787832251
2019-01-12,120.435897702,7.91076626172,8.35117914434
2019-03-01,113.43558398,12.5115304991,13.2531956797
2019-03-17,120.435897702,12.3185029541,12.950698585
2019-05-04,120.430900152,11.8412364927,12.2035641389
2019-05-20,120.428401623,11.883713969,12.2010647983
2019-06-05,120.405913624,11.9261912876,12.2235514185
2019-06-21,120.408411853,11.7112603422,12.0111561558
2019-08-08,119.983635319,10.6368541641,11.0941319629
2019-08-24,113.669353419,10.4844322065,11.0711725021
2019-09-09,120.218507754,10.01966947,10.4444640513
2019-09-25,119.973642365,9.45996214233,9.87726029175