Date,Rarea,NDWI,MNDWI
2013-04-06,296.980273352,8.82027012869,16.8295956617
2013-06-14,301.567174901,7.49957944002,9.23831092245
2013-10-04,288.495899634,11.2964464146,16.108229675
2013-11-05,299.221636765,10.9922080822,22.7874968156
2014-01-08,301.567174901,12.4952005139,37.7472108108
2014-02-09,301.567174901,11.3562268684,24.143871777
2014-02-25,301.567174901,11.4161659279,15.0797100533
2014-03-13,250.045748131,0.569469569336,6.59616570303
2014-03-29,300.503274237,7.65134605838,11.6181977186
2014-04-14,301.327396134,6.1727211824,14.3968052278
2014-10-07,294.268034287,10.2129170149,16.0944723525
2015-02-28,301.567174901,11.0121690246,20.2486031446
2015-03-16,301.567174901,10.4228652516,13.0269210421
2015-04-17,267.495952045,3.58946371694,8.3226617135
2015-05-03,299.928746912,6.16089791366,7.89956211288
2015-10-26,263.752867857,11.0321629397,19.945291841
2015-12-13,301.567174901,11.1820351926,44.8555827446
2016-02-15,301.567174901,10.5769278772,19.0607313369
2016-03-02,246.121108854,5.44749979061,15.1992781411
2016-04-03,268.665027822,7.24568420663,10.6547575159
2016-08-25,242.413167411,9.83482061566,18.3684513367
2017-02-17,277.071293087,11.1464158713,23.4065927171
2017-03-05,298.493776413,9.75753326522,37.9982012482
2017-04-06,301.567174901,10.2130474273,11.9158778355
2017-05-08,265.800397874,6.06094654159,8.53903125741
2017-11-16,272.473769246,11.6615701926,19.9604764506
2018-02-20,301.567174901,9.93312963693,18.8773889775
2018-03-08,298.928799949,6.30644869747,27.0729862297
2018-04-09,297.802265361,6.95587141232,8.84361264635
2018-09-16,257.599406555,10.612658023,15.8059962655
2018-10-18,301.107533226,11.8414150168,15.6767440113
2019-02-07,301.567174901,11.226336218,25.3866185877
2019-02-23,288.62029342,9.85317545138,20.2485323126
2019-03-11,301.567174901,11.2419670871,15.0272747759
2019-04-12,301.567174901,10.8225040992,13.5641947317
2019-05-14,263.361771861,2.919946548,7.54213005133
2019-08-02,293.42437526,7.49962180135,13.2016597006