Date,Rarea,NDWI,MNDWI
2013-09-08,289.926832821,32.6324716193,37.3963817302
2013-10-26,306.151069597,41.172580554,48.5802632269
2013-12-29,348.677968326,45.1405787388,50.7221547152
2014-01-14,325.653231505,42.3830612101,48.0666789464
2014-01-30,348.677968326,44.4487048224,47.4829039243
2014-02-15,348.677968326,42.9117982198,46.9735724833
2014-03-03,348.648029251,39.9426883735,44.1366503075
2014-03-19,348.119097977,37.9022455991,42.547277706
2014-05-06,342.038236443,25.1395708747,27.3457417386
2014-09-27,336.37097664,40.7737847619,47.0091420886
2014-10-29,348.677968326,40.9593466365,45.4193949489
2015-02-18,348.677968326,41.0965691172,45.7081290614
2015-03-06,348.588150383,41.0433703001,45.628739104
2015-04-07,348.677968326,36.7341040025,38.7527681028
2015-09-30,332.158830117,19.8480950425,27.8026709298
2015-10-16,348.677968326,29.6915117199,33.5953194731
2015-11-17,348.578176446,33.9425080648,36.4175031107
2015-12-03,347.210802106,35.6690338362,37.8246850902
2016-01-20,345.502591642,35.1472898511,42.0687623696
2016-02-05,302.345549323,28.9595916786,31.8692001369
2016-02-21,348.677968326,37.6722218882,38.6912160413
2016-03-08,348.578168438,34.5170129635,37.201063232
2016-03-24,348.165836635,30.4987522467,34.6742305055
2016-04-09,346.245537489,24.1415279987,28.8299614099
2016-04-25,305.668813329,22.3451379082,27.9755343584
2016-05-11,330.818323871,19.8102830378,23.6690430487
2016-10-02,302.050528343,31.5972210784,37.5676603226
2016-12-21,326.119335496,35.8684420475,40.9006418759
2017-01-06,347.811572844,42.9772864062,47.5923035787
2017-01-22,322.773151835,34.2444230283,38.5970815981
2017-02-07,348.040440974,42.2828350287,45.0583077188
2017-02-23,347.91495917,41.4432988359,45.6425792802
2017-03-11,348.677968326,39.3837643434,43.4494113815
2017-04-28,335.902671423,29.6205153962,32.3003059707
2017-10-05,298.585608697,34.7009841585,39.7682633887
2017-10-21,347.749992722,37.1120241826,41.8563567795
2017-12-24,333.438403125,41.1317694938,46.2946276457
2018-01-25,344.955364887,41.4851624791,45.0223560693
2018-02-10,348.667988058,41.3751992104,46.6168310489
2018-02-26,341.372685553,38.0047597229,40.2483362556
2018-03-30,346.284469849,33.4628233799,42.5900378549
2018-04-15,338.810882764,32.3250585915,34.4814196204
2018-05-01,287.072037137,25.9207443578,28.3966139043
2018-10-08,348.677968326,41.1928994651,45.6720963393
2019-01-12,347.351594633,40.948714989,45.4784648614
2019-01-28,348.677968326,43.010075705,46.1937939383
2019-02-13,348.677968326,42.5256291379,44.6988907452
2019-03-01,348.677968326,41.268156591,44.859973773
2019-03-17,348.677968326,38.0063587768,42.5455839787
2019-04-02,334.018256518,36.8087458491,38.4287002293
2019-06-05,306.65230128,13.3759172211,16.8361538227