Date,Rarea,NDWI,MNDWI
2013-04-02,131.27010761,15.3724350533,33.3819471167
2013-08-02,153.585819703,14.6060896998,15.3648233153
2013-11-06,149.408879053,18.542469917,39.8711170537
2013-11-22,154.7879157,22.6654126779,29.1415312352
2013-12-08,155.237809743,28.5866217902,28.2351825353
2013-12-24,155.235426222,32.5530562582,29.252520281
2014-01-09,155.237927453,31.7589801819,28.0807123944
2014-01-25,134.491869583,13.5843946852,27.9512026957
2014-02-10,155.237927453,19.7165169065,17.3626149674
2014-02-26,152.238909944,14.9915846686,14.9161261753
2014-03-14,155.232895768,15.2343008911,15.0562714243
2014-06-18,151.764401604,13.7190270297,13.9217337549
2014-10-08,137.222387096,15.429238112,16.7262887792
2014-10-24,155.237927453,15.9832987764,15.6557429255
2014-11-09,155.237927453,17.9932295572,16.9301072301
2014-11-25,155.237927453,23.2863772952,20.7358581082
2014-12-27,155.237927453,32.1985446924,28.1727798185
2015-01-28,155.235426224,19.5487655037,37.3304460155
2015-03-17,144.377666424,15.3264835516,15.1562389594
2015-04-02,149.193947514,15.422453337,22.4459852924
2015-05-04,150.923465312,14.2563813835,14.0592513582
2015-06-05,125.703592436,11.448929332,11.9773462367
2015-07-23,136.432562929,12.8401177659,13.908268811
2015-09-09,129.576554238,11.6381925141,12.984656342
2015-10-27,155.237927453,16.350831847,16.0891234911
2015-11-12,145.640869385,19.4559020687,60.0962514003
2015-11-28,155.237927453,21.7316288255,21.1101653719
2015-12-14,155.090101057,28.6867568262,36.7525582283
2015-12-30,155.237927453,30.4184715594,28.9695950882
2016-01-15,152.481580668,23.5100286434,23.6112566405
2016-01-31,155.237927453,19.6006494566,20.5431778057
2016-02-16,151.299552569,13.525807996,22.0853670346
2016-03-03,154.482934636,14.1729451248,14.2198431199
2016-04-04,136.653888031,1.6058136438,1.01301337524
2016-10-29,155.237927453,16.4281996782,16.213985394
2016-11-14,155.237927453,18.2562626653,16.8993128943
2016-11-30,155.237927453,25.6220851058,22.5882554109
2016-12-16,155.237927453,31.2511664171,27.6746143289
2017-01-01,154.716398572,26.7833957671,25.6104991537
2017-01-17,151.38894145,26.8638022603,24.0672628803
2017-02-18,155.237927453,17.2011524401,16.3479414688
2017-03-22,142.021394379,15.714314224,38.6690620588
2017-04-07,155.222920183,14.8397905125,14.7946859972
2017-05-09,151.335349955,15.2659476639,15.2576168251
2017-11-17,155.237927453,18.8793820449,17.6352623425
2017-12-03,155.237927453,25.8234730274,23.6254515456
2017-12-19,155.237927453,29.9088465791,26.9719657986
2018-01-04,155.237927453,30.5540513539,28.2866424326
2018-01-20,155.237927453,26.0638897572,23.2510868331
2018-02-21,155.233082031,16.1528599259,18.2919549039
2018-03-25,142.40450736,16.1516263975,20.6770270977
2018-10-03,135.07082486,13.4743484793,15.6723152542
2018-10-19,148.265834853,14.4431947778,15.2786733691
2018-11-20,155.22292038,20.4882196065,18.8424226801
2018-12-06,155.237927453,26.8623806115,24.5096340507
2018-12-22,153.45363853,36.3259961065,122.839552895
2019-01-07,154.925509374,34.7116118417,63.3232007501
2019-01-23,155.222920147,28.7258264531,40.5389334782
2019-03-12,155.062998976,15.046623274,25.2733869768
2019-03-28,152.779885759,14.8838424545,19.0604266705
2019-04-13,154.382847683,15.2221636365,17.3354150096
2019-08-19,147.064559498,13.4935831314,14.1528505628