Date,Rarea,NDWI,MNDWI
2013-04-24,1339.0323614,17.2434340625,31.0254058449
2013-11-18,1336.48226793,28.0796984982,41.0688106588
2013-12-04,1442.49398809,31.4871389417,41.6692487639
2014-01-05,1458.95845261,30.3207745346,40.9268676653
2014-01-21,1458.99908636,29.8066421136,39.0685901779
2014-02-22,1458.63835042,30.2407300307,38.6863578607
2014-03-26,1394.25713473,17.2210428641,28.1451889684
2014-11-21,1412.05843847,28.49644213,40.0782050583
2014-12-07,1212.95439582,21.8563727119,31.3880940098
2014-12-23,1458.9190715,26.3758649034,36.2679124865
2015-01-08,1400.79977321,26.7759231417,34.3473518186
2015-01-24,1458.87904765,27.3021567939,38.6958994343
2015-02-09,1454.47786363,29.3605292025,37.8061214974
2015-03-13,1456.59234543,23.8691998551,37.6553057946
2015-03-29,1458.99845855,26.2397786049,35.6437460715
2015-04-14,1458.99845855,25.9997774955,33.6833315636
2015-10-23,1234.60970923,17.5047689634,65.3237171196
2015-11-24,1457.35695318,28.69649538,38.8685379748
2015-12-10,1410.54236348,25.7021894567,39.4156962356
2015-12-26,1423.7861084,27.2300436598,36.6459064232
2016-03-31,1404.30274391,16.4412627697,32.855008775
2016-11-10,1458.99845855,26.1849526525,42.4873423294
2016-12-28,1455.79774727,29.8807022064,46.1279847083
2017-01-13,1458.99908636,31.2069888948,39.228636092
2017-01-29,1290.79926596,26.4161601066,32.6273287014
2017-02-14,1458.95907265,32.56743668,38.4285575646
2017-03-02,1458.99908636,31.5265692368,37.1883050178
2017-10-28,1438.36941095,183.705081008,227.213882501
2018-01-16,1458.99845855,208.005665105,242.337238724
2018-02-01,1458.47898757,215.96368164,254.762678494
2018-02-17,1458.7190037,214.443571827,259.203872436
2018-03-05,1439.82169603,210.551846774,272.970828597
2018-04-22,1281.58588383,187.325732134,240.005629889
2018-09-29,1310.30219674,215.586080745,247.365142847
2018-10-31,1458.99908636,238.739469785,271.726822393
2018-11-16,1458.99845855,228.566144254,245.338532525
2018-12-02,1458.99845855,230.556475238,245.938598443
2018-12-18,1458.99845855,225.0052445,234.295886368
2019-01-03,1287.70354718,188.238556451,199.764686957
2019-02-04,1424.83420748,232.876256229,255.261285662