Elevation,CumArea
4074.0,0.47
4075.0,1.14
4076.0,1.80
4077.0,2.47
4078.0,3.14
4079.0,3.80
4080.0,4.47
4081.0,5.14
4082.0,5.80
4083.0,6.47
4084.0,7.14
4085.0,7.80
4086.0,8.47
4087.0,9.14
4088.0,9.80
4089.0,10.47
4090.0,11.14
4091.0,11.80
4092.0,12.47
4093.0,13.14
4094.0,13.80
4095.0,14.47
4096.0,15.14
4097.0,15.80
4098.0,16.47
4099.0,17.14
4100.0,17.80
4101.0,18.47
4102.0,19.14
4103.0,19.80
4104.0,20.47
4105.0,21.14
4106.0,21.80
4107.0,22.47
4108.0,23.14
4109.0,23.80
4110.0,24.47
4111.0,25.14
4112.0,25.80
4113.0,26.47
4114.0,27.14
4115.0,27.80
4116.0,28.47
4117.0,29.14
4118.0,29.81
4119.0,30.47
4120.0,31.14
4121.0,31.81
4122.0,32.47
4123.0,33.14
4124.0,33.81
4125.0,34.47
4126.0,35.14
4127.0,35.81
4128.0,36.47
4129.0,37.14
4130.0,37.81
4131.0,38.47
4132.0,39.14
4133.0,39.81
4134.0,40.47
4135.0,41.14
4136.0,41.81
4137.0,42.47
4138.0,43.14
4139.0,43.81
4140.0,44.47
4141.0,45.14
4142.0,45.81
4143.0,46.47
4144.0,47.14
4145.0,47.81
4146.0,48.47
4147.0,49.14
4148.0,49.81
4149.0,50.47
4150.0,51.14
4151.0,51.81
4152.0,52.47
4153.0,53.14
4154.0,53.81
4155.0,54.47
4156.0,55.14
4157.0,55.81
4158.0,56.47
4159.0,57.14
4160.0,57.81
4161.0,58.47
4162.0,59.14
4163.0,59.81
4164.0,60.47
4165.0,61.14
4166.0,61.81
4167.0,62.47
4168.0,63.14
4169.0,63.81
4170.0,64.47
4171.0,65.14
4172.0,65.81
4173.0,66.47
4174,67.14
4175,67.93
4176,68.77
4177,69.74
4178,70.82
4179,71.96
4180,73.04
4181,74.00
4182,74.99
4183,75.92
4184,76.75
4185,77.60
4186,78.41
4187,79.25
4188,80.02
4189,80.78
4190,81.51
4191,82.27
4192,82.96
4193,83.69
4194,84.36
4195,85.03
4196,85.68
4197,86.34
4198,87.00
4199,87.67
4200,88.34
4201,88.95
4202,89.60
4203,90.25
4204,90.84
4205,91.50
4206,92.16
4207,92.87
4208,93.66
4209,94.44
4210,95.29
4211,96.06
4212,96.83
4213,97.62
4214,98.45
4215,99.24
4216,100.02
4217,100.84
4218,101.60
4219,102.36
4220,103.07
4221,103.84
4222,104.58
4223,105.33
4224,106.06
4225,106.72
4226,107.45
4227,108.12
4228,108.80
4229,109.51
4230,110.15
4231,110.82
4232,111.45
4233,112.09
4234,112.72
4235,113.36
4236,113.96
4237,114.57
4238,115.18
4239,115.82
4240,116.47
4241,117.15
4242,117.80
4243,118.44
4244,119.13
4245,119.77
4246,120.41
4247,121.00
4248,121.59
4249,122.18
4250,122.78
4251,123.37
4252,123.93
4253,124.53
4254,125.14
4255,125.78
4256,126.41
4257,127.00
4258,127.57
4259,128.16
4260,128.76
4261,129.38
4262,129.99
4263,130.61
4264,131.20
4265,131.83
4266,132.45
4267,133.04
4268,133.69
4269,134.26
4270,134.88
4271,135.46
4272,136.04
4273,136.65
4274,137.25
4275,137.87
4276,138.50
4277,139.08
4278,139.69
4279,140.33
4280,140.96
4281,141.56
4282,142.10
4283,142.72
4284,143.31
4285,143.95
4286,144.55
4287,145.14
4288,145.75
4289,146.41
4290,147.03
4291,147.67
4292,148.28
4293,148.84
4294,149.43
4295,150.02
4296,150.65
4297,151.24
4298,151.82
4299,152.38
4300,152.96
4301,153.56
4302,154.16
4303,154.69
4304,155.27
4305,155.85
4306,156.34
4307,156.89
4308,157.43
4309,157.96
4310,158.47
4311,159.00
4312,159.53
4313,160.03
4314,160.55
4315,161.09
4316,161.65
4317,162.22
4318,162.75
4319,163.27
4320,163.85
4321,164.39
4322,164.95
4323,165.57
4324,166.19
4325,166.77
4326,167.36
4327,168.01
4328,168.64
4329,169.18
4330,169.71
4331,170.33
4332,170.88
4333,171.49
4334,172.08
4335,172.67
4336,173.25
4337,173.78
4338,174.36
4339,174.90
4340,175.45
4341,175.96
4342,176.55
4343,177.13
4344,178.07
4345,178.65
4346,179.24
4347,179.86
4348,180.43
4349,181.04
4350,181.68
4351,182.33
4352,182.96
4353,183.59
4354,184.28
4355,184.92
4356,185.60
4357,186.20
4358,186.84
4359,187.48
4360,188.09
4361,188.77
4362,189.39
4363,190.03
4364,190.64
4365,191.28
4366,191.90
4367,192.55
4368,193.14
4369,193.74
4370,194.35
4371,194.99
4372,195.63
4373,196.28
4374,196.88
4375,197.53
4376,198.14
4377,198.75
4378,199.41
4379,200.09
4380,200.79
4381,201.92
4382,202.67
4383,203.37
4384,204.09
4385,204.76
4386,205.48
4387,206.16
4388,206.88
4389,207.54
4390,208.25
4391,208.90
4392,209.53
4393,210.17
4394,210.81
4395,211.43
4396,212.02
4397,212.66
4398,213.28
4399,213.94
4400,214.62
4401,215.27
4402,215.91
4403,216.55
4404,217.15
4405,217.81
4406,218.45
4407,219.07
4408,219.69
4409,220.31
4410,220.90
4411,221.50
4412,222.12
4413,222.71
4414,223.30
4415,223.91
4416,224.53
4417,225.17
4418,225.77
4419,226.37
4420,226.99
4421,227.63
4422,228.18
4423,228.77
4424,229.37
4425,229.96
4426,230.59
4427,231.21
4428,231.78
4429,232.38
4430,233.01
4431,233.61
4432,234.23
4433,234.84
4434,235.44
4435,235.99
4436,236.57
4437,237.21
4438,237.80
4439,238.36
4440,238.94
4441,239.54
4442,240.13
4443,240.71
4444,241.26
4445,241.79
4446,242.42
4447,242.97
4448,243.57
4449,244.14
4450,244.73
4451,245.29
4452,245.84
4453,246.42
4454,246.97
4455,247.50
4456,248.10
4457,248.63
4458,249.17
4459,249.74
4460,250.27
4461,250.81
4462,251.38
4463,251.93
4464,252.42
4465,252.93
4466,253.44
4467,253.96
4468,254.45
4469,254.94
4470,255.45
4471,255.95
4472,256.48
4473,256.97
4474,257.45
4475,257.95
4476,258.40
4477,258.85
4478,259.27
4479,259.67
4480,260.10
4481,260.48
4482,260.94
4483,261.39
4484,261.84
4485,262.27
4486,262.68
4487,263.07
4488,263.46
4489,263.85
4490,264.23
4491,264.58
4492,264.93
4493,265.32
4494,265.67
4495,266.03
4496,266.36
4497,266.67
4498,266.96
4499,267.30
4500,267.58
4501,267.89
4502,268.21
4503,268.49
4504,268.80
4505,269.10
4506,269.38
4507,269.66
4508,269.97
4509,270.29
4510,270.57
4511,270.87
4512,271.55
4513,271.84
4514,272.09
4515,272.37
4516,272.60
4517,272.85
4518,273.10
4519,273.35
4520,273.60
4521,273.81
4522,274.05
4523,274.29
4524,274.53
4525,274.75
4526,274.97
4527,275.19
4528,275.42
4529,275.64
4530,275.88
4531,276.09
4532,276.31
4533,276.53
4534,276.74
4535,276.93
4536,277.13
4537,277.34
4538,277.55
4539,277.76
4540,277.94
4541,278.14
4542,278.34
4543,278.51
4544,278.69
4545,278.88
4546,279.07
4547,279.23
4548,279.42
4549,279.59
4550,279.76
4551,279.94
4552,280.09
4553,280.25
4554,280.41
4555,280.60
4556,280.79
4557,280.96
4558,281.10
4559,281.26
4560,281.43
4561,281.59
4562,281.76
4563,281.93
4564,282.10
4565,282.28
4566,282.42
4567,282.59
4568,282.76
4569,282.92
4570,283.07
4571,283.21
4572,283.35
4573,283.50
4574,283.66
4575,283.80
4576,283.96
4577,284.13
4578,284.31
4579,284.45
4580,284.59
4581,284.75
4582,284.89
4583,285.05
4584,285.18
4585,285.34
4586,285.48
4587,285.66
4588,285.78
4589,285.92
4590,286.04
4591,286.17
4592,286.32
4593,286.45
4594,286.56
4595,286.68
4596,286.84
4597,286.96
4598,287.08
4599,287.19
4600,287.30
4601,287.41
4602,287.52
4603,287.63
4604,287.73
4605,287.85
4606,287.96
4607,288.07
4608,288.17
4609,288.29
4610,288.37
4611,288.49
4612,288.58
4613,288.70
4614,288.80
4615,288.92
4616,289.03
4617,289.15
4618,289.24
4619,289.36
4620,289.47
4621,289.59
4622,289.71
4623,289.82
4624,289.93
4625,290.04
4626,290.15
4627,290.26
4628,290.38
4629,290.48
4630,290.59
4631,290.69
4632,290.80
4633,290.90
4634,291.01
4635,291.11
4636,291.21
4637,291.31
4638,291.41
4639,291.51
4640,291.60
4641,291.68
4642,291.76
4643,291.85
4644,291.93
4645,292.00
4646,292.06
4647,292.13
4648,292.20
4649,292.25
4650,292.31
4651,292.35
4652,292.40
4653,292.45
4654,292.50
4655,292.55
4656,292.60
4657,292.66
4658,292.71
4659,292.75
4660,292.79
4661,292.83
4662,292.87
4663,292.89
4664,292.93
4665,292.95
4666,292.97
4667,292.99
4668,293.01
4669,293.02
4670,293.05
4673,293.08
4674,293.10
4679,293.14
4685,293.19
4687,293.21
4698,293.27
4715,293.33