Elevation,CumArea
548.0,0.12
549,0.34
550,0.63
551,0.96
552,1.28
553,1.58
554,1.90
555,2.21
556,2.54
557,2.85
558,3.13
559,3.47
560,3.77
561,4.07
562,4.34
563,4.65
564,4.97
565,5.25
566,5.56
567,5.84
568,6.12
569,6.41
570,6.72
571,7.01
572,7.32
573,7.61
574,7.92
575,8.24
576,8.55
577,8.86
578,9.15
579,9.44
580,9.75
581,10.03
582,10.34
583,10.62
584,10.90
585,11.17
586,11.47
587,11.74
588,12.06
589,12.35
590,12.65
591,12.92
592,13.20
593,13.46
594,13.72
595,13.97
596,14.22
597,14.48
598,14.73
599,14.99
600,15.28
601,15.58
602,15.82
603,16.06
604,16.31
605,16.56
606,16.84
607,17.08
608,17.32
609,17.58
610,17.80
611,18.04
612,18.25
613,18.51
614,18.73
615,18.97
616,19.22
617,19.46
618,19.69
619,19.93
620,20.19
621,20.43
622,20.69
623,20.95
624,21.18
625,21.42
626,21.65
627,21.90
628,22.10
629,22.37
630,22.57
631,22.81
632,23.04
633,23.26
634,23.47
635,23.68
636,23.90
637,24.11
638,24.33
639,24.53
640,24.75
641,24.93
642,25.13
643,25.34
644,25.54
645,25.75
646,25.96
647,26.16
648,26.35
649,26.57
650,26.79
651,27.00
652,27.19
653,27.40
654,27.61
655,27.80
656,28.00
657,28.20
658,28.39
659,28.57
660,28.76
661,28.95
662,29.14
663,29.31
664,29.50
665,29.71
666,29.93
667,30.11
668,30.30
669,30.49
670,30.67
671,30.84
672,31.00
673,31.19
674,31.37
675,31.54
676,31.72
677,31.89
678,32.06
679,32.26
680,32.44
681,32.61
682,32.77
683,32.96
684,33.12
685,33.29
686,33.47
687,33.65
688,33.83
689,33.99
690,34.18
691,34.35
692,34.55
693,34.72
694,34.89
695,35.04
696,35.24
697,35.39
698,35.57
699,35.73
700,35.88
701,36.04
702,36.22
703,36.38
704,36.56
705,36.74
706,36.91
707,37.08
708,37.26
709,37.42
710,37.56
711,37.72
712,37.87
713,38.06
714,38.22
715,38.40
716,38.59
717,38.75
718,38.93
719,39.07
720,39.24
721,39.39
722,39.55
723,39.71
724,39.85
725,39.99
726,40.14
727,40.29
728,40.46
729,40.63
730,40.80
731,40.95
732,41.11
733,41.26
734,41.42
735,41.58
736,41.73
737,41.89
738,42.05
739,42.22
740,42.37
741,42.52
742,42.69
743,42.84
744,42.97
745,43.11
746,43.26
747,43.42
748,43.57
749,43.71
750,43.85
751,43.99
752,44.14
753,44.30
754,44.45
755,44.60
756,44.74
757,44.89
758,45.05
759,45.18
760,45.31
761,45.45
762,45.57
763,45.71
764,45.83
765,45.97
766,46.12
767,46.27
768,46.40
769,46.55
770,46.66
771,46.80
772,46.95
773,47.08
774,47.22
775,47.35
776,47.49
777,47.61
778,47.76
779,47.90
780,48.02
781,48.14
782,48.26
783,48.40
784,48.53
785,48.66
786,48.78
787,48.90
788,49.02
789,49.14
790,49.29
791,49.41
792,49.54
793,49.67
794,49.79
795,49.91
796,50.02
797,50.15
798,50.24
799,50.36
800,50.50
801,50.63
802,50.75
803,50.87
804,50.98
805,51.10
806,51.23
807,51.35
808,51.47
809,51.58
810,51.71
811,51.84
812,51.96
813,52.09
814,52.23
815,52.35
816,52.48
817,52.57
818,52.70
819,52.80
820,52.92
821,53.04
822,53.16
823,53.27
824,53.38
825,53.50
826,53.61
827,53.70
828,53.80
829,53.91
830,54.04
831,54.15
832,54.25
833,54.37
834,54.47
835,54.58
836,54.69
837,54.78
838,54.89
839,55.00
840,55.10
841,55.21
842,55.32
843,55.43
844,55.53
845,55.64
846,55.76
847,55.86
848,55.96
849,56.05
850,56.14
851,56.24
852,56.33
853,56.44
854,56.55
855,56.67
856,56.78
857,56.88
858,56.97
859,57.07
860,57.17
861,57.26
862,57.37
863,57.47
864,57.57
865,57.64
866,57.72
867,57.82
868,57.89
869,57.99
870,58.09
871,58.18
872,58.28
873,58.35
874,58.43
875,58.54
876,58.63
877,58.72
878,58.78
879,58.87
880,58.96
881,59.05
882,59.12
883,59.21
884,59.27
885,59.36
886,59.45
887,59.53
888,59.62
889,59.71
890,59.80
891,59.88
892,59.97
893,60.05
894,60.14
895,60.21
896,60.29
897,60.37
898,60.47
899,60.56
900,60.64
901,60.72
902,60.79
903,60.86
904,60.94
905,61.01
906,61.08
907,61.17
908,61.25
909,61.33
910,61.41
911,61.49
912,61.58
913,61.66
914,61.74
915,61.81
916,61.89
917,61.97
918,62.04
919,62.13
920,62.20
921,62.28
922,62.34
923,62.43
924,62.51
925,62.58
926,62.66
927,62.73
928,62.80
929,62.87
930,62.95
931,63.03
932,63.11
933,63.17
934,63.25
935,63.32
936,63.37
937,63.45
938,63.53
939,63.60
940,63.67
941,63.74
942,63.80
943,63.87
944,63.94
945,64.01
946,64.08
947,64.17
948,64.22
949,64.28
950,64.37
951,64.43
952,64.50
953,64.57
954,64.63
955,64.69
956,64.75
957,64.81
958,64.86
959,64.92
960,64.98
961,65.05
962,65.11
963,65.18
964,65.24
965,65.31
966,65.38
967,65.43
968,65.48
969,65.54
970,65.62
971,65.69
972,65.76
973,65.83
974,65.87
975,65.94
976,66.00
977,66.06
978,66.13
979,66.18
980,66.23
981,66.29
982,66.36
983,66.42
984,66.48
985,66.54
986,66.59
987,66.65
988,66.71
989,66.76
990,66.82
991,66.87
992,66.94
993,67.01
994,67.06
995,67.10
996,67.15
997,67.20
998,67.27
999,67.32
1000,67.38
1001,67.43
1002,67.49
1003,67.55
1004,67.60
1005,67.64
1006,67.69
1007,67.75
1008,67.80
1009,67.86
1010,67.92
1011,67.98
1012,68.05
1013,68.09
1014,68.14
1015,68.20
1016,68.26
1017,68.30
1018,68.36
1019,68.42
1020,68.47
1021,68.52
1022,68.58
1023,68.63
1024,68.68
1025,68.73
1026,68.77
1027,68.81
1028,68.87
1029,68.92
1030,68.97
1031,69.02
1032,69.06
1033,69.11
1034,69.18
1035,69.22
1036,69.26
1037,69.30
1038,69.36
1039,69.40
1040,69.44
1041,69.48
1042,69.52
1043,69.56
1044,69.60
1045,69.63
1046,69.66
1047,69.69
1048,69.74
1049,69.79
1050,69.82
1051,69.85
1052,69.89
1053,69.93
1054,69.98
1055,70.01
1056,70.05
1057,70.10
1058,70.14
1059,70.17
1060,70.19
1061,70.24
1062,70.27
1063,70.29
1064,70.33
1065,70.36
1066,70.40
1067,70.43
1068,70.47
1069,70.50
1070,70.53
1071,70.55
1072,70.58
1073,70.62
1074,70.66
1075,70.69
1076,70.71
1077,70.75
1078,70.79
1079,70.82
1080,70.85
1081,70.88
1082,70.90
1083,70.93
1084,70.96
1085,71.00
1086,71.02
1087,71.04
1088,71.08
1089,71.10
1090,71.14
1091,71.18
1092,71.21
1093,71.23
1094,71.26
1095,71.29
1096,71.31
1097,71.34
1098,71.37
1099,71.40
1100,71.43
1101,71.46
1102,71.49
1103,71.52
1104,71.55
1105,71.58
1106,71.60
1107,71.63
1108,71.65
1109,71.67
1110,71.70
1111,71.73
1112,71.76
1113,71.79
1114,71.82
1115,71.86
1116,71.88
1117,71.90
1118,71.93
1119,71.95
1120,71.98
1121,72.00
1122,72.02
1123,72.05
1124,72.07
1125,72.11
1126,72.13
1127,72.16
1128,72.18
1129,72.21
1130,72.23
1131,72.26
1132,72.29
1133,72.32
1134,72.35
1135,72.38
1136,72.40
1137,72.42
1138,72.45
1139,72.47
1140,72.52
1141,72.53
1142,72.57
1143,72.59
1144,72.61
1145,72.64
1146,72.66
1147,72.68
1148,72.71
1149,72.73
1150,72.76
1151,72.79
1152,72.81
1153,72.83
1154,72.85
1155,72.89
1156,72.91
1157,72.94
1158,72.96
1159,73.00
1160,73.02
1161,73.04
1162,73.06
1163,73.08
1164,73.11
1165,73.13
1166,73.15
1167,73.17
1168,73.20
1169,73.22
1170,73.25
1171,73.27
1172,73.30
1173,73.32
1174,73.34
1175,73.37
1176,73.39
1177,73.42
1178,73.44
1179,73.47
1180,73.49
1181,73.52
1182,73.53
1183,73.56
1184,73.59
1185,73.61
1186,73.63
1187,73.65
1188,73.67
1189,73.70
1190,73.73
1192,73.76
1193,73.78
1194,73.80
1195,73.82
1196,73.84
1197,73.85
1198,73.87
1199,73.89
1200,73.91
1201,73.93
1202,73.95
1204,73.97
1205,73.99
1206,74.01
1207,74.03
1208,74.05
1210,74.08
1212,74.12
1213,74.13
1214,74.15
1215,74.16
1216,74.18
1217,74.19
1218,74.21
1219,74.22
1221,74.25
1222,74.27
1223,74.28
1224,74.30
1226,74.33
1228,74.36
1230,74.39
1232,74.42
1233,74.44
1235,74.47
1237,74.50
1238,74.52
1239,74.55
1241,74.57
1244,74.60
1245,74.62
1246,74.63
1247,74.65
1248,74.67
1250,74.69
1251,74.71
1252,74.73
1254,74.75
1256,74.78
1258,74.80
1259,74.82
1262,74.86
1264,74.88
1268,74.91
1271,74.94
1274,74.97
1276,75.00
1279,75.03
1282,75.07
1285,75.10
1288,75.14
1291,75.17
1293,75.19
1295,75.22
1299,75.25
1300,75.27
1301,75.28
1306,75.32
1309,75.35
1313,75.38
1314,75.40
1316,75.42
1318,75.44
1323,75.47
1327,75.50
1331,75.53
1339,75.57
1345,75.60
1354,75.63
1362,75.66
1375,75.69
1394,75.72